내부온도관측치,내부습도관측치,co2관측치,ec관측치,시간당분무량,시간당백색광량,시간당적색광량,시간당청색광량
17.05785614817735,17.537244189324394,36.052221097023576,29.96603148096775,24.427898298060807,33.26186793956954,29.05132167684657,34.68649342307114
78.87099305916149,95.70168361788949,75.05148943546173,86.14425598191059,47.46647844035195,57.39390736880987,64.72401938296592,64.61643990542339
520.093717109683,629.320118857472,396.2439383723564,501.0823115765685,423.372030093262,284.3811974110844,437.1240727348711,507.68068946195615
0.0437324854613172,0.9537180508317168,0.3088155678689532,0.1842244672307995,0.2547001257518648,2.406416315153676,2.44878948708536,-0.8418500687459309
368.6379479575872,-114.913464996687,-617.5567540364898,309.88540390887147,84.34593591132716,-840.2386578418468,1068.0578188661923,1079.822307721029
0.001824033031313,0.0018486429380317,855.40422019792,-2591.1262482467096,-2286.5157260088395,-9951.905982287515,5800.772271542344,784.3535215759471
360.2801205460306,-651.7364603997521,-2666.021341790261,2009.3008705705424,2457.4994719859883,2553.590174014708,-2230.0007594810904,336.7286918514852
-119.5588383733014,144.75266304205152,-54.63170869752015,-2239.783977205419,66.66615251871553,-110.72421591942977,-52.949305672236,630.6286997322679
22.32517953764664,15.917383145822146,37.27041315982896,26.44044180234644,24.42411285612304,19.953268588734588,29.460487004648964,19.505697551479297
41.09341480486716,52.76961716569394,50.9176539359828,43.76041339817213,58.48778254999163,74.6779188210905,85.76339606679727,54.241905873158856
633.6463900274352,392.9291172748752,638.5002852344132,587.7889513926573,597.4735015377721,349.9559146645378,212.7326142653709,640.7815856229099
1.59022380089823,0.3592860116282058,0.2139842568537286,-0.988582230927791,1.936429463658763,3.2969483049105,2.545916471630861,0.560053604211806
-54.15789111227755,1224.3963905371054,733.9751466189988,-682.3927582545888,1067.049818343727,-90.99859063340192,-262.4672918079114,843.7871120053906
0.0001903760135385,0.000486750903823,163.52179399866998,4981.194347465385,19315.001516119068,13322.392010635043,320.04393868695183,193.1717228477873
170.47192934960353,2165.602271337112,-2684.458343738442,-2141.635913854648,8420.985455776496,-445.3683333787209,-6706.239463176178,41.75438624448755
281.42697436438635,-447.0313574103153,-756.474519363379,5408.6991255831945,-1265.970824551524,9855.556782493302,-126.91405424777464,990.2348971013658
14.975644955680526,25.19289407932513,31.70446354411281,23.936553952291625,27.997922852522983,29.76072380648277,16.4120676989533,25.80354823921728
26.33101944518112,43.03829607111647,51.60697748701386,32.13740782973098,66.11640405902571,38.88098206152665,60.75670995858167,55.41899914036979
464.9485528796556,466.4176464207673,430.41391695535856,886.22619127772,483.134605261847,483.6394834182374,721.4747887329704,344.64850770437954
2.4446626965367297,1.4909222726458735,3.841154048511834,-1.2875201277477903,-0.1966602646921844,3.075277182916655,0.6953237682719103,2.603261903970595
43.84587474422101,-52.45475046865072,1210.693296323523,79.4154049432434,-689.0373305277108,-325.65639877780666,442.16371203465314,-232.4768066079307
0.0003509020446929,0.0015695991572863,16235.703224410934,19168.625199144983,-1359.0978715210183,15870.81400032683,722.564233287106,-181.2765688481041
-165.1501184739444,-6045.454542835315,9710.79176548755,1146.9368278894426,1873.8654181420704,937.7367529208138,-951.8132042920696,4224.89238973037
-174.98335693738747,39.7432805572178,-1188.0622851983426,7362.8328432287635,-1258.9979651712144,-1279.0775042218236,-322.7596804422326,-558.8819773193962
17.05785614817735,17.537244189324394,36.052221097023576,29.96603148096775,24.427898298060807,33.26186793956954,29.05132167684657,34.68649342307114
78.87099305916149,95.70168361788949,75.05148943546173,86.14425598191059,47.46647844035195,57.39390736880987,64.72401938296592,64.61643990542339
520.093717109683,629.320118857472,396.2439383723564,501.0823115765685,423.372030093262,284.3811974110844,437.1240727348711,507.68068946195615
0.0437324854613172,0.9537180508317168,0.3088155678689532,0.1842244672307995,0.2547001257518648,2.406416315153676,2.44878948708536,-0.8418500687459309
368.6379479575872,-114.913464996687,-617.5567540364898,309.88540390887147,84.34593591132716,-840.2386578418468,1068.0578188661923,1079.822307721029
0.001824033031313,0.0018486429380317,855.40422019792,-2591.1262482467096,-2286.5157260088395,-9951.905982287515,5800.772271542344,784.3535215759471
360.2801205460306,-651.7364603997521,-2666.021341790261,2009.3008705705424,2457.4994719859883,2553.590174014708,-2230.0007594810904,336.7286918514852
-119.5588383733014,144.75266304205152,-54.63170869752015,-2239.783977205419,66.66615251871553,-110.72421591942977,-52.949305672236,630.6286997322679
22.32517953764664,15.917383145822146,37.27041315982896,26.44044180234644,24.42411285612304,19.953268588734588,29.460487004648964,19.505697551479297
41.09341480486716,52.76961716569394,50.9176539359828,43.76041339817213,58.48778254999163,74.6779188210905,85.76339606679727,54.241905873158856
633.6463900274352,392.9291172748752,638.5002852344132,587.7889513926573,597.4735015377721,349.9559146645378,212.7326142653709,640.7815856229099
1.59022380089823,0.3592860116282058,0.2139842568537286,-0.988582230927791,1.936429463658763,3.2969483049105,2.545916471630861,0.560053604211806
-54.15789111227755,1224.3963905371054,733.9751466189988,-682.3927582545888,1067.049818343727,-90.99859063340192,-262.4672918079114,843.7871120053906
0.0001903760135385,0.000486750903823,163.52179399866998,4981.194347465385,19315.001516119068,13322.392010635043,320.04393868695183,193.1717228477873
170.47192934960353,2165.602271337112,-2684.458343738442,-2141.635913854648,8420.985455776496,-445.3683333787209,-6706.239463176178,41.75438624448755
281.42697436438635,-447.0313574103153,-756.474519363379,5408.6991255831945,-1265.970824551524,9855.556782493302,-126.91405424777464,990.2348971013658
14.975644955680526,25.19289407932513,31.70446354411281,23.936553952291625,27.997922852522983,29.76072380648277,16.4120676989533,25.80354823921728
26.33101944518112,43.03829607111647,51.60697748701386,32.13740782973098,66.11640405902571,38.88098206152665,60.75670995858167,55.41899914036979
464.9485528796556,466.4176464207673,430.41391695535856,886.22619127772,483.134605261847,483.6394834182374,721.4747887329704,344.64850770437954
2.4446626965367297,1.4909222726458735,3.841154048511834,-1.2875201277477903,-0.1966602646921844,3.075277182916655,0.6953237682719103,2.603261903970595
43.84587474422101,-52.45475046865072,1210.693296323523,79.4154049432434,-689.0373305277108,-325.65639877780666,442.16371203465314,-232.4768066079307
0.0003509020446929,0.0015695991572863,16235.703224410934,19168.625199144983,-1359.0978715210183,15870.81400032683,722.564233287106,-181.2765688481041
-165.1501184739444,-6045.454542835315,9710.79176548755,1146.9368278894426,1873.8654181420704,937.7367529208138,-951.8132042920696,4224.89238973037
-174.98335693738747,39.7432805572178,-1188.0622851983426,7362.8328432287635,-1258.9979651712144,-1279.0775042218236,-322.7596804422326,-558.8819773193962
17.05785614817735,17.537244189324394,36.052221097023576,29.96603148096775,24.427898298060807,33.26186793956954,29.05132167684657,34.68649342307114
78.87099305916149,95.70168361788949,75.05148943546173,86.14425598191059,47.46647844035195,57.39390736880987,64.72401938296592,64.61643990542339
520.093717109683,629.320118857472,396.2439383723564,501.0823115765685,423.372030093262,284.3811974110844,437.1240727348711,507.68068946195615
0.0437324854613172,0.9537180508317168,0.3088155678689532,0.1842244672307995,0.2547001257518648,2.406416315153676,2.44878948708536,-0.8418500687459309
368.6379479575872,-114.913464996687,-617.5567540364898,309.88540390887147,84.34593591132716,-840.2386578418468,1068.0578188661923,1079.822307721029
0.001824033031313,0.0018486429380317,855.40422019792,-2591.1262482467096,-2286.5157260088395,-9951.905982287515,5800.772271542344,784.3535215759471
360.2801205460306,-651.7364603997521,-2666.021341790261,2009.3008705705424,2457.4994719859883,2553.590174014708,-2230.0007594810904,336.7286918514852
-119.5588383733014,144.75266304205152,-54.63170869752015,-2239.783977205419,66.66615251871553,-110.72421591942977,-52.949305672236,630.6286997322679
22.32517953764664,15.917383145822146,37.27041315982896,26.44044180234644,24.42411285612304,19.953268588734588,29.460487004648964,19.505697551479297
41.09341480486716,52.76961716569394,50.9176539359828,43.76041339817213,58.48778254999163,74.6779188210905,85.76339606679727,54.241905873158856
633.6463900274352,392.9291172748752,638.5002852344132,587.7889513926573,597.4735015377721,349.9559146645378,212.7326142653709,640.7815856229099
1.59022380089823,0.3592860116282058,0.2139842568537286,-0.988582230927791,1.936429463658763,3.2969483049105,2.545916471630861,0.560053604211806
-54.15789111227755,1224.3963905371054,733.9751466189988,-682.3927582545888,1067.049818343727,-90.99859063340192,-262.4672918079114,843.7871120053906
0.0001903760135385,0.000486750903823,163.52179399866998,4981.194347465385,19315.001516119068,13322.392010635043,320.04393868695183,193.1717228477873
170.47192934960353,2165.602271337112,-2684.458343738442,-2141.635913854648,8420.985455776496,-445.3683333787209,-6706.239463176178,41.75438624448755
281.42697436438635,-447.0313574103153,-756.474519363379,5408.6991255831945,-1265.970824551524,9855.556782493302,-126.91405424777464,990.2348971013658
14.975644955680526,25.19289407932513,31.70446354411281,23.936553952291625,27.997922852522983,29.76072380648277,16.4120676989533,25.80354823921728
26.33101944518112,43.03829607111647,51.60697748701386,32.13740782973098,66.11640405902571,38.88098206152665,60.75670995858167,55.41899914036979
464.9485528796556,466.4176464207673,430.41391695535856,886.22619127772,483.134605261847,483.6394834182374,721.4747887329704,344.64850770437954
2.4446626965367297,1.4909222726458735,3.841154048511834,-1.2875201277477903,-0.1966602646921844,3.075277182916655,0.6953237682719103,2.603261903970595
43.84587474422101,-52.45475046865072,1210.693296323523,79.4154049432434,-689.0373305277108,-325.65639877780666,442.16371203465314,-232.4768066079307
0.0003509020446929,0.0015695991572863,16235.703224410934,19168.625199144983,-1359.0978715210183,15870.81400032683,722.564233287106,-181.2765688481041
-165.1501184739444,-6045.454542835315,9710.79176548755,1146.9368278894426,1873.8654181420704,937.7367529208138,-951.8132042920696,4224.89238973037
-174.98335693738747,39.7432805572178,-1188.0622851983426,7362.8328432287635,-1258.9979651712144,-1279.0775042218236,-322.7596804422326,-558.8819773193962
17.05785614817735,17.537244189324394,36.052221097023576,29.96603148096775,24.427898298060807,33.26186793956954,29.05132167684657,34.68649342307114
78.87099305916149,95.70168361788949,75.05148943546173,86.14425598191059,47.46647844035195,57.39390736880987,64.72401938296592,64.61643990542339
520.093717109683,629.320118857472,396.2439383723564,501.0823115765685,423.372030093262,284.3811974110844,437.1240727348711,507.68068946195615
0.0437324854613172,0.9537180508317168,0.3088155678689532,0.1842244672307995,0.2547001257518648,2.406416315153676,2.44878948708536,-0.8418500687459309
368.6379479575872,-114.913464996687,-617.5567540364898,309.88540390887147,84.34593591132716,-840.2386578418468,1068.0578188661923,1079.822307721029
0.001824033031313,0.0018486429380317,855.40422019792,-2591.1262482467096,-2286.5157260088395,-9951.905982287515,5800.772271542344,784.3535215759471
360.2801205460306,-651.7364603997521,-2666.021341790261,2009.3008705705424,2457.4994719859883,2553.590174014708,-2230.0007594810904,336.7286918514852
-119.5588383733014,144.75266304205152,-54.63170869752015,-2239.783977205419,66.66615251871553,-110.72421591942977,-52.949305672236,630.6286997322679
22.32517953764664,15.917383145822146,37.27041315982896,26.44044180234644,24.42411285612304,19.953268588734588,29.460487004648964,19.505697551479297
41.09341480486716,52.76961716569394,50.9176539359828,43.76041339817213,58.48778254999163,74.6779188210905,85.76339606679727,54.241905873158856
633.6463900274352,392.9291172748752,638.5002852344132,587.7889513926573,597.4735015377721,349.9559146645378,212.7326142653709,640.7815856229099
1.59022380089823,0.3592860116282058,0.2139842568537286,-0.988582230927791,1.936429463658763,3.2969483049105,2.545916471630861,0.560053604211806
-54.15789111227755,1224.3963905371054,733.9751466189988,-682.3927582545888,1067.049818343727,-90.99859063340192,-262.4672918079114,843.7871120053906
0.0001903760135385,0.000486750903823,163.52179399866998,4981.194347465385,19315.001516119068,13322.392010635043,320.04393868695183,193.1717228477873
170.47192934960353,2165.602271337112,-2684.458343738442,-2141.635913854648,8420.985455776496,-445.3683333787209,-6706.239463176178,41.75438624448755
281.42697436438635,-447.0313574103153,-756.474519363379,5408.6991255831945,-1265.970824551524,9855.556782493302,-126.91405424777464,990.2348971013658
14.975644955680526,25.19289407932513,31.70446354411281,23.936553952291625,27.997922852522983,29.76072380648277,16.4120676989533,25.80354823921728
26.33101944518112,43.03829607111647,51.60697748701386,32.13740782973098,66.11640405902571,38.88098206152665,60.75670995858167,55.41899914036979
464.9485528796556,466.4176464207673,430.41391695535856,886.22619127772,483.134605261847,483.6394834182374,721.4747887329704,344.64850770437954
2.4446626965367297,1.4909222726458735,3.841154048511834,-1.2875201277477903,-0.1966602646921844,3.075277182916655,0.6953237682719103,2.603261903970595
43.84587474422101,-52.45475046865072,1210.693296323523,79.4154049432434,-689.0373305277108,-325.65639877780666,442.16371203465314,-232.4768066079307
0.0003509020446929,0.0015695991572863,16235.703224410934,19168.625199144983,-1359.0978715210183,15870.81400032683,722.564233287106,-181.2765688481041
-165.1501184739444,-6045.454542835315,9710.79176548755,1146.9368278894426,1873.8654181420704,937.7367529208138,-951.8132042920696,4224.89238973037
-174.98335693738747,39.7432805572178,-1188.0622851983426,7362.8328432287635,-1258.9979651712144,-1279.0775042218236,-322.7596804422326,-558.8819773193962
17.05785614817735,17.537244189324394,36.052221097023576,29.96603148096775,24.427898298060807,33.26186793956954,29.05132167684657,34.68649342307114
78.87099305916149,95.70168361788949,75.05148943546173,86.14425598191059,47.46647844035195,57.39390736880987,64.72401938296592,64.61643990542339
520.093717109683,629.320118857472,396.2439383723564,501.0823115765685,423.372030093262,284.3811974110844,437.1240727348711,507.68068946195615
0.0437324854613172,0.9537180508317168,0.3088155678689532,0.1842244672307995,0.2547001257518648,2.406416315153676,2.44878948708536,-0.8418500687459309
368.6379479575872,-114.913464996687,-617.5567540364898,309.88540390887147,84.34593591132716,-840.2386578418468,1068.0578188661923,1079.822307721029
0.001824033031313,0.0018486429380317,855.40422019792,-2591.1262482467096,-2286.5157260088395,-9951.905982287515,5800.772271542344,784.3535215759471
360.2801205460306,-651.7364603997521,-2666.021341790261,2009.3008705705424,2457.4994719859883,2553.590174014708,-2230.0007594810904,336.7286918514852
-119.5588383733014,144.75266304205152,-54.63170869752015,-2239.783977205419,66.66615251871553,-110.72421591942977,-52.949305672236,630.6286997322679
22.32517953764664,15.917383145822146,37.27041315982896,26.44044180234644,24.42411285612304,19.953268588734588,29.460487004648964,19.505697551479297
41.09341480486716,52.76961716569394,50.9176539359828,43.76041339817213,58.48778254999163,74.6779188210905,85.76339606679727,54.241905873158856
633.6463900274352,392.9291172748752,638.5002852344132,587.7889513926573,597.4735015377721,349.9559146645378,212.7326142653709,640.7815856229099
1.59022380089823,0.3592860116282058,0.2139842568537286,-0.988582230927791,1.936429463658763,3.2969483049105,2.545916471630861,0.560053604211806
-54.15789111227755,1224.3963905371054,733.9751466189988,-682.3927582545888,1067.049818343727,-90.99859063340192,-262.4672918079114,843.7871120053906
0.0001903760135385,0.000486750903823,163.52179399866998,4981.194347465385,19315.001516119068,13322.392010635043,320.04393868695183,193.1717228477873
170.47192934960353,2165.602271337112,-2684.458343738442,-2141.635913854648,8420.985455776496,-445.3683333787209,-6706.239463176178,41.75438624448755
281.42697436438635,-447.0313574103153,-756.474519363379,5408.6991255831945,-1265.970824551524,9855.556782493302,-126.91405424777464,990.2348971013658
14.975644955680526,25.19289407932513,31.70446354411281,23.936553952291625,27.997922852522983,29.76072380648277,16.4120676989533,25.80354823921728
26.33101944518112,43.03829607111647,51.60697748701386,32.13740782973098,66.11640405902571,38.88098206152665,60.75670995858167,55.41899914036979
464.9485528796556,466.4176464207673,430.41391695535856,886.22619127772,483.134605261847,483.6394834182374,721.4747887329704,344.64850770437954
2.4446626965367297,1.4909222726458735,3.841154048511834,-1.2875201277477903,-0.1966602646921844,3.075277182916655,0.6953237682719103,2.603261903970595
43.84587474422101,-52.45475046865072,1210.693296323523,79.4154049432434,-689.0373305277108,-325.65639877780666,442.16371203465314,-232.4768066079307
0.0003509020446929,0.0015695991572863,16235.703224410934,19168.625199144983,-1359.0978715210183,15870.81400032683,722.564233287106,-181.2765688481041
-165.1501184739444,-6045.454542835315,9710.79176548755,1146.9368278894426,1873.8654181420704,937.7367529208138,-951.8132042920696,4224.89238973037
-174.98335693738747,39.7432805572178,-1188.0622851983426,7362.8328432287635,-1258.9979651712144,-1279.0775042218236,-322.7596804422326,-558.8819773193962
17.05785614817735,17.537244189324394,36.052221097023576,29.96603148096775,24.427898298060807,33.26186793956954,29.05132167684657,34.68649342307114
78.87099305916149,95.70168361788949,75.05148943546173,86.14425598191059,47.46647844035195,57.39390736880987,64.72401938296592,64.61643990542339
520.093717109683,629.320118857472,396.2439383723564,501.0823115765685,423.372030093262,284.3811974110844,437.1240727348711,507.68068946195615
0.0437324854613172,0.9537180508317168,0.3088155678689532,0.1842244672307995,0.2547001257518648,2.406416315153676,2.44878948708536,-0.8418500687459309
368.6379479575872,-114.913464996687,-617.5567540364898,309.88540390887147,84.34593591132716,-840.2386578418468,1068.0578188661923,1079.822307721029
0.001824033031313,0.0018486429380317,855.40422019792,-2591.1262482467096,-2286.5157260088395,-9951.905982287515,5800.772271542344,784.3535215759471
360.2801205460306,-651.7364603997521,-2666.021341790261,2009.3008705705424,2457.4994719859883,2553.590174014708,-2230.0007594810904,336.7286918514852
-119.5588383733014,144.75266304205152,-54.63170869752015,-2239.783977205419,66.66615251871553,-110.72421591942977,-52.949305672236,630.6286997322679
22.32517953764664,15.917383145822146,37.27041315982896,26.44044180234644,24.42411285612304,19.953268588734588,29.460487004648964,19.505697551479297
41.09341480486716,52.76961716569394,50.9176539359828,43.76041339817213,58.48778254999163,74.6779188210905,85.76339606679727,54.241905873158856
633.6463900274352,392.9291172748752,638.5002852344132,587.7889513926573,597.4735015377721,349.9559146645378,212.7326142653709,640.7815856229099
1.59022380089823,0.3592860116282058,0.2139842568537286,-0.988582230927791,1.936429463658763,3.2969483049105,2.545916471630861,0.560053604211806
-54.15789111227755,1224.3963905371054,733.9751466189988,-682.3927582545888,1067.049818343727,-90.99859063340192,-262.4672918079114,843.7871120053906
0.0001903760135385,0.000486750903823,163.52179399866998,4981.194347465385,19315.001516119068,13322.392010635043,320.04393868695183,193.1717228477873
170.47192934960353,2165.602271337112,-2684.458343738442,-2141.635913854648,8420.985455776496,-445.3683333787209,-6706.239463176178,41.75438624448755
281.42697436438635,-447.0313574103153,-756.474519363379,5408.6991255831945,-1265.970824551524,9855.556782493302,-126.91405424777464,990.2348971013658
14.975644955680526,25.19289407932513,31.70446354411281,23.936553952291625,27.997922852522983,29.76072380648277,16.4120676989533,25.80354823921728
26.33101944518112,43.03829607111647,51.60697748701386,32.13740782973098,66.11640405902571,38.88098206152665,60.75670995858167,55.41899914036979
464.9485528796556,466.4176464207673,430.41391695535856,886.22619127772,483.134605261847,483.6394834182374,721.4747887329704,344.64850770437954
2.4446626965367297,1.4909222726458735,3.841154048511834,-1.2875201277477903,-0.1966602646921844,3.075277182916655,0.6953237682719103,2.603261903970595
43.84587474422101,-52.45475046865072,1210.693296323523,79.4154049432434,-689.0373305277108,-325.65639877780666,442.16371203465314,-232.4768066079307
0.0003509020446929,0.0015695991572863,16235.703224410934,19168.625199144983,-1359.0978715210183,15870.81400032683,722.564233287106,-181.2765688481041
-165.1501184739444,-6045.454542835315,9710.79176548755,1146.9368278894426,1873.8654181420704,937.7367529208138,-951.8132042920696,4224.89238973037
-174.98335693738747,39.7432805572178,-1188.0622851983426,7362.8328432287635,-1258.9979651712144,-1279.0775042218236,-322.7596804422326,-558.8819773193962
17.05785614817735,17.537244189324394,36.052221097023576,29.96603148096775,24.427898298060807,33.26186793956954,29.05132167684657,34.68649342307114
78.87099305916149,95.70168361788949,75.05148943546173,86.14425598191059,47.46647844035195,57.39390736880987,64.72401938296592,64.61643990542339
520.093717109683,629.320118857472,396.2439383723564,501.0823115765685,423.372030093262,284.3811974110844,437.1240727348711,507.68068946195615
0.0437324854613172,0.9537180508317168,0.3088155678689532,0.1842244672307995,0.2547001257518648,2.406416315153676,2.44878948708536,-0.8418500687459309
368.6379479575872,-114.913464996687,-617.5567540364898,309.88540390887147,84.34593591132716,-840.2386578418468,1068.0578188661923,1079.822307721029
0.001824033031313,0.0018486429380317,855.40422019792,-2591.1262482467096,-2286.5157260088395,-9951.905982287515,5800.772271542344,784.3535215759471
360.2801205460306,-651.7364603997521,-2666.021341790261,2009.3008705705424,2457.4994719859883,2553.590174014708,-2230.0007594810904,336.7286918514852
-119.5588383733014,144.75266304205152,-54.63170869752015,-2239.783977205419,66.66615251871553,-110.72421591942977,-52.949305672236,630.6286997322679
22.32517953764664,15.917383145822146,37.27041315982896,26.44044180234644,24.42411285612304,19.953268588734588,29.460487004648964,19.505697551479297
41.09341480486716,52.76961716569394,50.9176539359828,43.76041339817213,58.48778254999163,74.6779188210905,85.76339606679727,54.241905873158856
633.6463900274352,392.9291172748752,638.5002852344132,587.7889513926573,597.4735015377721,349.9559146645378,212.7326142653709,640.7815856229099
1.59022380089823,0.3592860116282058,0.2139842568537286,-0.988582230927791,1.936429463658763,3.2969483049105,2.545916471630861,0.560053604211806
-54.15789111227755,1224.3963905371054,733.9751466189988,-682.3927582545888,1067.049818343727,-90.99859063340192,-262.4672918079114,843.7871120053906
0.0001903760135385,0.000486750903823,163.52179399866998,4981.194347465385,19315.001516119068,13322.392010635043,320.04393868695183,193.1717228477873
170.47192934960353,2165.602271337112,-2684.458343738442,-2141.635913854648,8420.985455776496,-445.3683333787209,-6706.239463176178,41.75438624448755
281.42697436438635,-447.0313574103153,-756.474519363379,5408.6991255831945,-1265.970824551524,9855.556782493302,-126.91405424777464,990.2348971013658
14.975644955680526,25.19289407932513,31.70446354411281,23.936553952291625,27.997922852522983,29.76072380648277,16.4120676989533,25.80354823921728
26.33101944518112,43.03829607111647,51.60697748701386,32.13740782973098,66.11640405902571,38.88098206152665,60.75670995858167,55.41899914036979
464.9485528796556,466.4176464207673,430.41391695535856,886.22619127772,483.134605261847,483.6394834182374,721.4747887329704,344.64850770437954
2.4446626965367297,1.4909222726458735,3.841154048511834,-1.2875201277477903,-0.1966602646921844,3.075277182916655,0.6953237682719103,2.603261903970595
43.84587474422101,-52.45475046865072,1210.693296323523,79.4154049432434,-689.0373305277108,-325.65639877780666,442.16371203465314,-232.4768066079307
0.0003509020446929,0.0015695991572863,16235.703224410934,19168.625199144983,-1359.0978715210183,15870.81400032683,722.564233287106,-181.2765688481041
-165.1501184739444,-6045.454542835315,9710.79176548755,1146.9368278894426,1873.8654181420704,937.7367529208138,-951.8132042920696,4224.89238973037
-174.98335693738747,39.7432805572178,-1188.0622851983426,7362.8328432287635,-1258.9979651712144,-1279.0775042218236,-322.7596804422326,-558.8819773193962
17.05785614817735,17.537244189324394,36.052221097023576,29.96603148096775,24.427898298060807,33.26186793956954,29.05132167684657,34.68649342307114
78.87099305916149,95.70168361788949,75.05148943546173,86.14425598191059,47.46647844035195,57.39390736880987,64.72401938296592,64.61643990542339
520.093717109683,629.320118857472,396.2439383723564,501.0823115765685,423.372030093262,284.3811974110844,437.1240727348711,507.68068946195615
0.0437324854613172,0.9537180508317168,0.3088155678689532,0.1842244672307995,0.2547001257518648,2.406416315153676,2.44878948708536,-0.8418500687459309
368.6379479575872,-114.913464996687,-617.5567540364898,309.88540390887147,84.34593591132716,-840.2386578418468,1068.0578188661923,1079.822307721029
0.001824033031313,0.0018486429380317,855.40422019792,-2591.1262482467096,-2286.5157260088395,-9951.905982287515,5800.772271542344,784.3535215759471
360.2801205460306,-651.7364603997521,-2666.021341790261,2009.3008705705424,2457.4994719859883,2553.590174014708,-2230.0007594810904,336.7286918514852
-119.5588383733014,144.75266304205152,-54.63170869752015,-2239.783977205419,66.66615251871553,-110.72421591942977,-52.949305672236,630.6286997322679
22.32517953764664,15.917383145822146,37.27041315982896,26.44044180234644,24.42411285612304,19.953268588734588,29.460487004648964,19.505697551479297
41.09341480486716,52.76961716569394,50.9176539359828,43.76041339817213,58.48778254999163,74.6779188210905,85.76339606679727,54.241905873158856
633.6463900274352,392.9291172748752,638.5002852344132,587.7889513926573,597.4735015377721,349.9559146645378,212.7326142653709,640.7815856229099
1.59022380089823,0.3592860116282058,0.2139842568537286,-0.988582230927791,1.936429463658763,3.2969483049105,2.545916471630861,0.560053604211806
-54.15789111227755,1224.3963905371054,733.9751466189988,-682.3927582545888,1067.049818343727,-90.99859063340192,-262.4672918079114,843.7871120053906
0.0001903760135385,0.000486750903823,163.52179399866998,4981.194347465385,19315.001516119068,13322.392010635043,320.04393868695183,193.1717228477873
170.47192934960353,2165.602271337112,-2684.458343738442,-2141.635913854648,8420.985455776496,-445.3683333787209,-6706.239463176178,41.75438624448755
281.42697436438635,-447.0313574103153,-756.474519363379,5408.6991255831945,-1265.970824551524,9855.556782493302,-126.91405424777464,990.2348971013658
14.975644955680526,25.19289407932513,31.70446354411281,23.936553952291625,27.997922852522983,29.76072380648277,16.4120676989533,25.80354823921728
26.33101944518112,43.03829607111647,51.60697748701386,32.13740782973098,66.11640405902571,38.88098206152665,60.75670995858167,55.41899914036979
464.9485528796556,466.4176464207673,430.41391695535856,886.22619127772,483.134605261847,483.6394834182374,721.4747887329704,344.64850770437954
2.4446626965367297,1.4909222726458735,3.841154048511834,-1.2875201277477903,-0.1966602646921844,3.075277182916655,0.6953237682719103,2.603261903970595
43.84587474422101,-52.45475046865072,1210.693296323523,79.4154049432434,-689.0373305277108,-325.65639877780666,442.16371203465314,-232.4768066079307
0.0003509020446929,0.0015695991572863,16235.703224410934,19168.625199144983,-1359.0978715210183,15870.81400032683,722.564233287106,-181.2765688481041
-165.1501184739444,-6045.454542835315,9710.79176548755,1146.9368278894426,1873.8654181420704,937.7367529208138,-951.8132042920696,4224.89238973037
-174.98335693738747,39.7432805572178,-1188.0622851983426,7362.8328432287635,-1258.9979651712144,-1279.0775042218236,-322.7596804422326,-558.8819773193962
17.05785614817735,17.537244189324394,36.052221097023576,29.96603148096775,24.427898298060807,33.26186793956954,29.05132167684657,34.68649342307114
78.87099305916149,95.70168361788949,75.05148943546173,86.14425598191059,47.46647844035195,57.39390736880987,64.72401938296592,64.61643990542339
520.093717109683,629.320118857472,396.2439383723564,501.0823115765685,423.372030093262,284.3811974110844,437.1240727348711,507.68068946195615
0.0437324854613172,0.9537180508317168,0.3088155678689532,0.1842244672307995,0.2547001257518648,2.406416315153676,2.44878948708536,-0.8418500687459309
368.6379479575872,-114.913464996687,-617.5567540364898,309.88540390887147,84.34593591132716,-840.2386578418468,1068.0578188661923,1079.822307721029
0.001824033031313,0.0018486429380317,855.40422019792,-2591.1262482467096,-2286.5157260088395,-9951.905982287515,5800.772271542344,784.3535215759471
360.2801205460306,-651.7364603997521,-2666.021341790261,2009.3008705705424,2457.4994719859883,2553.590174014708,-2230.0007594810904,336.7286918514852
-119.5588383733014,144.75266304205152,-54.63170869752015,-2239.783977205419,66.66615251871553,-110.72421591942977,-52.949305672236,630.6286997322679
22.32517953764664,15.917383145822146,37.27041315982896,26.44044180234644,24.42411285612304,19.953268588734588,29.460487004648964,19.505697551479297
41.09341480486716,52.76961716569394,50.9176539359828,43.76041339817213,58.48778254999163,74.6779188210905,85.76339606679727,54.241905873158856
633.6463900274352,392.9291172748752,638.5002852344132,587.7889513926573,597.4735015377721,349.9559146645378,212.7326142653709,640.7815856229099
1.59022380089823,0.3592860116282058,0.2139842568537286,-0.988582230927791,1.936429463658763,3.2969483049105,2.545916471630861,0.560053604211806
-54.15789111227755,1224.3963905371054,733.9751466189988,-682.3927582545888,1067.049818343727,-90.99859063340192,-262.4672918079114,843.7871120053906
0.0001903760135385,0.000486750903823,163.52179399866998,4981.194347465385,19315.001516119068,13322.392010635043,320.04393868695183,193.1717228477873
170.47192934960353,2165.602271337112,-2684.458343738442,-2141.635913854648,8420.985455776496,-445.3683333787209,-6706.239463176178,41.75438624448755
281.42697436438635,-447.0313574103153,-756.474519363379,5408.6991255831945,-1265.970824551524,9855.556782493302,-126.91405424777464,990.2348971013658
14.975644955680526,25.19289407932513,31.70446354411281,23.936553952291625,27.997922852522983,29.76072380648277,16.4120676989533,25.80354823921728
26.33101944518112,43.03829607111647,51.60697748701386,32.13740782973098,66.11640405902571,38.88098206152665,60.75670995858167,55.41899914036979
464.9485528796556,466.4176464207673,430.41391695535856,886.22619127772,483.134605261847,483.6394834182374,721.4747887329704,344.64850770437954
2.4446626965367297,1.4909222726458735,3.841154048511834,-1.2875201277477903,-0.1966602646921844,3.075277182916655,0.6953237682719103,2.603261903970595
43.84587474422101,-52.45475046865072,1210.693296323523,79.4154049432434,-689.0373305277108,-325.65639877780666,442.16371203465314,-232.4768066079307
0.0003509020446929,0.0015695991572863,16235.703224410934,19168.625199144983,-1359.0978715210183,15870.81400032683,722.564233287106,-181.2765688481041
-165.1501184739444,-6045.454542835315,9710.79176548755,1146.9368278894426,1873.8654181420704,937.7367529208138,-951.8132042920696,4224.89238973037
-174.98335693738747,39.7432805572178,-1188.0622851983426,7362.8328432287635,-1258.9979651712144,-1279.0775042218236,-322.7596804422326,-558.8819773193962
17.05785614817735,17.537244189324394,36.052221097023576,29.96603148096775,24.427898298060807,33.26186793956954,29.05132167684657,34.68649342307114
78.87099305916149,95.70168361788949,75.05148943546173,86.14425598191059,47.46647844035195,57.39390736880987,64.72401938296592,64.61643990542339
520.093717109683,629.320118857472,396.2439383723564,501.0823115765685,423.372030093262,284.3811974110844,437.1240727348711,507.68068946195615
0.0437324854613172,0.9537180508317168,0.3088155678689532,0.1842244672307995,0.2547001257518648,2.406416315153676,2.44878948708536,-0.8418500687459309
368.6379479575872,-114.913464996687,-617.5567540364898,309.88540390887147,84.34593591132716,-840.2386578418468,1068.0578188661923,1079.822307721029
0.001824033031313,0.0018486429380317,855.40422019792,-2591.1262482467096,-2286.5157260088395,-9951.905982287515,5800.772271542344,784.3535215759471
360.2801205460306,-651.7364603997521,-2666.021341790261,2009.3008705705424,2457.4994719859883,2553.590174014708,-2230.0007594810904,336.7286918514852
-119.5588383733014,144.75266304205152,-54.63170869752015,-2239.783977205419,66.66615251871553,-110.72421591942977,-52.949305672236,630.6286997322679
22.32517953764664,15.917383145822146,37.27041315982896,26.44044180234644,24.42411285612304,19.953268588734588,29.460487004648964,19.505697551479297
41.09341480486716,52.76961716569394,50.9176539359828,43.76041339817213,58.48778254999163,74.6779188210905,85.76339606679727,54.241905873158856
633.6463900274352,392.9291172748752,638.5002852344132,587.7889513926573,597.4735015377721,349.9559146645378,212.7326142653709,640.7815856229099
1.59022380089823,0.3592860116282058,0.2139842568537286,-0.988582230927791,1.936429463658763,3.2969483049105,2.545916471630861,0.560053604211806
-54.15789111227755,1224.3963905371054,733.9751466189988,-682.3927582545888,1067.049818343727,-90.99859063340192,-262.4672918079114,843.7871120053906
0.0001903760135385,0.000486750903823,163.52179399866998,4981.194347465385,19315.001516119068,13322.392010635043,320.04393868695183,193.1717228477873
170.47192934960353,2165.602271337112,-2684.458343738442,-2141.635913854648,8420.985455776496,-445.3683333787209,-6706.239463176178,41.75438624448755
281.42697436438635,-447.0313574103153,-756.474519363379,5408.6991255831945,-1265.970824551524,9855.556782493302,-126.91405424777464,990.2348971013658
14.975644955680526,25.19289407932513,31.70446354411281,23.936553952291625,27.997922852522983,29.76072380648277,16.4120676989533,25.80354823921728
26.33101944518112,43.03829607111647,51.60697748701386,32.13740782973098,66.11640405902571,38.88098206152665,60.75670995858167,55.41899914036979
464.9485528796556,466.4176464207673,430.41391695535856,886.22619127772,483.134605261847,483.6394834182374,721.4747887329704,344.64850770437954
2.4446626965367297,1.4909222726458735,3.841154048511834,-1.2875201277477903,-0.1966602646921844,3.075277182916655,0.6953237682719103,2.603261903970595
43.84587474422101,-52.45475046865072,1210.693296323523,79.4154049432434,-689.0373305277108,-325.65639877780666,442.16371203465314,-232.4768066079307
0.0003509020446929,0.0015695991572863,16235.703224410934,19168.625199144983,-1359.0978715210183,15870.81400032683,722.564233287106,-181.2765688481041
-165.1501184739444,-6045.454542835315,9710.79176548755,1146.9368278894426,1873.8654181420704,937.7367529208138,-951.8132042920696,4224.89238973037
-174.98335693738747,39.7432805572178,-1188.0622851983426,7362.8328432287635,-1258.9979651712144,-1279.0775042218236,-322.7596804422326,-558.8819773193962
17.05785614817735,17.537244189324394,36.052221097023576,29.96603148096775,24.427898298060807,33.26186793956954,29.05132167684657,34.68649342307114
78.87099305916149,95.70168361788949,75.05148943546173,86.14425598191059,47.46647844035195,57.39390736880987,64.72401938296592,64.61643990542339
520.093717109683,629.320118857472,396.2439383723564,501.0823115765685,423.372030093262,284.3811974110844,437.1240727348711,507.68068946195615
0.0437324854613172,0.9537180508317168,0.3088155678689532,0.1842244672307995,0.2547001257518648,2.406416315153676,2.44878948708536,-0.8418500687459309
368.6379479575872,-114.913464996687,-617.5567540364898,309.88540390887147,84.34593591132716,-840.2386578418468,1068.0578188661923,1079.822307721029
0.001824033031313,0.0018486429380317,855.40422019792,-2591.1262482467096,-2286.5157260088395,-9951.905982287515,5800.772271542344,784.3535215759471
360.2801205460306,-651.7364603997521,-2666.021341790261,2009.3008705705424,2457.4994719859883,2553.590174014708,-2230.0007594810904,336.7286918514852
-119.5588383733014,144.75266304205152,-54.63170869752015,-2239.783977205419,66.66615251871553,-110.72421591942977,-52.949305672236,630.6286997322679
22.32517953764664,15.917383145822146,37.27041315982896,26.44044180234644,24.42411285612304,19.953268588734588,29.460487004648964,19.505697551479297
41.09341480486716,52.76961716569394,50.9176539359828,43.76041339817213,58.48778254999163,74.6779188210905,85.76339606679727,54.241905873158856
633.6463900274352,392.9291172748752,638.5002852344132,587.7889513926573,597.4735015377721,349.9559146645378,212.7326142653709,640.7815856229099
1.59022380089823,0.3592860116282058,0.2139842568537286,-0.988582230927791,1.936429463658763,3.2969483049105,2.545916471630861,0.560053604211806
-54.15789111227755,1224.3963905371054,733.9751466189988,-682.3927582545888,1067.049818343727,-90.99859063340192,-262.4672918079114,843.7871120053906
0.0001903760135385,0.000486750903823,163.52179399866998,4981.194347465385,19315.001516119068,13322.392010635043,320.04393868695183,193.1717228477873
170.47192934960353,2165.602271337112,-2684.458343738442,-2141.635913854648,8420.985455776496,-445.3683333787209,-6706.239463176178,41.75438624448755
281.42697436438635,-447.0313574103153,-756.474519363379,5408.6991255831945,-1265.970824551524,9855.556782493302,-126.91405424777464,990.2348971013658
14.975644955680526,25.19289407932513,31.70446354411281,23.936553952291625,27.997922852522983,29.76072380648277,16.4120676989533,25.80354823921728
26.33101944518112,43.03829607111647,51.60697748701386,32.13740782973098,66.11640405902571,38.88098206152665,60.75670995858167,55.41899914036979
464.9485528796556,466.4176464207673,430.41391695535856,886.22619127772,483.134605261847,483.6394834182374,721.4747887329704,344.64850770437954
2.4446626965367297,1.4909222726458735,3.841154048511834,-1.2875201277477903,-0.1966602646921844,3.075277182916655,0.6953237682719103,2.603261903970595
43.84587474422101,-52.45475046865072,1210.693296323523,79.4154049432434,-689.0373305277108,-325.65639877780666,442.16371203465314,-232.4768066079307
0.0003509020446929,0.0015695991572863,16235.703224410934,19168.625199144983,-1359.0978715210183,15870.81400032683,722.564233287106,-181.2765688481041
-165.1501184739444,-6045.454542835315,9710.79176548755,1146.9368278894426,1873.8654181420704,937.7367529208138,-951.8132042920696,4224.89238973037
-174.98335693738747,39.7432805572178,-1188.0622851983426,7362.8328432287635,-1258.9979651712144,-1279.0775042218236,-322.7596804422326,-558.8819773193962
17.05785614817735,17.537244189324394,36.052221097023576,29.96603148096775,24.427898298060807,33.26186793956954,29.05132167684657,34.68649342307114
78.87099305916149,95.70168361788949,75.05148943546173,86.14425598191059,47.46647844035195,57.39390736880987,64.72401938296592,64.61643990542339
520.093717109683,629.320118857472,396.2439383723564,501.0823115765685,423.372030093262,284.3811974110844,437.1240727348711,507.68068946195615
0.0437324854613172,0.9537180508317168,0.3088155678689532,0.1842244672307995,0.2547001257518648,2.406416315153676,2.44878948708536,-0.8418500687459309
368.6379479575872,-114.913464996687,-617.5567540364898,309.88540390887147,84.34593591132716,-840.2386578418468,1068.0578188661923,1079.822307721029
0.001824033031313,0.0018486429380317,855.40422019792,-2591.1262482467096,-2286.5157260088395,-9951.905982287515,5800.772271542344,784.3535215759471
360.2801205460306,-651.7364603997521,-2666.021341790261,2009.3008705705424,2457.4994719859883,2553.590174014708,-2230.0007594810904,336.7286918514852
-119.5588383733014,144.75266304205152,-54.63170869752015,-2239.783977205419,66.66615251871553,-110.72421591942977,-52.949305672236,630.6286997322679
22.32517953764664,15.917383145822146,37.27041315982896,26.44044180234644,24.42411285612304,19.953268588734588,29.460487004648964,19.505697551479297
41.09341480486716,52.76961716569394,50.9176539359828,43.76041339817213,58.48778254999163,74.6779188210905,85.76339606679727,54.241905873158856
633.6463900274352,392.9291172748752,638.5002852344132,587.7889513926573,597.4735015377721,349.9559146645378,212.7326142653709,640.7815856229099
1.59022380089823,0.3592860116282058,0.2139842568537286,-0.988582230927791,1.936429463658763,3.2969483049105,2.545916471630861,0.560053604211806
-54.15789111227755,1224.3963905371054,733.9751466189988,-682.3927582545888,1067.049818343727,-90.99859063340192,-262.4672918079114,843.7871120053906
0.0001903760135385,0.000486750903823,163.52179399866998,4981.194347465385,19315.001516119068,13322.392010635043,320.04393868695183,193.1717228477873
170.47192934960353,2165.602271337112,-2684.458343738442,-2141.635913854648,8420.985455776496,-445.3683333787209,-6706.239463176178,41.75438624448755
281.42697436438635,-447.0313574103153,-756.474519363379,5408.6991255831945,-1265.970824551524,9855.556782493302,-126.91405424777464,990.2348971013658
14.975644955680526,25.19289407932513,31.70446354411281,23.936553952291625,27.997922852522983,29.76072380648277,16.4120676989533,25.80354823921728
26.33101944518112,43.03829607111647,51.60697748701386,32.13740782973098,66.11640405902571,38.88098206152665,60.75670995858167,55.41899914036979
464.9485528796556,466.4176464207673,430.41391695535856,886.22619127772,483.134605261847,483.6394834182374,721.4747887329704,344.64850770437954
2.4446626965367297,1.4909222726458735,3.841154048511834,-1.2875201277477903,-0.1966602646921844,3.075277182916655,0.6953237682719103,2.603261903970595
43.84587474422101,-52.45475046865072,1210.693296323523,79.4154049432434,-689.0373305277108,-325.65639877780666,442.16371203465314,-232.4768066079307
0.0003509020446929,0.0015695991572863,16235.703224410934,19168.625199144983,-1359.0978715210183,15870.81400032683,722.564233287106,-181.2765688481041
-165.1501184739444,-6045.454542835315,9710.79176548755,1146.9368278894426,1873.8654181420704,937.7367529208138,-951.8132042920696,4224.89238973037
-174.98335693738747,39.7432805572178,-1188.0622851983426,7362.8328432287635,-1258.9979651712144,-1279.0775042218236,-322.7596804422326,-558.8819773193962
17.05785614817735,17.537244189324394,36.052221097023576,29.96603148096775,24.427898298060807,33.26186793956954,29.05132167684657,34.68649342307114
78.87099305916149,95.70168361788949,75.05148943546173,86.14425598191059,47.46647844035195,57.39390736880987,64.72401938296592,64.61643990542339
520.093717109683,629.320118857472,396.2439383723564,501.0823115765685,423.372030093262,284.3811974110844,437.1240727348711,507.68068946195615
0.0437324854613172,0.9537180508317168,0.3088155678689532,0.1842244672307995,0.2547001257518648,2.406416315153676,2.44878948708536,-0.8418500687459309
368.6379479575872,-114.913464996687,-617.5567540364898,309.88540390887147,84.34593591132716,-840.2386578418468,1068.0578188661923,1079.822307721029
0.001824033031313,0.0018486429380317,855.40422019792,-2591.1262482467096,-2286.5157260088395,-9951.905982287515,5800.772271542344,784.3535215759471
360.2801205460306,-651.7364603997521,-2666.021341790261,2009.3008705705424,2457.4994719859883,2553.590174014708,-2230.0007594810904,336.7286918514852
-119.5588383733014,144.75266304205152,-54.63170869752015,-2239.783977205419,66.66615251871553,-110.72421591942977,-52.949305672236,630.6286997322679
22.32517953764664,15.917383145822146,37.27041315982896,26.44044180234644,24.42411285612304,19.953268588734588,29.460487004648964,19.505697551479297
41.09341480486716,52.76961716569394,50.9176539359828,43.76041339817213,58.48778254999163,74.6779188210905,85.76339606679727,54.241905873158856
633.6463900274352,392.9291172748752,638.5002852344132,587.7889513926573,597.4735015377721,349.9559146645378,212.7326142653709,640.7815856229099
1.59022380089823,0.3592860116282058,0.2139842568537286,-0.988582230927791,1.936429463658763,3.2969483049105,2.545916471630861,0.560053604211806
-54.15789111227755,1224.3963905371054,733.9751466189988,-682.3927582545888,1067.049818343727,-90.99859063340192,-262.4672918079114,843.7871120053906
0.0001903760135385,0.000486750903823,163.52179399866998,4981.194347465385,19315.001516119068,13322.392010635043,320.04393868695183,193.1717228477873
170.47192934960353,2165.602271337112,-2684.458343738442,-2141.635913854648,8420.985455776496,-445.3683333787209,-6706.239463176178,41.75438624448755
281.42697436438635,-447.0313574103153,-756.474519363379,5408.6991255831945,-1265.970824551524,9855.556782493302,-126.91405424777464,990.2348971013658
14.975644955680526,25.19289407932513,31.70446354411281,23.936553952291625,27.997922852522983,29.76072380648277,16.4120676989533,25.80354823921728
26.33101944518112,43.03829607111647,51.60697748701386,32.13740782973098,66.11640405902571,38.88098206152665,60.75670995858167,55.41899914036979
464.9485528796556,466.4176464207673,430.41391695535856,886.22619127772,483.134605261847,483.6394834182374,721.4747887329704,344.64850770437954
2.4446626965367297,1.4909222726458735,3.841154048511834,-1.2875201277477903,-0.1966602646921844,3.075277182916655,0.6953237682719103,2.603261903970595
43.84587474422101,-52.45475046865072,1210.693296323523,79.4154049432434,-689.0373305277108,-325.65639877780666,442.16371203465314,-232.4768066079307
0.0003509020446929,0.0015695991572863,16235.703224410934,19168.625199144983,-1359.0978715210183,15870.81400032683,722.564233287106,-181.2765688481041
-165.1501184739444,-6045.454542835315,9710.79176548755,1146.9368278894426,1873.8654181420704,937.7367529208138,-951.8132042920696,4224.89238973037
-174.98335693738747,39.7432805572178,-1188.0622851983426,7362.8328432287635,-1258.9979651712144,-1279.0775042218236,-322.7596804422326,-558.8819773193962
17.05785614817735,17.537244189324394,36.052221097023576,29.96603148096775,24.427898298060807,33.26186793956954,29.05132167684657,34.68649342307114
78.87099305916149,95.70168361788949,75.05148943546173,86.14425598191059,47.46647844035195,57.39390736880987,64.72401938296592,64.61643990542339
520.093717109683,629.320118857472,396.2439383723564,501.0823115765685,423.372030093262,284.3811974110844,437.1240727348711,507.68068946195615
0.0437324854613172,0.9537180508317168,0.3088155678689532,0.1842244672307995,0.2547001257518648,2.406416315153676,2.44878948708536,-0.8418500687459309
368.6379479575872,-114.913464996687,-617.5567540364898,309.88540390887147,84.34593591132716,-840.2386578418468,1068.0578188661923,1079.822307721029
0.001824033031313,0.0018486429380317,855.40422019792,-2591.1262482467096,-2286.5157260088395,-9951.905982287515,5800.772271542344,784.3535215759471
360.2801205460306,-651.7364603997521,-2666.021341790261,2009.3008705705424,2457.4994719859883,2553.590174014708,-2230.0007594810904,336.7286918514852
-119.5588383733014,144.75266304205152,-54.63170869752015,-2239.783977205419,66.66615251871553,-110.72421591942977,-52.949305672236,630.6286997322679
22.32517953764664,15.917383145822146,37.27041315982896,26.44044180234644,24.42411285612304,19.953268588734588,29.460487004648964,19.505697551479297
41.09341480486716,52.76961716569394,50.9176539359828,43.76041339817213,58.48778254999163,74.6779188210905,85.76339606679727,54.241905873158856
633.6463900274352,392.9291172748752,638.5002852344132,587.7889513926573,597.4735015377721,349.9559146645378,212.7326142653709,640.7815856229099
1.59022380089823,0.3592860116282058,0.2139842568537286,-0.988582230927791,1.936429463658763,3.2969483049105,2.545916471630861,0.560053604211806
-54.15789111227755,1224.3963905371054,733.9751466189988,-682.3927582545888,1067.049818343727,-90.99859063340192,-262.4672918079114,843.7871120053906
0.0001903760135385,0.000486750903823,163.52179399866998,4981.194347465385,19315.001516119068,13322.392010635043,320.04393868695183,193.1717228477873
170.47192934960353,2165.602271337112,-2684.458343738442,-2141.635913854648,8420.985455776496,-445.3683333787209,-6706.239463176178,41.75438624448755
281.42697436438635,-447.0313574103153,-756.474519363379,5408.6991255831945,-1265.970824551524,9855.556782493302,-126.91405424777464,990.2348971013658
14.975644955680526,25.19289407932513,31.70446354411281,23.936553952291625,27.997922852522983,29.76072380648277,16.4120676989533,25.80354823921728
26.33101944518112,43.03829607111647,51.60697748701386,32.13740782973098,66.11640405902571,38.88098206152665,60.75670995858167,55.41899914036979
464.9485528796556,466.4176464207673,430.41391695535856,886.22619127772,483.134605261847,483.6394834182374,721.4747887329704,344.64850770437954
2.4446626965367297,1.4909222726458735,3.841154048511834,-1.2875201277477903,-0.1966602646921844,3.075277182916655,0.6953237682719103,2.603261903970595
43.84587474422101,-52.45475046865072,1210.693296323523,79.4154049432434,-689.0373305277108,-325.65639877780666,442.16371203465314,-232.4768066079307
0.0003509020446929,0.0015695991572863,16235.703224410934,19168.625199144983,-1359.0978715210183,15870.81400032683,722.564233287106,-181.2765688481041
-165.1501184739444,-6045.454542835315,9710.79176548755,1146.9368278894426,1873.8654181420704,937.7367529208138,-951.8132042920696,4224.89238973037
-174.98335693738747,39.7432805572178,-1188.0622851983426,7362.8328432287635,-1258.9979651712144,-1279.0775042218236,-322.7596804422326,-558.8819773193962
17.05785614817735,17.537244189324394,36.052221097023576,29.96603148096775,24.427898298060807,33.26186793956954,29.05132167684657,34.68649342307114
78.87099305916149,95.70168361788949,75.05148943546173,86.14425598191059,47.46647844035195,57.39390736880987,64.72401938296592,64.61643990542339
520.093717109683,629.320118857472,396.2439383723564,501.0823115765685,423.372030093262,284.3811974110844,437.1240727348711,507.68068946195615
0.0437324854613172,0.9537180508317168,0.3088155678689532,0.1842244672307995,0.2547001257518648,2.406416315153676,2.44878948708536,-0.8418500687459309
368.6379479575872,-114.913464996687,-617.5567540364898,309.88540390887147,84.34593591132716,-840.2386578418468,1068.0578188661923,1079.822307721029
0.001824033031313,0.0018486429380317,855.40422019792,-2591.1262482467096,-2286.5157260088395,-9951.905982287515,5800.772271542344,784.3535215759471
360.2801205460306,-651.7364603997521,-2666.021341790261,2009.3008705705424,2457.4994719859883,2553.590174014708,-2230.0007594810904,336.7286918514852
-119.5588383733014,144.75266304205152,-54.63170869752015,-2239.783977205419,66.66615251871553,-110.72421591942977,-52.949305672236,630.6286997322679
22.32517953764664,15.917383145822146,37.27041315982896,26.44044180234644,24.42411285612304,19.953268588734588,29.460487004648964,19.505697551479297
41.09341480486716,52.76961716569394,50.9176539359828,43.76041339817213,58.48778254999163,74.6779188210905,85.76339606679727,54.241905873158856
633.6463900274352,392.9291172748752,638.5002852344132,587.7889513926573,597.4735015377721,349.9559146645378,212.7326142653709,640.7815856229099
1.59022380089823,0.3592860116282058,0.2139842568537286,-0.988582230927791,1.936429463658763,3.2969483049105,2.545916471630861,0.560053604211806
-54.15789111227755,1224.3963905371054,733.9751466189988,-682.3927582545888,1067.049818343727,-90.99859063340192,-262.4672918079114,843.7871120053906
0.0001903760135385,0.000486750903823,163.52179399866998,4981.194347465385,19315.001516119068,13322.392010635043,320.04393868695183,193.1717228477873
170.47192934960353,2165.602271337112,-2684.458343738442,-2141.635913854648,8420.985455776496,-445.3683333787209,-6706.239463176178,41.75438624448755
281.42697436438635,-447.0313574103153,-756.474519363379,5408.6991255831945,-1265.970824551524,9855.556782493302,-126.91405424777464,990.2348971013658
14.975644955680526,25.19289407932513,31.70446354411281,23.936553952291625,27.997922852522983,29.76072380648277,16.4120676989533,25.80354823921728
26.33101944518112,43.03829607111647,51.60697748701386,32.13740782973098,66.11640405902571,38.88098206152665,60.75670995858167,55.41899914036979
464.9485528796556,466.4176464207673,430.41391695535856,886.22619127772,483.134605261847,483.6394834182374,721.4747887329704,344.64850770437954
2.4446626965367297,1.4909222726458735,3.841154048511834,-1.2875201277477903,-0.1966602646921844,3.075277182916655,0.6953237682719103,2.603261903970595
43.84587474422101,-52.45475046865072,1210.693296323523,79.4154049432434,-689.0373305277108,-325.65639877780666,442.16371203465314,-232.4768066079307
0.0003509020446929,0.0015695991572863,16235.703224410934,19168.625199144983,-1359.0978715210183,15870.81400032683,722.564233287106,-181.2765688481041
-165.1501184739444,-6045.454542835315,9710.79176548755,1146.9368278894426,1873.8654181420704,937.7367529208138,-951.8132042920696,4224.89238973037
-174.98335693738747,39.7432805572178,-1188.0622851983426,7362.8328432287635,-1258.9979651712144,-1279.0775042218236,-322.7596804422326,-558.8819773193962
17.05785614817735,17.537244189324394,36.052221097023576,29.96603148096775,24.427898298060807,33.26186793956954,29.05132167684657,34.68649342307114
78.87099305916149,95.70168361788949,75.05148943546173,86.14425598191059,47.46647844035195,57.39390736880987,64.72401938296592,64.61643990542339
520.093717109683,629.320118857472,396.2439383723564,501.0823115765685,423.372030093262,284.3811974110844,437.1240727348711,507.68068946195615
0.0437324854613172,0.9537180508317168,0.3088155678689532,0.1842244672307995,0.2547001257518648,2.406416315153676,2.44878948708536,-0.8418500687459309
368.6379479575872,-114.913464996687,-617.5567540364898,309.88540390887147,84.34593591132716,-840.2386578418468,1068.0578188661923,1079.822307721029
0.001824033031313,0.0018486429380317,855.40422019792,-2591.1262482467096,-2286.5157260088395,-9951.905982287515,5800.772271542344,784.3535215759471
360.2801205460306,-651.7364603997521,-2666.021341790261,2009.3008705705424,2457.4994719859883,2553.590174014708,-2230.0007594810904,336.7286918514852
-119.5588383733014,144.75266304205152,-54.63170869752015,-2239.783977205419,66.66615251871553,-110.72421591942977,-52.949305672236,630.6286997322679
22.32517953764664,15.917383145822146,37.27041315982896,26.44044180234644,24.42411285612304,19.953268588734588,29.460487004648964,19.505697551479297
41.09341480486716,52.76961716569394,50.9176539359828,43.76041339817213,58.48778254999163,74.6779188210905,85.76339606679727,54.241905873158856
633.6463900274352,392.9291172748752,638.5002852344132,587.7889513926573,597.4735015377721,349.9559146645378,212.7326142653709,640.7815856229099
1.59022380089823,0.3592860116282058,0.2139842568537286,-0.988582230927791,1.936429463658763,3.2969483049105,2.545916471630861,0.560053604211806
-54.15789111227755,1224.3963905371054,733.9751466189988,-682.3927582545888,1067.049818343727,-90.99859063340192,-262.4672918079114,843.7871120053906
0.0001903760135385,0.000486750903823,163.52179399866998,4981.194347465385,19315.001516119068,13322.392010635043,320.04393868695183,193.1717228477873
170.47192934960353,2165.602271337112,-2684.458343738442,-2141.635913854648,8420.985455776496,-445.3683333787209,-6706.239463176178,41.75438624448755
281.42697436438635,-447.0313574103153,-756.474519363379,5408.6991255831945,-1265.970824551524,9855.556782493302,-126.91405424777464,990.2348971013658
14.975644955680526,25.19289407932513,31.70446354411281,23.936553952291625,27.997922852522983,29.76072380648277,16.4120676989533,25.80354823921728
26.33101944518112,43.03829607111647,51.60697748701386,32.13740782973098,66.11640405902571,38.88098206152665,60.75670995858167,55.41899914036979
464.9485528796556,466.4176464207673,430.41391695535856,886.22619127772,483.134605261847,483.6394834182374,721.4747887329704,344.64850770437954
2.4446626965367297,1.4909222726458735,3.841154048511834,-1.2875201277477903,-0.1966602646921844,3.075277182916655,0.6953237682719103,2.603261903970595
43.84587474422101,-52.45475046865072,1210.693296323523,79.4154049432434,-689.0373305277108,-325.65639877780666,442.16371203465314,-232.4768066079307
0.0003509020446929,0.0015695991572863,16235.703224410934,19168.625199144983,-1359.0978715210183,15870.81400032683,722.564233287106,-181.2765688481041
-165.1501184739444,-6045.454542835315,9710.79176548755,1146.9368278894426,1873.8654181420704,937.7367529208138,-951.8132042920696,4224.89238973037
-174.98335693738747,39.7432805572178,-1188.0622851983426,7362.8328432287635,-1258.9979651712144,-1279.0775042218236,-322.7596804422326,-558.8819773193962
17.05785614817735,17.537244189324394,36.052221097023576,29.96603148096775,24.427898298060807,33.26186793956954,29.05132167684657,34.68649342307114
78.87099305916149,95.70168361788949,75.05148943546173,86.14425598191059,47.46647844035195,57.39390736880987,64.72401938296592,64.61643990542339
520.093717109683,629.320118857472,396.2439383723564,501.0823115765685,423.372030093262,284.3811974110844,437.1240727348711,507.68068946195615
0.0437324854613172,0.9537180508317168,0.3088155678689532,0.1842244672307995,0.2547001257518648,2.406416315153676,2.44878948708536,-0.8418500687459309
368.6379479575872,-114.913464996687,-617.5567540364898,309.88540390887147,84.34593591132716,-840.2386578418468,1068.0578188661923,1079.822307721029
0.001824033031313,0.0018486429380317,855.40422019792,-2591.1262482467096,-2286.5157260088395,-9951.905982287515,5800.772271542344,784.3535215759471
360.2801205460306,-651.7364603997521,-2666.021341790261,2009.3008705705424,2457.4994719859883,2553.590174014708,-2230.0007594810904,336.7286918514852
-119.5588383733014,144.75266304205152,-54.63170869752015,-2239.783977205419,66.66615251871553,-110.72421591942977,-52.949305672236,630.6286997322679
22.32517953764664,15.917383145822146,37.27041315982896,26.44044180234644,24.42411285612304,19.953268588734588,29.460487004648964,19.505697551479297
41.09341480486716,52.76961716569394,50.9176539359828,43.76041339817213,58.48778254999163,74.6779188210905,85.76339606679727,54.241905873158856
633.6463900274352,392.9291172748752,638.5002852344132,587.7889513926573,597.4735015377721,349.9559146645378,212.7326142653709,640.7815856229099
1.59022380089823,0.3592860116282058,0.2139842568537286,-0.988582230927791,1.936429463658763,3.2969483049105,2.545916471630861,0.560053604211806
-54.15789111227755,1224.3963905371054,733.9751466189988,-682.3927582545888,1067.049818343727,-90.99859063340192,-262.4672918079114,843.7871120053906
0.0001903760135385,0.000486750903823,163.52179399866998,4981.194347465385,19315.001516119068,13322.392010635043,320.04393868695183,193.1717228477873
170.47192934960353,2165.602271337112,-2684.458343738442,-2141.635913854648,8420.985455776496,-445.3683333787209,-6706.239463176178,41.75438624448755
281.42697436438635,-447.0313574103153,-756.474519363379,5408.6991255831945,-1265.970824551524,9855.556782493302,-126.91405424777464,990.2348971013658
14.975644955680526,25.19289407932513,31.70446354411281,23.936553952291625,27.997922852522983,29.76072380648277,16.4120676989533,25.80354823921728
26.33101944518112,43.03829607111647,51.60697748701386,32.13740782973098,66.11640405902571,38.88098206152665,60.75670995858167,55.41899914036979
464.9485528796556,466.4176464207673,430.41391695535856,886.22619127772,483.134605261847,483.6394834182374,721.4747887329704,344.64850770437954
2.4446626965367297,1.4909222726458735,3.841154048511834,-1.2875201277477903,-0.1966602646921844,3.075277182916655,0.6953237682719103,2.603261903970595
43.84587474422101,-52.45475046865072,1210.693296323523,79.4154049432434,-689.0373305277108,-325.65639877780666,442.16371203465314,-232.4768066079307
0.0003509020446929,0.0015695991572863,16235.703224410934,19168.625199144983,-1359.0978715210183,15870.81400032683,722.564233287106,-181.2765688481041
-165.1501184739444,-6045.454542835315,9710.79176548755,1146.9368278894426,1873.8654181420704,937.7367529208138,-951.8132042920696,4224.89238973037
-174.98335693738747,39.7432805572178,-1188.0622851983426,7362.8328432287635,-1258.9979651712144,-1279.0775042218236,-322.7596804422326,-558.8819773193962
17.05785614817735,17.537244189324394,36.052221097023576,29.96603148096775,24.427898298060807,33.26186793956954,29.05132167684657,34.68649342307114
78.87099305916149,95.70168361788949,75.05148943546173,86.14425598191059,47.46647844035195,57.39390736880987,64.72401938296592,64.61643990542339
520.093717109683,629.320118857472,396.2439383723564,501.0823115765685,423.372030093262,284.3811974110844,437.1240727348711,507.68068946195615
0.0437324854613172,0.9537180508317168,0.3088155678689532,0.1842244672307995,0.2547001257518648,2.406416315153676,2.44878948708536,-0.8418500687459309
368.6379479575872,-114.913464996687,-617.5567540364898,309.88540390887147,84.34593591132716,-840.2386578418468,1068.0578188661923,1079.822307721029
0.001824033031313,0.0018486429380317,855.40422019792,-2591.1262482467096,-2286.5157260088395,-9951.905982287515,5800.772271542344,784.3535215759471
360.2801205460306,-651.7364603997521,-2666.021341790261,2009.3008705705424,2457.4994719859883,2553.590174014708,-2230.0007594810904,336.7286918514852
-119.5588383733014,144.75266304205152,-54.63170869752015,-2239.783977205419,66.66615251871553,-110.72421591942977,-52.949305672236,630.6286997322679
22.32517953764664,15.917383145822146,37.27041315982896,26.44044180234644,24.42411285612304,19.953268588734588,29.460487004648964,19.505697551479297
41.09341480486716,52.76961716569394,50.9176539359828,43.76041339817213,58.48778254999163,74.6779188210905,85.76339606679727,54.241905873158856
633.6463900274352,392.9291172748752,638.5002852344132,587.7889513926573,597.4735015377721,349.9559146645378,212.7326142653709,640.7815856229099
1.59022380089823,0.3592860116282058,0.2139842568537286,-0.988582230927791,1.936429463658763,3.2969483049105,2.545916471630861,0.560053604211806
-54.15789111227755,1224.3963905371054,733.9751466189988,-682.3927582545888,1067.049818343727,-90.99859063340192,-262.4672918079114,843.7871120053906
0.0001903760135385,0.000486750903823,163.52179399866998,4981.194347465385,19315.001516119068,13322.392010635043,320.04393868695183,193.1717228477873
170.47192934960353,2165.602271337112,-2684.458343738442,-2141.635913854648,8420.985455776496,-445.3683333787209,-6706.239463176178,41.75438624448755
281.42697436438635,-447.0313574103153,-756.474519363379,5408.6991255831945,-1265.970824551524,9855.556782493302,-126.91405424777464,990.2348971013658
14.975644955680526,25.19289407932513,31.70446354411281,23.936553952291625,27.997922852522983,29.76072380648277,16.4120676989533,25.80354823921728
26.33101944518112,43.03829607111647,51.60697748701386,32.13740782973098,66.11640405902571,38.88098206152665,60.75670995858167,55.41899914036979
464.9485528796556,466.4176464207673,430.41391695535856,886.22619127772,483.134605261847,483.6394834182374,721.4747887329704,344.64850770437954
2.4446626965367297,1.4909222726458735,3.841154048511834,-1.2875201277477903,-0.1966602646921844,3.075277182916655,0.6953237682719103,2.603261903970595
43.84587474422101,-52.45475046865072,1210.693296323523,79.4154049432434,-689.0373305277108,-325.65639877780666,442.16371203465314,-232.4768066079307
0.0003509020446929,0.0015695991572863,16235.703224410934,19168.625199144983,-1359.0978715210183,15870.81400032683,722.564233287106,-181.2765688481041
-165.1501184739444,-6045.454542835315,9710.79176548755,1146.9368278894426,1873.8654181420704,937.7367529208138,-951.8132042920696,4224.89238973037
-174.98335693738747,39.7432805572178,-1188.0622851983426,7362.8328432287635,-1258.9979651712144,-1279.0775042218236,-322.7596804422326,-558.8819773193962
17.05785614817735,17.537244189324394,36.052221097023576,29.96603148096775,24.427898298060807,33.26186793956954,29.05132167684657,34.68649342307114
78.87099305916149,95.70168361788949,75.05148943546173,86.14425598191059,47.46647844035195,57.39390736880987,64.72401938296592,64.61643990542339
520.093717109683,629.320118857472,396.2439383723564,501.0823115765685,423.372030093262,284.3811974110844,437.1240727348711,507.68068946195615
0.0437324854613172,0.9537180508317168,0.3088155678689532,0.1842244672307995,0.2547001257518648,2.406416315153676,2.44878948708536,-0.8418500687459309
368.6379479575872,-114.913464996687,-617.5567540364898,309.88540390887147,84.34593591132716,-840.2386578418468,1068.0578188661923,1079.822307721029
0.001824033031313,0.0018486429380317,855.40422019792,-2591.1262482467096,-2286.5157260088395,-9951.905982287515,5800.772271542344,784.3535215759471
360.2801205460306,-651.7364603997521,-2666.021341790261,2009.3008705705424,2457.4994719859883,2553.590174014708,-2230.0007594810904,336.7286918514852
-119.5588383733014,144.75266304205152,-54.63170869752015,-2239.783977205419,66.66615251871553,-110.72421591942977,-52.949305672236,630.6286997322679
22.32517953764664,15.917383145822146,37.27041315982896,26.44044180234644,24.42411285612304,19.953268588734588,29.460487004648964,19.505697551479297
41.09341480486716,52.76961716569394,50.9176539359828,43.76041339817213,58.48778254999163,74.6779188210905,85.76339606679727,54.241905873158856
633.6463900274352,392.9291172748752,638.5002852344132,587.7889513926573,597.4735015377721,349.9559146645378,212.7326142653709,640.7815856229099
1.59022380089823,0.3592860116282058,0.2139842568537286,-0.988582230927791,1.936429463658763,3.2969483049105,2.545916471630861,0.560053604211806
-54.15789111227755,1224.3963905371054,733.9751466189988,-682.3927582545888,1067.049818343727,-90.99859063340192,-262.4672918079114,843.7871120053906
0.0001903760135385,0.000486750903823,163.52179399866998,4981.194347465385,19315.001516119068,13322.392010635043,320.04393868695183,193.1717228477873
170.47192934960353,2165.602271337112,-2684.458343738442,-2141.635913854648,8420.985455776496,-445.3683333787209,-6706.239463176178,41.75438624448755
281.42697436438635,-447.0313574103153,-756.474519363379,5408.6991255831945,-1265.970824551524,9855.556782493302,-126.91405424777464,990.2348971013658
14.975644955680526,25.19289407932513,31.70446354411281,23.936553952291625,27.997922852522983,29.76072380648277,16.4120676989533,25.80354823921728
26.33101944518112,43.03829607111647,51.60697748701386,32.13740782973098,66.11640405902571,38.88098206152665,60.75670995858167,55.41899914036979
464.9485528796556,466.4176464207673,430.41391695535856,886.22619127772,483.134605261847,483.6394834182374,721.4747887329704,344.64850770437954
2.4446626965367297,1.4909222726458735,3.841154048511834,-1.2875201277477903,-0.1966602646921844,3.075277182916655,0.6953237682719103,2.603261903970595
43.84587474422101,-52.45475046865072,1210.693296323523,79.4154049432434,-689.0373305277108,-325.65639877780666,442.16371203465314,-232.4768066079307
0.0003509020446929,0.0015695991572863,16235.703224410934,19168.625199144983,-1359.0978715210183,15870.81400032683,722.564233287106,-181.2765688481041
-165.1501184739444,-6045.454542835315,9710.79176548755,1146.9368278894426,1873.8654181420704,937.7367529208138,-951.8132042920696,4224.89238973037
-174.98335693738747,39.7432805572178,-1188.0622851983426,7362.8328432287635,-1258.9979651712144,-1279.0775042218236,-322.7596804422326,-558.8819773193962
17.05785614817735,17.537244189324394,36.052221097023576,29.96603148096775,24.427898298060807,33.26186793956954,29.05132167684657,34.68649342307114
78.87099305916149,95.70168361788949,75.05148943546173,86.14425598191059,47.46647844035195,57.39390736880987,64.72401938296592,64.61643990542339
520.093717109683,629.320118857472,396.2439383723564,501.0823115765685,423.372030093262,284.3811974110844,437.1240727348711,507.68068946195615
0.0437324854613172,0.9537180508317168,0.3088155678689532,0.1842244672307995,0.2547001257518648,2.406416315153676,2.44878948708536,-0.8418500687459309
368.6379479575872,-114.913464996687,-617.5567540364898,309.88540390887147,84.34593591132716,-840.2386578418468,1068.0578188661923,1079.822307721029
0.001824033031313,0.0018486429380317,855.40422019792,-2591.1262482467096,-2286.5157260088395,-9951.905982287515,5800.772271542344,784.3535215759471
360.2801205460306,-651.7364603997521,-2666.021341790261,2009.3008705705424,2457.4994719859883,2553.590174014708,-2230.0007594810904,336.7286918514852
-119.5588383733014,144.75266304205152,-54.63170869752015,-2239.783977205419,66.66615251871553,-110.72421591942977,-52.949305672236,630.6286997322679
22.32517953764664,15.917383145822146,37.27041315982896,26.44044180234644,24.42411285612304,19.953268588734588,29.460487004648964,19.505697551479297
41.09341480486716,52.76961716569394,50.9176539359828,43.76041339817213,58.48778254999163,74.6779188210905,85.76339606679727,54.241905873158856
633.6463900274352,392.9291172748752,638.5002852344132,587.7889513926573,597.4735015377721,349.9559146645378,212.7326142653709,640.7815856229099
1.59022380089823,0.3592860116282058,0.2139842568537286,-0.988582230927791,1.936429463658763,3.2969483049105,2.545916471630861,0.560053604211806
-54.15789111227755,1224.3963905371054,733.9751466189988,-682.3927582545888,1067.049818343727,-90.99859063340192,-262.4672918079114,843.7871120053906
0.0001903760135385,0.000486750903823,163.52179399866998,4981.194347465385,19315.001516119068,13322.392010635043,320.04393868695183,193.1717228477873
170.47192934960353,2165.602271337112,-2684.458343738442,-2141.635913854648,8420.985455776496,-445.3683333787209,-6706.239463176178,41.75438624448755
281.42697436438635,-447.0313574103153,-756.474519363379,5408.6991255831945,-1265.970824551524,9855.556782493302,-126.91405424777464,990.2348971013658
14.975644955680526,25.19289407932513,31.70446354411281,23.936553952291625,27.997922852522983,29.76072380648277,16.4120676989533,25.80354823921728
26.33101944518112,43.03829607111647,51.60697748701386,32.13740782973098,66.11640405902571,38.88098206152665,60.75670995858167,55.41899914036979
464.9485528796556,466.4176464207673,430.41391695535856,886.22619127772,483.134605261847,483.6394834182374,721.4747887329704,344.64850770437954
2.4446626965367297,1.4909222726458735,3.841154048511834,-1.2875201277477903,-0.1966602646921844,3.075277182916655,0.6953237682719103,2.603261903970595
43.84587474422101,-52.45475046865072,1210.693296323523,79.4154049432434,-689.0373305277108,-325.65639877780666,442.16371203465314,-232.4768066079307
0.0003509020446929,0.0015695991572863,16235.703224410934,19168.625199144983,-1359.0978715210183,15870.81400032683,722.564233287106,-181.2765688481041
-165.1501184739444,-6045.454542835315,9710.79176548755,1146.9368278894426,1873.8654181420704,937.7367529208138,-951.8132042920696,4224.89238973037
-174.98335693738747,39.7432805572178,-1188.0622851983426,7362.8328432287635,-1258.9979651712144,-1279.0775042218236,-322.7596804422326,-558.8819773193962
17.05785614817735,17.537244189324394,36.052221097023576,29.96603148096775,24.427898298060807,33.26186793956954,29.05132167684657,34.68649342307114
78.87099305916149,95.70168361788949,75.05148943546173,86.14425598191059,47.46647844035195,57.39390736880987,64.72401938296592,64.61643990542339
520.093717109683,629.320118857472,396.2439383723564,501.0823115765685,423.372030093262,284.3811974110844,437.1240727348711,507.68068946195615
0.0437324854613172,0.9537180508317168,0.3088155678689532,0.1842244672307995,0.2547001257518648,2.406416315153676,2.44878948708536,-0.8418500687459309
368.6379479575872,-114.913464996687,-617.5567540364898,309.88540390887147,84.34593591132716,-840.2386578418468,1068.0578188661923,1079.822307721029
0.001824033031313,0.0018486429380317,855.40422019792,-2591.1262482467096,-2286.5157260088395,-9951.905982287515,5800.772271542344,784.3535215759471
360.2801205460306,-651.7364603997521,-2666.021341790261,2009.3008705705424,2457.4994719859883,2553.590174014708,-2230.0007594810904,336.7286918514852
-119.5588383733014,144.75266304205152,-54.63170869752015,-2239.783977205419,66.66615251871553,-110.72421591942977,-52.949305672236,630.6286997322679
22.32517953764664,15.917383145822146,37.27041315982896,26.44044180234644,24.42411285612304,19.953268588734588,29.460487004648964,19.505697551479297
41.09341480486716,52.76961716569394,50.9176539359828,43.76041339817213,58.48778254999163,74.6779188210905,85.76339606679727,54.241905873158856
633.6463900274352,392.9291172748752,638.5002852344132,587.7889513926573,597.4735015377721,349.9559146645378,212.7326142653709,640.7815856229099
1.59022380089823,0.3592860116282058,0.2139842568537286,-0.988582230927791,1.936429463658763,3.2969483049105,2.545916471630861,0.560053604211806
-54.15789111227755,1224.3963905371054,733.9751466189988,-682.3927582545888,1067.049818343727,-90.99859063340192,-262.4672918079114,843.7871120053906
0.0001903760135385,0.000486750903823,163.52179399866998,4981.194347465385,19315.001516119068,13322.392010635043,320.04393868695183,193.1717228477873
170.47192934960353,2165.602271337112,-2684.458343738442,-2141.635913854648,8420.985455776496,-445.3683333787209,-6706.239463176178,41.75438624448755
281.42697436438635,-447.0313574103153,-756.474519363379,5408.6991255831945,-1265.970824551524,9855.556782493302,-126.91405424777464,990.2348971013658
14.975644955680526,25.19289407932513,31.70446354411281,23.936553952291625,27.997922852522983,29.76072380648277,16.4120676989533,25.80354823921728
26.33101944518112,43.03829607111647,51.60697748701386,32.13740782973098,66.11640405902571,38.88098206152665,60.75670995858167,55.41899914036979
464.9485528796556,466.4176464207673,430.41391695535856,886.22619127772,483.134605261847,483.6394834182374,721.4747887329704,344.64850770437954
2.4446626965367297,1.4909222726458735,3.841154048511834,-1.2875201277477903,-0.1966602646921844,3.075277182916655,0.6953237682719103,2.603261903970595
43.84587474422101,-52.45475046865072,1210.693296323523,79.4154049432434,-689.0373305277108,-325.65639877780666,442.16371203465314,-232.4768066079307
0.0003509020446929,0.0015695991572863,16235.703224410934,19168.625199144983,-1359.0978715210183,15870.81400032683,722.564233287106,-181.2765688481041
-165.1501184739444,-6045.454542835315,9710.79176548755,1146.9368278894426,1873.8654181420704,937.7367529208138,-951.8132042920696,4224.89238973037
-174.98335693738747,39.7432805572178,-1188.0622851983426,7362.8328432287635,-1258.9979651712144,-1279.0775042218236,-322.7596804422326,-558.8819773193962
17.05785614817735,17.537244189324394,36.052221097023576,29.96603148096775,24.427898298060807,33.26186793956954,29.05132167684657,34.68649342307114
78.87099305916149,95.70168361788949,75.05148943546173,86.14425598191059,47.46647844035195,57.39390736880987,64.72401938296592,64.61643990542339
520.093717109683,629.320118857472,396.2439383723564,501.0823115765685,423.372030093262,284.3811974110844,437.1240727348711,507.68068946195615
0.0437324854613172,0.9537180508317168,0.3088155678689532,0.1842244672307995,0.2547001257518648,2.406416315153676,2.44878948708536,-0.8418500687459309
368.6379479575872,-114.913464996687,-617.5567540364898,309.88540390887147,84.34593591132716,-840.2386578418468,1068.0578188661923,1079.822307721029
0.001824033031313,0.0018486429380317,855.40422019792,-2591.1262482467096,-2286.5157260088395,-9951.905982287515,5800.772271542344,784.3535215759471
360.2801205460306,-651.7364603997521,-2666.021341790261,2009.3008705705424,2457.4994719859883,2553.590174014708,-2230.0007594810904,336.7286918514852
-119.5588383733014,144.75266304205152,-54.63170869752015,-2239.783977205419,66.66615251871553,-110.72421591942977,-52.949305672236,630.6286997322679
22.32517953764664,15.917383145822146,37.27041315982896,26.44044180234644,24.42411285612304,19.953268588734588,29.460487004648964,19.505697551479297
41.09341480486716,52.76961716569394,50.9176539359828,43.76041339817213,58.48778254999163,74.6779188210905,85.76339606679727,54.241905873158856
633.6463900274352,392.9291172748752,638.5002852344132,587.7889513926573,597.4735015377721,349.9559146645378,212.7326142653709,640.7815856229099
1.59022380089823,0.3592860116282058,0.2139842568537286,-0.988582230927791,1.936429463658763,3.2969483049105,2.545916471630861,0.560053604211806
-54.15789111227755,1224.3963905371054,733.9751466189988,-682.3927582545888,1067.049818343727,-90.99859063340192,-262.4672918079114,843.7871120053906
0.0001903760135385,0.000486750903823,163.52179399866998,4981.194347465385,19315.001516119068,13322.392010635043,320.04393868695183,193.1717228477873
170.47192934960353,2165.602271337112,-2684.458343738442,-2141.635913854648,8420.985455776496,-445.3683333787209,-6706.239463176178,41.75438624448755
281.42697436438635,-447.0313574103153,-756.474519363379,5408.6991255831945,-1265.970824551524,9855.556782493302,-126.91405424777464,990.2348971013658
14.975644955680526,25.19289407932513,31.70446354411281,23.936553952291625,27.997922852522983,29.76072380648277,16.4120676989533,25.80354823921728
26.33101944518112,43.03829607111647,51.60697748701386,32.13740782973098,66.11640405902571,38.88098206152665,60.75670995858167,55.41899914036979
464.9485528796556,466.4176464207673,430.41391695535856,886.22619127772,483.134605261847,483.6394834182374,721.4747887329704,344.64850770437954
2.4446626965367297,1.4909222726458735,3.841154048511834,-1.2875201277477903,-0.1966602646921844,3.075277182916655,0.6953237682719103,2.603261903970595
43.84587474422101,-52.45475046865072,1210.693296323523,79.4154049432434,-689.0373305277108,-325.65639877780666,442.16371203465314,-232.4768066079307
0.0003509020446929,0.0015695991572863,16235.703224410934,19168.625199144983,-1359.0978715210183,15870.81400032683,722.564233287106,-181.2765688481041
-165.1501184739444,-6045.454542835315,9710.79176548755,1146.9368278894426,1873.8654181420704,937.7367529208138,-951.8132042920696,4224.89238973037
-174.98335693738747,39.7432805572178,-1188.0622851983426,7362.8328432287635,-1258.9979651712144,-1279.0775042218236,-322.7596804422326,-558.8819773193962
17.05785614817735,17.537244189324394,36.052221097023576,29.96603148096775,24.427898298060807,33.26186793956954,29.05132167684657,34.68649342307114
78.87099305916149,95.70168361788949,75.05148943546173,86.14425598191059,47.46647844035195,57.39390736880987,64.72401938296592,64.61643990542339
520.093717109683,629.320118857472,396.2439383723564,501.0823115765685,423.372030093262,284.3811974110844,437.1240727348711,507.68068946195615
0.0437324854613172,0.9537180508317168,0.3088155678689532,0.1842244672307995,0.2547001257518648,2.406416315153676,2.44878948708536,-0.8418500687459309
368.6379479575872,-114.913464996687,-617.5567540364898,309.88540390887147,84.34593591132716,-840.2386578418468,1068.0578188661923,1079.822307721029
0.001824033031313,0.0018486429380317,855.40422019792,-2591.1262482467096,-2286.5157260088395,-9951.905982287515,5800.772271542344,784.3535215759471
360.2801205460306,-651.7364603997521,-2666.021341790261,2009.3008705705424,2457.4994719859883,2553.590174014708,-2230.0007594810904,336.7286918514852
-119.5588383733014,144.75266304205152,-54.63170869752015,-2239.783977205419,66.66615251871553,-110.72421591942977,-52.949305672236,630.6286997322679
22.32517953764664,15.917383145822146,37.27041315982896,26.44044180234644,24.42411285612304,19.953268588734588,29.460487004648964,19.505697551479297
41.09341480486716,52.76961716569394,50.9176539359828,43.76041339817213,58.48778254999163,74.6779188210905,85.76339606679727,54.241905873158856
633.6463900274352,392.9291172748752,638.5002852344132,587.7889513926573,597.4735015377721,349.9559146645378,212.7326142653709,640.7815856229099
1.59022380089823,0.3592860116282058,0.2139842568537286,-0.988582230927791,1.936429463658763,3.2969483049105,2.545916471630861,0.560053604211806
-54.15789111227755,1224.3963905371054,733.9751466189988,-682.3927582545888,1067.049818343727,-90.99859063340192,-262.4672918079114,843.7871120053906
0.0001903760135385,0.000486750903823,163.52179399866998,4981.194347465385,19315.001516119068,13322.392010635043,320.04393868695183,193.1717228477873
170.47192934960353,2165.602271337112,-2684.458343738442,-2141.635913854648,8420.985455776496,-445.3683333787209,-6706.239463176178,41.75438624448755
281.42697436438635,-447.0313574103153,-756.474519363379,5408.6991255831945,-1265.970824551524,9855.556782493302,-126.91405424777464,990.2348971013658
14.975644955680526,25.19289407932513,31.70446354411281,23.936553952291625,27.997922852522983,29.76072380648277,16.4120676989533,25.80354823921728
26.33101944518112,43.03829607111647,51.60697748701386,32.13740782973098,66.11640405902571,38.88098206152665,60.75670995858167,55.41899914036979
464.9485528796556,466.4176464207673,430.41391695535856,886.22619127772,483.134605261847,483.6394834182374,721.4747887329704,344.64850770437954
2.4446626965367297,1.4909222726458735,3.841154048511834,-1.2875201277477903,-0.1966602646921844,3.075277182916655,0.6953237682719103,2.603261903970595
43.84587474422101,-52.45475046865072,1210.693296323523,79.4154049432434,-689.0373305277108,-325.65639877780666,442.16371203465314,-232.4768066079307
0.0003509020446929,0.0015695991572863,16235.703224410934,19168.625199144983,-1359.0978715210183,15870.81400032683,722.564233287106,-181.2765688481041
-165.1501184739444,-6045.454542835315,9710.79176548755,1146.9368278894426,1873.8654181420704,937.7367529208138,-951.8132042920696,4224.89238973037
-174.98335693738747,39.7432805572178,-1188.0622851983426,7362.8328432287635,-1258.9979651712144,-1279.0775042218236,-322.7596804422326,-558.8819773193962
17.05785614817735,17.537244189324394,36.052221097023576,29.96603148096775,24.427898298060807,33.26186793956954,29.05132167684657,34.68649342307114
78.87099305916149,95.70168361788949,75.05148943546173,86.14425598191059,47.46647844035195,57.39390736880987,64.72401938296592,64.61643990542339
520.093717109683,629.320118857472,396.2439383723564,501.0823115765685,423.372030093262,284.3811974110844,437.1240727348711,507.68068946195615
0.0437324854613172,0.9537180508317168,0.3088155678689532,0.1842244672307995,0.2547001257518648,2.406416315153676,2.44878948708536,-0.8418500687459309
368.6379479575872,-114.913464996687,-617.5567540364898,309.88540390887147,84.34593591132716,-840.2386578418468,1068.0578188661923,1079.822307721029
0.001824033031313,0.0018486429380317,855.40422019792,-2591.1262482467096,-2286.5157260088395,-9951.905982287515,5800.772271542344,784.3535215759471
360.2801205460306,-651.7364603997521,-2666.021341790261,2009.3008705705424,2457.4994719859883,2553.590174014708,-2230.0007594810904,336.7286918514852
-119.5588383733014,144.75266304205152,-54.63170869752015,-2239.783977205419,66.66615251871553,-110.72421591942977,-52.949305672236,630.6286997322679
22.32517953764664,15.917383145822146,37.27041315982896,26.44044180234644,24.42411285612304,19.953268588734588,29.460487004648964,19.505697551479297
41.09341480486716,52.76961716569394,50.9176539359828,43.76041339817213,58.48778254999163,74.6779188210905,85.76339606679727,54.241905873158856
633.6463900274352,392.9291172748752,638.5002852344132,587.7889513926573,597.4735015377721,349.9559146645378,212.7326142653709,640.7815856229099
1.59022380089823,0.3592860116282058,0.2139842568537286,-0.988582230927791,1.936429463658763,3.2969483049105,2.545916471630861,0.560053604211806
-54.15789111227755,1224.3963905371054,733.9751466189988,-682.3927582545888,1067.049818343727,-90.99859063340192,-262.4672918079114,843.7871120053906
0.0001903760135385,0.000486750903823,163.52179399866998,4981.194347465385,19315.001516119068,13322.392010635043,320.04393868695183,193.1717228477873
170.47192934960353,2165.602271337112,-2684.458343738442,-2141.635913854648,8420.985455776496,-445.3683333787209,-6706.239463176178,41.75438624448755
281.42697436438635,-447.0313574103153,-756.474519363379,5408.6991255831945,-1265.970824551524,9855.556782493302,-126.91405424777464,990.2348971013658
14.975644955680526,25.19289407932513,31.70446354411281,23.936553952291625,27.997922852522983,29.76072380648277,16.4120676989533,25.80354823921728
26.33101944518112,43.03829607111647,51.60697748701386,32.13740782973098,66.11640405902571,38.88098206152665,60.75670995858167,55.41899914036979
464.9485528796556,466.4176464207673,430.41391695535856,886.22619127772,483.134605261847,483.6394834182374,721.4747887329704,344.64850770437954
2.4446626965367297,1.4909222726458735,3.841154048511834,-1.2875201277477903,-0.1966602646921844,3.075277182916655,0.6953237682719103,2.603261903970595
43.84587474422101,-52.45475046865072,1210.693296323523,79.4154049432434,-689.0373305277108,-325.65639877780666,442.16371203465314,-232.4768066079307
0.0003509020446929,0.0015695991572863,16235.703224410934,19168.625199144983,-1359.0978715210183,15870.81400032683,722.564233287106,-181.2765688481041
-165.1501184739444,-6045.454542835315,9710.79176548755,1146.9368278894426,1873.8654181420704,937.7367529208138,-951.8132042920696,4224.89238973037
-174.98335693738747,39.7432805572178,-1188.0622851983426,7362.8328432287635,-1258.9979651712144,-1279.0775042218236,-322.7596804422326,-558.8819773193962
17.05785614817735,17.537244189324394,36.052221097023576,29.96603148096775,24.427898298060807,33.26186793956954,29.05132167684657,34.68649342307114
78.87099305916149,95.70168361788949,75.05148943546173,86.14425598191059,47.46647844035195,57.39390736880987,64.72401938296592,64.61643990542339
520.093717109683,629.320118857472,396.2439383723564,501.0823115765685,423.372030093262,284.3811974110844,437.1240727348711,507.68068946195615
0.0437324854613172,0.9537180508317168,0.3088155678689532,0.1842244672307995,0.2547001257518648,2.406416315153676,2.44878948708536,-0.8418500687459309
368.6379479575872,-114.913464996687,-617.5567540364898,309.88540390887147,84.34593591132716,-840.2386578418468,1068.0578188661923,1079.822307721029
0.001824033031313,0.0018486429380317,855.40422019792,-2591.1262482467096,-2286.5157260088395,-9951.905982287515,5800.772271542344,784.3535215759471
360.2801205460306,-651.7364603997521,-2666.021341790261,2009.3008705705424,2457.4994719859883,2553.590174014708,-2230.0007594810904,336.7286918514852
-119.5588383733014,144.75266304205152,-54.63170869752015,-2239.783977205419,66.66615251871553,-110.72421591942977,-52.949305672236,630.6286997322679
22.32517953764664,15.917383145822146,37.27041315982896,26.44044180234644,24.42411285612304,19.953268588734588,29.460487004648964,19.505697551479297
41.09341480486716,52.76961716569394,50.9176539359828,43.76041339817213,58.48778254999163,74.6779188210905,85.76339606679727,54.241905873158856
633.6463900274352,392.9291172748752,638.5002852344132,587.7889513926573,597.4735015377721,349.9559146645378,212.7326142653709,640.7815856229099
1.59022380089823,0.3592860116282058,0.2139842568537286,-0.988582230927791,1.936429463658763,3.2969483049105,2.545916471630861,0.560053604211806
-54.15789111227755,1224.3963905371054,733.9751466189988,-682.3927582545888,1067.049818343727,-90.99859063340192,-262.4672918079114,843.7871120053906
0.0001903760135385,0.000486750903823,163.52179399866998,4981.194347465385,19315.001516119068,13322.392010635043,320.04393868695183,193.1717228477873
170.47192934960353,2165.602271337112,-2684.458343738442,-2141.635913854648,8420.985455776496,-445.3683333787209,-6706.239463176178,41.75438624448755
281.42697436438635,-447.0313574103153,-756.474519363379,5408.6991255831945,-1265.970824551524,9855.556782493302,-126.91405424777464,990.2348971013658
14.975644955680526,25.19289407932513,31.70446354411281,23.936553952291625,27.997922852522983,29.76072380648277,16.4120676989533,25.80354823921728
26.33101944518112,43.03829607111647,51.60697748701386,32.13740782973098,66.11640405902571,38.88098206152665,60.75670995858167,55.41899914036979
464.9485528796556,466.4176464207673,430.41391695535856,886.22619127772,483.134605261847,483.6394834182374,721.4747887329704,344.64850770437954
2.4446626965367297,1.4909222726458735,3.841154048511834,-1.2875201277477903,-0.1966602646921844,3.075277182916655,0.6953237682719103,2.603261903970595
43.84587474422101,-52.45475046865072,1210.693296323523,79.4154049432434,-689.0373305277108,-325.65639877780666,442.16371203465314,-232.4768066079307
0.0003509020446929,0.0015695991572863,16235.703224410934,19168.625199144983,-1359.0978715210183,15870.81400032683,722.564233287106,-181.2765688481041
-165.1501184739444,-6045.454542835315,9710.79176548755,1146.9368278894426,1873.8654181420704,937.7367529208138,-951.8132042920696,4224.89238973037
-174.98335693738747,39.7432805572178,-1188.0622851983426,7362.8328432287635,-1258.9979651712144,-1279.0775042218236,-322.7596804422326,-558.8819773193962
17.05785614817735,17.537244189324394,36.052221097023576,29.96603148096775,24.427898298060807,33.26186793956954,29.05132167684657,34.68649342307114
78.87099305916149,95.70168361788949,75.05148943546173,86.14425598191059,47.46647844035195,57.39390736880987,64.72401938296592,64.61643990542339
520.093717109683,629.320118857472,396.2439383723564,501.0823115765685,423.372030093262,284.3811974110844,437.1240727348711,507.68068946195615
0.0437324854613172,0.9537180508317168,0.3088155678689532,0.1842244672307995,0.2547001257518648,2.406416315153676,2.44878948708536,-0.8418500687459309
368.6379479575872,-114.913464996687,-617.5567540364898,309.88540390887147,84.34593591132716,-840.2386578418468,1068.0578188661923,1079.822307721029
0.001824033031313,0.0018486429380317,855.40422019792,-2591.1262482467096,-2286.5157260088395,-9951.905982287515,5800.772271542344,784.3535215759471
360.2801205460306,-651.7364603997521,-2666.021341790261,2009.3008705705424,2457.4994719859883,2553.590174014708,-2230.0007594810904,336.7286918514852
-119.5588383733014,144.75266304205152,-54.63170869752015,-2239.783977205419,66.66615251871553,-110.72421591942977,-52.949305672236,630.6286997322679
22.32517953764664,15.917383145822146,37.27041315982896,26.44044180234644,24.42411285612304,19.953268588734588,29.460487004648964,19.505697551479297
41.09341480486716,52.76961716569394,50.9176539359828,43.76041339817213,58.48778254999163,74.6779188210905,85.76339606679727,54.241905873158856
633.6463900274352,392.9291172748752,638.5002852344132,587.7889513926573,597.4735015377721,349.9559146645378,212.7326142653709,640.7815856229099
1.59022380089823,0.3592860116282058,0.2139842568537286,-0.988582230927791,1.936429463658763,3.2969483049105,2.545916471630861,0.560053604211806
-54.15789111227755,1224.3963905371054,733.9751466189988,-682.3927582545888,1067.049818343727,-90.99859063340192,-262.4672918079114,843.7871120053906
0.0001903760135385,0.000486750903823,163.52179399866998,4981.194347465385,19315.001516119068,13322.392010635043,320.04393868695183,193.1717228477873
170.47192934960353,2165.602271337112,-2684.458343738442,-2141.635913854648,8420.985455776496,-445.3683333787209,-6706.239463176178,41.75438624448755
281.42697436438635,-447.0313574103153,-756.474519363379,5408.6991255831945,-1265.970824551524,9855.556782493302,-126.91405424777464,990.2348971013658
14.975644955680526,25.19289407932513,31.70446354411281,23.936553952291625,27.997922852522983,29.76072380648277,16.4120676989533,25.80354823921728
26.33101944518112,43.03829607111647,51.60697748701386,32.13740782973098,66.11640405902571,38.88098206152665,60.75670995858167,55.41899914036979
464.9485528796556,466.4176464207673,430.41391695535856,886.22619127772,483.134605261847,483.6394834182374,721.4747887329704,344.64850770437954
2.4446626965367297,1.4909222726458735,3.841154048511834,-1.2875201277477903,-0.1966602646921844,3.075277182916655,0.6953237682719103,2.603261903970595
43.84587474422101,-52.45475046865072,1210.693296323523,79.4154049432434,-689.0373305277108,-325.65639877780666,442.16371203465314,-232.4768066079307
0.0003509020446929,0.0015695991572863,16235.703224410934,19168.625199144983,-1359.0978715210183,15870.81400032683,722.564233287106,-181.2765688481041
-165.1501184739444,-6045.454542835315,9710.79176548755,1146.9368278894426,1873.8654181420704,937.7367529208138,-951.8132042920696,4224.89238973037
-174.98335693738747,39.7432805572178,-1188.0622851983426,7362.8328432287635,-1258.9979651712144,-1279.0775042218236,-322.7596804422326,-558.8819773193962
17.05785614817735,17.537244189324394,36.052221097023576,29.96603148096775,24.427898298060807,33.26186793956954,29.05132167684657,34.68649342307114
78.87099305916149,95.70168361788949,75.05148943546173,86.14425598191059,47.46647844035195,57.39390736880987,64.72401938296592,64.61643990542339
520.093717109683,629.320118857472,396.2439383723564,501.0823115765685,423.372030093262,284.3811974110844,437.1240727348711,507.68068946195615
0.0437324854613172,0.9537180508317168,0.3088155678689532,0.1842244672307995,0.2547001257518648,2.406416315153676,2.44878948708536,-0.8418500687459309
368.6379479575872,-114.913464996687,-617.5567540364898,309.88540390887147,84.34593591132716,-840.2386578418468,1068.0578188661923,1079.822307721029
0.001824033031313,0.0018486429380317,855.40422019792,-2591.1262482467096,-2286.5157260088395,-9951.905982287515,5800.772271542344,784.3535215759471
360.2801205460306,-651.7364603997521,-2666.021341790261,2009.3008705705424,2457.4994719859883,2553.590174014708,-2230.0007594810904,336.7286918514852
-119.5588383733014,144.75266304205152,-54.63170869752015,-2239.783977205419,66.66615251871553,-110.72421591942977,-52.949305672236,630.6286997322679
22.32517953764664,15.917383145822146,37.27041315982896,26.44044180234644,24.42411285612304,19.953268588734588,29.460487004648964,19.505697551479297
41.09341480486716,52.76961716569394,50.9176539359828,43.76041339817213,58.48778254999163,74.6779188210905,85.76339606679727,54.241905873158856
633.6463900274352,392.9291172748752,638.5002852344132,587.7889513926573,597.4735015377721,349.9559146645378,212.7326142653709,640.7815856229099
1.59022380089823,0.3592860116282058,0.2139842568537286,-0.988582230927791,1.936429463658763,3.2969483049105,2.545916471630861,0.560053604211806
-54.15789111227755,1224.3963905371054,733.9751466189988,-682.3927582545888,1067.049818343727,-90.99859063340192,-262.4672918079114,843.7871120053906
0.0001903760135385,0.000486750903823,163.52179399866998,4981.194347465385,19315.001516119068,13322.392010635043,320.04393868695183,193.1717228477873
170.47192934960353,2165.602271337112,-2684.458343738442,-2141.635913854648,8420.985455776496,-445.3683333787209,-6706.239463176178,41.75438624448755
281.42697436438635,-447.0313574103153,-756.474519363379,5408.6991255831945,-1265.970824551524,9855.556782493302,-126.91405424777464,990.2348971013658
14.975644955680526,25.19289407932513,31.70446354411281,23.936553952291625,27.997922852522983,29.76072380648277,16.4120676989533,25.80354823921728
26.33101944518112,43.03829607111647,51.60697748701386,32.13740782973098,66.11640405902571,38.88098206152665,60.75670995858167,55.41899914036979
464.9485528796556,466.4176464207673,430.41391695535856,886.22619127772,483.134605261847,483.6394834182374,721.4747887329704,344.64850770437954
2.4446626965367297,1.4909222726458735,3.841154048511834,-1.2875201277477903,-0.1966602646921844,3.075277182916655,0.6953237682719103,2.603261903970595
43.84587474422101,-52.45475046865072,1210.693296323523,79.4154049432434,-689.0373305277108,-325.65639877780666,442.16371203465314,-232.4768066079307
0.0003509020446929,0.0015695991572863,16235.703224410934,19168.625199144983,-1359.0978715210183,15870.81400032683,722.564233287106,-181.2765688481041
-165.1501184739444,-6045.454542835315,9710.79176548755,1146.9368278894426,1873.8654181420704,937.7367529208138,-951.8132042920696,4224.89238973037
-174.98335693738747,39.7432805572178,-1188.0622851983426,7362.8328432287635,-1258.9979651712144,-1279.0775042218236,-322.7596804422326,-558.8819773193962
17.05785614817735,17.537244189324394,36.052221097023576,29.96603148096775,24.427898298060807,33.26186793956954,29.05132167684657,34.68649342307114
78.87099305916149,95.70168361788949,75.05148943546173,86.14425598191059,47.46647844035195,57.39390736880987,64.72401938296592,64.61643990542339
520.093717109683,629.320118857472,396.2439383723564,501.0823115765685,423.372030093262,284.3811974110844,437.1240727348711,507.68068946195615
0.0437324854613172,0.9537180508317168,0.3088155678689532,0.1842244672307995,0.2547001257518648,2.406416315153676,2.44878948708536,-0.8418500687459309
368.6379479575872,-114.913464996687,-617.5567540364898,309.88540390887147,84.34593591132716,-840.2386578418468,1068.0578188661923,1079.822307721029
0.001824033031313,0.0018486429380317,855.40422019792,-2591.1262482467096,-2286.5157260088395,-9951.905982287515,5800.772271542344,784.3535215759471
360.2801205460306,-651.7364603997521,-2666.021341790261,2009.3008705705424,2457.4994719859883,2553.590174014708,-2230.0007594810904,336.7286918514852
-119.5588383733014,144.75266304205152,-54.63170869752015,-2239.783977205419,66.66615251871553,-110.72421591942977,-52.949305672236,630.6286997322679
22.32517953764664,15.917383145822146,37.27041315982896,26.44044180234644,24.42411285612304,19.953268588734588,29.460487004648964,19.505697551479297
41.09341480486716,52.76961716569394,50.9176539359828,43.76041339817213,58.48778254999163,74.6779188210905,85.76339606679727,54.241905873158856
633.6463900274352,392.9291172748752,638.5002852344132,587.7889513926573,597.4735015377721,349.9559146645378,212.7326142653709,640.7815856229099
1.59022380089823,0.3592860116282058,0.2139842568537286,-0.988582230927791,1.936429463658763,3.2969483049105,2.545916471630861,0.560053604211806
-54.15789111227755,1224.3963905371054,733.9751466189988,-682.3927582545888,1067.049818343727,-90.99859063340192,-262.4672918079114,843.7871120053906
0.0001903760135385,0.000486750903823,163.52179399866998,4981.194347465385,19315.001516119068,13322.392010635043,320.04393868695183,193.1717228477873
170.47192934960353,2165.602271337112,-2684.458343738442,-2141.635913854648,8420.985455776496,-445.3683333787209,-6706.239463176178,41.75438624448755
281.42697436438635,-447.0313574103153,-756.474519363379,5408.6991255831945,-1265.970824551524,9855.556782493302,-126.91405424777464,990.2348971013658
14.975644955680526,25.19289407932513,31.70446354411281,23.936553952291625,27.997922852522983,29.76072380648277,16.4120676989533,25.80354823921728
26.33101944518112,43.03829607111647,51.60697748701386,32.13740782973098,66.11640405902571,38.88098206152665,60.75670995858167,55.41899914036979
464.9485528796556,466.4176464207673,430.41391695535856,886.22619127772,483.134605261847,483.6394834182374,721.4747887329704,344.64850770437954
2.4446626965367297,1.4909222726458735,3.841154048511834,-1.2875201277477903,-0.1966602646921844,3.075277182916655,0.6953237682719103,2.603261903970595
43.84587474422101,-52.45475046865072,1210.693296323523,79.4154049432434,-689.0373305277108,-325.65639877780666,442.16371203465314,-232.4768066079307
0.0003509020446929,0.0015695991572863,16235.703224410934,19168.625199144983,-1359.0978715210183,15870.81400032683,722.564233287106,-181.2765688481041
-165.1501184739444,-6045.454542835315,9710.79176548755,1146.9368278894426,1873.8654181420704,937.7367529208138,-951.8132042920696,4224.89238973037
-174.98335693738747,39.7432805572178,-1188.0622851983426,7362.8328432287635,-1258.9979651712144,-1279.0775042218236,-322.7596804422326,-558.8819773193962
