내부온도관측치,내부습도관측치,co2관측치,ec관측치,시간당분무량,시간당백색광량,시간당적색광량,시간당청색광량
23.08045895857332,25.33310686905841,34.70071224737218,31.78123035171019,28.564083778814563,19.412249949297006,34.838717525559794,31.68162641563931
36.109705440239686,55.609987514799535,65.64161095669826,30.64349323656173,32.759352498195376,62.39917033541171,61.45061949942383,40.05864085934709
682.0121153490804,526.7037091674979,487.163963432077,530.1750784708389,534.9513964107986,607.9593221106768,260.9576107209447,379.3911792393562
0.8875796958716278,1.1595727420488635,-0.3233777817960461,1.6597471041301164,1.8118472853420613,1.589158748365923,0.72977090834989,0.3507854018009544
-29.0820110505806,-358.3103488197757,92.25259498862636,-249.71637699095533,2092.717917095738,682.3068647620223,1524.988883528563,279.6283768364956
-0.0002331937482791,0.0022167882696031,135.02235040786354,15193.333997508822,16172.823587923009,16758.309136620803,8589.184337446342,-395.6111439063301
490.49939587651215,540.9724616333767,-440.8391061668488,3387.6444697927286,1785.0820308508871,3016.9805740447723,-312.25391824289613,2068.835550901559
-305.55935877736374,-298.4044348720343,212.42469262290177,-5517.0029991308,-84.20353917887327,1618.879004460046,2401.0355936605483,658.4450387944092
18.01277468285029,11.220080906026006,30.69540546874592,36.74105666952715,25.78980762595885,21.11841268249516,30.66106943014828,25.724666806182785
86.31316676852703,61.23335203837359,41.99065020414432,50.28045632114792,41.40379389945403,63.769654982098935,57.78755388540352,58.941459415097576
626.8056781688057,519.5517613239923,453.9037855216072,715.6865520365616,592.8071700058266,384.8971786181028,507.8422695507697,697.8915334429691
-0.2858303194657654,0.275950911157836,1.0081131543951125,-0.6131106873372103,-0.0467524800059981,0.6207930094254716,1.6715409521763376,0.1432430748694049
138.47106441057448,913.1716523756518,40.40967748690249,49.99786652831051,-420.1876820168717,246.5403942534695,1778.1668184088096,52.58095708445772
0.0019506021480856,0.0017926881602368,18005.407295377205,17536.904116274265,18392.186690390125,21255.75067510063,-311.01839557945493,784.6839173698713
508.3707673974316,2190.311378948729,4420.846304849219,397.330385638963,-1272.5239185159708,-483.9027033370602,-8452.928866258117,-293.0886213384182
-121.5118770506758,587.1299441418954,1114.3919346155144,4962.347351929464,-44.599244084674496,-951.3821495778428,1299.0931904525912,-646.209744061166
18.833565261297007,15.960962232487244,41.25620257895586,24.35700322595177,25.11826725150736,43.80137612854895,25.034189513651626,20.84443874623416
54.03597653586411,104.49844223581113,58.98687316759221,59.87599485279732,87.05210916351697,71.45728914143093,55.786938475362135,52.6242717397992
474.2504138551165,360.0848369741848,388.035844097196,732.7501938438602,548.3043660639801,493.4677037336848,590.8259942645053,387.3497183105041
3.0497301672717936,2.917256370204764,1.0217577417512396,-1.052305493276985,-1.422036696707914,3.298159588136727,3.87358307235021,3.5636799279607745
-177.30863211691326,344.6936558325689,1535.733811560132,477.7197060570795,687.8584615842248,-200.7501148351604,1926.0353866449225,-355.3358700729278
-0.0005256658598435,0.002275502418415,15289.924790069104,10204.080304691774,16898.862219069328,14882.710154171396,2110.2029414248045,-150.0169601484263
909.3824327497246,1565.5213150251443,-236.1032793029885,-153.4923139477279,2742.521865978508,2820.7528023187188,-619.9290358526598,1469.6423145836252
114.19294633001547,-171.45131177677973,822.9952156189629,4766.35785156955,295.3169449517254,183.96417594990845,-524.0506586709996,-1111.6105321422428
23.08045895857332,25.33310686905841,34.70071224737218,31.78123035171019,28.564083778814563,19.412249949297006,34.838717525559794,31.68162641563931
36.109705440239686,55.609987514799535,65.64161095669826,30.64349323656173,32.759352498195376,62.39917033541171,61.45061949942383,40.05864085934709
682.0121153490804,526.7037091674979,487.163963432077,530.1750784708389,534.9513964107986,607.9593221106768,260.9576107209447,379.3911792393562
0.8875796958716278,1.1595727420488635,-0.3233777817960461,1.6597471041301164,1.8118472853420613,1.589158748365923,0.72977090834989,0.3507854018009544
-29.0820110505806,-358.3103488197757,92.25259498862636,-249.71637699095533,2092.717917095738,682.3068647620223,1524.988883528563,279.6283768364956
-0.0002331937482791,0.0022167882696031,135.02235040786354,15193.333997508822,16172.823587923009,16758.309136620803,8589.184337446342,-395.6111439063301
490.49939587651215,540.9724616333767,-440.8391061668488,3387.6444697927286,1785.0820308508871,3016.9805740447723,-312.25391824289613,2068.835550901559
-305.55935877736374,-298.4044348720343,212.42469262290177,-5517.0029991308,-84.20353917887327,1618.879004460046,2401.0355936605483,658.4450387944092
18.01277468285029,11.220080906026006,30.69540546874592,36.74105666952715,25.78980762595885,21.11841268249516,30.66106943014828,25.724666806182785
86.31316676852703,61.23335203837359,41.99065020414432,50.28045632114792,41.40379389945403,63.769654982098935,57.78755388540352,58.941459415097576
626.8056781688057,519.5517613239923,453.9037855216072,715.6865520365616,592.8071700058266,384.8971786181028,507.8422695507697,697.8915334429691
-0.2858303194657654,0.275950911157836,1.0081131543951125,-0.6131106873372103,-0.0467524800059981,0.6207930094254716,1.6715409521763376,0.1432430748694049
138.47106441057448,913.1716523756518,40.40967748690249,49.99786652831051,-420.1876820168717,246.5403942534695,1778.1668184088096,52.58095708445772
0.0019506021480856,0.0017926881602368,18005.407295377205,17536.904116274265,18392.186690390125,21255.75067510063,-311.01839557945493,784.6839173698713
508.3707673974316,2190.311378948729,4420.846304849219,397.330385638963,-1272.5239185159708,-483.9027033370602,-8452.928866258117,-293.0886213384182
-121.5118770506758,587.1299441418954,1114.3919346155144,4962.347351929464,-44.599244084674496,-951.3821495778428,1299.0931904525912,-646.209744061166
18.833565261297007,15.960962232487244,41.25620257895586,24.35700322595177,25.11826725150736,43.80137612854895,25.034189513651626,20.84443874623416
54.03597653586411,104.49844223581113,58.98687316759221,59.87599485279732,87.05210916351697,71.45728914143093,55.786938475362135,52.6242717397992
474.2504138551165,360.0848369741848,388.035844097196,732.7501938438602,548.3043660639801,493.4677037336848,590.8259942645053,387.3497183105041
3.0497301672717936,2.917256370204764,1.0217577417512396,-1.052305493276985,-1.422036696707914,3.298159588136727,3.87358307235021,3.5636799279607745
-177.30863211691326,344.6936558325689,1535.733811560132,477.7197060570795,687.8584615842248,-200.7501148351604,1926.0353866449225,-355.3358700729278
-0.0005256658598435,0.002275502418415,15289.924790069104,10204.080304691774,16898.862219069328,14882.710154171396,2110.2029414248045,-150.0169601484263
909.3824327497246,1565.5213150251443,-236.1032793029885,-153.4923139477279,2742.521865978508,2820.7528023187188,-619.9290358526598,1469.6423145836252
114.19294633001547,-171.45131177677973,822.9952156189629,4766.35785156955,295.3169449517254,183.96417594990845,-524.0506586709996,-1111.6105321422428
23.08045895857332,25.33310686905841,34.70071224737218,31.78123035171019,28.564083778814563,19.412249949297006,34.838717525559794,31.68162641563931
36.109705440239686,55.609987514799535,65.64161095669826,30.64349323656173,32.759352498195376,62.39917033541171,61.45061949942383,40.05864085934709
682.0121153490804,526.7037091674979,487.163963432077,530.1750784708389,534.9513964107986,607.9593221106768,260.9576107209447,379.3911792393562
0.8875796958716278,1.1595727420488635,-0.3233777817960461,1.6597471041301164,1.8118472853420613,1.589158748365923,0.72977090834989,0.3507854018009544
-29.0820110505806,-358.3103488197757,92.25259498862636,-249.71637699095533,2092.717917095738,682.3068647620223,1524.988883528563,279.6283768364956
-0.0002331937482791,0.0022167882696031,135.02235040786354,15193.333997508822,16172.823587923009,16758.309136620803,8589.184337446342,-395.6111439063301
490.49939587651215,540.9724616333767,-440.8391061668488,3387.6444697927286,1785.0820308508871,3016.9805740447723,-312.25391824289613,2068.835550901559
-305.55935877736374,-298.4044348720343,212.42469262290177,-5517.0029991308,-84.20353917887327,1618.879004460046,2401.0355936605483,658.4450387944092
18.01277468285029,11.220080906026006,30.69540546874592,36.74105666952715,25.78980762595885,21.11841268249516,30.66106943014828,25.724666806182785
86.31316676852703,61.23335203837359,41.99065020414432,50.28045632114792,41.40379389945403,63.769654982098935,57.78755388540352,58.941459415097576
626.8056781688057,519.5517613239923,453.9037855216072,715.6865520365616,592.8071700058266,384.8971786181028,507.8422695507697,697.8915334429691
-0.2858303194657654,0.275950911157836,1.0081131543951125,-0.6131106873372103,-0.0467524800059981,0.6207930094254716,1.6715409521763376,0.1432430748694049
138.47106441057448,913.1716523756518,40.40967748690249,49.99786652831051,-420.1876820168717,246.5403942534695,1778.1668184088096,52.58095708445772
0.0019506021480856,0.0017926881602368,18005.407295377205,17536.904116274265,18392.186690390125,21255.75067510063,-311.01839557945493,784.6839173698713
508.3707673974316,2190.311378948729,4420.846304849219,397.330385638963,-1272.5239185159708,-483.9027033370602,-8452.928866258117,-293.0886213384182
-121.5118770506758,587.1299441418954,1114.3919346155144,4962.347351929464,-44.599244084674496,-951.3821495778428,1299.0931904525912,-646.209744061166
18.833565261297007,15.960962232487244,41.25620257895586,24.35700322595177,25.11826725150736,43.80137612854895,25.034189513651626,20.84443874623416
54.03597653586411,104.49844223581113,58.98687316759221,59.87599485279732,87.05210916351697,71.45728914143093,55.786938475362135,52.6242717397992
474.2504138551165,360.0848369741848,388.035844097196,732.7501938438602,548.3043660639801,493.4677037336848,590.8259942645053,387.3497183105041
3.0497301672717936,2.917256370204764,1.0217577417512396,-1.052305493276985,-1.422036696707914,3.298159588136727,3.87358307235021,3.5636799279607745
-177.30863211691326,344.6936558325689,1535.733811560132,477.7197060570795,687.8584615842248,-200.7501148351604,1926.0353866449225,-355.3358700729278
-0.0005256658598435,0.002275502418415,15289.924790069104,10204.080304691774,16898.862219069328,14882.710154171396,2110.2029414248045,-150.0169601484263
909.3824327497246,1565.5213150251443,-236.1032793029885,-153.4923139477279,2742.521865978508,2820.7528023187188,-619.9290358526598,1469.6423145836252
114.19294633001547,-171.45131177677973,822.9952156189629,4766.35785156955,295.3169449517254,183.96417594990845,-524.0506586709996,-1111.6105321422428
23.08045895857332,25.33310686905841,34.70071224737218,31.78123035171019,28.564083778814563,19.412249949297006,34.838717525559794,31.68162641563931
36.109705440239686,55.609987514799535,65.64161095669826,30.64349323656173,32.759352498195376,62.39917033541171,61.45061949942383,40.05864085934709
682.0121153490804,526.7037091674979,487.163963432077,530.1750784708389,534.9513964107986,607.9593221106768,260.9576107209447,379.3911792393562
0.8875796958716278,1.1595727420488635,-0.3233777817960461,1.6597471041301164,1.8118472853420613,1.589158748365923,0.72977090834989,0.3507854018009544
-29.0820110505806,-358.3103488197757,92.25259498862636,-249.71637699095533,2092.717917095738,682.3068647620223,1524.988883528563,279.6283768364956
-0.0002331937482791,0.0022167882696031,135.02235040786354,15193.333997508822,16172.823587923009,16758.309136620803,8589.184337446342,-395.6111439063301
490.49939587651215,540.9724616333767,-440.8391061668488,3387.6444697927286,1785.0820308508871,3016.9805740447723,-312.25391824289613,2068.835550901559
-305.55935877736374,-298.4044348720343,212.42469262290177,-5517.0029991308,-84.20353917887327,1618.879004460046,2401.0355936605483,658.4450387944092
18.01277468285029,11.220080906026006,30.69540546874592,36.74105666952715,25.78980762595885,21.11841268249516,30.66106943014828,25.724666806182785
86.31316676852703,61.23335203837359,41.99065020414432,50.28045632114792,41.40379389945403,63.769654982098935,57.78755388540352,58.941459415097576
626.8056781688057,519.5517613239923,453.9037855216072,715.6865520365616,592.8071700058266,384.8971786181028,507.8422695507697,697.8915334429691
-0.2858303194657654,0.275950911157836,1.0081131543951125,-0.6131106873372103,-0.0467524800059981,0.6207930094254716,1.6715409521763376,0.1432430748694049
138.47106441057448,913.1716523756518,40.40967748690249,49.99786652831051,-420.1876820168717,246.5403942534695,1778.1668184088096,52.58095708445772
0.0019506021480856,0.0017926881602368,18005.407295377205,17536.904116274265,18392.186690390125,21255.75067510063,-311.01839557945493,784.6839173698713
508.3707673974316,2190.311378948729,4420.846304849219,397.330385638963,-1272.5239185159708,-483.9027033370602,-8452.928866258117,-293.0886213384182
-121.5118770506758,587.1299441418954,1114.3919346155144,4962.347351929464,-44.599244084674496,-951.3821495778428,1299.0931904525912,-646.209744061166
18.833565261297007,15.960962232487244,41.25620257895586,24.35700322595177,25.11826725150736,43.80137612854895,25.034189513651626,20.84443874623416
54.03597653586411,104.49844223581113,58.98687316759221,59.87599485279732,87.05210916351697,71.45728914143093,55.786938475362135,52.6242717397992
474.2504138551165,360.0848369741848,388.035844097196,732.7501938438602,548.3043660639801,493.4677037336848,590.8259942645053,387.3497183105041
3.0497301672717936,2.917256370204764,1.0217577417512396,-1.052305493276985,-1.422036696707914,3.298159588136727,3.87358307235021,3.5636799279607745
-177.30863211691326,344.6936558325689,1535.733811560132,477.7197060570795,687.8584615842248,-200.7501148351604,1926.0353866449225,-355.3358700729278
-0.0005256658598435,0.002275502418415,15289.924790069104,10204.080304691774,16898.862219069328,14882.710154171396,2110.2029414248045,-150.0169601484263
909.3824327497246,1565.5213150251443,-236.1032793029885,-153.4923139477279,2742.521865978508,2820.7528023187188,-619.9290358526598,1469.6423145836252
114.19294633001547,-171.45131177677973,822.9952156189629,4766.35785156955,295.3169449517254,183.96417594990845,-524.0506586709996,-1111.6105321422428
23.08045895857332,25.33310686905841,34.70071224737218,31.78123035171019,28.564083778814563,19.412249949297006,34.838717525559794,31.68162641563931
36.109705440239686,55.609987514799535,65.64161095669826,30.64349323656173,32.759352498195376,62.39917033541171,61.45061949942383,40.05864085934709
682.0121153490804,526.7037091674979,487.163963432077,530.1750784708389,534.9513964107986,607.9593221106768,260.9576107209447,379.3911792393562
0.8875796958716278,1.1595727420488635,-0.3233777817960461,1.6597471041301164,1.8118472853420613,1.589158748365923,0.72977090834989,0.3507854018009544
-29.0820110505806,-358.3103488197757,92.25259498862636,-249.71637699095533,2092.717917095738,682.3068647620223,1524.988883528563,279.6283768364956
-0.0002331937482791,0.0022167882696031,135.02235040786354,15193.333997508822,16172.823587923009,16758.309136620803,8589.184337446342,-395.6111439063301
490.49939587651215,540.9724616333767,-440.8391061668488,3387.6444697927286,1785.0820308508871,3016.9805740447723,-312.25391824289613,2068.835550901559
-305.55935877736374,-298.4044348720343,212.42469262290177,-5517.0029991308,-84.20353917887327,1618.879004460046,2401.0355936605483,658.4450387944092
18.01277468285029,11.220080906026006,30.69540546874592,36.74105666952715,25.78980762595885,21.11841268249516,30.66106943014828,25.724666806182785
86.31316676852703,61.23335203837359,41.99065020414432,50.28045632114792,41.40379389945403,63.769654982098935,57.78755388540352,58.941459415097576
626.8056781688057,519.5517613239923,453.9037855216072,715.6865520365616,592.8071700058266,384.8971786181028,507.8422695507697,697.8915334429691
-0.2858303194657654,0.275950911157836,1.0081131543951125,-0.6131106873372103,-0.0467524800059981,0.6207930094254716,1.6715409521763376,0.1432430748694049
138.47106441057448,913.1716523756518,40.40967748690249,49.99786652831051,-420.1876820168717,246.5403942534695,1778.1668184088096,52.58095708445772
0.0019506021480856,0.0017926881602368,18005.407295377205,17536.904116274265,18392.186690390125,21255.75067510063,-311.01839557945493,784.6839173698713
508.3707673974316,2190.311378948729,4420.846304849219,397.330385638963,-1272.5239185159708,-483.9027033370602,-8452.928866258117,-293.0886213384182
-121.5118770506758,587.1299441418954,1114.3919346155144,4962.347351929464,-44.599244084674496,-951.3821495778428,1299.0931904525912,-646.209744061166
18.833565261297007,15.960962232487244,41.25620257895586,24.35700322595177,25.11826725150736,43.80137612854895,25.034189513651626,20.84443874623416
54.03597653586411,104.49844223581113,58.98687316759221,59.87599485279732,87.05210916351697,71.45728914143093,55.786938475362135,52.6242717397992
474.2504138551165,360.0848369741848,388.035844097196,732.7501938438602,548.3043660639801,493.4677037336848,590.8259942645053,387.3497183105041
3.0497301672717936,2.917256370204764,1.0217577417512396,-1.052305493276985,-1.422036696707914,3.298159588136727,3.87358307235021,3.5636799279607745
-177.30863211691326,344.6936558325689,1535.733811560132,477.7197060570795,687.8584615842248,-200.7501148351604,1926.0353866449225,-355.3358700729278
-0.0005256658598435,0.002275502418415,15289.924790069104,10204.080304691774,16898.862219069328,14882.710154171396,2110.2029414248045,-150.0169601484263
909.3824327497246,1565.5213150251443,-236.1032793029885,-153.4923139477279,2742.521865978508,2820.7528023187188,-619.9290358526598,1469.6423145836252
114.19294633001547,-171.45131177677973,822.9952156189629,4766.35785156955,295.3169449517254,183.96417594990845,-524.0506586709996,-1111.6105321422428
23.08045895857332,25.33310686905841,34.70071224737218,31.78123035171019,28.564083778814563,19.412249949297006,34.838717525559794,31.68162641563931
36.109705440239686,55.609987514799535,65.64161095669826,30.64349323656173,32.759352498195376,62.39917033541171,61.45061949942383,40.05864085934709
682.0121153490804,526.7037091674979,487.163963432077,530.1750784708389,534.9513964107986,607.9593221106768,260.9576107209447,379.3911792393562
0.8875796958716278,1.1595727420488635,-0.3233777817960461,1.6597471041301164,1.8118472853420613,1.589158748365923,0.72977090834989,0.3507854018009544
-29.0820110505806,-358.3103488197757,92.25259498862636,-249.71637699095533,2092.717917095738,682.3068647620223,1524.988883528563,279.6283768364956
-0.0002331937482791,0.0022167882696031,135.02235040786354,15193.333997508822,16172.823587923009,16758.309136620803,8589.184337446342,-395.6111439063301
490.49939587651215,540.9724616333767,-440.8391061668488,3387.6444697927286,1785.0820308508871,3016.9805740447723,-312.25391824289613,2068.835550901559
-305.55935877736374,-298.4044348720343,212.42469262290177,-5517.0029991308,-84.20353917887327,1618.879004460046,2401.0355936605483,658.4450387944092
18.01277468285029,11.220080906026006,30.69540546874592,36.74105666952715,25.78980762595885,21.11841268249516,30.66106943014828,25.724666806182785
86.31316676852703,61.23335203837359,41.99065020414432,50.28045632114792,41.40379389945403,63.769654982098935,57.78755388540352,58.941459415097576
626.8056781688057,519.5517613239923,453.9037855216072,715.6865520365616,592.8071700058266,384.8971786181028,507.8422695507697,697.8915334429691
-0.2858303194657654,0.275950911157836,1.0081131543951125,-0.6131106873372103,-0.0467524800059981,0.6207930094254716,1.6715409521763376,0.1432430748694049
138.47106441057448,913.1716523756518,40.40967748690249,49.99786652831051,-420.1876820168717,246.5403942534695,1778.1668184088096,52.58095708445772
0.0019506021480856,0.0017926881602368,18005.407295377205,17536.904116274265,18392.186690390125,21255.75067510063,-311.01839557945493,784.6839173698713
508.3707673974316,2190.311378948729,4420.846304849219,397.330385638963,-1272.5239185159708,-483.9027033370602,-8452.928866258117,-293.0886213384182
-121.5118770506758,587.1299441418954,1114.3919346155144,4962.347351929464,-44.599244084674496,-951.3821495778428,1299.0931904525912,-646.209744061166
18.833565261297007,15.960962232487244,41.25620257895586,24.35700322595177,25.11826725150736,43.80137612854895,25.034189513651626,20.84443874623416
54.03597653586411,104.49844223581113,58.98687316759221,59.87599485279732,87.05210916351697,71.45728914143093,55.786938475362135,52.6242717397992
474.2504138551165,360.0848369741848,388.035844097196,732.7501938438602,548.3043660639801,493.4677037336848,590.8259942645053,387.3497183105041
3.0497301672717936,2.917256370204764,1.0217577417512396,-1.052305493276985,-1.422036696707914,3.298159588136727,3.87358307235021,3.5636799279607745
-177.30863211691326,344.6936558325689,1535.733811560132,477.7197060570795,687.8584615842248,-200.7501148351604,1926.0353866449225,-355.3358700729278
-0.0005256658598435,0.002275502418415,15289.924790069104,10204.080304691774,16898.862219069328,14882.710154171396,2110.2029414248045,-150.0169601484263
909.3824327497246,1565.5213150251443,-236.1032793029885,-153.4923139477279,2742.521865978508,2820.7528023187188,-619.9290358526598,1469.6423145836252
114.19294633001547,-171.45131177677973,822.9952156189629,4766.35785156955,295.3169449517254,183.96417594990845,-524.0506586709996,-1111.6105321422428
23.08045895857332,25.33310686905841,34.70071224737218,31.78123035171019,28.564083778814563,19.412249949297006,34.838717525559794,31.68162641563931
36.109705440239686,55.609987514799535,65.64161095669826,30.64349323656173,32.759352498195376,62.39917033541171,61.45061949942383,40.05864085934709
682.0121153490804,526.7037091674979,487.163963432077,530.1750784708389,534.9513964107986,607.9593221106768,260.9576107209447,379.3911792393562
0.8875796958716278,1.1595727420488635,-0.3233777817960461,1.6597471041301164,1.8118472853420613,1.589158748365923,0.72977090834989,0.3507854018009544
-29.0820110505806,-358.3103488197757,92.25259498862636,-249.71637699095533,2092.717917095738,682.3068647620223,1524.988883528563,279.6283768364956
-0.0002331937482791,0.0022167882696031,135.02235040786354,15193.333997508822,16172.823587923009,16758.309136620803,8589.184337446342,-395.6111439063301
490.49939587651215,540.9724616333767,-440.8391061668488,3387.6444697927286,1785.0820308508871,3016.9805740447723,-312.25391824289613,2068.835550901559
-305.55935877736374,-298.4044348720343,212.42469262290177,-5517.0029991308,-84.20353917887327,1618.879004460046,2401.0355936605483,658.4450387944092
18.01277468285029,11.220080906026006,30.69540546874592,36.74105666952715,25.78980762595885,21.11841268249516,30.66106943014828,25.724666806182785
86.31316676852703,61.23335203837359,41.99065020414432,50.28045632114792,41.40379389945403,63.769654982098935,57.78755388540352,58.941459415097576
626.8056781688057,519.5517613239923,453.9037855216072,715.6865520365616,592.8071700058266,384.8971786181028,507.8422695507697,697.8915334429691
-0.2858303194657654,0.275950911157836,1.0081131543951125,-0.6131106873372103,-0.0467524800059981,0.6207930094254716,1.6715409521763376,0.1432430748694049
138.47106441057448,913.1716523756518,40.40967748690249,49.99786652831051,-420.1876820168717,246.5403942534695,1778.1668184088096,52.58095708445772
0.0019506021480856,0.0017926881602368,18005.407295377205,17536.904116274265,18392.186690390125,21255.75067510063,-311.01839557945493,784.6839173698713
508.3707673974316,2190.311378948729,4420.846304849219,397.330385638963,-1272.5239185159708,-483.9027033370602,-8452.928866258117,-293.0886213384182
-121.5118770506758,587.1299441418954,1114.3919346155144,4962.347351929464,-44.599244084674496,-951.3821495778428,1299.0931904525912,-646.209744061166
18.833565261297007,15.960962232487244,41.25620257895586,24.35700322595177,25.11826725150736,43.80137612854895,25.034189513651626,20.84443874623416
54.03597653586411,104.49844223581113,58.98687316759221,59.87599485279732,87.05210916351697,71.45728914143093,55.786938475362135,52.6242717397992
474.2504138551165,360.0848369741848,388.035844097196,732.7501938438602,548.3043660639801,493.4677037336848,590.8259942645053,387.3497183105041
3.0497301672717936,2.917256370204764,1.0217577417512396,-1.052305493276985,-1.422036696707914,3.298159588136727,3.87358307235021,3.5636799279607745
-177.30863211691326,344.6936558325689,1535.733811560132,477.7197060570795,687.8584615842248,-200.7501148351604,1926.0353866449225,-355.3358700729278
-0.0005256658598435,0.002275502418415,15289.924790069104,10204.080304691774,16898.862219069328,14882.710154171396,2110.2029414248045,-150.0169601484263
909.3824327497246,1565.5213150251443,-236.1032793029885,-153.4923139477279,2742.521865978508,2820.7528023187188,-619.9290358526598,1469.6423145836252
114.19294633001547,-171.45131177677973,822.9952156189629,4766.35785156955,295.3169449517254,183.96417594990845,-524.0506586709996,-1111.6105321422428
23.08045895857332,25.33310686905841,34.70071224737218,31.78123035171019,28.564083778814563,19.412249949297006,34.838717525559794,31.68162641563931
36.109705440239686,55.609987514799535,65.64161095669826,30.64349323656173,32.759352498195376,62.39917033541171,61.45061949942383,40.05864085934709
682.0121153490804,526.7037091674979,487.163963432077,530.1750784708389,534.9513964107986,607.9593221106768,260.9576107209447,379.3911792393562
0.8875796958716278,1.1595727420488635,-0.3233777817960461,1.6597471041301164,1.8118472853420613,1.589158748365923,0.72977090834989,0.3507854018009544
-29.0820110505806,-358.3103488197757,92.25259498862636,-249.71637699095533,2092.717917095738,682.3068647620223,1524.988883528563,279.6283768364956
-0.0002331937482791,0.0022167882696031,135.02235040786354,15193.333997508822,16172.823587923009,16758.309136620803,8589.184337446342,-395.6111439063301
490.49939587651215,540.9724616333767,-440.8391061668488,3387.6444697927286,1785.0820308508871,3016.9805740447723,-312.25391824289613,2068.835550901559
-305.55935877736374,-298.4044348720343,212.42469262290177,-5517.0029991308,-84.20353917887327,1618.879004460046,2401.0355936605483,658.4450387944092
18.01277468285029,11.220080906026006,30.69540546874592,36.74105666952715,25.78980762595885,21.11841268249516,30.66106943014828,25.724666806182785
86.31316676852703,61.23335203837359,41.99065020414432,50.28045632114792,41.40379389945403,63.769654982098935,57.78755388540352,58.941459415097576
626.8056781688057,519.5517613239923,453.9037855216072,715.6865520365616,592.8071700058266,384.8971786181028,507.8422695507697,697.8915334429691
-0.2858303194657654,0.275950911157836,1.0081131543951125,-0.6131106873372103,-0.0467524800059981,0.6207930094254716,1.6715409521763376,0.1432430748694049
138.47106441057448,913.1716523756518,40.40967748690249,49.99786652831051,-420.1876820168717,246.5403942534695,1778.1668184088096,52.58095708445772
0.0019506021480856,0.0017926881602368,18005.407295377205,17536.904116274265,18392.186690390125,21255.75067510063,-311.01839557945493,784.6839173698713
508.3707673974316,2190.311378948729,4420.846304849219,397.330385638963,-1272.5239185159708,-483.9027033370602,-8452.928866258117,-293.0886213384182
-121.5118770506758,587.1299441418954,1114.3919346155144,4962.347351929464,-44.599244084674496,-951.3821495778428,1299.0931904525912,-646.209744061166
18.833565261297007,15.960962232487244,41.25620257895586,24.35700322595177,25.11826725150736,43.80137612854895,25.034189513651626,20.84443874623416
54.03597653586411,104.49844223581113,58.98687316759221,59.87599485279732,87.05210916351697,71.45728914143093,55.786938475362135,52.6242717397992
474.2504138551165,360.0848369741848,388.035844097196,732.7501938438602,548.3043660639801,493.4677037336848,590.8259942645053,387.3497183105041
3.0497301672717936,2.917256370204764,1.0217577417512396,-1.052305493276985,-1.422036696707914,3.298159588136727,3.87358307235021,3.5636799279607745
-177.30863211691326,344.6936558325689,1535.733811560132,477.7197060570795,687.8584615842248,-200.7501148351604,1926.0353866449225,-355.3358700729278
-0.0005256658598435,0.002275502418415,15289.924790069104,10204.080304691774,16898.862219069328,14882.710154171396,2110.2029414248045,-150.0169601484263
909.3824327497246,1565.5213150251443,-236.1032793029885,-153.4923139477279,2742.521865978508,2820.7528023187188,-619.9290358526598,1469.6423145836252
114.19294633001547,-171.45131177677973,822.9952156189629,4766.35785156955,295.3169449517254,183.96417594990845,-524.0506586709996,-1111.6105321422428
23.08045895857332,25.33310686905841,34.70071224737218,31.78123035171019,28.564083778814563,19.412249949297006,34.838717525559794,31.68162641563931
36.109705440239686,55.609987514799535,65.64161095669826,30.64349323656173,32.759352498195376,62.39917033541171,61.45061949942383,40.05864085934709
682.0121153490804,526.7037091674979,487.163963432077,530.1750784708389,534.9513964107986,607.9593221106768,260.9576107209447,379.3911792393562
0.8875796958716278,1.1595727420488635,-0.3233777817960461,1.6597471041301164,1.8118472853420613,1.589158748365923,0.72977090834989,0.3507854018009544
-29.0820110505806,-358.3103488197757,92.25259498862636,-249.71637699095533,2092.717917095738,682.3068647620223,1524.988883528563,279.6283768364956
-0.0002331937482791,0.0022167882696031,135.02235040786354,15193.333997508822,16172.823587923009,16758.309136620803,8589.184337446342,-395.6111439063301
490.49939587651215,540.9724616333767,-440.8391061668488,3387.6444697927286,1785.0820308508871,3016.9805740447723,-312.25391824289613,2068.835550901559
-305.55935877736374,-298.4044348720343,212.42469262290177,-5517.0029991308,-84.20353917887327,1618.879004460046,2401.0355936605483,658.4450387944092
18.01277468285029,11.220080906026006,30.69540546874592,36.74105666952715,25.78980762595885,21.11841268249516,30.66106943014828,25.724666806182785
86.31316676852703,61.23335203837359,41.99065020414432,50.28045632114792,41.40379389945403,63.769654982098935,57.78755388540352,58.941459415097576
626.8056781688057,519.5517613239923,453.9037855216072,715.6865520365616,592.8071700058266,384.8971786181028,507.8422695507697,697.8915334429691
-0.2858303194657654,0.275950911157836,1.0081131543951125,-0.6131106873372103,-0.0467524800059981,0.6207930094254716,1.6715409521763376,0.1432430748694049
138.47106441057448,913.1716523756518,40.40967748690249,49.99786652831051,-420.1876820168717,246.5403942534695,1778.1668184088096,52.58095708445772
0.0019506021480856,0.0017926881602368,18005.407295377205,17536.904116274265,18392.186690390125,21255.75067510063,-311.01839557945493,784.6839173698713
508.3707673974316,2190.311378948729,4420.846304849219,397.330385638963,-1272.5239185159708,-483.9027033370602,-8452.928866258117,-293.0886213384182
-121.5118770506758,587.1299441418954,1114.3919346155144,4962.347351929464,-44.599244084674496,-951.3821495778428,1299.0931904525912,-646.209744061166
18.833565261297007,15.960962232487244,41.25620257895586,24.35700322595177,25.11826725150736,43.80137612854895,25.034189513651626,20.84443874623416
54.03597653586411,104.49844223581113,58.98687316759221,59.87599485279732,87.05210916351697,71.45728914143093,55.786938475362135,52.6242717397992
474.2504138551165,360.0848369741848,388.035844097196,732.7501938438602,548.3043660639801,493.4677037336848,590.8259942645053,387.3497183105041
3.0497301672717936,2.917256370204764,1.0217577417512396,-1.052305493276985,-1.422036696707914,3.298159588136727,3.87358307235021,3.5636799279607745
-177.30863211691326,344.6936558325689,1535.733811560132,477.7197060570795,687.8584615842248,-200.7501148351604,1926.0353866449225,-355.3358700729278
-0.0005256658598435,0.002275502418415,15289.924790069104,10204.080304691774,16898.862219069328,14882.710154171396,2110.2029414248045,-150.0169601484263
909.3824327497246,1565.5213150251443,-236.1032793029885,-153.4923139477279,2742.521865978508,2820.7528023187188,-619.9290358526598,1469.6423145836252
114.19294633001547,-171.45131177677973,822.9952156189629,4766.35785156955,295.3169449517254,183.96417594990845,-524.0506586709996,-1111.6105321422428
23.08045895857332,25.33310686905841,34.70071224737218,31.78123035171019,28.564083778814563,19.412249949297006,34.838717525559794,31.68162641563931
36.109705440239686,55.609987514799535,65.64161095669826,30.64349323656173,32.759352498195376,62.39917033541171,61.45061949942383,40.05864085934709
682.0121153490804,526.7037091674979,487.163963432077,530.1750784708389,534.9513964107986,607.9593221106768,260.9576107209447,379.3911792393562
0.8875796958716278,1.1595727420488635,-0.3233777817960461,1.6597471041301164,1.8118472853420613,1.589158748365923,0.72977090834989,0.3507854018009544
-29.0820110505806,-358.3103488197757,92.25259498862636,-249.71637699095533,2092.717917095738,682.3068647620223,1524.988883528563,279.6283768364956
-0.0002331937482791,0.0022167882696031,135.02235040786354,15193.333997508822,16172.823587923009,16758.309136620803,8589.184337446342,-395.6111439063301
490.49939587651215,540.9724616333767,-440.8391061668488,3387.6444697927286,1785.0820308508871,3016.9805740447723,-312.25391824289613,2068.835550901559
-305.55935877736374,-298.4044348720343,212.42469262290177,-5517.0029991308,-84.20353917887327,1618.879004460046,2401.0355936605483,658.4450387944092
18.01277468285029,11.220080906026006,30.69540546874592,36.74105666952715,25.78980762595885,21.11841268249516,30.66106943014828,25.724666806182785
86.31316676852703,61.23335203837359,41.99065020414432,50.28045632114792,41.40379389945403,63.769654982098935,57.78755388540352,58.941459415097576
626.8056781688057,519.5517613239923,453.9037855216072,715.6865520365616,592.8071700058266,384.8971786181028,507.8422695507697,697.8915334429691
-0.2858303194657654,0.275950911157836,1.0081131543951125,-0.6131106873372103,-0.0467524800059981,0.6207930094254716,1.6715409521763376,0.1432430748694049
138.47106441057448,913.1716523756518,40.40967748690249,49.99786652831051,-420.1876820168717,246.5403942534695,1778.1668184088096,52.58095708445772
0.0019506021480856,0.0017926881602368,18005.407295377205,17536.904116274265,18392.186690390125,21255.75067510063,-311.01839557945493,784.6839173698713
508.3707673974316,2190.311378948729,4420.846304849219,397.330385638963,-1272.5239185159708,-483.9027033370602,-8452.928866258117,-293.0886213384182
-121.5118770506758,587.1299441418954,1114.3919346155144,4962.347351929464,-44.599244084674496,-951.3821495778428,1299.0931904525912,-646.209744061166
18.833565261297007,15.960962232487244,41.25620257895586,24.35700322595177,25.11826725150736,43.80137612854895,25.034189513651626,20.84443874623416
54.03597653586411,104.49844223581113,58.98687316759221,59.87599485279732,87.05210916351697,71.45728914143093,55.786938475362135,52.6242717397992
474.2504138551165,360.0848369741848,388.035844097196,732.7501938438602,548.3043660639801,493.4677037336848,590.8259942645053,387.3497183105041
3.0497301672717936,2.917256370204764,1.0217577417512396,-1.052305493276985,-1.422036696707914,3.298159588136727,3.87358307235021,3.5636799279607745
-177.30863211691326,344.6936558325689,1535.733811560132,477.7197060570795,687.8584615842248,-200.7501148351604,1926.0353866449225,-355.3358700729278
-0.0005256658598435,0.002275502418415,15289.924790069104,10204.080304691774,16898.862219069328,14882.710154171396,2110.2029414248045,-150.0169601484263
909.3824327497246,1565.5213150251443,-236.1032793029885,-153.4923139477279,2742.521865978508,2820.7528023187188,-619.9290358526598,1469.6423145836252
114.19294633001547,-171.45131177677973,822.9952156189629,4766.35785156955,295.3169449517254,183.96417594990845,-524.0506586709996,-1111.6105321422428
23.08045895857332,25.33310686905841,34.70071224737218,31.78123035171019,28.564083778814563,19.412249949297006,34.838717525559794,31.68162641563931
36.109705440239686,55.609987514799535,65.64161095669826,30.64349323656173,32.759352498195376,62.39917033541171,61.45061949942383,40.05864085934709
682.0121153490804,526.7037091674979,487.163963432077,530.1750784708389,534.9513964107986,607.9593221106768,260.9576107209447,379.3911792393562
0.8875796958716278,1.1595727420488635,-0.3233777817960461,1.6597471041301164,1.8118472853420613,1.589158748365923,0.72977090834989,0.3507854018009544
-29.0820110505806,-358.3103488197757,92.25259498862636,-249.71637699095533,2092.717917095738,682.3068647620223,1524.988883528563,279.6283768364956
-0.0002331937482791,0.0022167882696031,135.02235040786354,15193.333997508822,16172.823587923009,16758.309136620803,8589.184337446342,-395.6111439063301
490.49939587651215,540.9724616333767,-440.8391061668488,3387.6444697927286,1785.0820308508871,3016.9805740447723,-312.25391824289613,2068.835550901559
-305.55935877736374,-298.4044348720343,212.42469262290177,-5517.0029991308,-84.20353917887327,1618.879004460046,2401.0355936605483,658.4450387944092
18.01277468285029,11.220080906026006,30.69540546874592,36.74105666952715,25.78980762595885,21.11841268249516,30.66106943014828,25.724666806182785
86.31316676852703,61.23335203837359,41.99065020414432,50.28045632114792,41.40379389945403,63.769654982098935,57.78755388540352,58.941459415097576
626.8056781688057,519.5517613239923,453.9037855216072,715.6865520365616,592.8071700058266,384.8971786181028,507.8422695507697,697.8915334429691
-0.2858303194657654,0.275950911157836,1.0081131543951125,-0.6131106873372103,-0.0467524800059981,0.6207930094254716,1.6715409521763376,0.1432430748694049
138.47106441057448,913.1716523756518,40.40967748690249,49.99786652831051,-420.1876820168717,246.5403942534695,1778.1668184088096,52.58095708445772
0.0019506021480856,0.0017926881602368,18005.407295377205,17536.904116274265,18392.186690390125,21255.75067510063,-311.01839557945493,784.6839173698713
508.3707673974316,2190.311378948729,4420.846304849219,397.330385638963,-1272.5239185159708,-483.9027033370602,-8452.928866258117,-293.0886213384182
-121.5118770506758,587.1299441418954,1114.3919346155144,4962.347351929464,-44.599244084674496,-951.3821495778428,1299.0931904525912,-646.209744061166
18.833565261297007,15.960962232487244,41.25620257895586,24.35700322595177,25.11826725150736,43.80137612854895,25.034189513651626,20.84443874623416
54.03597653586411,104.49844223581113,58.98687316759221,59.87599485279732,87.05210916351697,71.45728914143093,55.786938475362135,52.6242717397992
474.2504138551165,360.0848369741848,388.035844097196,732.7501938438602,548.3043660639801,493.4677037336848,590.8259942645053,387.3497183105041
3.0497301672717936,2.917256370204764,1.0217577417512396,-1.052305493276985,-1.422036696707914,3.298159588136727,3.87358307235021,3.5636799279607745
-177.30863211691326,344.6936558325689,1535.733811560132,477.7197060570795,687.8584615842248,-200.7501148351604,1926.0353866449225,-355.3358700729278
-0.0005256658598435,0.002275502418415,15289.924790069104,10204.080304691774,16898.862219069328,14882.710154171396,2110.2029414248045,-150.0169601484263
909.3824327497246,1565.5213150251443,-236.1032793029885,-153.4923139477279,2742.521865978508,2820.7528023187188,-619.9290358526598,1469.6423145836252
114.19294633001547,-171.45131177677973,822.9952156189629,4766.35785156955,295.3169449517254,183.96417594990845,-524.0506586709996,-1111.6105321422428
23.08045895857332,25.33310686905841,34.70071224737218,31.78123035171019,28.564083778814563,19.412249949297006,34.838717525559794,31.68162641563931
36.109705440239686,55.609987514799535,65.64161095669826,30.64349323656173,32.759352498195376,62.39917033541171,61.45061949942383,40.05864085934709
682.0121153490804,526.7037091674979,487.163963432077,530.1750784708389,534.9513964107986,607.9593221106768,260.9576107209447,379.3911792393562
0.8875796958716278,1.1595727420488635,-0.3233777817960461,1.6597471041301164,1.8118472853420613,1.589158748365923,0.72977090834989,0.3507854018009544
-29.0820110505806,-358.3103488197757,92.25259498862636,-249.71637699095533,2092.717917095738,682.3068647620223,1524.988883528563,279.6283768364956
-0.0002331937482791,0.0022167882696031,135.02235040786354,15193.333997508822,16172.823587923009,16758.309136620803,8589.184337446342,-395.6111439063301
490.49939587651215,540.9724616333767,-440.8391061668488,3387.6444697927286,1785.0820308508871,3016.9805740447723,-312.25391824289613,2068.835550901559
-305.55935877736374,-298.4044348720343,212.42469262290177,-5517.0029991308,-84.20353917887327,1618.879004460046,2401.0355936605483,658.4450387944092
18.01277468285029,11.220080906026006,30.69540546874592,36.74105666952715,25.78980762595885,21.11841268249516,30.66106943014828,25.724666806182785
86.31316676852703,61.23335203837359,41.99065020414432,50.28045632114792,41.40379389945403,63.769654982098935,57.78755388540352,58.941459415097576
626.8056781688057,519.5517613239923,453.9037855216072,715.6865520365616,592.8071700058266,384.8971786181028,507.8422695507697,697.8915334429691
-0.2858303194657654,0.275950911157836,1.0081131543951125,-0.6131106873372103,-0.0467524800059981,0.6207930094254716,1.6715409521763376,0.1432430748694049
138.47106441057448,913.1716523756518,40.40967748690249,49.99786652831051,-420.1876820168717,246.5403942534695,1778.1668184088096,52.58095708445772
0.0019506021480856,0.0017926881602368,18005.407295377205,17536.904116274265,18392.186690390125,21255.75067510063,-311.01839557945493,784.6839173698713
508.3707673974316,2190.311378948729,4420.846304849219,397.330385638963,-1272.5239185159708,-483.9027033370602,-8452.928866258117,-293.0886213384182
-121.5118770506758,587.1299441418954,1114.3919346155144,4962.347351929464,-44.599244084674496,-951.3821495778428,1299.0931904525912,-646.209744061166
18.833565261297007,15.960962232487244,41.25620257895586,24.35700322595177,25.11826725150736,43.80137612854895,25.034189513651626,20.84443874623416
54.03597653586411,104.49844223581113,58.98687316759221,59.87599485279732,87.05210916351697,71.45728914143093,55.786938475362135,52.6242717397992
474.2504138551165,360.0848369741848,388.035844097196,732.7501938438602,548.3043660639801,493.4677037336848,590.8259942645053,387.3497183105041
3.0497301672717936,2.917256370204764,1.0217577417512396,-1.052305493276985,-1.422036696707914,3.298159588136727,3.87358307235021,3.5636799279607745
-177.30863211691326,344.6936558325689,1535.733811560132,477.7197060570795,687.8584615842248,-200.7501148351604,1926.0353866449225,-355.3358700729278
-0.0005256658598435,0.002275502418415,15289.924790069104,10204.080304691774,16898.862219069328,14882.710154171396,2110.2029414248045,-150.0169601484263
909.3824327497246,1565.5213150251443,-236.1032793029885,-153.4923139477279,2742.521865978508,2820.7528023187188,-619.9290358526598,1469.6423145836252
114.19294633001547,-171.45131177677973,822.9952156189629,4766.35785156955,295.3169449517254,183.96417594990845,-524.0506586709996,-1111.6105321422428
23.08045895857332,25.33310686905841,34.70071224737218,31.78123035171019,28.564083778814563,19.412249949297006,34.838717525559794,31.68162641563931
36.109705440239686,55.609987514799535,65.64161095669826,30.64349323656173,32.759352498195376,62.39917033541171,61.45061949942383,40.05864085934709
682.0121153490804,526.7037091674979,487.163963432077,530.1750784708389,534.9513964107986,607.9593221106768,260.9576107209447,379.3911792393562
0.8875796958716278,1.1595727420488635,-0.3233777817960461,1.6597471041301164,1.8118472853420613,1.589158748365923,0.72977090834989,0.3507854018009544
-29.0820110505806,-358.3103488197757,92.25259498862636,-249.71637699095533,2092.717917095738,682.3068647620223,1524.988883528563,279.6283768364956
-0.0002331937482791,0.0022167882696031,135.02235040786354,15193.333997508822,16172.823587923009,16758.309136620803,8589.184337446342,-395.6111439063301
490.49939587651215,540.9724616333767,-440.8391061668488,3387.6444697927286,1785.0820308508871,3016.9805740447723,-312.25391824289613,2068.835550901559
-305.55935877736374,-298.4044348720343,212.42469262290177,-5517.0029991308,-84.20353917887327,1618.879004460046,2401.0355936605483,658.4450387944092
18.01277468285029,11.220080906026006,30.69540546874592,36.74105666952715,25.78980762595885,21.11841268249516,30.66106943014828,25.724666806182785
86.31316676852703,61.23335203837359,41.99065020414432,50.28045632114792,41.40379389945403,63.769654982098935,57.78755388540352,58.941459415097576
626.8056781688057,519.5517613239923,453.9037855216072,715.6865520365616,592.8071700058266,384.8971786181028,507.8422695507697,697.8915334429691
-0.2858303194657654,0.275950911157836,1.0081131543951125,-0.6131106873372103,-0.0467524800059981,0.6207930094254716,1.6715409521763376,0.1432430748694049
138.47106441057448,913.1716523756518,40.40967748690249,49.99786652831051,-420.1876820168717,246.5403942534695,1778.1668184088096,52.58095708445772
0.0019506021480856,0.0017926881602368,18005.407295377205,17536.904116274265,18392.186690390125,21255.75067510063,-311.01839557945493,784.6839173698713
508.3707673974316,2190.311378948729,4420.846304849219,397.330385638963,-1272.5239185159708,-483.9027033370602,-8452.928866258117,-293.0886213384182
-121.5118770506758,587.1299441418954,1114.3919346155144,4962.347351929464,-44.599244084674496,-951.3821495778428,1299.0931904525912,-646.209744061166
18.833565261297007,15.960962232487244,41.25620257895586,24.35700322595177,25.11826725150736,43.80137612854895,25.034189513651626,20.84443874623416
54.03597653586411,104.49844223581113,58.98687316759221,59.87599485279732,87.05210916351697,71.45728914143093,55.786938475362135,52.6242717397992
474.2504138551165,360.0848369741848,388.035844097196,732.7501938438602,548.3043660639801,493.4677037336848,590.8259942645053,387.3497183105041
3.0497301672717936,2.917256370204764,1.0217577417512396,-1.052305493276985,-1.422036696707914,3.298159588136727,3.87358307235021,3.5636799279607745
-177.30863211691326,344.6936558325689,1535.733811560132,477.7197060570795,687.8584615842248,-200.7501148351604,1926.0353866449225,-355.3358700729278
-0.0005256658598435,0.002275502418415,15289.924790069104,10204.080304691774,16898.862219069328,14882.710154171396,2110.2029414248045,-150.0169601484263
909.3824327497246,1565.5213150251443,-236.1032793029885,-153.4923139477279,2742.521865978508,2820.7528023187188,-619.9290358526598,1469.6423145836252
114.19294633001547,-171.45131177677973,822.9952156189629,4766.35785156955,295.3169449517254,183.96417594990845,-524.0506586709996,-1111.6105321422428
23.08045895857332,25.33310686905841,34.70071224737218,31.78123035171019,28.564083778814563,19.412249949297006,34.838717525559794,31.68162641563931
36.109705440239686,55.609987514799535,65.64161095669826,30.64349323656173,32.759352498195376,62.39917033541171,61.45061949942383,40.05864085934709
682.0121153490804,526.7037091674979,487.163963432077,530.1750784708389,534.9513964107986,607.9593221106768,260.9576107209447,379.3911792393562
0.8875796958716278,1.1595727420488635,-0.3233777817960461,1.6597471041301164,1.8118472853420613,1.589158748365923,0.72977090834989,0.3507854018009544
-29.0820110505806,-358.3103488197757,92.25259498862636,-249.71637699095533,2092.717917095738,682.3068647620223,1524.988883528563,279.6283768364956
-0.0002331937482791,0.0022167882696031,135.02235040786354,15193.333997508822,16172.823587923009,16758.309136620803,8589.184337446342,-395.6111439063301
490.49939587651215,540.9724616333767,-440.8391061668488,3387.6444697927286,1785.0820308508871,3016.9805740447723,-312.25391824289613,2068.835550901559
-305.55935877736374,-298.4044348720343,212.42469262290177,-5517.0029991308,-84.20353917887327,1618.879004460046,2401.0355936605483,658.4450387944092
18.01277468285029,11.220080906026006,30.69540546874592,36.74105666952715,25.78980762595885,21.11841268249516,30.66106943014828,25.724666806182785
86.31316676852703,61.23335203837359,41.99065020414432,50.28045632114792,41.40379389945403,63.769654982098935,57.78755388540352,58.941459415097576
626.8056781688057,519.5517613239923,453.9037855216072,715.6865520365616,592.8071700058266,384.8971786181028,507.8422695507697,697.8915334429691
-0.2858303194657654,0.275950911157836,1.0081131543951125,-0.6131106873372103,-0.0467524800059981,0.6207930094254716,1.6715409521763376,0.1432430748694049
138.47106441057448,913.1716523756518,40.40967748690249,49.99786652831051,-420.1876820168717,246.5403942534695,1778.1668184088096,52.58095708445772
0.0019506021480856,0.0017926881602368,18005.407295377205,17536.904116274265,18392.186690390125,21255.75067510063,-311.01839557945493,784.6839173698713
508.3707673974316,2190.311378948729,4420.846304849219,397.330385638963,-1272.5239185159708,-483.9027033370602,-8452.928866258117,-293.0886213384182
-121.5118770506758,587.1299441418954,1114.3919346155144,4962.347351929464,-44.599244084674496,-951.3821495778428,1299.0931904525912,-646.209744061166
18.833565261297007,15.960962232487244,41.25620257895586,24.35700322595177,25.11826725150736,43.80137612854895,25.034189513651626,20.84443874623416
54.03597653586411,104.49844223581113,58.98687316759221,59.87599485279732,87.05210916351697,71.45728914143093,55.786938475362135,52.6242717397992
474.2504138551165,360.0848369741848,388.035844097196,732.7501938438602,548.3043660639801,493.4677037336848,590.8259942645053,387.3497183105041
3.0497301672717936,2.917256370204764,1.0217577417512396,-1.052305493276985,-1.422036696707914,3.298159588136727,3.87358307235021,3.5636799279607745
-177.30863211691326,344.6936558325689,1535.733811560132,477.7197060570795,687.8584615842248,-200.7501148351604,1926.0353866449225,-355.3358700729278
-0.0005256658598435,0.002275502418415,15289.924790069104,10204.080304691774,16898.862219069328,14882.710154171396,2110.2029414248045,-150.0169601484263
909.3824327497246,1565.5213150251443,-236.1032793029885,-153.4923139477279,2742.521865978508,2820.7528023187188,-619.9290358526598,1469.6423145836252
114.19294633001547,-171.45131177677973,822.9952156189629,4766.35785156955,295.3169449517254,183.96417594990845,-524.0506586709996,-1111.6105321422428
23.08045895857332,25.33310686905841,34.70071224737218,31.78123035171019,28.564083778814563,19.412249949297006,34.838717525559794,31.68162641563931
36.109705440239686,55.609987514799535,65.64161095669826,30.64349323656173,32.759352498195376,62.39917033541171,61.45061949942383,40.05864085934709
682.0121153490804,526.7037091674979,487.163963432077,530.1750784708389,534.9513964107986,607.9593221106768,260.9576107209447,379.3911792393562
0.8875796958716278,1.1595727420488635,-0.3233777817960461,1.6597471041301164,1.8118472853420613,1.589158748365923,0.72977090834989,0.3507854018009544
-29.0820110505806,-358.3103488197757,92.25259498862636,-249.71637699095533,2092.717917095738,682.3068647620223,1524.988883528563,279.6283768364956
-0.0002331937482791,0.0022167882696031,135.02235040786354,15193.333997508822,16172.823587923009,16758.309136620803,8589.184337446342,-395.6111439063301
490.49939587651215,540.9724616333767,-440.8391061668488,3387.6444697927286,1785.0820308508871,3016.9805740447723,-312.25391824289613,2068.835550901559
-305.55935877736374,-298.4044348720343,212.42469262290177,-5517.0029991308,-84.20353917887327,1618.879004460046,2401.0355936605483,658.4450387944092
18.01277468285029,11.220080906026006,30.69540546874592,36.74105666952715,25.78980762595885,21.11841268249516,30.66106943014828,25.724666806182785
86.31316676852703,61.23335203837359,41.99065020414432,50.28045632114792,41.40379389945403,63.769654982098935,57.78755388540352,58.941459415097576
626.8056781688057,519.5517613239923,453.9037855216072,715.6865520365616,592.8071700058266,384.8971786181028,507.8422695507697,697.8915334429691
-0.2858303194657654,0.275950911157836,1.0081131543951125,-0.6131106873372103,-0.0467524800059981,0.6207930094254716,1.6715409521763376,0.1432430748694049
138.47106441057448,913.1716523756518,40.40967748690249,49.99786652831051,-420.1876820168717,246.5403942534695,1778.1668184088096,52.58095708445772
0.0019506021480856,0.0017926881602368,18005.407295377205,17536.904116274265,18392.186690390125,21255.75067510063,-311.01839557945493,784.6839173698713
508.3707673974316,2190.311378948729,4420.846304849219,397.330385638963,-1272.5239185159708,-483.9027033370602,-8452.928866258117,-293.0886213384182
-121.5118770506758,587.1299441418954,1114.3919346155144,4962.347351929464,-44.599244084674496,-951.3821495778428,1299.0931904525912,-646.209744061166
18.833565261297007,15.960962232487244,41.25620257895586,24.35700322595177,25.11826725150736,43.80137612854895,25.034189513651626,20.84443874623416
54.03597653586411,104.49844223581113,58.98687316759221,59.87599485279732,87.05210916351697,71.45728914143093,55.786938475362135,52.6242717397992
474.2504138551165,360.0848369741848,388.035844097196,732.7501938438602,548.3043660639801,493.4677037336848,590.8259942645053,387.3497183105041
3.0497301672717936,2.917256370204764,1.0217577417512396,-1.052305493276985,-1.422036696707914,3.298159588136727,3.87358307235021,3.5636799279607745
-177.30863211691326,344.6936558325689,1535.733811560132,477.7197060570795,687.8584615842248,-200.7501148351604,1926.0353866449225,-355.3358700729278
-0.0005256658598435,0.002275502418415,15289.924790069104,10204.080304691774,16898.862219069328,14882.710154171396,2110.2029414248045,-150.0169601484263
909.3824327497246,1565.5213150251443,-236.1032793029885,-153.4923139477279,2742.521865978508,2820.7528023187188,-619.9290358526598,1469.6423145836252
114.19294633001547,-171.45131177677973,822.9952156189629,4766.35785156955,295.3169449517254,183.96417594990845,-524.0506586709996,-1111.6105321422428
23.08045895857332,25.33310686905841,34.70071224737218,31.78123035171019,28.564083778814563,19.412249949297006,34.838717525559794,31.68162641563931
36.109705440239686,55.609987514799535,65.64161095669826,30.64349323656173,32.759352498195376,62.39917033541171,61.45061949942383,40.05864085934709
682.0121153490804,526.7037091674979,487.163963432077,530.1750784708389,534.9513964107986,607.9593221106768,260.9576107209447,379.3911792393562
0.8875796958716278,1.1595727420488635,-0.3233777817960461,1.6597471041301164,1.8118472853420613,1.589158748365923,0.72977090834989,0.3507854018009544
-29.0820110505806,-358.3103488197757,92.25259498862636,-249.71637699095533,2092.717917095738,682.3068647620223,1524.988883528563,279.6283768364956
-0.0002331937482791,0.0022167882696031,135.02235040786354,15193.333997508822,16172.823587923009,16758.309136620803,8589.184337446342,-395.6111439063301
490.49939587651215,540.9724616333767,-440.8391061668488,3387.6444697927286,1785.0820308508871,3016.9805740447723,-312.25391824289613,2068.835550901559
-305.55935877736374,-298.4044348720343,212.42469262290177,-5517.0029991308,-84.20353917887327,1618.879004460046,2401.0355936605483,658.4450387944092
18.01277468285029,11.220080906026006,30.69540546874592,36.74105666952715,25.78980762595885,21.11841268249516,30.66106943014828,25.724666806182785
86.31316676852703,61.23335203837359,41.99065020414432,50.28045632114792,41.40379389945403,63.769654982098935,57.78755388540352,58.941459415097576
626.8056781688057,519.5517613239923,453.9037855216072,715.6865520365616,592.8071700058266,384.8971786181028,507.8422695507697,697.8915334429691
-0.2858303194657654,0.275950911157836,1.0081131543951125,-0.6131106873372103,-0.0467524800059981,0.6207930094254716,1.6715409521763376,0.1432430748694049
138.47106441057448,913.1716523756518,40.40967748690249,49.99786652831051,-420.1876820168717,246.5403942534695,1778.1668184088096,52.58095708445772
0.0019506021480856,0.0017926881602368,18005.407295377205,17536.904116274265,18392.186690390125,21255.75067510063,-311.01839557945493,784.6839173698713
508.3707673974316,2190.311378948729,4420.846304849219,397.330385638963,-1272.5239185159708,-483.9027033370602,-8452.928866258117,-293.0886213384182
-121.5118770506758,587.1299441418954,1114.3919346155144,4962.347351929464,-44.599244084674496,-951.3821495778428,1299.0931904525912,-646.209744061166
18.833565261297007,15.960962232487244,41.25620257895586,24.35700322595177,25.11826725150736,43.80137612854895,25.034189513651626,20.84443874623416
54.03597653586411,104.49844223581113,58.98687316759221,59.87599485279732,87.05210916351697,71.45728914143093,55.786938475362135,52.6242717397992
474.2504138551165,360.0848369741848,388.035844097196,732.7501938438602,548.3043660639801,493.4677037336848,590.8259942645053,387.3497183105041
3.0497301672717936,2.917256370204764,1.0217577417512396,-1.052305493276985,-1.422036696707914,3.298159588136727,3.87358307235021,3.5636799279607745
-177.30863211691326,344.6936558325689,1535.733811560132,477.7197060570795,687.8584615842248,-200.7501148351604,1926.0353866449225,-355.3358700729278
-0.0005256658598435,0.002275502418415,15289.924790069104,10204.080304691774,16898.862219069328,14882.710154171396,2110.2029414248045,-150.0169601484263
909.3824327497246,1565.5213150251443,-236.1032793029885,-153.4923139477279,2742.521865978508,2820.7528023187188,-619.9290358526598,1469.6423145836252
114.19294633001547,-171.45131177677973,822.9952156189629,4766.35785156955,295.3169449517254,183.96417594990845,-524.0506586709996,-1111.6105321422428
23.08045895857332,25.33310686905841,34.70071224737218,31.78123035171019,28.564083778814563,19.412249949297006,34.838717525559794,31.68162641563931
36.109705440239686,55.609987514799535,65.64161095669826,30.64349323656173,32.759352498195376,62.39917033541171,61.45061949942383,40.05864085934709
682.0121153490804,526.7037091674979,487.163963432077,530.1750784708389,534.9513964107986,607.9593221106768,260.9576107209447,379.3911792393562
0.8875796958716278,1.1595727420488635,-0.3233777817960461,1.6597471041301164,1.8118472853420613,1.589158748365923,0.72977090834989,0.3507854018009544
-29.0820110505806,-358.3103488197757,92.25259498862636,-249.71637699095533,2092.717917095738,682.3068647620223,1524.988883528563,279.6283768364956
-0.0002331937482791,0.0022167882696031,135.02235040786354,15193.333997508822,16172.823587923009,16758.309136620803,8589.184337446342,-395.6111439063301
490.49939587651215,540.9724616333767,-440.8391061668488,3387.6444697927286,1785.0820308508871,3016.9805740447723,-312.25391824289613,2068.835550901559
-305.55935877736374,-298.4044348720343,212.42469262290177,-5517.0029991308,-84.20353917887327,1618.879004460046,2401.0355936605483,658.4450387944092
18.01277468285029,11.220080906026006,30.69540546874592,36.74105666952715,25.78980762595885,21.11841268249516,30.66106943014828,25.724666806182785
86.31316676852703,61.23335203837359,41.99065020414432,50.28045632114792,41.40379389945403,63.769654982098935,57.78755388540352,58.941459415097576
626.8056781688057,519.5517613239923,453.9037855216072,715.6865520365616,592.8071700058266,384.8971786181028,507.8422695507697,697.8915334429691
-0.2858303194657654,0.275950911157836,1.0081131543951125,-0.6131106873372103,-0.0467524800059981,0.6207930094254716,1.6715409521763376,0.1432430748694049
138.47106441057448,913.1716523756518,40.40967748690249,49.99786652831051,-420.1876820168717,246.5403942534695,1778.1668184088096,52.58095708445772
0.0019506021480856,0.0017926881602368,18005.407295377205,17536.904116274265,18392.186690390125,21255.75067510063,-311.01839557945493,784.6839173698713
508.3707673974316,2190.311378948729,4420.846304849219,397.330385638963,-1272.5239185159708,-483.9027033370602,-8452.928866258117,-293.0886213384182
-121.5118770506758,587.1299441418954,1114.3919346155144,4962.347351929464,-44.599244084674496,-951.3821495778428,1299.0931904525912,-646.209744061166
18.833565261297007,15.960962232487244,41.25620257895586,24.35700322595177,25.11826725150736,43.80137612854895,25.034189513651626,20.84443874623416
54.03597653586411,104.49844223581113,58.98687316759221,59.87599485279732,87.05210916351697,71.45728914143093,55.786938475362135,52.6242717397992
474.2504138551165,360.0848369741848,388.035844097196,732.7501938438602,548.3043660639801,493.4677037336848,590.8259942645053,387.3497183105041
3.0497301672717936,2.917256370204764,1.0217577417512396,-1.052305493276985,-1.422036696707914,3.298159588136727,3.87358307235021,3.5636799279607745
-177.30863211691326,344.6936558325689,1535.733811560132,477.7197060570795,687.8584615842248,-200.7501148351604,1926.0353866449225,-355.3358700729278
-0.0005256658598435,0.002275502418415,15289.924790069104,10204.080304691774,16898.862219069328,14882.710154171396,2110.2029414248045,-150.0169601484263
909.3824327497246,1565.5213150251443,-236.1032793029885,-153.4923139477279,2742.521865978508,2820.7528023187188,-619.9290358526598,1469.6423145836252
114.19294633001547,-171.45131177677973,822.9952156189629,4766.35785156955,295.3169449517254,183.96417594990845,-524.0506586709996,-1111.6105321422428
23.08045895857332,25.33310686905841,34.70071224737218,31.78123035171019,28.564083778814563,19.412249949297006,34.838717525559794,31.68162641563931
36.109705440239686,55.609987514799535,65.64161095669826,30.64349323656173,32.759352498195376,62.39917033541171,61.45061949942383,40.05864085934709
682.0121153490804,526.7037091674979,487.163963432077,530.1750784708389,534.9513964107986,607.9593221106768,260.9576107209447,379.3911792393562
0.8875796958716278,1.1595727420488635,-0.3233777817960461,1.6597471041301164,1.8118472853420613,1.589158748365923,0.72977090834989,0.3507854018009544
-29.0820110505806,-358.3103488197757,92.25259498862636,-249.71637699095533,2092.717917095738,682.3068647620223,1524.988883528563,279.6283768364956
-0.0002331937482791,0.0022167882696031,135.02235040786354,15193.333997508822,16172.823587923009,16758.309136620803,8589.184337446342,-395.6111439063301
490.49939587651215,540.9724616333767,-440.8391061668488,3387.6444697927286,1785.0820308508871,3016.9805740447723,-312.25391824289613,2068.835550901559
-305.55935877736374,-298.4044348720343,212.42469262290177,-5517.0029991308,-84.20353917887327,1618.879004460046,2401.0355936605483,658.4450387944092
18.01277468285029,11.220080906026006,30.69540546874592,36.74105666952715,25.78980762595885,21.11841268249516,30.66106943014828,25.724666806182785
86.31316676852703,61.23335203837359,41.99065020414432,50.28045632114792,41.40379389945403,63.769654982098935,57.78755388540352,58.941459415097576
626.8056781688057,519.5517613239923,453.9037855216072,715.6865520365616,592.8071700058266,384.8971786181028,507.8422695507697,697.8915334429691
-0.2858303194657654,0.275950911157836,1.0081131543951125,-0.6131106873372103,-0.0467524800059981,0.6207930094254716,1.6715409521763376,0.1432430748694049
138.47106441057448,913.1716523756518,40.40967748690249,49.99786652831051,-420.1876820168717,246.5403942534695,1778.1668184088096,52.58095708445772
0.0019506021480856,0.0017926881602368,18005.407295377205,17536.904116274265,18392.186690390125,21255.75067510063,-311.01839557945493,784.6839173698713
508.3707673974316,2190.311378948729,4420.846304849219,397.330385638963,-1272.5239185159708,-483.9027033370602,-8452.928866258117,-293.0886213384182
-121.5118770506758,587.1299441418954,1114.3919346155144,4962.347351929464,-44.599244084674496,-951.3821495778428,1299.0931904525912,-646.209744061166
18.833565261297007,15.960962232487244,41.25620257895586,24.35700322595177,25.11826725150736,43.80137612854895,25.034189513651626,20.84443874623416
54.03597653586411,104.49844223581113,58.98687316759221,59.87599485279732,87.05210916351697,71.45728914143093,55.786938475362135,52.6242717397992
474.2504138551165,360.0848369741848,388.035844097196,732.7501938438602,548.3043660639801,493.4677037336848,590.8259942645053,387.3497183105041
3.0497301672717936,2.917256370204764,1.0217577417512396,-1.052305493276985,-1.422036696707914,3.298159588136727,3.87358307235021,3.5636799279607745
-177.30863211691326,344.6936558325689,1535.733811560132,477.7197060570795,687.8584615842248,-200.7501148351604,1926.0353866449225,-355.3358700729278
-0.0005256658598435,0.002275502418415,15289.924790069104,10204.080304691774,16898.862219069328,14882.710154171396,2110.2029414248045,-150.0169601484263
909.3824327497246,1565.5213150251443,-236.1032793029885,-153.4923139477279,2742.521865978508,2820.7528023187188,-619.9290358526598,1469.6423145836252
114.19294633001547,-171.45131177677973,822.9952156189629,4766.35785156955,295.3169449517254,183.96417594990845,-524.0506586709996,-1111.6105321422428
23.08045895857332,25.33310686905841,34.70071224737218,31.78123035171019,28.564083778814563,19.412249949297006,34.838717525559794,31.68162641563931
36.109705440239686,55.609987514799535,65.64161095669826,30.64349323656173,32.759352498195376,62.39917033541171,61.45061949942383,40.05864085934709
682.0121153490804,526.7037091674979,487.163963432077,530.1750784708389,534.9513964107986,607.9593221106768,260.9576107209447,379.3911792393562
0.8875796958716278,1.1595727420488635,-0.3233777817960461,1.6597471041301164,1.8118472853420613,1.589158748365923,0.72977090834989,0.3507854018009544
-29.0820110505806,-358.3103488197757,92.25259498862636,-249.71637699095533,2092.717917095738,682.3068647620223,1524.988883528563,279.6283768364956
-0.0002331937482791,0.0022167882696031,135.02235040786354,15193.333997508822,16172.823587923009,16758.309136620803,8589.184337446342,-395.6111439063301
490.49939587651215,540.9724616333767,-440.8391061668488,3387.6444697927286,1785.0820308508871,3016.9805740447723,-312.25391824289613,2068.835550901559
-305.55935877736374,-298.4044348720343,212.42469262290177,-5517.0029991308,-84.20353917887327,1618.879004460046,2401.0355936605483,658.4450387944092
18.01277468285029,11.220080906026006,30.69540546874592,36.74105666952715,25.78980762595885,21.11841268249516,30.66106943014828,25.724666806182785
86.31316676852703,61.23335203837359,41.99065020414432,50.28045632114792,41.40379389945403,63.769654982098935,57.78755388540352,58.941459415097576
626.8056781688057,519.5517613239923,453.9037855216072,715.6865520365616,592.8071700058266,384.8971786181028,507.8422695507697,697.8915334429691
-0.2858303194657654,0.275950911157836,1.0081131543951125,-0.6131106873372103,-0.0467524800059981,0.6207930094254716,1.6715409521763376,0.1432430748694049
138.47106441057448,913.1716523756518,40.40967748690249,49.99786652831051,-420.1876820168717,246.5403942534695,1778.1668184088096,52.58095708445772
0.0019506021480856,0.0017926881602368,18005.407295377205,17536.904116274265,18392.186690390125,21255.75067510063,-311.01839557945493,784.6839173698713
508.3707673974316,2190.311378948729,4420.846304849219,397.330385638963,-1272.5239185159708,-483.9027033370602,-8452.928866258117,-293.0886213384182
-121.5118770506758,587.1299441418954,1114.3919346155144,4962.347351929464,-44.599244084674496,-951.3821495778428,1299.0931904525912,-646.209744061166
18.833565261297007,15.960962232487244,41.25620257895586,24.35700322595177,25.11826725150736,43.80137612854895,25.034189513651626,20.84443874623416
54.03597653586411,104.49844223581113,58.98687316759221,59.87599485279732,87.05210916351697,71.45728914143093,55.786938475362135,52.6242717397992
474.2504138551165,360.0848369741848,388.035844097196,732.7501938438602,548.3043660639801,493.4677037336848,590.8259942645053,387.3497183105041
3.0497301672717936,2.917256370204764,1.0217577417512396,-1.052305493276985,-1.422036696707914,3.298159588136727,3.87358307235021,3.5636799279607745
-177.30863211691326,344.6936558325689,1535.733811560132,477.7197060570795,687.8584615842248,-200.7501148351604,1926.0353866449225,-355.3358700729278
-0.0005256658598435,0.002275502418415,15289.924790069104,10204.080304691774,16898.862219069328,14882.710154171396,2110.2029414248045,-150.0169601484263
909.3824327497246,1565.5213150251443,-236.1032793029885,-153.4923139477279,2742.521865978508,2820.7528023187188,-619.9290358526598,1469.6423145836252
114.19294633001547,-171.45131177677973,822.9952156189629,4766.35785156955,295.3169449517254,183.96417594990845,-524.0506586709996,-1111.6105321422428
23.08045895857332,25.33310686905841,34.70071224737218,31.78123035171019,28.564083778814563,19.412249949297006,34.838717525559794,31.68162641563931
36.109705440239686,55.609987514799535,65.64161095669826,30.64349323656173,32.759352498195376,62.39917033541171,61.45061949942383,40.05864085934709
682.0121153490804,526.7037091674979,487.163963432077,530.1750784708389,534.9513964107986,607.9593221106768,260.9576107209447,379.3911792393562
0.8875796958716278,1.1595727420488635,-0.3233777817960461,1.6597471041301164,1.8118472853420613,1.589158748365923,0.72977090834989,0.3507854018009544
-29.0820110505806,-358.3103488197757,92.25259498862636,-249.71637699095533,2092.717917095738,682.3068647620223,1524.988883528563,279.6283768364956
-0.0002331937482791,0.0022167882696031,135.02235040786354,15193.333997508822,16172.823587923009,16758.309136620803,8589.184337446342,-395.6111439063301
490.49939587651215,540.9724616333767,-440.8391061668488,3387.6444697927286,1785.0820308508871,3016.9805740447723,-312.25391824289613,2068.835550901559
-305.55935877736374,-298.4044348720343,212.42469262290177,-5517.0029991308,-84.20353917887327,1618.879004460046,2401.0355936605483,658.4450387944092
18.01277468285029,11.220080906026006,30.69540546874592,36.74105666952715,25.78980762595885,21.11841268249516,30.66106943014828,25.724666806182785
86.31316676852703,61.23335203837359,41.99065020414432,50.28045632114792,41.40379389945403,63.769654982098935,57.78755388540352,58.941459415097576
626.8056781688057,519.5517613239923,453.9037855216072,715.6865520365616,592.8071700058266,384.8971786181028,507.8422695507697,697.8915334429691
-0.2858303194657654,0.275950911157836,1.0081131543951125,-0.6131106873372103,-0.0467524800059981,0.6207930094254716,1.6715409521763376,0.1432430748694049
138.47106441057448,913.1716523756518,40.40967748690249,49.99786652831051,-420.1876820168717,246.5403942534695,1778.1668184088096,52.58095708445772
0.0019506021480856,0.0017926881602368,18005.407295377205,17536.904116274265,18392.186690390125,21255.75067510063,-311.01839557945493,784.6839173698713
508.3707673974316,2190.311378948729,4420.846304849219,397.330385638963,-1272.5239185159708,-483.9027033370602,-8452.928866258117,-293.0886213384182
-121.5118770506758,587.1299441418954,1114.3919346155144,4962.347351929464,-44.599244084674496,-951.3821495778428,1299.0931904525912,-646.209744061166
18.833565261297007,15.960962232487244,41.25620257895586,24.35700322595177,25.11826725150736,43.80137612854895,25.034189513651626,20.84443874623416
54.03597653586411,104.49844223581113,58.98687316759221,59.87599485279732,87.05210916351697,71.45728914143093,55.786938475362135,52.6242717397992
474.2504138551165,360.0848369741848,388.035844097196,732.7501938438602,548.3043660639801,493.4677037336848,590.8259942645053,387.3497183105041
3.0497301672717936,2.917256370204764,1.0217577417512396,-1.052305493276985,-1.422036696707914,3.298159588136727,3.87358307235021,3.5636799279607745
-177.30863211691326,344.6936558325689,1535.733811560132,477.7197060570795,687.8584615842248,-200.7501148351604,1926.0353866449225,-355.3358700729278
-0.0005256658598435,0.002275502418415,15289.924790069104,10204.080304691774,16898.862219069328,14882.710154171396,2110.2029414248045,-150.0169601484263
909.3824327497246,1565.5213150251443,-236.1032793029885,-153.4923139477279,2742.521865978508,2820.7528023187188,-619.9290358526598,1469.6423145836252
114.19294633001547,-171.45131177677973,822.9952156189629,4766.35785156955,295.3169449517254,183.96417594990845,-524.0506586709996,-1111.6105321422428
23.08045895857332,25.33310686905841,34.70071224737218,31.78123035171019,28.564083778814563,19.412249949297006,34.838717525559794,31.68162641563931
36.109705440239686,55.609987514799535,65.64161095669826,30.64349323656173,32.759352498195376,62.39917033541171,61.45061949942383,40.05864085934709
682.0121153490804,526.7037091674979,487.163963432077,530.1750784708389,534.9513964107986,607.9593221106768,260.9576107209447,379.3911792393562
0.8875796958716278,1.1595727420488635,-0.3233777817960461,1.6597471041301164,1.8118472853420613,1.589158748365923,0.72977090834989,0.3507854018009544
-29.0820110505806,-358.3103488197757,92.25259498862636,-249.71637699095533,2092.717917095738,682.3068647620223,1524.988883528563,279.6283768364956
-0.0002331937482791,0.0022167882696031,135.02235040786354,15193.333997508822,16172.823587923009,16758.309136620803,8589.184337446342,-395.6111439063301
490.49939587651215,540.9724616333767,-440.8391061668488,3387.6444697927286,1785.0820308508871,3016.9805740447723,-312.25391824289613,2068.835550901559
-305.55935877736374,-298.4044348720343,212.42469262290177,-5517.0029991308,-84.20353917887327,1618.879004460046,2401.0355936605483,658.4450387944092
18.01277468285029,11.220080906026006,30.69540546874592,36.74105666952715,25.78980762595885,21.11841268249516,30.66106943014828,25.724666806182785
86.31316676852703,61.23335203837359,41.99065020414432,50.28045632114792,41.40379389945403,63.769654982098935,57.78755388540352,58.941459415097576
626.8056781688057,519.5517613239923,453.9037855216072,715.6865520365616,592.8071700058266,384.8971786181028,507.8422695507697,697.8915334429691
-0.2858303194657654,0.275950911157836,1.0081131543951125,-0.6131106873372103,-0.0467524800059981,0.6207930094254716,1.6715409521763376,0.1432430748694049
138.47106441057448,913.1716523756518,40.40967748690249,49.99786652831051,-420.1876820168717,246.5403942534695,1778.1668184088096,52.58095708445772
0.0019506021480856,0.0017926881602368,18005.407295377205,17536.904116274265,18392.186690390125,21255.75067510063,-311.01839557945493,784.6839173698713
508.3707673974316,2190.311378948729,4420.846304849219,397.330385638963,-1272.5239185159708,-483.9027033370602,-8452.928866258117,-293.0886213384182
-121.5118770506758,587.1299441418954,1114.3919346155144,4962.347351929464,-44.599244084674496,-951.3821495778428,1299.0931904525912,-646.209744061166
18.833565261297007,15.960962232487244,41.25620257895586,24.35700322595177,25.11826725150736,43.80137612854895,25.034189513651626,20.84443874623416
54.03597653586411,104.49844223581113,58.98687316759221,59.87599485279732,87.05210916351697,71.45728914143093,55.786938475362135,52.6242717397992
474.2504138551165,360.0848369741848,388.035844097196,732.7501938438602,548.3043660639801,493.4677037336848,590.8259942645053,387.3497183105041
3.0497301672717936,2.917256370204764,1.0217577417512396,-1.052305493276985,-1.422036696707914,3.298159588136727,3.87358307235021,3.5636799279607745
-177.30863211691326,344.6936558325689,1535.733811560132,477.7197060570795,687.8584615842248,-200.7501148351604,1926.0353866449225,-355.3358700729278
-0.0005256658598435,0.002275502418415,15289.924790069104,10204.080304691774,16898.862219069328,14882.710154171396,2110.2029414248045,-150.0169601484263
909.3824327497246,1565.5213150251443,-236.1032793029885,-153.4923139477279,2742.521865978508,2820.7528023187188,-619.9290358526598,1469.6423145836252
114.19294633001547,-171.45131177677973,822.9952156189629,4766.35785156955,295.3169449517254,183.96417594990845,-524.0506586709996,-1111.6105321422428
23.08045895857332,25.33310686905841,34.70071224737218,31.78123035171019,28.564083778814563,19.412249949297006,34.838717525559794,31.68162641563931
36.109705440239686,55.609987514799535,65.64161095669826,30.64349323656173,32.759352498195376,62.39917033541171,61.45061949942383,40.05864085934709
682.0121153490804,526.7037091674979,487.163963432077,530.1750784708389,534.9513964107986,607.9593221106768,260.9576107209447,379.3911792393562
0.8875796958716278,1.1595727420488635,-0.3233777817960461,1.6597471041301164,1.8118472853420613,1.589158748365923,0.72977090834989,0.3507854018009544
-29.0820110505806,-358.3103488197757,92.25259498862636,-249.71637699095533,2092.717917095738,682.3068647620223,1524.988883528563,279.6283768364956
-0.0002331937482791,0.0022167882696031,135.02235040786354,15193.333997508822,16172.823587923009,16758.309136620803,8589.184337446342,-395.6111439063301
490.49939587651215,540.9724616333767,-440.8391061668488,3387.6444697927286,1785.0820308508871,3016.9805740447723,-312.25391824289613,2068.835550901559
-305.55935877736374,-298.4044348720343,212.42469262290177,-5517.0029991308,-84.20353917887327,1618.879004460046,2401.0355936605483,658.4450387944092
18.01277468285029,11.220080906026006,30.69540546874592,36.74105666952715,25.78980762595885,21.11841268249516,30.66106943014828,25.724666806182785
86.31316676852703,61.23335203837359,41.99065020414432,50.28045632114792,41.40379389945403,63.769654982098935,57.78755388540352,58.941459415097576
626.8056781688057,519.5517613239923,453.9037855216072,715.6865520365616,592.8071700058266,384.8971786181028,507.8422695507697,697.8915334429691
-0.2858303194657654,0.275950911157836,1.0081131543951125,-0.6131106873372103,-0.0467524800059981,0.6207930094254716,1.6715409521763376,0.1432430748694049
138.47106441057448,913.1716523756518,40.40967748690249,49.99786652831051,-420.1876820168717,246.5403942534695,1778.1668184088096,52.58095708445772
0.0019506021480856,0.0017926881602368,18005.407295377205,17536.904116274265,18392.186690390125,21255.75067510063,-311.01839557945493,784.6839173698713
508.3707673974316,2190.311378948729,4420.846304849219,397.330385638963,-1272.5239185159708,-483.9027033370602,-8452.928866258117,-293.0886213384182
-121.5118770506758,587.1299441418954,1114.3919346155144,4962.347351929464,-44.599244084674496,-951.3821495778428,1299.0931904525912,-646.209744061166
18.833565261297007,15.960962232487244,41.25620257895586,24.35700322595177,25.11826725150736,43.80137612854895,25.034189513651626,20.84443874623416
54.03597653586411,104.49844223581113,58.98687316759221,59.87599485279732,87.05210916351697,71.45728914143093,55.786938475362135,52.6242717397992
474.2504138551165,360.0848369741848,388.035844097196,732.7501938438602,548.3043660639801,493.4677037336848,590.8259942645053,387.3497183105041
3.0497301672717936,2.917256370204764,1.0217577417512396,-1.052305493276985,-1.422036696707914,3.298159588136727,3.87358307235021,3.5636799279607745
-177.30863211691326,344.6936558325689,1535.733811560132,477.7197060570795,687.8584615842248,-200.7501148351604,1926.0353866449225,-355.3358700729278
-0.0005256658598435,0.002275502418415,15289.924790069104,10204.080304691774,16898.862219069328,14882.710154171396,2110.2029414248045,-150.0169601484263
909.3824327497246,1565.5213150251443,-236.1032793029885,-153.4923139477279,2742.521865978508,2820.7528023187188,-619.9290358526598,1469.6423145836252
114.19294633001547,-171.45131177677973,822.9952156189629,4766.35785156955,295.3169449517254,183.96417594990845,-524.0506586709996,-1111.6105321422428
23.08045895857332,25.33310686905841,34.70071224737218,31.78123035171019,28.564083778814563,19.412249949297006,34.838717525559794,31.68162641563931
36.109705440239686,55.609987514799535,65.64161095669826,30.64349323656173,32.759352498195376,62.39917033541171,61.45061949942383,40.05864085934709
682.0121153490804,526.7037091674979,487.163963432077,530.1750784708389,534.9513964107986,607.9593221106768,260.9576107209447,379.3911792393562
0.8875796958716278,1.1595727420488635,-0.3233777817960461,1.6597471041301164,1.8118472853420613,1.589158748365923,0.72977090834989,0.3507854018009544
-29.0820110505806,-358.3103488197757,92.25259498862636,-249.71637699095533,2092.717917095738,682.3068647620223,1524.988883528563,279.6283768364956
-0.0002331937482791,0.0022167882696031,135.02235040786354,15193.333997508822,16172.823587923009,16758.309136620803,8589.184337446342,-395.6111439063301
490.49939587651215,540.9724616333767,-440.8391061668488,3387.6444697927286,1785.0820308508871,3016.9805740447723,-312.25391824289613,2068.835550901559
-305.55935877736374,-298.4044348720343,212.42469262290177,-5517.0029991308,-84.20353917887327,1618.879004460046,2401.0355936605483,658.4450387944092
18.01277468285029,11.220080906026006,30.69540546874592,36.74105666952715,25.78980762595885,21.11841268249516,30.66106943014828,25.724666806182785
86.31316676852703,61.23335203837359,41.99065020414432,50.28045632114792,41.40379389945403,63.769654982098935,57.78755388540352,58.941459415097576
626.8056781688057,519.5517613239923,453.9037855216072,715.6865520365616,592.8071700058266,384.8971786181028,507.8422695507697,697.8915334429691
-0.2858303194657654,0.275950911157836,1.0081131543951125,-0.6131106873372103,-0.0467524800059981,0.6207930094254716,1.6715409521763376,0.1432430748694049
138.47106441057448,913.1716523756518,40.40967748690249,49.99786652831051,-420.1876820168717,246.5403942534695,1778.1668184088096,52.58095708445772
0.0019506021480856,0.0017926881602368,18005.407295377205,17536.904116274265,18392.186690390125,21255.75067510063,-311.01839557945493,784.6839173698713
508.3707673974316,2190.311378948729,4420.846304849219,397.330385638963,-1272.5239185159708,-483.9027033370602,-8452.928866258117,-293.0886213384182
-121.5118770506758,587.1299441418954,1114.3919346155144,4962.347351929464,-44.599244084674496,-951.3821495778428,1299.0931904525912,-646.209744061166
18.833565261297007,15.960962232487244,41.25620257895586,24.35700322595177,25.11826725150736,43.80137612854895,25.034189513651626,20.84443874623416
54.03597653586411,104.49844223581113,58.98687316759221,59.87599485279732,87.05210916351697,71.45728914143093,55.786938475362135,52.6242717397992
474.2504138551165,360.0848369741848,388.035844097196,732.7501938438602,548.3043660639801,493.4677037336848,590.8259942645053,387.3497183105041
3.0497301672717936,2.917256370204764,1.0217577417512396,-1.052305493276985,-1.422036696707914,3.298159588136727,3.87358307235021,3.5636799279607745
-177.30863211691326,344.6936558325689,1535.733811560132,477.7197060570795,687.8584615842248,-200.7501148351604,1926.0353866449225,-355.3358700729278
-0.0005256658598435,0.002275502418415,15289.924790069104,10204.080304691774,16898.862219069328,14882.710154171396,2110.2029414248045,-150.0169601484263
909.3824327497246,1565.5213150251443,-236.1032793029885,-153.4923139477279,2742.521865978508,2820.7528023187188,-619.9290358526598,1469.6423145836252
114.19294633001547,-171.45131177677973,822.9952156189629,4766.35785156955,295.3169449517254,183.96417594990845,-524.0506586709996,-1111.6105321422428
23.08045895857332,25.33310686905841,34.70071224737218,31.78123035171019,28.564083778814563,19.412249949297006,34.838717525559794,31.68162641563931
36.109705440239686,55.609987514799535,65.64161095669826,30.64349323656173,32.759352498195376,62.39917033541171,61.45061949942383,40.05864085934709
682.0121153490804,526.7037091674979,487.163963432077,530.1750784708389,534.9513964107986,607.9593221106768,260.9576107209447,379.3911792393562
0.8875796958716278,1.1595727420488635,-0.3233777817960461,1.6597471041301164,1.8118472853420613,1.589158748365923,0.72977090834989,0.3507854018009544
-29.0820110505806,-358.3103488197757,92.25259498862636,-249.71637699095533,2092.717917095738,682.3068647620223,1524.988883528563,279.6283768364956
-0.0002331937482791,0.0022167882696031,135.02235040786354,15193.333997508822,16172.823587923009,16758.309136620803,8589.184337446342,-395.6111439063301
490.49939587651215,540.9724616333767,-440.8391061668488,3387.6444697927286,1785.0820308508871,3016.9805740447723,-312.25391824289613,2068.835550901559
-305.55935877736374,-298.4044348720343,212.42469262290177,-5517.0029991308,-84.20353917887327,1618.879004460046,2401.0355936605483,658.4450387944092
18.01277468285029,11.220080906026006,30.69540546874592,36.74105666952715,25.78980762595885,21.11841268249516,30.66106943014828,25.724666806182785
86.31316676852703,61.23335203837359,41.99065020414432,50.28045632114792,41.40379389945403,63.769654982098935,57.78755388540352,58.941459415097576
626.8056781688057,519.5517613239923,453.9037855216072,715.6865520365616,592.8071700058266,384.8971786181028,507.8422695507697,697.8915334429691
-0.2858303194657654,0.275950911157836,1.0081131543951125,-0.6131106873372103,-0.0467524800059981,0.6207930094254716,1.6715409521763376,0.1432430748694049
138.47106441057448,913.1716523756518,40.40967748690249,49.99786652831051,-420.1876820168717,246.5403942534695,1778.1668184088096,52.58095708445772
0.0019506021480856,0.0017926881602368,18005.407295377205,17536.904116274265,18392.186690390125,21255.75067510063,-311.01839557945493,784.6839173698713
508.3707673974316,2190.311378948729,4420.846304849219,397.330385638963,-1272.5239185159708,-483.9027033370602,-8452.928866258117,-293.0886213384182
-121.5118770506758,587.1299441418954,1114.3919346155144,4962.347351929464,-44.599244084674496,-951.3821495778428,1299.0931904525912,-646.209744061166
18.833565261297007,15.960962232487244,41.25620257895586,24.35700322595177,25.11826725150736,43.80137612854895,25.034189513651626,20.84443874623416
54.03597653586411,104.49844223581113,58.98687316759221,59.87599485279732,87.05210916351697,71.45728914143093,55.786938475362135,52.6242717397992
474.2504138551165,360.0848369741848,388.035844097196,732.7501938438602,548.3043660639801,493.4677037336848,590.8259942645053,387.3497183105041
3.0497301672717936,2.917256370204764,1.0217577417512396,-1.052305493276985,-1.422036696707914,3.298159588136727,3.87358307235021,3.5636799279607745
-177.30863211691326,344.6936558325689,1535.733811560132,477.7197060570795,687.8584615842248,-200.7501148351604,1926.0353866449225,-355.3358700729278
-0.0005256658598435,0.002275502418415,15289.924790069104,10204.080304691774,16898.862219069328,14882.710154171396,2110.2029414248045,-150.0169601484263
909.3824327497246,1565.5213150251443,-236.1032793029885,-153.4923139477279,2742.521865978508,2820.7528023187188,-619.9290358526598,1469.6423145836252
114.19294633001547,-171.45131177677973,822.9952156189629,4766.35785156955,295.3169449517254,183.96417594990845,-524.0506586709996,-1111.6105321422428
23.08045895857332,25.33310686905841,34.70071224737218,31.78123035171019,28.564083778814563,19.412249949297006,34.838717525559794,31.68162641563931
36.109705440239686,55.609987514799535,65.64161095669826,30.64349323656173,32.759352498195376,62.39917033541171,61.45061949942383,40.05864085934709
682.0121153490804,526.7037091674979,487.163963432077,530.1750784708389,534.9513964107986,607.9593221106768,260.9576107209447,379.3911792393562
0.8875796958716278,1.1595727420488635,-0.3233777817960461,1.6597471041301164,1.8118472853420613,1.589158748365923,0.72977090834989,0.3507854018009544
-29.0820110505806,-358.3103488197757,92.25259498862636,-249.71637699095533,2092.717917095738,682.3068647620223,1524.988883528563,279.6283768364956
-0.0002331937482791,0.0022167882696031,135.02235040786354,15193.333997508822,16172.823587923009,16758.309136620803,8589.184337446342,-395.6111439063301
490.49939587651215,540.9724616333767,-440.8391061668488,3387.6444697927286,1785.0820308508871,3016.9805740447723,-312.25391824289613,2068.835550901559
-305.55935877736374,-298.4044348720343,212.42469262290177,-5517.0029991308,-84.20353917887327,1618.879004460046,2401.0355936605483,658.4450387944092
18.01277468285029,11.220080906026006,30.69540546874592,36.74105666952715,25.78980762595885,21.11841268249516,30.66106943014828,25.724666806182785
86.31316676852703,61.23335203837359,41.99065020414432,50.28045632114792,41.40379389945403,63.769654982098935,57.78755388540352,58.941459415097576
626.8056781688057,519.5517613239923,453.9037855216072,715.6865520365616,592.8071700058266,384.8971786181028,507.8422695507697,697.8915334429691
-0.2858303194657654,0.275950911157836,1.0081131543951125,-0.6131106873372103,-0.0467524800059981,0.6207930094254716,1.6715409521763376,0.1432430748694049
138.47106441057448,913.1716523756518,40.40967748690249,49.99786652831051,-420.1876820168717,246.5403942534695,1778.1668184088096,52.58095708445772
0.0019506021480856,0.0017926881602368,18005.407295377205,17536.904116274265,18392.186690390125,21255.75067510063,-311.01839557945493,784.6839173698713
508.3707673974316,2190.311378948729,4420.846304849219,397.330385638963,-1272.5239185159708,-483.9027033370602,-8452.928866258117,-293.0886213384182
-121.5118770506758,587.1299441418954,1114.3919346155144,4962.347351929464,-44.599244084674496,-951.3821495778428,1299.0931904525912,-646.209744061166
18.833565261297007,15.960962232487244,41.25620257895586,24.35700322595177,25.11826725150736,43.80137612854895,25.034189513651626,20.84443874623416
54.03597653586411,104.49844223581113,58.98687316759221,59.87599485279732,87.05210916351697,71.45728914143093,55.786938475362135,52.6242717397992
474.2504138551165,360.0848369741848,388.035844097196,732.7501938438602,548.3043660639801,493.4677037336848,590.8259942645053,387.3497183105041
3.0497301672717936,2.917256370204764,1.0217577417512396,-1.052305493276985,-1.422036696707914,3.298159588136727,3.87358307235021,3.5636799279607745
-177.30863211691326,344.6936558325689,1535.733811560132,477.7197060570795,687.8584615842248,-200.7501148351604,1926.0353866449225,-355.3358700729278
-0.0005256658598435,0.002275502418415,15289.924790069104,10204.080304691774,16898.862219069328,14882.710154171396,2110.2029414248045,-150.0169601484263
909.3824327497246,1565.5213150251443,-236.1032793029885,-153.4923139477279,2742.521865978508,2820.7528023187188,-619.9290358526598,1469.6423145836252
114.19294633001547,-171.45131177677973,822.9952156189629,4766.35785156955,295.3169449517254,183.96417594990845,-524.0506586709996,-1111.6105321422428
23.08045895857332,25.33310686905841,34.70071224737218,31.78123035171019,28.564083778814563,19.412249949297006,34.838717525559794,31.68162641563931
36.109705440239686,55.609987514799535,65.64161095669826,30.64349323656173,32.759352498195376,62.39917033541171,61.45061949942383,40.05864085934709
682.0121153490804,526.7037091674979,487.163963432077,530.1750784708389,534.9513964107986,607.9593221106768,260.9576107209447,379.3911792393562
0.8875796958716278,1.1595727420488635,-0.3233777817960461,1.6597471041301164,1.8118472853420613,1.589158748365923,0.72977090834989,0.3507854018009544
-29.0820110505806,-358.3103488197757,92.25259498862636,-249.71637699095533,2092.717917095738,682.3068647620223,1524.988883528563,279.6283768364956
-0.0002331937482791,0.0022167882696031,135.02235040786354,15193.333997508822,16172.823587923009,16758.309136620803,8589.184337446342,-395.6111439063301
490.49939587651215,540.9724616333767,-440.8391061668488,3387.6444697927286,1785.0820308508871,3016.9805740447723,-312.25391824289613,2068.835550901559
-305.55935877736374,-298.4044348720343,212.42469262290177,-5517.0029991308,-84.20353917887327,1618.879004460046,2401.0355936605483,658.4450387944092
18.01277468285029,11.220080906026006,30.69540546874592,36.74105666952715,25.78980762595885,21.11841268249516,30.66106943014828,25.724666806182785
86.31316676852703,61.23335203837359,41.99065020414432,50.28045632114792,41.40379389945403,63.769654982098935,57.78755388540352,58.941459415097576
626.8056781688057,519.5517613239923,453.9037855216072,715.6865520365616,592.8071700058266,384.8971786181028,507.8422695507697,697.8915334429691
-0.2858303194657654,0.275950911157836,1.0081131543951125,-0.6131106873372103,-0.0467524800059981,0.6207930094254716,1.6715409521763376,0.1432430748694049
138.47106441057448,913.1716523756518,40.40967748690249,49.99786652831051,-420.1876820168717,246.5403942534695,1778.1668184088096,52.58095708445772
0.0019506021480856,0.0017926881602368,18005.407295377205,17536.904116274265,18392.186690390125,21255.75067510063,-311.01839557945493,784.6839173698713
508.3707673974316,2190.311378948729,4420.846304849219,397.330385638963,-1272.5239185159708,-483.9027033370602,-8452.928866258117,-293.0886213384182
-121.5118770506758,587.1299441418954,1114.3919346155144,4962.347351929464,-44.599244084674496,-951.3821495778428,1299.0931904525912,-646.209744061166
18.833565261297007,15.960962232487244,41.25620257895586,24.35700322595177,25.11826725150736,43.80137612854895,25.034189513651626,20.84443874623416
54.03597653586411,104.49844223581113,58.98687316759221,59.87599485279732,87.05210916351697,71.45728914143093,55.786938475362135,52.6242717397992
474.2504138551165,360.0848369741848,388.035844097196,732.7501938438602,548.3043660639801,493.4677037336848,590.8259942645053,387.3497183105041
3.0497301672717936,2.917256370204764,1.0217577417512396,-1.052305493276985,-1.422036696707914,3.298159588136727,3.87358307235021,3.5636799279607745
-177.30863211691326,344.6936558325689,1535.733811560132,477.7197060570795,687.8584615842248,-200.7501148351604,1926.0353866449225,-355.3358700729278
-0.0005256658598435,0.002275502418415,15289.924790069104,10204.080304691774,16898.862219069328,14882.710154171396,2110.2029414248045,-150.0169601484263
909.3824327497246,1565.5213150251443,-236.1032793029885,-153.4923139477279,2742.521865978508,2820.7528023187188,-619.9290358526598,1469.6423145836252
114.19294633001547,-171.45131177677973,822.9952156189629,4766.35785156955,295.3169449517254,183.96417594990845,-524.0506586709996,-1111.6105321422428
23.08045895857332,25.33310686905841,34.70071224737218,31.78123035171019,28.564083778814563,19.412249949297006,34.838717525559794,31.68162641563931
36.109705440239686,55.609987514799535,65.64161095669826,30.64349323656173,32.759352498195376,62.39917033541171,61.45061949942383,40.05864085934709
682.0121153490804,526.7037091674979,487.163963432077,530.1750784708389,534.9513964107986,607.9593221106768,260.9576107209447,379.3911792393562
0.8875796958716278,1.1595727420488635,-0.3233777817960461,1.6597471041301164,1.8118472853420613,1.589158748365923,0.72977090834989,0.3507854018009544
-29.0820110505806,-358.3103488197757,92.25259498862636,-249.71637699095533,2092.717917095738,682.3068647620223,1524.988883528563,279.6283768364956
-0.0002331937482791,0.0022167882696031,135.02235040786354,15193.333997508822,16172.823587923009,16758.309136620803,8589.184337446342,-395.6111439063301
490.49939587651215,540.9724616333767,-440.8391061668488,3387.6444697927286,1785.0820308508871,3016.9805740447723,-312.25391824289613,2068.835550901559
-305.55935877736374,-298.4044348720343,212.42469262290177,-5517.0029991308,-84.20353917887327,1618.879004460046,2401.0355936605483,658.4450387944092
18.01277468285029,11.220080906026006,30.69540546874592,36.74105666952715,25.78980762595885,21.11841268249516,30.66106943014828,25.724666806182785
86.31316676852703,61.23335203837359,41.99065020414432,50.28045632114792,41.40379389945403,63.769654982098935,57.78755388540352,58.941459415097576
626.8056781688057,519.5517613239923,453.9037855216072,715.6865520365616,592.8071700058266,384.8971786181028,507.8422695507697,697.8915334429691
-0.2858303194657654,0.275950911157836,1.0081131543951125,-0.6131106873372103,-0.0467524800059981,0.6207930094254716,1.6715409521763376,0.1432430748694049
138.47106441057448,913.1716523756518,40.40967748690249,49.99786652831051,-420.1876820168717,246.5403942534695,1778.1668184088096,52.58095708445772
0.0019506021480856,0.0017926881602368,18005.407295377205,17536.904116274265,18392.186690390125,21255.75067510063,-311.01839557945493,784.6839173698713
508.3707673974316,2190.311378948729,4420.846304849219,397.330385638963,-1272.5239185159708,-483.9027033370602,-8452.928866258117,-293.0886213384182
-121.5118770506758,587.1299441418954,1114.3919346155144,4962.347351929464,-44.599244084674496,-951.3821495778428,1299.0931904525912,-646.209744061166
18.833565261297007,15.960962232487244,41.25620257895586,24.35700322595177,25.11826725150736,43.80137612854895,25.034189513651626,20.84443874623416
54.03597653586411,104.49844223581113,58.98687316759221,59.87599485279732,87.05210916351697,71.45728914143093,55.786938475362135,52.6242717397992
474.2504138551165,360.0848369741848,388.035844097196,732.7501938438602,548.3043660639801,493.4677037336848,590.8259942645053,387.3497183105041
3.0497301672717936,2.917256370204764,1.0217577417512396,-1.052305493276985,-1.422036696707914,3.298159588136727,3.87358307235021,3.5636799279607745
-177.30863211691326,344.6936558325689,1535.733811560132,477.7197060570795,687.8584615842248,-200.7501148351604,1926.0353866449225,-355.3358700729278
-0.0005256658598435,0.002275502418415,15289.924790069104,10204.080304691774,16898.862219069328,14882.710154171396,2110.2029414248045,-150.0169601484263
909.3824327497246,1565.5213150251443,-236.1032793029885,-153.4923139477279,2742.521865978508,2820.7528023187188,-619.9290358526598,1469.6423145836252
114.19294633001547,-171.45131177677973,822.9952156189629,4766.35785156955,295.3169449517254,183.96417594990845,-524.0506586709996,-1111.6105321422428
23.08045895857332,25.33310686905841,34.70071224737218,31.78123035171019,28.564083778814563,19.412249949297006,34.838717525559794,31.68162641563931
36.109705440239686,55.609987514799535,65.64161095669826,30.64349323656173,32.759352498195376,62.39917033541171,61.45061949942383,40.05864085934709
682.0121153490804,526.7037091674979,487.163963432077,530.1750784708389,534.9513964107986,607.9593221106768,260.9576107209447,379.3911792393562
0.8875796958716278,1.1595727420488635,-0.3233777817960461,1.6597471041301164,1.8118472853420613,1.589158748365923,0.72977090834989,0.3507854018009544
-29.0820110505806,-358.3103488197757,92.25259498862636,-249.71637699095533,2092.717917095738,682.3068647620223,1524.988883528563,279.6283768364956
-0.0002331937482791,0.0022167882696031,135.02235040786354,15193.333997508822,16172.823587923009,16758.309136620803,8589.184337446342,-395.6111439063301
490.49939587651215,540.9724616333767,-440.8391061668488,3387.6444697927286,1785.0820308508871,3016.9805740447723,-312.25391824289613,2068.835550901559
-305.55935877736374,-298.4044348720343,212.42469262290177,-5517.0029991308,-84.20353917887327,1618.879004460046,2401.0355936605483,658.4450387944092
18.01277468285029,11.220080906026006,30.69540546874592,36.74105666952715,25.78980762595885,21.11841268249516,30.66106943014828,25.724666806182785
86.31316676852703,61.23335203837359,41.99065020414432,50.28045632114792,41.40379389945403,63.769654982098935,57.78755388540352,58.941459415097576
626.8056781688057,519.5517613239923,453.9037855216072,715.6865520365616,592.8071700058266,384.8971786181028,507.8422695507697,697.8915334429691
-0.2858303194657654,0.275950911157836,1.0081131543951125,-0.6131106873372103,-0.0467524800059981,0.6207930094254716,1.6715409521763376,0.1432430748694049
138.47106441057448,913.1716523756518,40.40967748690249,49.99786652831051,-420.1876820168717,246.5403942534695,1778.1668184088096,52.58095708445772
0.0019506021480856,0.0017926881602368,18005.407295377205,17536.904116274265,18392.186690390125,21255.75067510063,-311.01839557945493,784.6839173698713
508.3707673974316,2190.311378948729,4420.846304849219,397.330385638963,-1272.5239185159708,-483.9027033370602,-8452.928866258117,-293.0886213384182
-121.5118770506758,587.1299441418954,1114.3919346155144,4962.347351929464,-44.599244084674496,-951.3821495778428,1299.0931904525912,-646.209744061166
18.833565261297007,15.960962232487244,41.25620257895586,24.35700322595177,25.11826725150736,43.80137612854895,25.034189513651626,20.84443874623416
54.03597653586411,104.49844223581113,58.98687316759221,59.87599485279732,87.05210916351697,71.45728914143093,55.786938475362135,52.6242717397992
474.2504138551165,360.0848369741848,388.035844097196,732.7501938438602,548.3043660639801,493.4677037336848,590.8259942645053,387.3497183105041
3.0497301672717936,2.917256370204764,1.0217577417512396,-1.052305493276985,-1.422036696707914,3.298159588136727,3.87358307235021,3.5636799279607745
-177.30863211691326,344.6936558325689,1535.733811560132,477.7197060570795,687.8584615842248,-200.7501148351604,1926.0353866449225,-355.3358700729278
-0.0005256658598435,0.002275502418415,15289.924790069104,10204.080304691774,16898.862219069328,14882.710154171396,2110.2029414248045,-150.0169601484263
909.3824327497246,1565.5213150251443,-236.1032793029885,-153.4923139477279,2742.521865978508,2820.7528023187188,-619.9290358526598,1469.6423145836252
114.19294633001547,-171.45131177677973,822.9952156189629,4766.35785156955,295.3169449517254,183.96417594990845,-524.0506586709996,-1111.6105321422428
