내부온도관측치,내부습도관측치,co2관측치,ec관측치,시간당분무량,시간당백색광량,시간당적색광량,시간당청색광량
13.662392609835,20.61236182749274,30.62122320505778,29.02623904938516,26.749194992009944,28.16090307256073,27.4478933305118,34.383197247571594
55.26275087752898,58.80349772873623,64.91319709735949,70.28350027705307,48.432544742715095,24.60883753024659,78.9828920037517,80.88316976709243
377.3949561249853,674.6683924703461,487.79237247463504,544.5864957739965,430.15462966493646,381.4559499098895,-20.85027267766464,224.0107361360272
1.763675837175663,0.4428910656879606,3.449439925948888,1.313184153057869,2.164851966731445,-0.610978528113971,1.983916546565138,-0.0562191571111705
-135.1412252593464,-237.9061938519405,-612.6641917393249,630.6011287558954,-437.2345589207698,89.34825526723438,81.4322775547962,156.20105028892036
-0.000398463476969,-0.0001101755339039,-669.0647152868073,-526.776275195713,18211.00057945942,16807.104064587886,11901.914477006849,-976.0960873568484
381.2228477619897,229.11142400657155,72.89694281002136,14511.080910524037,432.23302367179485,2120.154836614156,-1363.6619395875243,1407.0948445695296
-290.032953601733,-191.58773303363003,-389.2418971562561,808.7801185614001,-152.75727817066627,842.1996882570529,-34.556084389599675,1430.3857638776387
20.006220772366927,20.10165621443845,38.64354825055633,31.90394653805489,23.397167136582286,18.037736239242,25.286085735181068,28.008007394001115
76.42380302565306,66.3430002955876,49.62162034916993,54.34744908372091,59.49466626423205,83.78800352693668,49.31264148544708,64.83136617181574
658.8070779399776,406.2861684774744,570.8397187587834,574.8666474565118,582.4441052821953,327.7406562491025,343.76160734302096,396.6763229550645
4.433921686839209,1.9826746468064231,-1.589405081139949,0.151205838525559,3.0025732331697785,4.336877956289799,0.6198107709134512,0.9296851090640236
148.69843767418445,212.9458423962324,-152.861303996725,-311.3399873581376,1483.99786306266,28.727681158946663,-283.2113782864154,-19.697058925217107
0.0004100044991007,-0.0016785231523852,18152.00077233992,20025.24187765757,21076.87389458261,14111.377211507215,-4520.632509658824,-346.6690698475787
4.850988669982909,9005.14833162152,-1093.5770645143723,891.0382667455594,-519.6789120553468,-1600.6563387660835,1404.4985710926123,504.2487000661012
-72.58586602260534,-211.34841571534463,-191.5634945339648,3499.346863697429,-566.5199093728975,10695.316898207986,1554.9225578471496,6094.859931861673
13.407818397035651,24.352115492724227,22.058849705003,21.423127711570004,26.5744620176309,37.66890834302497,23.974921680092105,21.745140980517807
43.74817565269279,50.65926264490765,77.16779554813556,68.44723357943889,45.08576055036935,29.3914814816871,41.52431036382138,49.44817323564947
489.454574136886,501.9770642237257,591.0922938509867,610.2061115670239,472.0342054887929,690.7277891272763,842.2058286331423,587.6439125237596
0.9719070845807444,0.9299498277940956,2.6199297422344383,-1.3157285755718204,-0.5206445063480012,-0.0522530893929085,2.3574780283065304,4.128076885045074
-166.87628517452086,-44.02096565958316,933.6581583862996,328.32160657494967,1557.4941577061015,78.73304115324106,479.066105677633,107.46874006221417
-0.0005427476748474,0.0007256919702546,142.74812313194434,16374.252976396938,19923.94162792356,12962.73395127558,1515.9287383387464,-197.697565491034
658.8736269555751,-1288.9087214988874,2641.8336271682647,-2401.648010887021,-203.58302467714628,1000.718549342427,1736.5239473345296,1189.6716036320372
287.1855386130203,-432.16446380239074,-140.20154764118723,5829.4760840908,2001.615708749477,3849.449527342526,-757.6796066365075,-370.5654253561059
13.662392609835,20.61236182749274,30.62122320505778,29.02623904938516,26.749194992009944,28.16090307256073,27.4478933305118,34.383197247571594
55.26275087752898,58.80349772873623,64.91319709735949,70.28350027705307,48.432544742715095,24.60883753024659,78.9828920037517,80.88316976709243
377.3949561249853,674.6683924703461,487.79237247463504,544.5864957739965,430.15462966493646,381.4559499098895,-20.85027267766464,224.0107361360272
1.763675837175663,0.4428910656879606,3.449439925948888,1.313184153057869,2.164851966731445,-0.610978528113971,1.983916546565138,-0.0562191571111705
-135.1412252593464,-237.9061938519405,-612.6641917393249,630.6011287558954,-437.2345589207698,89.34825526723438,81.4322775547962,156.20105028892036
-0.000398463476969,-0.0001101755339039,-669.0647152868073,-526.776275195713,18211.00057945942,16807.104064587886,11901.914477006849,-976.0960873568484
381.2228477619897,229.11142400657155,72.89694281002136,14511.080910524037,432.23302367179485,2120.154836614156,-1363.6619395875243,1407.0948445695296
-290.032953601733,-191.58773303363003,-389.2418971562561,808.7801185614001,-152.75727817066627,842.1996882570529,-34.556084389599675,1430.3857638776387
20.006220772366927,20.10165621443845,38.64354825055633,31.90394653805489,23.397167136582286,18.037736239242,25.286085735181068,28.008007394001115
76.42380302565306,66.3430002955876,49.62162034916993,54.34744908372091,59.49466626423205,83.78800352693668,49.31264148544708,64.83136617181574
658.8070779399776,406.2861684774744,570.8397187587834,574.8666474565118,582.4441052821953,327.7406562491025,343.76160734302096,396.6763229550645
4.433921686839209,1.9826746468064231,-1.589405081139949,0.151205838525559,3.0025732331697785,4.336877956289799,0.6198107709134512,0.9296851090640236
148.69843767418445,212.9458423962324,-152.861303996725,-311.3399873581376,1483.99786306266,28.727681158946663,-283.2113782864154,-19.697058925217107
0.0004100044991007,-0.0016785231523852,18152.00077233992,20025.24187765757,21076.87389458261,14111.377211507215,-4520.632509658824,-346.6690698475787
4.850988669982909,9005.14833162152,-1093.5770645143723,891.0382667455594,-519.6789120553468,-1600.6563387660835,1404.4985710926123,504.2487000661012
-72.58586602260534,-211.34841571534463,-191.5634945339648,3499.346863697429,-566.5199093728975,10695.316898207986,1554.9225578471496,6094.859931861673
13.407818397035651,24.352115492724227,22.058849705003,21.423127711570004,26.5744620176309,37.66890834302497,23.974921680092105,21.745140980517807
43.74817565269279,50.65926264490765,77.16779554813556,68.44723357943889,45.08576055036935,29.3914814816871,41.52431036382138,49.44817323564947
489.454574136886,501.9770642237257,591.0922938509867,610.2061115670239,472.0342054887929,690.7277891272763,842.2058286331423,587.6439125237596
0.9719070845807444,0.9299498277940956,2.6199297422344383,-1.3157285755718204,-0.5206445063480012,-0.0522530893929085,2.3574780283065304,4.128076885045074
-166.87628517452086,-44.02096565958316,933.6581583862996,328.32160657494967,1557.4941577061015,78.73304115324106,479.066105677633,107.46874006221417
-0.0005427476748474,0.0007256919702546,142.74812313194434,16374.252976396938,19923.94162792356,12962.73395127558,1515.9287383387464,-197.697565491034
658.8736269555751,-1288.9087214988874,2641.8336271682647,-2401.648010887021,-203.58302467714628,1000.718549342427,1736.5239473345296,1189.6716036320372
287.1855386130203,-432.16446380239074,-140.20154764118723,5829.4760840908,2001.615708749477,3849.449527342526,-757.6796066365075,-370.5654253561059
13.662392609835,20.61236182749274,30.62122320505778,29.02623904938516,26.749194992009944,28.16090307256073,27.4478933305118,34.383197247571594
55.26275087752898,58.80349772873623,64.91319709735949,70.28350027705307,48.432544742715095,24.60883753024659,78.9828920037517,80.88316976709243
377.3949561249853,674.6683924703461,487.79237247463504,544.5864957739965,430.15462966493646,381.4559499098895,-20.85027267766464,224.0107361360272
1.763675837175663,0.4428910656879606,3.449439925948888,1.313184153057869,2.164851966731445,-0.610978528113971,1.983916546565138,-0.0562191571111705
-135.1412252593464,-237.9061938519405,-612.6641917393249,630.6011287558954,-437.2345589207698,89.34825526723438,81.4322775547962,156.20105028892036
-0.000398463476969,-0.0001101755339039,-669.0647152868073,-526.776275195713,18211.00057945942,16807.104064587886,11901.914477006849,-976.0960873568484
381.2228477619897,229.11142400657155,72.89694281002136,14511.080910524037,432.23302367179485,2120.154836614156,-1363.6619395875243,1407.0948445695296
-290.032953601733,-191.58773303363003,-389.2418971562561,808.7801185614001,-152.75727817066627,842.1996882570529,-34.556084389599675,1430.3857638776387
20.006220772366927,20.10165621443845,38.64354825055633,31.90394653805489,23.397167136582286,18.037736239242,25.286085735181068,28.008007394001115
76.42380302565306,66.3430002955876,49.62162034916993,54.34744908372091,59.49466626423205,83.78800352693668,49.31264148544708,64.83136617181574
658.8070779399776,406.2861684774744,570.8397187587834,574.8666474565118,582.4441052821953,327.7406562491025,343.76160734302096,396.6763229550645
4.433921686839209,1.9826746468064231,-1.589405081139949,0.151205838525559,3.0025732331697785,4.336877956289799,0.6198107709134512,0.9296851090640236
148.69843767418445,212.9458423962324,-152.861303996725,-311.3399873581376,1483.99786306266,28.727681158946663,-283.2113782864154,-19.697058925217107
0.0004100044991007,-0.0016785231523852,18152.00077233992,20025.24187765757,21076.87389458261,14111.377211507215,-4520.632509658824,-346.6690698475787
4.850988669982909,9005.14833162152,-1093.5770645143723,891.0382667455594,-519.6789120553468,-1600.6563387660835,1404.4985710926123,504.2487000661012
-72.58586602260534,-211.34841571534463,-191.5634945339648,3499.346863697429,-566.5199093728975,10695.316898207986,1554.9225578471496,6094.859931861673
13.407818397035651,24.352115492724227,22.058849705003,21.423127711570004,26.5744620176309,37.66890834302497,23.974921680092105,21.745140980517807
43.74817565269279,50.65926264490765,77.16779554813556,68.44723357943889,45.08576055036935,29.3914814816871,41.52431036382138,49.44817323564947
489.454574136886,501.9770642237257,591.0922938509867,610.2061115670239,472.0342054887929,690.7277891272763,842.2058286331423,587.6439125237596
0.9719070845807444,0.9299498277940956,2.6199297422344383,-1.3157285755718204,-0.5206445063480012,-0.0522530893929085,2.3574780283065304,4.128076885045074
-166.87628517452086,-44.02096565958316,933.6581583862996,328.32160657494967,1557.4941577061015,78.73304115324106,479.066105677633,107.46874006221417
-0.0005427476748474,0.0007256919702546,142.74812313194434,16374.252976396938,19923.94162792356,12962.73395127558,1515.9287383387464,-197.697565491034
658.8736269555751,-1288.9087214988874,2641.8336271682647,-2401.648010887021,-203.58302467714628,1000.718549342427,1736.5239473345296,1189.6716036320372
287.1855386130203,-432.16446380239074,-140.20154764118723,5829.4760840908,2001.615708749477,3849.449527342526,-757.6796066365075,-370.5654253561059
13.662392609835,20.61236182749274,30.62122320505778,29.02623904938516,26.749194992009944,28.16090307256073,27.4478933305118,34.383197247571594
55.26275087752898,58.80349772873623,64.91319709735949,70.28350027705307,48.432544742715095,24.60883753024659,78.9828920037517,80.88316976709243
377.3949561249853,674.6683924703461,487.79237247463504,544.5864957739965,430.15462966493646,381.4559499098895,-20.85027267766464,224.0107361360272
1.763675837175663,0.4428910656879606,3.449439925948888,1.313184153057869,2.164851966731445,-0.610978528113971,1.983916546565138,-0.0562191571111705
-135.1412252593464,-237.9061938519405,-612.6641917393249,630.6011287558954,-437.2345589207698,89.34825526723438,81.4322775547962,156.20105028892036
-0.000398463476969,-0.0001101755339039,-669.0647152868073,-526.776275195713,18211.00057945942,16807.104064587886,11901.914477006849,-976.0960873568484
381.2228477619897,229.11142400657155,72.89694281002136,14511.080910524037,432.23302367179485,2120.154836614156,-1363.6619395875243,1407.0948445695296
-290.032953601733,-191.58773303363003,-389.2418971562561,808.7801185614001,-152.75727817066627,842.1996882570529,-34.556084389599675,1430.3857638776387
20.006220772366927,20.10165621443845,38.64354825055633,31.90394653805489,23.397167136582286,18.037736239242,25.286085735181068,28.008007394001115
76.42380302565306,66.3430002955876,49.62162034916993,54.34744908372091,59.49466626423205,83.78800352693668,49.31264148544708,64.83136617181574
658.8070779399776,406.2861684774744,570.8397187587834,574.8666474565118,582.4441052821953,327.7406562491025,343.76160734302096,396.6763229550645
4.433921686839209,1.9826746468064231,-1.589405081139949,0.151205838525559,3.0025732331697785,4.336877956289799,0.6198107709134512,0.9296851090640236
148.69843767418445,212.9458423962324,-152.861303996725,-311.3399873581376,1483.99786306266,28.727681158946663,-283.2113782864154,-19.697058925217107
0.0004100044991007,-0.0016785231523852,18152.00077233992,20025.24187765757,21076.87389458261,14111.377211507215,-4520.632509658824,-346.6690698475787
4.850988669982909,9005.14833162152,-1093.5770645143723,891.0382667455594,-519.6789120553468,-1600.6563387660835,1404.4985710926123,504.2487000661012
-72.58586602260534,-211.34841571534463,-191.5634945339648,3499.346863697429,-566.5199093728975,10695.316898207986,1554.9225578471496,6094.859931861673
13.407818397035651,24.352115492724227,22.058849705003,21.423127711570004,26.5744620176309,37.66890834302497,23.974921680092105,21.745140980517807
43.74817565269279,50.65926264490765,77.16779554813556,68.44723357943889,45.08576055036935,29.3914814816871,41.52431036382138,49.44817323564947
489.454574136886,501.9770642237257,591.0922938509867,610.2061115670239,472.0342054887929,690.7277891272763,842.2058286331423,587.6439125237596
0.9719070845807444,0.9299498277940956,2.6199297422344383,-1.3157285755718204,-0.5206445063480012,-0.0522530893929085,2.3574780283065304,4.128076885045074
-166.87628517452086,-44.02096565958316,933.6581583862996,328.32160657494967,1557.4941577061015,78.73304115324106,479.066105677633,107.46874006221417
-0.0005427476748474,0.0007256919702546,142.74812313194434,16374.252976396938,19923.94162792356,12962.73395127558,1515.9287383387464,-197.697565491034
658.8736269555751,-1288.9087214988874,2641.8336271682647,-2401.648010887021,-203.58302467714628,1000.718549342427,1736.5239473345296,1189.6716036320372
287.1855386130203,-432.16446380239074,-140.20154764118723,5829.4760840908,2001.615708749477,3849.449527342526,-757.6796066365075,-370.5654253561059
13.662392609835,20.61236182749274,30.62122320505778,29.02623904938516,26.749194992009944,28.16090307256073,27.4478933305118,34.383197247571594
55.26275087752898,58.80349772873623,64.91319709735949,70.28350027705307,48.432544742715095,24.60883753024659,78.9828920037517,80.88316976709243
377.3949561249853,674.6683924703461,487.79237247463504,544.5864957739965,430.15462966493646,381.4559499098895,-20.85027267766464,224.0107361360272
1.763675837175663,0.4428910656879606,3.449439925948888,1.313184153057869,2.164851966731445,-0.610978528113971,1.983916546565138,-0.0562191571111705
-135.1412252593464,-237.9061938519405,-612.6641917393249,630.6011287558954,-437.2345589207698,89.34825526723438,81.4322775547962,156.20105028892036
-0.000398463476969,-0.0001101755339039,-669.0647152868073,-526.776275195713,18211.00057945942,16807.104064587886,11901.914477006849,-976.0960873568484
381.2228477619897,229.11142400657155,72.89694281002136,14511.080910524037,432.23302367179485,2120.154836614156,-1363.6619395875243,1407.0948445695296
-290.032953601733,-191.58773303363003,-389.2418971562561,808.7801185614001,-152.75727817066627,842.1996882570529,-34.556084389599675,1430.3857638776387
20.006220772366927,20.10165621443845,38.64354825055633,31.90394653805489,23.397167136582286,18.037736239242,25.286085735181068,28.008007394001115
76.42380302565306,66.3430002955876,49.62162034916993,54.34744908372091,59.49466626423205,83.78800352693668,49.31264148544708,64.83136617181574
658.8070779399776,406.2861684774744,570.8397187587834,574.8666474565118,582.4441052821953,327.7406562491025,343.76160734302096,396.6763229550645
4.433921686839209,1.9826746468064231,-1.589405081139949,0.151205838525559,3.0025732331697785,4.336877956289799,0.6198107709134512,0.9296851090640236
148.69843767418445,212.9458423962324,-152.861303996725,-311.3399873581376,1483.99786306266,28.727681158946663,-283.2113782864154,-19.697058925217107
0.0004100044991007,-0.0016785231523852,18152.00077233992,20025.24187765757,21076.87389458261,14111.377211507215,-4520.632509658824,-346.6690698475787
4.850988669982909,9005.14833162152,-1093.5770645143723,891.0382667455594,-519.6789120553468,-1600.6563387660835,1404.4985710926123,504.2487000661012
-72.58586602260534,-211.34841571534463,-191.5634945339648,3499.346863697429,-566.5199093728975,10695.316898207986,1554.9225578471496,6094.859931861673
13.407818397035651,24.352115492724227,22.058849705003,21.423127711570004,26.5744620176309,37.66890834302497,23.974921680092105,21.745140980517807
43.74817565269279,50.65926264490765,77.16779554813556,68.44723357943889,45.08576055036935,29.3914814816871,41.52431036382138,49.44817323564947
489.454574136886,501.9770642237257,591.0922938509867,610.2061115670239,472.0342054887929,690.7277891272763,842.2058286331423,587.6439125237596
0.9719070845807444,0.9299498277940956,2.6199297422344383,-1.3157285755718204,-0.5206445063480012,-0.0522530893929085,2.3574780283065304,4.128076885045074
-166.87628517452086,-44.02096565958316,933.6581583862996,328.32160657494967,1557.4941577061015,78.73304115324106,479.066105677633,107.46874006221417
-0.0005427476748474,0.0007256919702546,142.74812313194434,16374.252976396938,19923.94162792356,12962.73395127558,1515.9287383387464,-197.697565491034
658.8736269555751,-1288.9087214988874,2641.8336271682647,-2401.648010887021,-203.58302467714628,1000.718549342427,1736.5239473345296,1189.6716036320372
287.1855386130203,-432.16446380239074,-140.20154764118723,5829.4760840908,2001.615708749477,3849.449527342526,-757.6796066365075,-370.5654253561059
13.662392609835,20.61236182749274,30.62122320505778,29.02623904938516,26.749194992009944,28.16090307256073,27.4478933305118,34.383197247571594
55.26275087752898,58.80349772873623,64.91319709735949,70.28350027705307,48.432544742715095,24.60883753024659,78.9828920037517,80.88316976709243
377.3949561249853,674.6683924703461,487.79237247463504,544.5864957739965,430.15462966493646,381.4559499098895,-20.85027267766464,224.0107361360272
1.763675837175663,0.4428910656879606,3.449439925948888,1.313184153057869,2.164851966731445,-0.610978528113971,1.983916546565138,-0.0562191571111705
-135.1412252593464,-237.9061938519405,-612.6641917393249,630.6011287558954,-437.2345589207698,89.34825526723438,81.4322775547962,156.20105028892036
-0.000398463476969,-0.0001101755339039,-669.0647152868073,-526.776275195713,18211.00057945942,16807.104064587886,11901.914477006849,-976.0960873568484
381.2228477619897,229.11142400657155,72.89694281002136,14511.080910524037,432.23302367179485,2120.154836614156,-1363.6619395875243,1407.0948445695296
-290.032953601733,-191.58773303363003,-389.2418971562561,808.7801185614001,-152.75727817066627,842.1996882570529,-34.556084389599675,1430.3857638776387
20.006220772366927,20.10165621443845,38.64354825055633,31.90394653805489,23.397167136582286,18.037736239242,25.286085735181068,28.008007394001115
76.42380302565306,66.3430002955876,49.62162034916993,54.34744908372091,59.49466626423205,83.78800352693668,49.31264148544708,64.83136617181574
658.8070779399776,406.2861684774744,570.8397187587834,574.8666474565118,582.4441052821953,327.7406562491025,343.76160734302096,396.6763229550645
4.433921686839209,1.9826746468064231,-1.589405081139949,0.151205838525559,3.0025732331697785,4.336877956289799,0.6198107709134512,0.9296851090640236
148.69843767418445,212.9458423962324,-152.861303996725,-311.3399873581376,1483.99786306266,28.727681158946663,-283.2113782864154,-19.697058925217107
0.0004100044991007,-0.0016785231523852,18152.00077233992,20025.24187765757,21076.87389458261,14111.377211507215,-4520.632509658824,-346.6690698475787
4.850988669982909,9005.14833162152,-1093.5770645143723,891.0382667455594,-519.6789120553468,-1600.6563387660835,1404.4985710926123,504.2487000661012
-72.58586602260534,-211.34841571534463,-191.5634945339648,3499.346863697429,-566.5199093728975,10695.316898207986,1554.9225578471496,6094.859931861673
13.407818397035651,24.352115492724227,22.058849705003,21.423127711570004,26.5744620176309,37.66890834302497,23.974921680092105,21.745140980517807
43.74817565269279,50.65926264490765,77.16779554813556,68.44723357943889,45.08576055036935,29.3914814816871,41.52431036382138,49.44817323564947
489.454574136886,501.9770642237257,591.0922938509867,610.2061115670239,472.0342054887929,690.7277891272763,842.2058286331423,587.6439125237596
0.9719070845807444,0.9299498277940956,2.6199297422344383,-1.3157285755718204,-0.5206445063480012,-0.0522530893929085,2.3574780283065304,4.128076885045074
-166.87628517452086,-44.02096565958316,933.6581583862996,328.32160657494967,1557.4941577061015,78.73304115324106,479.066105677633,107.46874006221417
-0.0005427476748474,0.0007256919702546,142.74812313194434,16374.252976396938,19923.94162792356,12962.73395127558,1515.9287383387464,-197.697565491034
658.8736269555751,-1288.9087214988874,2641.8336271682647,-2401.648010887021,-203.58302467714628,1000.718549342427,1736.5239473345296,1189.6716036320372
287.1855386130203,-432.16446380239074,-140.20154764118723,5829.4760840908,2001.615708749477,3849.449527342526,-757.6796066365075,-370.5654253561059
13.662392609835,20.61236182749274,30.62122320505778,29.02623904938516,26.749194992009944,28.16090307256073,27.4478933305118,34.383197247571594
55.26275087752898,58.80349772873623,64.91319709735949,70.28350027705307,48.432544742715095,24.60883753024659,78.9828920037517,80.88316976709243
377.3949561249853,674.6683924703461,487.79237247463504,544.5864957739965,430.15462966493646,381.4559499098895,-20.85027267766464,224.0107361360272
1.763675837175663,0.4428910656879606,3.449439925948888,1.313184153057869,2.164851966731445,-0.610978528113971,1.983916546565138,-0.0562191571111705
-135.1412252593464,-237.9061938519405,-612.6641917393249,630.6011287558954,-437.2345589207698,89.34825526723438,81.4322775547962,156.20105028892036
-0.000398463476969,-0.0001101755339039,-669.0647152868073,-526.776275195713,18211.00057945942,16807.104064587886,11901.914477006849,-976.0960873568484
381.2228477619897,229.11142400657155,72.89694281002136,14511.080910524037,432.23302367179485,2120.154836614156,-1363.6619395875243,1407.0948445695296
-290.032953601733,-191.58773303363003,-389.2418971562561,808.7801185614001,-152.75727817066627,842.1996882570529,-34.556084389599675,1430.3857638776387
20.006220772366927,20.10165621443845,38.64354825055633,31.90394653805489,23.397167136582286,18.037736239242,25.286085735181068,28.008007394001115
76.42380302565306,66.3430002955876,49.62162034916993,54.34744908372091,59.49466626423205,83.78800352693668,49.31264148544708,64.83136617181574
658.8070779399776,406.2861684774744,570.8397187587834,574.8666474565118,582.4441052821953,327.7406562491025,343.76160734302096,396.6763229550645
4.433921686839209,1.9826746468064231,-1.589405081139949,0.151205838525559,3.0025732331697785,4.336877956289799,0.6198107709134512,0.9296851090640236
148.69843767418445,212.9458423962324,-152.861303996725,-311.3399873581376,1483.99786306266,28.727681158946663,-283.2113782864154,-19.697058925217107
0.0004100044991007,-0.0016785231523852,18152.00077233992,20025.24187765757,21076.87389458261,14111.377211507215,-4520.632509658824,-346.6690698475787
4.850988669982909,9005.14833162152,-1093.5770645143723,891.0382667455594,-519.6789120553468,-1600.6563387660835,1404.4985710926123,504.2487000661012
-72.58586602260534,-211.34841571534463,-191.5634945339648,3499.346863697429,-566.5199093728975,10695.316898207986,1554.9225578471496,6094.859931861673
13.407818397035651,24.352115492724227,22.058849705003,21.423127711570004,26.5744620176309,37.66890834302497,23.974921680092105,21.745140980517807
43.74817565269279,50.65926264490765,77.16779554813556,68.44723357943889,45.08576055036935,29.3914814816871,41.52431036382138,49.44817323564947
489.454574136886,501.9770642237257,591.0922938509867,610.2061115670239,472.0342054887929,690.7277891272763,842.2058286331423,587.6439125237596
0.9719070845807444,0.9299498277940956,2.6199297422344383,-1.3157285755718204,-0.5206445063480012,-0.0522530893929085,2.3574780283065304,4.128076885045074
-166.87628517452086,-44.02096565958316,933.6581583862996,328.32160657494967,1557.4941577061015,78.73304115324106,479.066105677633,107.46874006221417
-0.0005427476748474,0.0007256919702546,142.74812313194434,16374.252976396938,19923.94162792356,12962.73395127558,1515.9287383387464,-197.697565491034
658.8736269555751,-1288.9087214988874,2641.8336271682647,-2401.648010887021,-203.58302467714628,1000.718549342427,1736.5239473345296,1189.6716036320372
287.1855386130203,-432.16446380239074,-140.20154764118723,5829.4760840908,2001.615708749477,3849.449527342526,-757.6796066365075,-370.5654253561059
13.662392609835,20.61236182749274,30.62122320505778,29.02623904938516,26.749194992009944,28.16090307256073,27.4478933305118,34.383197247571594
55.26275087752898,58.80349772873623,64.91319709735949,70.28350027705307,48.432544742715095,24.60883753024659,78.9828920037517,80.88316976709243
377.3949561249853,674.6683924703461,487.79237247463504,544.5864957739965,430.15462966493646,381.4559499098895,-20.85027267766464,224.0107361360272
1.763675837175663,0.4428910656879606,3.449439925948888,1.313184153057869,2.164851966731445,-0.610978528113971,1.983916546565138,-0.0562191571111705
-135.1412252593464,-237.9061938519405,-612.6641917393249,630.6011287558954,-437.2345589207698,89.34825526723438,81.4322775547962,156.20105028892036
-0.000398463476969,-0.0001101755339039,-669.0647152868073,-526.776275195713,18211.00057945942,16807.104064587886,11901.914477006849,-976.0960873568484
381.2228477619897,229.11142400657155,72.89694281002136,14511.080910524037,432.23302367179485,2120.154836614156,-1363.6619395875243,1407.0948445695296
-290.032953601733,-191.58773303363003,-389.2418971562561,808.7801185614001,-152.75727817066627,842.1996882570529,-34.556084389599675,1430.3857638776387
20.006220772366927,20.10165621443845,38.64354825055633,31.90394653805489,23.397167136582286,18.037736239242,25.286085735181068,28.008007394001115
76.42380302565306,66.3430002955876,49.62162034916993,54.34744908372091,59.49466626423205,83.78800352693668,49.31264148544708,64.83136617181574
658.8070779399776,406.2861684774744,570.8397187587834,574.8666474565118,582.4441052821953,327.7406562491025,343.76160734302096,396.6763229550645
4.433921686839209,1.9826746468064231,-1.589405081139949,0.151205838525559,3.0025732331697785,4.336877956289799,0.6198107709134512,0.9296851090640236
148.69843767418445,212.9458423962324,-152.861303996725,-311.3399873581376,1483.99786306266,28.727681158946663,-283.2113782864154,-19.697058925217107
0.0004100044991007,-0.0016785231523852,18152.00077233992,20025.24187765757,21076.87389458261,14111.377211507215,-4520.632509658824,-346.6690698475787
4.850988669982909,9005.14833162152,-1093.5770645143723,891.0382667455594,-519.6789120553468,-1600.6563387660835,1404.4985710926123,504.2487000661012
-72.58586602260534,-211.34841571534463,-191.5634945339648,3499.346863697429,-566.5199093728975,10695.316898207986,1554.9225578471496,6094.859931861673
13.407818397035651,24.352115492724227,22.058849705003,21.423127711570004,26.5744620176309,37.66890834302497,23.974921680092105,21.745140980517807
43.74817565269279,50.65926264490765,77.16779554813556,68.44723357943889,45.08576055036935,29.3914814816871,41.52431036382138,49.44817323564947
489.454574136886,501.9770642237257,591.0922938509867,610.2061115670239,472.0342054887929,690.7277891272763,842.2058286331423,587.6439125237596
0.9719070845807444,0.9299498277940956,2.6199297422344383,-1.3157285755718204,-0.5206445063480012,-0.0522530893929085,2.3574780283065304,4.128076885045074
-166.87628517452086,-44.02096565958316,933.6581583862996,328.32160657494967,1557.4941577061015,78.73304115324106,479.066105677633,107.46874006221417
-0.0005427476748474,0.0007256919702546,142.74812313194434,16374.252976396938,19923.94162792356,12962.73395127558,1515.9287383387464,-197.697565491034
658.8736269555751,-1288.9087214988874,2641.8336271682647,-2401.648010887021,-203.58302467714628,1000.718549342427,1736.5239473345296,1189.6716036320372
287.1855386130203,-432.16446380239074,-140.20154764118723,5829.4760840908,2001.615708749477,3849.449527342526,-757.6796066365075,-370.5654253561059
13.662392609835,20.61236182749274,30.62122320505778,29.02623904938516,26.749194992009944,28.16090307256073,27.4478933305118,34.383197247571594
55.26275087752898,58.80349772873623,64.91319709735949,70.28350027705307,48.432544742715095,24.60883753024659,78.9828920037517,80.88316976709243
377.3949561249853,674.6683924703461,487.79237247463504,544.5864957739965,430.15462966493646,381.4559499098895,-20.85027267766464,224.0107361360272
1.763675837175663,0.4428910656879606,3.449439925948888,1.313184153057869,2.164851966731445,-0.610978528113971,1.983916546565138,-0.0562191571111705
-135.1412252593464,-237.9061938519405,-612.6641917393249,630.6011287558954,-437.2345589207698,89.34825526723438,81.4322775547962,156.20105028892036
-0.000398463476969,-0.0001101755339039,-669.0647152868073,-526.776275195713,18211.00057945942,16807.104064587886,11901.914477006849,-976.0960873568484
381.2228477619897,229.11142400657155,72.89694281002136,14511.080910524037,432.23302367179485,2120.154836614156,-1363.6619395875243,1407.0948445695296
-290.032953601733,-191.58773303363003,-389.2418971562561,808.7801185614001,-152.75727817066627,842.1996882570529,-34.556084389599675,1430.3857638776387
20.006220772366927,20.10165621443845,38.64354825055633,31.90394653805489,23.397167136582286,18.037736239242,25.286085735181068,28.008007394001115
76.42380302565306,66.3430002955876,49.62162034916993,54.34744908372091,59.49466626423205,83.78800352693668,49.31264148544708,64.83136617181574
658.8070779399776,406.2861684774744,570.8397187587834,574.8666474565118,582.4441052821953,327.7406562491025,343.76160734302096,396.6763229550645
4.433921686839209,1.9826746468064231,-1.589405081139949,0.151205838525559,3.0025732331697785,4.336877956289799,0.6198107709134512,0.9296851090640236
148.69843767418445,212.9458423962324,-152.861303996725,-311.3399873581376,1483.99786306266,28.727681158946663,-283.2113782864154,-19.697058925217107
0.0004100044991007,-0.0016785231523852,18152.00077233992,20025.24187765757,21076.87389458261,14111.377211507215,-4520.632509658824,-346.6690698475787
4.850988669982909,9005.14833162152,-1093.5770645143723,891.0382667455594,-519.6789120553468,-1600.6563387660835,1404.4985710926123,504.2487000661012
-72.58586602260534,-211.34841571534463,-191.5634945339648,3499.346863697429,-566.5199093728975,10695.316898207986,1554.9225578471496,6094.859931861673
13.407818397035651,24.352115492724227,22.058849705003,21.423127711570004,26.5744620176309,37.66890834302497,23.974921680092105,21.745140980517807
43.74817565269279,50.65926264490765,77.16779554813556,68.44723357943889,45.08576055036935,29.3914814816871,41.52431036382138,49.44817323564947
489.454574136886,501.9770642237257,591.0922938509867,610.2061115670239,472.0342054887929,690.7277891272763,842.2058286331423,587.6439125237596
0.9719070845807444,0.9299498277940956,2.6199297422344383,-1.3157285755718204,-0.5206445063480012,-0.0522530893929085,2.3574780283065304,4.128076885045074
-166.87628517452086,-44.02096565958316,933.6581583862996,328.32160657494967,1557.4941577061015,78.73304115324106,479.066105677633,107.46874006221417
-0.0005427476748474,0.0007256919702546,142.74812313194434,16374.252976396938,19923.94162792356,12962.73395127558,1515.9287383387464,-197.697565491034
658.8736269555751,-1288.9087214988874,2641.8336271682647,-2401.648010887021,-203.58302467714628,1000.718549342427,1736.5239473345296,1189.6716036320372
287.1855386130203,-432.16446380239074,-140.20154764118723,5829.4760840908,2001.615708749477,3849.449527342526,-757.6796066365075,-370.5654253561059
13.662392609835,20.61236182749274,30.62122320505778,29.02623904938516,26.749194992009944,28.16090307256073,27.4478933305118,34.383197247571594
55.26275087752898,58.80349772873623,64.91319709735949,70.28350027705307,48.432544742715095,24.60883753024659,78.9828920037517,80.88316976709243
377.3949561249853,674.6683924703461,487.79237247463504,544.5864957739965,430.15462966493646,381.4559499098895,-20.85027267766464,224.0107361360272
1.763675837175663,0.4428910656879606,3.449439925948888,1.313184153057869,2.164851966731445,-0.610978528113971,1.983916546565138,-0.0562191571111705
-135.1412252593464,-237.9061938519405,-612.6641917393249,630.6011287558954,-437.2345589207698,89.34825526723438,81.4322775547962,156.20105028892036
-0.000398463476969,-0.0001101755339039,-669.0647152868073,-526.776275195713,18211.00057945942,16807.104064587886,11901.914477006849,-976.0960873568484
381.2228477619897,229.11142400657155,72.89694281002136,14511.080910524037,432.23302367179485,2120.154836614156,-1363.6619395875243,1407.0948445695296
-290.032953601733,-191.58773303363003,-389.2418971562561,808.7801185614001,-152.75727817066627,842.1996882570529,-34.556084389599675,1430.3857638776387
20.006220772366927,20.10165621443845,38.64354825055633,31.90394653805489,23.397167136582286,18.037736239242,25.286085735181068,28.008007394001115
76.42380302565306,66.3430002955876,49.62162034916993,54.34744908372091,59.49466626423205,83.78800352693668,49.31264148544708,64.83136617181574
658.8070779399776,406.2861684774744,570.8397187587834,574.8666474565118,582.4441052821953,327.7406562491025,343.76160734302096,396.6763229550645
4.433921686839209,1.9826746468064231,-1.589405081139949,0.151205838525559,3.0025732331697785,4.336877956289799,0.6198107709134512,0.9296851090640236
148.69843767418445,212.9458423962324,-152.861303996725,-311.3399873581376,1483.99786306266,28.727681158946663,-283.2113782864154,-19.697058925217107
0.0004100044991007,-0.0016785231523852,18152.00077233992,20025.24187765757,21076.87389458261,14111.377211507215,-4520.632509658824,-346.6690698475787
4.850988669982909,9005.14833162152,-1093.5770645143723,891.0382667455594,-519.6789120553468,-1600.6563387660835,1404.4985710926123,504.2487000661012
-72.58586602260534,-211.34841571534463,-191.5634945339648,3499.346863697429,-566.5199093728975,10695.316898207986,1554.9225578471496,6094.859931861673
13.407818397035651,24.352115492724227,22.058849705003,21.423127711570004,26.5744620176309,37.66890834302497,23.974921680092105,21.745140980517807
43.74817565269279,50.65926264490765,77.16779554813556,68.44723357943889,45.08576055036935,29.3914814816871,41.52431036382138,49.44817323564947
489.454574136886,501.9770642237257,591.0922938509867,610.2061115670239,472.0342054887929,690.7277891272763,842.2058286331423,587.6439125237596
0.9719070845807444,0.9299498277940956,2.6199297422344383,-1.3157285755718204,-0.5206445063480012,-0.0522530893929085,2.3574780283065304,4.128076885045074
-166.87628517452086,-44.02096565958316,933.6581583862996,328.32160657494967,1557.4941577061015,78.73304115324106,479.066105677633,107.46874006221417
-0.0005427476748474,0.0007256919702546,142.74812313194434,16374.252976396938,19923.94162792356,12962.73395127558,1515.9287383387464,-197.697565491034
658.8736269555751,-1288.9087214988874,2641.8336271682647,-2401.648010887021,-203.58302467714628,1000.718549342427,1736.5239473345296,1189.6716036320372
287.1855386130203,-432.16446380239074,-140.20154764118723,5829.4760840908,2001.615708749477,3849.449527342526,-757.6796066365075,-370.5654253561059
13.662392609835,20.61236182749274,30.62122320505778,29.02623904938516,26.749194992009944,28.16090307256073,27.4478933305118,34.383197247571594
55.26275087752898,58.80349772873623,64.91319709735949,70.28350027705307,48.432544742715095,24.60883753024659,78.9828920037517,80.88316976709243
377.3949561249853,674.6683924703461,487.79237247463504,544.5864957739965,430.15462966493646,381.4559499098895,-20.85027267766464,224.0107361360272
1.763675837175663,0.4428910656879606,3.449439925948888,1.313184153057869,2.164851966731445,-0.610978528113971,1.983916546565138,-0.0562191571111705
-135.1412252593464,-237.9061938519405,-612.6641917393249,630.6011287558954,-437.2345589207698,89.34825526723438,81.4322775547962,156.20105028892036
-0.000398463476969,-0.0001101755339039,-669.0647152868073,-526.776275195713,18211.00057945942,16807.104064587886,11901.914477006849,-976.0960873568484
381.2228477619897,229.11142400657155,72.89694281002136,14511.080910524037,432.23302367179485,2120.154836614156,-1363.6619395875243,1407.0948445695296
-290.032953601733,-191.58773303363003,-389.2418971562561,808.7801185614001,-152.75727817066627,842.1996882570529,-34.556084389599675,1430.3857638776387
20.006220772366927,20.10165621443845,38.64354825055633,31.90394653805489,23.397167136582286,18.037736239242,25.286085735181068,28.008007394001115
76.42380302565306,66.3430002955876,49.62162034916993,54.34744908372091,59.49466626423205,83.78800352693668,49.31264148544708,64.83136617181574
658.8070779399776,406.2861684774744,570.8397187587834,574.8666474565118,582.4441052821953,327.7406562491025,343.76160734302096,396.6763229550645
4.433921686839209,1.9826746468064231,-1.589405081139949,0.151205838525559,3.0025732331697785,4.336877956289799,0.6198107709134512,0.9296851090640236
148.69843767418445,212.9458423962324,-152.861303996725,-311.3399873581376,1483.99786306266,28.727681158946663,-283.2113782864154,-19.697058925217107
0.0004100044991007,-0.0016785231523852,18152.00077233992,20025.24187765757,21076.87389458261,14111.377211507215,-4520.632509658824,-346.6690698475787
4.850988669982909,9005.14833162152,-1093.5770645143723,891.0382667455594,-519.6789120553468,-1600.6563387660835,1404.4985710926123,504.2487000661012
-72.58586602260534,-211.34841571534463,-191.5634945339648,3499.346863697429,-566.5199093728975,10695.316898207986,1554.9225578471496,6094.859931861673
13.407818397035651,24.352115492724227,22.058849705003,21.423127711570004,26.5744620176309,37.66890834302497,23.974921680092105,21.745140980517807
43.74817565269279,50.65926264490765,77.16779554813556,68.44723357943889,45.08576055036935,29.3914814816871,41.52431036382138,49.44817323564947
489.454574136886,501.9770642237257,591.0922938509867,610.2061115670239,472.0342054887929,690.7277891272763,842.2058286331423,587.6439125237596
0.9719070845807444,0.9299498277940956,2.6199297422344383,-1.3157285755718204,-0.5206445063480012,-0.0522530893929085,2.3574780283065304,4.128076885045074
-166.87628517452086,-44.02096565958316,933.6581583862996,328.32160657494967,1557.4941577061015,78.73304115324106,479.066105677633,107.46874006221417
-0.0005427476748474,0.0007256919702546,142.74812313194434,16374.252976396938,19923.94162792356,12962.73395127558,1515.9287383387464,-197.697565491034
658.8736269555751,-1288.9087214988874,2641.8336271682647,-2401.648010887021,-203.58302467714628,1000.718549342427,1736.5239473345296,1189.6716036320372
287.1855386130203,-432.16446380239074,-140.20154764118723,5829.4760840908,2001.615708749477,3849.449527342526,-757.6796066365075,-370.5654253561059
13.662392609835,20.61236182749274,30.62122320505778,29.02623904938516,26.749194992009944,28.16090307256073,27.4478933305118,34.383197247571594
55.26275087752898,58.80349772873623,64.91319709735949,70.28350027705307,48.432544742715095,24.60883753024659,78.9828920037517,80.88316976709243
377.3949561249853,674.6683924703461,487.79237247463504,544.5864957739965,430.15462966493646,381.4559499098895,-20.85027267766464,224.0107361360272
1.763675837175663,0.4428910656879606,3.449439925948888,1.313184153057869,2.164851966731445,-0.610978528113971,1.983916546565138,-0.0562191571111705
-135.1412252593464,-237.9061938519405,-612.6641917393249,630.6011287558954,-437.2345589207698,89.34825526723438,81.4322775547962,156.20105028892036
-0.000398463476969,-0.0001101755339039,-669.0647152868073,-526.776275195713,18211.00057945942,16807.104064587886,11901.914477006849,-976.0960873568484
381.2228477619897,229.11142400657155,72.89694281002136,14511.080910524037,432.23302367179485,2120.154836614156,-1363.6619395875243,1407.0948445695296
-290.032953601733,-191.58773303363003,-389.2418971562561,808.7801185614001,-152.75727817066627,842.1996882570529,-34.556084389599675,1430.3857638776387
20.006220772366927,20.10165621443845,38.64354825055633,31.90394653805489,23.397167136582286,18.037736239242,25.286085735181068,28.008007394001115
76.42380302565306,66.3430002955876,49.62162034916993,54.34744908372091,59.49466626423205,83.78800352693668,49.31264148544708,64.83136617181574
658.8070779399776,406.2861684774744,570.8397187587834,574.8666474565118,582.4441052821953,327.7406562491025,343.76160734302096,396.6763229550645
4.433921686839209,1.9826746468064231,-1.589405081139949,0.151205838525559,3.0025732331697785,4.336877956289799,0.6198107709134512,0.9296851090640236
148.69843767418445,212.9458423962324,-152.861303996725,-311.3399873581376,1483.99786306266,28.727681158946663,-283.2113782864154,-19.697058925217107
0.0004100044991007,-0.0016785231523852,18152.00077233992,20025.24187765757,21076.87389458261,14111.377211507215,-4520.632509658824,-346.6690698475787
4.850988669982909,9005.14833162152,-1093.5770645143723,891.0382667455594,-519.6789120553468,-1600.6563387660835,1404.4985710926123,504.2487000661012
-72.58586602260534,-211.34841571534463,-191.5634945339648,3499.346863697429,-566.5199093728975,10695.316898207986,1554.9225578471496,6094.859931861673
13.407818397035651,24.352115492724227,22.058849705003,21.423127711570004,26.5744620176309,37.66890834302497,23.974921680092105,21.745140980517807
43.74817565269279,50.65926264490765,77.16779554813556,68.44723357943889,45.08576055036935,29.3914814816871,41.52431036382138,49.44817323564947
489.454574136886,501.9770642237257,591.0922938509867,610.2061115670239,472.0342054887929,690.7277891272763,842.2058286331423,587.6439125237596
0.9719070845807444,0.9299498277940956,2.6199297422344383,-1.3157285755718204,-0.5206445063480012,-0.0522530893929085,2.3574780283065304,4.128076885045074
-166.87628517452086,-44.02096565958316,933.6581583862996,328.32160657494967,1557.4941577061015,78.73304115324106,479.066105677633,107.46874006221417
-0.0005427476748474,0.0007256919702546,142.74812313194434,16374.252976396938,19923.94162792356,12962.73395127558,1515.9287383387464,-197.697565491034
658.8736269555751,-1288.9087214988874,2641.8336271682647,-2401.648010887021,-203.58302467714628,1000.718549342427,1736.5239473345296,1189.6716036320372
287.1855386130203,-432.16446380239074,-140.20154764118723,5829.4760840908,2001.615708749477,3849.449527342526,-757.6796066365075,-370.5654253561059
13.662392609835,20.61236182749274,30.62122320505778,29.02623904938516,26.749194992009944,28.16090307256073,27.4478933305118,34.383197247571594
55.26275087752898,58.80349772873623,64.91319709735949,70.28350027705307,48.432544742715095,24.60883753024659,78.9828920037517,80.88316976709243
377.3949561249853,674.6683924703461,487.79237247463504,544.5864957739965,430.15462966493646,381.4559499098895,-20.85027267766464,224.0107361360272
1.763675837175663,0.4428910656879606,3.449439925948888,1.313184153057869,2.164851966731445,-0.610978528113971,1.983916546565138,-0.0562191571111705
-135.1412252593464,-237.9061938519405,-612.6641917393249,630.6011287558954,-437.2345589207698,89.34825526723438,81.4322775547962,156.20105028892036
-0.000398463476969,-0.0001101755339039,-669.0647152868073,-526.776275195713,18211.00057945942,16807.104064587886,11901.914477006849,-976.0960873568484
381.2228477619897,229.11142400657155,72.89694281002136,14511.080910524037,432.23302367179485,2120.154836614156,-1363.6619395875243,1407.0948445695296
-290.032953601733,-191.58773303363003,-389.2418971562561,808.7801185614001,-152.75727817066627,842.1996882570529,-34.556084389599675,1430.3857638776387
20.006220772366927,20.10165621443845,38.64354825055633,31.90394653805489,23.397167136582286,18.037736239242,25.286085735181068,28.008007394001115
76.42380302565306,66.3430002955876,49.62162034916993,54.34744908372091,59.49466626423205,83.78800352693668,49.31264148544708,64.83136617181574
658.8070779399776,406.2861684774744,570.8397187587834,574.8666474565118,582.4441052821953,327.7406562491025,343.76160734302096,396.6763229550645
4.433921686839209,1.9826746468064231,-1.589405081139949,0.151205838525559,3.0025732331697785,4.336877956289799,0.6198107709134512,0.9296851090640236
148.69843767418445,212.9458423962324,-152.861303996725,-311.3399873581376,1483.99786306266,28.727681158946663,-283.2113782864154,-19.697058925217107
0.0004100044991007,-0.0016785231523852,18152.00077233992,20025.24187765757,21076.87389458261,14111.377211507215,-4520.632509658824,-346.6690698475787
4.850988669982909,9005.14833162152,-1093.5770645143723,891.0382667455594,-519.6789120553468,-1600.6563387660835,1404.4985710926123,504.2487000661012
-72.58586602260534,-211.34841571534463,-191.5634945339648,3499.346863697429,-566.5199093728975,10695.316898207986,1554.9225578471496,6094.859931861673
13.407818397035651,24.352115492724227,22.058849705003,21.423127711570004,26.5744620176309,37.66890834302497,23.974921680092105,21.745140980517807
43.74817565269279,50.65926264490765,77.16779554813556,68.44723357943889,45.08576055036935,29.3914814816871,41.52431036382138,49.44817323564947
489.454574136886,501.9770642237257,591.0922938509867,610.2061115670239,472.0342054887929,690.7277891272763,842.2058286331423,587.6439125237596
0.9719070845807444,0.9299498277940956,2.6199297422344383,-1.3157285755718204,-0.5206445063480012,-0.0522530893929085,2.3574780283065304,4.128076885045074
-166.87628517452086,-44.02096565958316,933.6581583862996,328.32160657494967,1557.4941577061015,78.73304115324106,479.066105677633,107.46874006221417
-0.0005427476748474,0.0007256919702546,142.74812313194434,16374.252976396938,19923.94162792356,12962.73395127558,1515.9287383387464,-197.697565491034
658.8736269555751,-1288.9087214988874,2641.8336271682647,-2401.648010887021,-203.58302467714628,1000.718549342427,1736.5239473345296,1189.6716036320372
287.1855386130203,-432.16446380239074,-140.20154764118723,5829.4760840908,2001.615708749477,3849.449527342526,-757.6796066365075,-370.5654253561059
13.662392609835,20.61236182749274,30.62122320505778,29.02623904938516,26.749194992009944,28.16090307256073,27.4478933305118,34.383197247571594
55.26275087752898,58.80349772873623,64.91319709735949,70.28350027705307,48.432544742715095,24.60883753024659,78.9828920037517,80.88316976709243
377.3949561249853,674.6683924703461,487.79237247463504,544.5864957739965,430.15462966493646,381.4559499098895,-20.85027267766464,224.0107361360272
1.763675837175663,0.4428910656879606,3.449439925948888,1.313184153057869,2.164851966731445,-0.610978528113971,1.983916546565138,-0.0562191571111705
-135.1412252593464,-237.9061938519405,-612.6641917393249,630.6011287558954,-437.2345589207698,89.34825526723438,81.4322775547962,156.20105028892036
-0.000398463476969,-0.0001101755339039,-669.0647152868073,-526.776275195713,18211.00057945942,16807.104064587886,11901.914477006849,-976.0960873568484
381.2228477619897,229.11142400657155,72.89694281002136,14511.080910524037,432.23302367179485,2120.154836614156,-1363.6619395875243,1407.0948445695296
-290.032953601733,-191.58773303363003,-389.2418971562561,808.7801185614001,-152.75727817066627,842.1996882570529,-34.556084389599675,1430.3857638776387
20.006220772366927,20.10165621443845,38.64354825055633,31.90394653805489,23.397167136582286,18.037736239242,25.286085735181068,28.008007394001115
76.42380302565306,66.3430002955876,49.62162034916993,54.34744908372091,59.49466626423205,83.78800352693668,49.31264148544708,64.83136617181574
658.8070779399776,406.2861684774744,570.8397187587834,574.8666474565118,582.4441052821953,327.7406562491025,343.76160734302096,396.6763229550645
4.433921686839209,1.9826746468064231,-1.589405081139949,0.151205838525559,3.0025732331697785,4.336877956289799,0.6198107709134512,0.9296851090640236
148.69843767418445,212.9458423962324,-152.861303996725,-311.3399873581376,1483.99786306266,28.727681158946663,-283.2113782864154,-19.697058925217107
0.0004100044991007,-0.0016785231523852,18152.00077233992,20025.24187765757,21076.87389458261,14111.377211507215,-4520.632509658824,-346.6690698475787
4.850988669982909,9005.14833162152,-1093.5770645143723,891.0382667455594,-519.6789120553468,-1600.6563387660835,1404.4985710926123,504.2487000661012
-72.58586602260534,-211.34841571534463,-191.5634945339648,3499.346863697429,-566.5199093728975,10695.316898207986,1554.9225578471496,6094.859931861673
13.407818397035651,24.352115492724227,22.058849705003,21.423127711570004,26.5744620176309,37.66890834302497,23.974921680092105,21.745140980517807
43.74817565269279,50.65926264490765,77.16779554813556,68.44723357943889,45.08576055036935,29.3914814816871,41.52431036382138,49.44817323564947
489.454574136886,501.9770642237257,591.0922938509867,610.2061115670239,472.0342054887929,690.7277891272763,842.2058286331423,587.6439125237596
0.9719070845807444,0.9299498277940956,2.6199297422344383,-1.3157285755718204,-0.5206445063480012,-0.0522530893929085,2.3574780283065304,4.128076885045074
-166.87628517452086,-44.02096565958316,933.6581583862996,328.32160657494967,1557.4941577061015,78.73304115324106,479.066105677633,107.46874006221417
-0.0005427476748474,0.0007256919702546,142.74812313194434,16374.252976396938,19923.94162792356,12962.73395127558,1515.9287383387464,-197.697565491034
658.8736269555751,-1288.9087214988874,2641.8336271682647,-2401.648010887021,-203.58302467714628,1000.718549342427,1736.5239473345296,1189.6716036320372
287.1855386130203,-432.16446380239074,-140.20154764118723,5829.4760840908,2001.615708749477,3849.449527342526,-757.6796066365075,-370.5654253561059
13.662392609835,20.61236182749274,30.62122320505778,29.02623904938516,26.749194992009944,28.16090307256073,27.4478933305118,34.383197247571594
55.26275087752898,58.80349772873623,64.91319709735949,70.28350027705307,48.432544742715095,24.60883753024659,78.9828920037517,80.88316976709243
377.3949561249853,674.6683924703461,487.79237247463504,544.5864957739965,430.15462966493646,381.4559499098895,-20.85027267766464,224.0107361360272
1.763675837175663,0.4428910656879606,3.449439925948888,1.313184153057869,2.164851966731445,-0.610978528113971,1.983916546565138,-0.0562191571111705
-135.1412252593464,-237.9061938519405,-612.6641917393249,630.6011287558954,-437.2345589207698,89.34825526723438,81.4322775547962,156.20105028892036
-0.000398463476969,-0.0001101755339039,-669.0647152868073,-526.776275195713,18211.00057945942,16807.104064587886,11901.914477006849,-976.0960873568484
381.2228477619897,229.11142400657155,72.89694281002136,14511.080910524037,432.23302367179485,2120.154836614156,-1363.6619395875243,1407.0948445695296
-290.032953601733,-191.58773303363003,-389.2418971562561,808.7801185614001,-152.75727817066627,842.1996882570529,-34.556084389599675,1430.3857638776387
20.006220772366927,20.10165621443845,38.64354825055633,31.90394653805489,23.397167136582286,18.037736239242,25.286085735181068,28.008007394001115
76.42380302565306,66.3430002955876,49.62162034916993,54.34744908372091,59.49466626423205,83.78800352693668,49.31264148544708,64.83136617181574
658.8070779399776,406.2861684774744,570.8397187587834,574.8666474565118,582.4441052821953,327.7406562491025,343.76160734302096,396.6763229550645
4.433921686839209,1.9826746468064231,-1.589405081139949,0.151205838525559,3.0025732331697785,4.336877956289799,0.6198107709134512,0.9296851090640236
148.69843767418445,212.9458423962324,-152.861303996725,-311.3399873581376,1483.99786306266,28.727681158946663,-283.2113782864154,-19.697058925217107
0.0004100044991007,-0.0016785231523852,18152.00077233992,20025.24187765757,21076.87389458261,14111.377211507215,-4520.632509658824,-346.6690698475787
4.850988669982909,9005.14833162152,-1093.5770645143723,891.0382667455594,-519.6789120553468,-1600.6563387660835,1404.4985710926123,504.2487000661012
-72.58586602260534,-211.34841571534463,-191.5634945339648,3499.346863697429,-566.5199093728975,10695.316898207986,1554.9225578471496,6094.859931861673
13.407818397035651,24.352115492724227,22.058849705003,21.423127711570004,26.5744620176309,37.66890834302497,23.974921680092105,21.745140980517807
43.74817565269279,50.65926264490765,77.16779554813556,68.44723357943889,45.08576055036935,29.3914814816871,41.52431036382138,49.44817323564947
489.454574136886,501.9770642237257,591.0922938509867,610.2061115670239,472.0342054887929,690.7277891272763,842.2058286331423,587.6439125237596
0.9719070845807444,0.9299498277940956,2.6199297422344383,-1.3157285755718204,-0.5206445063480012,-0.0522530893929085,2.3574780283065304,4.128076885045074
-166.87628517452086,-44.02096565958316,933.6581583862996,328.32160657494967,1557.4941577061015,78.73304115324106,479.066105677633,107.46874006221417
-0.0005427476748474,0.0007256919702546,142.74812313194434,16374.252976396938,19923.94162792356,12962.73395127558,1515.9287383387464,-197.697565491034
658.8736269555751,-1288.9087214988874,2641.8336271682647,-2401.648010887021,-203.58302467714628,1000.718549342427,1736.5239473345296,1189.6716036320372
287.1855386130203,-432.16446380239074,-140.20154764118723,5829.4760840908,2001.615708749477,3849.449527342526,-757.6796066365075,-370.5654253561059
13.662392609835,20.61236182749274,30.62122320505778,29.02623904938516,26.749194992009944,28.16090307256073,27.4478933305118,34.383197247571594
55.26275087752898,58.80349772873623,64.91319709735949,70.28350027705307,48.432544742715095,24.60883753024659,78.9828920037517,80.88316976709243
377.3949561249853,674.6683924703461,487.79237247463504,544.5864957739965,430.15462966493646,381.4559499098895,-20.85027267766464,224.0107361360272
1.763675837175663,0.4428910656879606,3.449439925948888,1.313184153057869,2.164851966731445,-0.610978528113971,1.983916546565138,-0.0562191571111705
-135.1412252593464,-237.9061938519405,-612.6641917393249,630.6011287558954,-437.2345589207698,89.34825526723438,81.4322775547962,156.20105028892036
-0.000398463476969,-0.0001101755339039,-669.0647152868073,-526.776275195713,18211.00057945942,16807.104064587886,11901.914477006849,-976.0960873568484
381.2228477619897,229.11142400657155,72.89694281002136,14511.080910524037,432.23302367179485,2120.154836614156,-1363.6619395875243,1407.0948445695296
-290.032953601733,-191.58773303363003,-389.2418971562561,808.7801185614001,-152.75727817066627,842.1996882570529,-34.556084389599675,1430.3857638776387
20.006220772366927,20.10165621443845,38.64354825055633,31.90394653805489,23.397167136582286,18.037736239242,25.286085735181068,28.008007394001115
76.42380302565306,66.3430002955876,49.62162034916993,54.34744908372091,59.49466626423205,83.78800352693668,49.31264148544708,64.83136617181574
658.8070779399776,406.2861684774744,570.8397187587834,574.8666474565118,582.4441052821953,327.7406562491025,343.76160734302096,396.6763229550645
4.433921686839209,1.9826746468064231,-1.589405081139949,0.151205838525559,3.0025732331697785,4.336877956289799,0.6198107709134512,0.9296851090640236
148.69843767418445,212.9458423962324,-152.861303996725,-311.3399873581376,1483.99786306266,28.727681158946663,-283.2113782864154,-19.697058925217107
0.0004100044991007,-0.0016785231523852,18152.00077233992,20025.24187765757,21076.87389458261,14111.377211507215,-4520.632509658824,-346.6690698475787
4.850988669982909,9005.14833162152,-1093.5770645143723,891.0382667455594,-519.6789120553468,-1600.6563387660835,1404.4985710926123,504.2487000661012
-72.58586602260534,-211.34841571534463,-191.5634945339648,3499.346863697429,-566.5199093728975,10695.316898207986,1554.9225578471496,6094.859931861673
13.407818397035651,24.352115492724227,22.058849705003,21.423127711570004,26.5744620176309,37.66890834302497,23.974921680092105,21.745140980517807
43.74817565269279,50.65926264490765,77.16779554813556,68.44723357943889,45.08576055036935,29.3914814816871,41.52431036382138,49.44817323564947
489.454574136886,501.9770642237257,591.0922938509867,610.2061115670239,472.0342054887929,690.7277891272763,842.2058286331423,587.6439125237596
0.9719070845807444,0.9299498277940956,2.6199297422344383,-1.3157285755718204,-0.5206445063480012,-0.0522530893929085,2.3574780283065304,4.128076885045074
-166.87628517452086,-44.02096565958316,933.6581583862996,328.32160657494967,1557.4941577061015,78.73304115324106,479.066105677633,107.46874006221417
-0.0005427476748474,0.0007256919702546,142.74812313194434,16374.252976396938,19923.94162792356,12962.73395127558,1515.9287383387464,-197.697565491034
658.8736269555751,-1288.9087214988874,2641.8336271682647,-2401.648010887021,-203.58302467714628,1000.718549342427,1736.5239473345296,1189.6716036320372
287.1855386130203,-432.16446380239074,-140.20154764118723,5829.4760840908,2001.615708749477,3849.449527342526,-757.6796066365075,-370.5654253561059
13.662392609835,20.61236182749274,30.62122320505778,29.02623904938516,26.749194992009944,28.16090307256073,27.4478933305118,34.383197247571594
55.26275087752898,58.80349772873623,64.91319709735949,70.28350027705307,48.432544742715095,24.60883753024659,78.9828920037517,80.88316976709243
377.3949561249853,674.6683924703461,487.79237247463504,544.5864957739965,430.15462966493646,381.4559499098895,-20.85027267766464,224.0107361360272
1.763675837175663,0.4428910656879606,3.449439925948888,1.313184153057869,2.164851966731445,-0.610978528113971,1.983916546565138,-0.0562191571111705
-135.1412252593464,-237.9061938519405,-612.6641917393249,630.6011287558954,-437.2345589207698,89.34825526723438,81.4322775547962,156.20105028892036
-0.000398463476969,-0.0001101755339039,-669.0647152868073,-526.776275195713,18211.00057945942,16807.104064587886,11901.914477006849,-976.0960873568484
381.2228477619897,229.11142400657155,72.89694281002136,14511.080910524037,432.23302367179485,2120.154836614156,-1363.6619395875243,1407.0948445695296
-290.032953601733,-191.58773303363003,-389.2418971562561,808.7801185614001,-152.75727817066627,842.1996882570529,-34.556084389599675,1430.3857638776387
20.006220772366927,20.10165621443845,38.64354825055633,31.90394653805489,23.397167136582286,18.037736239242,25.286085735181068,28.008007394001115
76.42380302565306,66.3430002955876,49.62162034916993,54.34744908372091,59.49466626423205,83.78800352693668,49.31264148544708,64.83136617181574
658.8070779399776,406.2861684774744,570.8397187587834,574.8666474565118,582.4441052821953,327.7406562491025,343.76160734302096,396.6763229550645
4.433921686839209,1.9826746468064231,-1.589405081139949,0.151205838525559,3.0025732331697785,4.336877956289799,0.6198107709134512,0.9296851090640236
148.69843767418445,212.9458423962324,-152.861303996725,-311.3399873581376,1483.99786306266,28.727681158946663,-283.2113782864154,-19.697058925217107
0.0004100044991007,-0.0016785231523852,18152.00077233992,20025.24187765757,21076.87389458261,14111.377211507215,-4520.632509658824,-346.6690698475787
4.850988669982909,9005.14833162152,-1093.5770645143723,891.0382667455594,-519.6789120553468,-1600.6563387660835,1404.4985710926123,504.2487000661012
-72.58586602260534,-211.34841571534463,-191.5634945339648,3499.346863697429,-566.5199093728975,10695.316898207986,1554.9225578471496,6094.859931861673
13.407818397035651,24.352115492724227,22.058849705003,21.423127711570004,26.5744620176309,37.66890834302497,23.974921680092105,21.745140980517807
43.74817565269279,50.65926264490765,77.16779554813556,68.44723357943889,45.08576055036935,29.3914814816871,41.52431036382138,49.44817323564947
489.454574136886,501.9770642237257,591.0922938509867,610.2061115670239,472.0342054887929,690.7277891272763,842.2058286331423,587.6439125237596
0.9719070845807444,0.9299498277940956,2.6199297422344383,-1.3157285755718204,-0.5206445063480012,-0.0522530893929085,2.3574780283065304,4.128076885045074
-166.87628517452086,-44.02096565958316,933.6581583862996,328.32160657494967,1557.4941577061015,78.73304115324106,479.066105677633,107.46874006221417
-0.0005427476748474,0.0007256919702546,142.74812313194434,16374.252976396938,19923.94162792356,12962.73395127558,1515.9287383387464,-197.697565491034
658.8736269555751,-1288.9087214988874,2641.8336271682647,-2401.648010887021,-203.58302467714628,1000.718549342427,1736.5239473345296,1189.6716036320372
287.1855386130203,-432.16446380239074,-140.20154764118723,5829.4760840908,2001.615708749477,3849.449527342526,-757.6796066365075,-370.5654253561059
13.662392609835,20.61236182749274,30.62122320505778,29.02623904938516,26.749194992009944,28.16090307256073,27.4478933305118,34.383197247571594
55.26275087752898,58.80349772873623,64.91319709735949,70.28350027705307,48.432544742715095,24.60883753024659,78.9828920037517,80.88316976709243
377.3949561249853,674.6683924703461,487.79237247463504,544.5864957739965,430.15462966493646,381.4559499098895,-20.85027267766464,224.0107361360272
1.763675837175663,0.4428910656879606,3.449439925948888,1.313184153057869,2.164851966731445,-0.610978528113971,1.983916546565138,-0.0562191571111705
-135.1412252593464,-237.9061938519405,-612.6641917393249,630.6011287558954,-437.2345589207698,89.34825526723438,81.4322775547962,156.20105028892036
-0.000398463476969,-0.0001101755339039,-669.0647152868073,-526.776275195713,18211.00057945942,16807.104064587886,11901.914477006849,-976.0960873568484
381.2228477619897,229.11142400657155,72.89694281002136,14511.080910524037,432.23302367179485,2120.154836614156,-1363.6619395875243,1407.0948445695296
-290.032953601733,-191.58773303363003,-389.2418971562561,808.7801185614001,-152.75727817066627,842.1996882570529,-34.556084389599675,1430.3857638776387
20.006220772366927,20.10165621443845,38.64354825055633,31.90394653805489,23.397167136582286,18.037736239242,25.286085735181068,28.008007394001115
76.42380302565306,66.3430002955876,49.62162034916993,54.34744908372091,59.49466626423205,83.78800352693668,49.31264148544708,64.83136617181574
658.8070779399776,406.2861684774744,570.8397187587834,574.8666474565118,582.4441052821953,327.7406562491025,343.76160734302096,396.6763229550645
4.433921686839209,1.9826746468064231,-1.589405081139949,0.151205838525559,3.0025732331697785,4.336877956289799,0.6198107709134512,0.9296851090640236
148.69843767418445,212.9458423962324,-152.861303996725,-311.3399873581376,1483.99786306266,28.727681158946663,-283.2113782864154,-19.697058925217107
0.0004100044991007,-0.0016785231523852,18152.00077233992,20025.24187765757,21076.87389458261,14111.377211507215,-4520.632509658824,-346.6690698475787
4.850988669982909,9005.14833162152,-1093.5770645143723,891.0382667455594,-519.6789120553468,-1600.6563387660835,1404.4985710926123,504.2487000661012
-72.58586602260534,-211.34841571534463,-191.5634945339648,3499.346863697429,-566.5199093728975,10695.316898207986,1554.9225578471496,6094.859931861673
13.407818397035651,24.352115492724227,22.058849705003,21.423127711570004,26.5744620176309,37.66890834302497,23.974921680092105,21.745140980517807
43.74817565269279,50.65926264490765,77.16779554813556,68.44723357943889,45.08576055036935,29.3914814816871,41.52431036382138,49.44817323564947
489.454574136886,501.9770642237257,591.0922938509867,610.2061115670239,472.0342054887929,690.7277891272763,842.2058286331423,587.6439125237596
0.9719070845807444,0.9299498277940956,2.6199297422344383,-1.3157285755718204,-0.5206445063480012,-0.0522530893929085,2.3574780283065304,4.128076885045074
-166.87628517452086,-44.02096565958316,933.6581583862996,328.32160657494967,1557.4941577061015,78.73304115324106,479.066105677633,107.46874006221417
-0.0005427476748474,0.0007256919702546,142.74812313194434,16374.252976396938,19923.94162792356,12962.73395127558,1515.9287383387464,-197.697565491034
658.8736269555751,-1288.9087214988874,2641.8336271682647,-2401.648010887021,-203.58302467714628,1000.718549342427,1736.5239473345296,1189.6716036320372
287.1855386130203,-432.16446380239074,-140.20154764118723,5829.4760840908,2001.615708749477,3849.449527342526,-757.6796066365075,-370.5654253561059
13.662392609835,20.61236182749274,30.62122320505778,29.02623904938516,26.749194992009944,28.16090307256073,27.4478933305118,34.383197247571594
55.26275087752898,58.80349772873623,64.91319709735949,70.28350027705307,48.432544742715095,24.60883753024659,78.9828920037517,80.88316976709243
377.3949561249853,674.6683924703461,487.79237247463504,544.5864957739965,430.15462966493646,381.4559499098895,-20.85027267766464,224.0107361360272
1.763675837175663,0.4428910656879606,3.449439925948888,1.313184153057869,2.164851966731445,-0.610978528113971,1.983916546565138,-0.0562191571111705
-135.1412252593464,-237.9061938519405,-612.6641917393249,630.6011287558954,-437.2345589207698,89.34825526723438,81.4322775547962,156.20105028892036
-0.000398463476969,-0.0001101755339039,-669.0647152868073,-526.776275195713,18211.00057945942,16807.104064587886,11901.914477006849,-976.0960873568484
381.2228477619897,229.11142400657155,72.89694281002136,14511.080910524037,432.23302367179485,2120.154836614156,-1363.6619395875243,1407.0948445695296
-290.032953601733,-191.58773303363003,-389.2418971562561,808.7801185614001,-152.75727817066627,842.1996882570529,-34.556084389599675,1430.3857638776387
20.006220772366927,20.10165621443845,38.64354825055633,31.90394653805489,23.397167136582286,18.037736239242,25.286085735181068,28.008007394001115
76.42380302565306,66.3430002955876,49.62162034916993,54.34744908372091,59.49466626423205,83.78800352693668,49.31264148544708,64.83136617181574
658.8070779399776,406.2861684774744,570.8397187587834,574.8666474565118,582.4441052821953,327.7406562491025,343.76160734302096,396.6763229550645
4.433921686839209,1.9826746468064231,-1.589405081139949,0.151205838525559,3.0025732331697785,4.336877956289799,0.6198107709134512,0.9296851090640236
148.69843767418445,212.9458423962324,-152.861303996725,-311.3399873581376,1483.99786306266,28.727681158946663,-283.2113782864154,-19.697058925217107
0.0004100044991007,-0.0016785231523852,18152.00077233992,20025.24187765757,21076.87389458261,14111.377211507215,-4520.632509658824,-346.6690698475787
4.850988669982909,9005.14833162152,-1093.5770645143723,891.0382667455594,-519.6789120553468,-1600.6563387660835,1404.4985710926123,504.2487000661012
-72.58586602260534,-211.34841571534463,-191.5634945339648,3499.346863697429,-566.5199093728975,10695.316898207986,1554.9225578471496,6094.859931861673
13.407818397035651,24.352115492724227,22.058849705003,21.423127711570004,26.5744620176309,37.66890834302497,23.974921680092105,21.745140980517807
43.74817565269279,50.65926264490765,77.16779554813556,68.44723357943889,45.08576055036935,29.3914814816871,41.52431036382138,49.44817323564947
489.454574136886,501.9770642237257,591.0922938509867,610.2061115670239,472.0342054887929,690.7277891272763,842.2058286331423,587.6439125237596
0.9719070845807444,0.9299498277940956,2.6199297422344383,-1.3157285755718204,-0.5206445063480012,-0.0522530893929085,2.3574780283065304,4.128076885045074
-166.87628517452086,-44.02096565958316,933.6581583862996,328.32160657494967,1557.4941577061015,78.73304115324106,479.066105677633,107.46874006221417
-0.0005427476748474,0.0007256919702546,142.74812313194434,16374.252976396938,19923.94162792356,12962.73395127558,1515.9287383387464,-197.697565491034
658.8736269555751,-1288.9087214988874,2641.8336271682647,-2401.648010887021,-203.58302467714628,1000.718549342427,1736.5239473345296,1189.6716036320372
287.1855386130203,-432.16446380239074,-140.20154764118723,5829.4760840908,2001.615708749477,3849.449527342526,-757.6796066365075,-370.5654253561059
13.662392609835,20.61236182749274,30.62122320505778,29.02623904938516,26.749194992009944,28.16090307256073,27.4478933305118,34.383197247571594
55.26275087752898,58.80349772873623,64.91319709735949,70.28350027705307,48.432544742715095,24.60883753024659,78.9828920037517,80.88316976709243
377.3949561249853,674.6683924703461,487.79237247463504,544.5864957739965,430.15462966493646,381.4559499098895,-20.85027267766464,224.0107361360272
1.763675837175663,0.4428910656879606,3.449439925948888,1.313184153057869,2.164851966731445,-0.610978528113971,1.983916546565138,-0.0562191571111705
-135.1412252593464,-237.9061938519405,-612.6641917393249,630.6011287558954,-437.2345589207698,89.34825526723438,81.4322775547962,156.20105028892036
-0.000398463476969,-0.0001101755339039,-669.0647152868073,-526.776275195713,18211.00057945942,16807.104064587886,11901.914477006849,-976.0960873568484
381.2228477619897,229.11142400657155,72.89694281002136,14511.080910524037,432.23302367179485,2120.154836614156,-1363.6619395875243,1407.0948445695296
-290.032953601733,-191.58773303363003,-389.2418971562561,808.7801185614001,-152.75727817066627,842.1996882570529,-34.556084389599675,1430.3857638776387
20.006220772366927,20.10165621443845,38.64354825055633,31.90394653805489,23.397167136582286,18.037736239242,25.286085735181068,28.008007394001115
76.42380302565306,66.3430002955876,49.62162034916993,54.34744908372091,59.49466626423205,83.78800352693668,49.31264148544708,64.83136617181574
658.8070779399776,406.2861684774744,570.8397187587834,574.8666474565118,582.4441052821953,327.7406562491025,343.76160734302096,396.6763229550645
4.433921686839209,1.9826746468064231,-1.589405081139949,0.151205838525559,3.0025732331697785,4.336877956289799,0.6198107709134512,0.9296851090640236
148.69843767418445,212.9458423962324,-152.861303996725,-311.3399873581376,1483.99786306266,28.727681158946663,-283.2113782864154,-19.697058925217107
0.0004100044991007,-0.0016785231523852,18152.00077233992,20025.24187765757,21076.87389458261,14111.377211507215,-4520.632509658824,-346.6690698475787
4.850988669982909,9005.14833162152,-1093.5770645143723,891.0382667455594,-519.6789120553468,-1600.6563387660835,1404.4985710926123,504.2487000661012
-72.58586602260534,-211.34841571534463,-191.5634945339648,3499.346863697429,-566.5199093728975,10695.316898207986,1554.9225578471496,6094.859931861673
13.407818397035651,24.352115492724227,22.058849705003,21.423127711570004,26.5744620176309,37.66890834302497,23.974921680092105,21.745140980517807
43.74817565269279,50.65926264490765,77.16779554813556,68.44723357943889,45.08576055036935,29.3914814816871,41.52431036382138,49.44817323564947
489.454574136886,501.9770642237257,591.0922938509867,610.2061115670239,472.0342054887929,690.7277891272763,842.2058286331423,587.6439125237596
0.9719070845807444,0.9299498277940956,2.6199297422344383,-1.3157285755718204,-0.5206445063480012,-0.0522530893929085,2.3574780283065304,4.128076885045074
-166.87628517452086,-44.02096565958316,933.6581583862996,328.32160657494967,1557.4941577061015,78.73304115324106,479.066105677633,107.46874006221417
-0.0005427476748474,0.0007256919702546,142.74812313194434,16374.252976396938,19923.94162792356,12962.73395127558,1515.9287383387464,-197.697565491034
658.8736269555751,-1288.9087214988874,2641.8336271682647,-2401.648010887021,-203.58302467714628,1000.718549342427,1736.5239473345296,1189.6716036320372
287.1855386130203,-432.16446380239074,-140.20154764118723,5829.4760840908,2001.615708749477,3849.449527342526,-757.6796066365075,-370.5654253561059
13.662392609835,20.61236182749274,30.62122320505778,29.02623904938516,26.749194992009944,28.16090307256073,27.4478933305118,34.383197247571594
55.26275087752898,58.80349772873623,64.91319709735949,70.28350027705307,48.432544742715095,24.60883753024659,78.9828920037517,80.88316976709243
377.3949561249853,674.6683924703461,487.79237247463504,544.5864957739965,430.15462966493646,381.4559499098895,-20.85027267766464,224.0107361360272
1.763675837175663,0.4428910656879606,3.449439925948888,1.313184153057869,2.164851966731445,-0.610978528113971,1.983916546565138,-0.0562191571111705
-135.1412252593464,-237.9061938519405,-612.6641917393249,630.6011287558954,-437.2345589207698,89.34825526723438,81.4322775547962,156.20105028892036
-0.000398463476969,-0.0001101755339039,-669.0647152868073,-526.776275195713,18211.00057945942,16807.104064587886,11901.914477006849,-976.0960873568484
381.2228477619897,229.11142400657155,72.89694281002136,14511.080910524037,432.23302367179485,2120.154836614156,-1363.6619395875243,1407.0948445695296
-290.032953601733,-191.58773303363003,-389.2418971562561,808.7801185614001,-152.75727817066627,842.1996882570529,-34.556084389599675,1430.3857638776387
20.006220772366927,20.10165621443845,38.64354825055633,31.90394653805489,23.397167136582286,18.037736239242,25.286085735181068,28.008007394001115
76.42380302565306,66.3430002955876,49.62162034916993,54.34744908372091,59.49466626423205,83.78800352693668,49.31264148544708,64.83136617181574
658.8070779399776,406.2861684774744,570.8397187587834,574.8666474565118,582.4441052821953,327.7406562491025,343.76160734302096,396.6763229550645
4.433921686839209,1.9826746468064231,-1.589405081139949,0.151205838525559,3.0025732331697785,4.336877956289799,0.6198107709134512,0.9296851090640236
148.69843767418445,212.9458423962324,-152.861303996725,-311.3399873581376,1483.99786306266,28.727681158946663,-283.2113782864154,-19.697058925217107
0.0004100044991007,-0.0016785231523852,18152.00077233992,20025.24187765757,21076.87389458261,14111.377211507215,-4520.632509658824,-346.6690698475787
4.850988669982909,9005.14833162152,-1093.5770645143723,891.0382667455594,-519.6789120553468,-1600.6563387660835,1404.4985710926123,504.2487000661012
-72.58586602260534,-211.34841571534463,-191.5634945339648,3499.346863697429,-566.5199093728975,10695.316898207986,1554.9225578471496,6094.859931861673
13.407818397035651,24.352115492724227,22.058849705003,21.423127711570004,26.5744620176309,37.66890834302497,23.974921680092105,21.745140980517807
43.74817565269279,50.65926264490765,77.16779554813556,68.44723357943889,45.08576055036935,29.3914814816871,41.52431036382138,49.44817323564947
489.454574136886,501.9770642237257,591.0922938509867,610.2061115670239,472.0342054887929,690.7277891272763,842.2058286331423,587.6439125237596
0.9719070845807444,0.9299498277940956,2.6199297422344383,-1.3157285755718204,-0.5206445063480012,-0.0522530893929085,2.3574780283065304,4.128076885045074
-166.87628517452086,-44.02096565958316,933.6581583862996,328.32160657494967,1557.4941577061015,78.73304115324106,479.066105677633,107.46874006221417
-0.0005427476748474,0.0007256919702546,142.74812313194434,16374.252976396938,19923.94162792356,12962.73395127558,1515.9287383387464,-197.697565491034
658.8736269555751,-1288.9087214988874,2641.8336271682647,-2401.648010887021,-203.58302467714628,1000.718549342427,1736.5239473345296,1189.6716036320372
287.1855386130203,-432.16446380239074,-140.20154764118723,5829.4760840908,2001.615708749477,3849.449527342526,-757.6796066365075,-370.5654253561059
13.662392609835,20.61236182749274,30.62122320505778,29.02623904938516,26.749194992009944,28.16090307256073,27.4478933305118,34.383197247571594
55.26275087752898,58.80349772873623,64.91319709735949,70.28350027705307,48.432544742715095,24.60883753024659,78.9828920037517,80.88316976709243
377.3949561249853,674.6683924703461,487.79237247463504,544.5864957739965,430.15462966493646,381.4559499098895,-20.85027267766464,224.0107361360272
1.763675837175663,0.4428910656879606,3.449439925948888,1.313184153057869,2.164851966731445,-0.610978528113971,1.983916546565138,-0.0562191571111705
-135.1412252593464,-237.9061938519405,-612.6641917393249,630.6011287558954,-437.2345589207698,89.34825526723438,81.4322775547962,156.20105028892036
-0.000398463476969,-0.0001101755339039,-669.0647152868073,-526.776275195713,18211.00057945942,16807.104064587886,11901.914477006849,-976.0960873568484
381.2228477619897,229.11142400657155,72.89694281002136,14511.080910524037,432.23302367179485,2120.154836614156,-1363.6619395875243,1407.0948445695296
-290.032953601733,-191.58773303363003,-389.2418971562561,808.7801185614001,-152.75727817066627,842.1996882570529,-34.556084389599675,1430.3857638776387
20.006220772366927,20.10165621443845,38.64354825055633,31.90394653805489,23.397167136582286,18.037736239242,25.286085735181068,28.008007394001115
76.42380302565306,66.3430002955876,49.62162034916993,54.34744908372091,59.49466626423205,83.78800352693668,49.31264148544708,64.83136617181574
658.8070779399776,406.2861684774744,570.8397187587834,574.8666474565118,582.4441052821953,327.7406562491025,343.76160734302096,396.6763229550645
4.433921686839209,1.9826746468064231,-1.589405081139949,0.151205838525559,3.0025732331697785,4.336877956289799,0.6198107709134512,0.9296851090640236
148.69843767418445,212.9458423962324,-152.861303996725,-311.3399873581376,1483.99786306266,28.727681158946663,-283.2113782864154,-19.697058925217107
0.0004100044991007,-0.0016785231523852,18152.00077233992,20025.24187765757,21076.87389458261,14111.377211507215,-4520.632509658824,-346.6690698475787
4.850988669982909,9005.14833162152,-1093.5770645143723,891.0382667455594,-519.6789120553468,-1600.6563387660835,1404.4985710926123,504.2487000661012
-72.58586602260534,-211.34841571534463,-191.5634945339648,3499.346863697429,-566.5199093728975,10695.316898207986,1554.9225578471496,6094.859931861673
13.407818397035651,24.352115492724227,22.058849705003,21.423127711570004,26.5744620176309,37.66890834302497,23.974921680092105,21.745140980517807
43.74817565269279,50.65926264490765,77.16779554813556,68.44723357943889,45.08576055036935,29.3914814816871,41.52431036382138,49.44817323564947
489.454574136886,501.9770642237257,591.0922938509867,610.2061115670239,472.0342054887929,690.7277891272763,842.2058286331423,587.6439125237596
0.9719070845807444,0.9299498277940956,2.6199297422344383,-1.3157285755718204,-0.5206445063480012,-0.0522530893929085,2.3574780283065304,4.128076885045074
-166.87628517452086,-44.02096565958316,933.6581583862996,328.32160657494967,1557.4941577061015,78.73304115324106,479.066105677633,107.46874006221417
-0.0005427476748474,0.0007256919702546,142.74812313194434,16374.252976396938,19923.94162792356,12962.73395127558,1515.9287383387464,-197.697565491034
658.8736269555751,-1288.9087214988874,2641.8336271682647,-2401.648010887021,-203.58302467714628,1000.718549342427,1736.5239473345296,1189.6716036320372
287.1855386130203,-432.16446380239074,-140.20154764118723,5829.4760840908,2001.615708749477,3849.449527342526,-757.6796066365075,-370.5654253561059
13.662392609835,20.61236182749274,30.62122320505778,29.02623904938516,26.749194992009944,28.16090307256073,27.4478933305118,34.383197247571594
55.26275087752898,58.80349772873623,64.91319709735949,70.28350027705307,48.432544742715095,24.60883753024659,78.9828920037517,80.88316976709243
377.3949561249853,674.6683924703461,487.79237247463504,544.5864957739965,430.15462966493646,381.4559499098895,-20.85027267766464,224.0107361360272
1.763675837175663,0.4428910656879606,3.449439925948888,1.313184153057869,2.164851966731445,-0.610978528113971,1.983916546565138,-0.0562191571111705
-135.1412252593464,-237.9061938519405,-612.6641917393249,630.6011287558954,-437.2345589207698,89.34825526723438,81.4322775547962,156.20105028892036
-0.000398463476969,-0.0001101755339039,-669.0647152868073,-526.776275195713,18211.00057945942,16807.104064587886,11901.914477006849,-976.0960873568484
381.2228477619897,229.11142400657155,72.89694281002136,14511.080910524037,432.23302367179485,2120.154836614156,-1363.6619395875243,1407.0948445695296
-290.032953601733,-191.58773303363003,-389.2418971562561,808.7801185614001,-152.75727817066627,842.1996882570529,-34.556084389599675,1430.3857638776387
20.006220772366927,20.10165621443845,38.64354825055633,31.90394653805489,23.397167136582286,18.037736239242,25.286085735181068,28.008007394001115
76.42380302565306,66.3430002955876,49.62162034916993,54.34744908372091,59.49466626423205,83.78800352693668,49.31264148544708,64.83136617181574
658.8070779399776,406.2861684774744,570.8397187587834,574.8666474565118,582.4441052821953,327.7406562491025,343.76160734302096,396.6763229550645
4.433921686839209,1.9826746468064231,-1.589405081139949,0.151205838525559,3.0025732331697785,4.336877956289799,0.6198107709134512,0.9296851090640236
148.69843767418445,212.9458423962324,-152.861303996725,-311.3399873581376,1483.99786306266,28.727681158946663,-283.2113782864154,-19.697058925217107
0.0004100044991007,-0.0016785231523852,18152.00077233992,20025.24187765757,21076.87389458261,14111.377211507215,-4520.632509658824,-346.6690698475787
4.850988669982909,9005.14833162152,-1093.5770645143723,891.0382667455594,-519.6789120553468,-1600.6563387660835,1404.4985710926123,504.2487000661012
-72.58586602260534,-211.34841571534463,-191.5634945339648,3499.346863697429,-566.5199093728975,10695.316898207986,1554.9225578471496,6094.859931861673
13.407818397035651,24.352115492724227,22.058849705003,21.423127711570004,26.5744620176309,37.66890834302497,23.974921680092105,21.745140980517807
43.74817565269279,50.65926264490765,77.16779554813556,68.44723357943889,45.08576055036935,29.3914814816871,41.52431036382138,49.44817323564947
489.454574136886,501.9770642237257,591.0922938509867,610.2061115670239,472.0342054887929,690.7277891272763,842.2058286331423,587.6439125237596
0.9719070845807444,0.9299498277940956,2.6199297422344383,-1.3157285755718204,-0.5206445063480012,-0.0522530893929085,2.3574780283065304,4.128076885045074
-166.87628517452086,-44.02096565958316,933.6581583862996,328.32160657494967,1557.4941577061015,78.73304115324106,479.066105677633,107.46874006221417
-0.0005427476748474,0.0007256919702546,142.74812313194434,16374.252976396938,19923.94162792356,12962.73395127558,1515.9287383387464,-197.697565491034
658.8736269555751,-1288.9087214988874,2641.8336271682647,-2401.648010887021,-203.58302467714628,1000.718549342427,1736.5239473345296,1189.6716036320372
287.1855386130203,-432.16446380239074,-140.20154764118723,5829.4760840908,2001.615708749477,3849.449527342526,-757.6796066365075,-370.5654253561059
13.662392609835,20.61236182749274,30.62122320505778,29.02623904938516,26.749194992009944,28.16090307256073,27.4478933305118,34.383197247571594
55.26275087752898,58.80349772873623,64.91319709735949,70.28350027705307,48.432544742715095,24.60883753024659,78.9828920037517,80.88316976709243
377.3949561249853,674.6683924703461,487.79237247463504,544.5864957739965,430.15462966493646,381.4559499098895,-20.85027267766464,224.0107361360272
1.763675837175663,0.4428910656879606,3.449439925948888,1.313184153057869,2.164851966731445,-0.610978528113971,1.983916546565138,-0.0562191571111705
-135.1412252593464,-237.9061938519405,-612.6641917393249,630.6011287558954,-437.2345589207698,89.34825526723438,81.4322775547962,156.20105028892036
-0.000398463476969,-0.0001101755339039,-669.0647152868073,-526.776275195713,18211.00057945942,16807.104064587886,11901.914477006849,-976.0960873568484
381.2228477619897,229.11142400657155,72.89694281002136,14511.080910524037,432.23302367179485,2120.154836614156,-1363.6619395875243,1407.0948445695296
-290.032953601733,-191.58773303363003,-389.2418971562561,808.7801185614001,-152.75727817066627,842.1996882570529,-34.556084389599675,1430.3857638776387
20.006220772366927,20.10165621443845,38.64354825055633,31.90394653805489,23.397167136582286,18.037736239242,25.286085735181068,28.008007394001115
76.42380302565306,66.3430002955876,49.62162034916993,54.34744908372091,59.49466626423205,83.78800352693668,49.31264148544708,64.83136617181574
658.8070779399776,406.2861684774744,570.8397187587834,574.8666474565118,582.4441052821953,327.7406562491025,343.76160734302096,396.6763229550645
4.433921686839209,1.9826746468064231,-1.589405081139949,0.151205838525559,3.0025732331697785,4.336877956289799,0.6198107709134512,0.9296851090640236
148.69843767418445,212.9458423962324,-152.861303996725,-311.3399873581376,1483.99786306266,28.727681158946663,-283.2113782864154,-19.697058925217107
0.0004100044991007,-0.0016785231523852,18152.00077233992,20025.24187765757,21076.87389458261,14111.377211507215,-4520.632509658824,-346.6690698475787
4.850988669982909,9005.14833162152,-1093.5770645143723,891.0382667455594,-519.6789120553468,-1600.6563387660835,1404.4985710926123,504.2487000661012
-72.58586602260534,-211.34841571534463,-191.5634945339648,3499.346863697429,-566.5199093728975,10695.316898207986,1554.9225578471496,6094.859931861673
13.407818397035651,24.352115492724227,22.058849705003,21.423127711570004,26.5744620176309,37.66890834302497,23.974921680092105,21.745140980517807
43.74817565269279,50.65926264490765,77.16779554813556,68.44723357943889,45.08576055036935,29.3914814816871,41.52431036382138,49.44817323564947
489.454574136886,501.9770642237257,591.0922938509867,610.2061115670239,472.0342054887929,690.7277891272763,842.2058286331423,587.6439125237596
0.9719070845807444,0.9299498277940956,2.6199297422344383,-1.3157285755718204,-0.5206445063480012,-0.0522530893929085,2.3574780283065304,4.128076885045074
-166.87628517452086,-44.02096565958316,933.6581583862996,328.32160657494967,1557.4941577061015,78.73304115324106,479.066105677633,107.46874006221417
-0.0005427476748474,0.0007256919702546,142.74812313194434,16374.252976396938,19923.94162792356,12962.73395127558,1515.9287383387464,-197.697565491034
658.8736269555751,-1288.9087214988874,2641.8336271682647,-2401.648010887021,-203.58302467714628,1000.718549342427,1736.5239473345296,1189.6716036320372
287.1855386130203,-432.16446380239074,-140.20154764118723,5829.4760840908,2001.615708749477,3849.449527342526,-757.6796066365075,-370.5654253561059
13.662392609835,20.61236182749274,30.62122320505778,29.02623904938516,26.749194992009944,28.16090307256073,27.4478933305118,34.383197247571594
55.26275087752898,58.80349772873623,64.91319709735949,70.28350027705307,48.432544742715095,24.60883753024659,78.9828920037517,80.88316976709243
377.3949561249853,674.6683924703461,487.79237247463504,544.5864957739965,430.15462966493646,381.4559499098895,-20.85027267766464,224.0107361360272
1.763675837175663,0.4428910656879606,3.449439925948888,1.313184153057869,2.164851966731445,-0.610978528113971,1.983916546565138,-0.0562191571111705
-135.1412252593464,-237.9061938519405,-612.6641917393249,630.6011287558954,-437.2345589207698,89.34825526723438,81.4322775547962,156.20105028892036
-0.000398463476969,-0.0001101755339039,-669.0647152868073,-526.776275195713,18211.00057945942,16807.104064587886,11901.914477006849,-976.0960873568484
381.2228477619897,229.11142400657155,72.89694281002136,14511.080910524037,432.23302367179485,2120.154836614156,-1363.6619395875243,1407.0948445695296
-290.032953601733,-191.58773303363003,-389.2418971562561,808.7801185614001,-152.75727817066627,842.1996882570529,-34.556084389599675,1430.3857638776387
20.006220772366927,20.10165621443845,38.64354825055633,31.90394653805489,23.397167136582286,18.037736239242,25.286085735181068,28.008007394001115
76.42380302565306,66.3430002955876,49.62162034916993,54.34744908372091,59.49466626423205,83.78800352693668,49.31264148544708,64.83136617181574
658.8070779399776,406.2861684774744,570.8397187587834,574.8666474565118,582.4441052821953,327.7406562491025,343.76160734302096,396.6763229550645
4.433921686839209,1.9826746468064231,-1.589405081139949,0.151205838525559,3.0025732331697785,4.336877956289799,0.6198107709134512,0.9296851090640236
148.69843767418445,212.9458423962324,-152.861303996725,-311.3399873581376,1483.99786306266,28.727681158946663,-283.2113782864154,-19.697058925217107
0.0004100044991007,-0.0016785231523852,18152.00077233992,20025.24187765757,21076.87389458261,14111.377211507215,-4520.632509658824,-346.6690698475787
4.850988669982909,9005.14833162152,-1093.5770645143723,891.0382667455594,-519.6789120553468,-1600.6563387660835,1404.4985710926123,504.2487000661012
-72.58586602260534,-211.34841571534463,-191.5634945339648,3499.346863697429,-566.5199093728975,10695.316898207986,1554.9225578471496,6094.859931861673
13.407818397035651,24.352115492724227,22.058849705003,21.423127711570004,26.5744620176309,37.66890834302497,23.974921680092105,21.745140980517807
43.74817565269279,50.65926264490765,77.16779554813556,68.44723357943889,45.08576055036935,29.3914814816871,41.52431036382138,49.44817323564947
489.454574136886,501.9770642237257,591.0922938509867,610.2061115670239,472.0342054887929,690.7277891272763,842.2058286331423,587.6439125237596
0.9719070845807444,0.9299498277940956,2.6199297422344383,-1.3157285755718204,-0.5206445063480012,-0.0522530893929085,2.3574780283065304,4.128076885045074
-166.87628517452086,-44.02096565958316,933.6581583862996,328.32160657494967,1557.4941577061015,78.73304115324106,479.066105677633,107.46874006221417
-0.0005427476748474,0.0007256919702546,142.74812313194434,16374.252976396938,19923.94162792356,12962.73395127558,1515.9287383387464,-197.697565491034
658.8736269555751,-1288.9087214988874,2641.8336271682647,-2401.648010887021,-203.58302467714628,1000.718549342427,1736.5239473345296,1189.6716036320372
287.1855386130203,-432.16446380239074,-140.20154764118723,5829.4760840908,2001.615708749477,3849.449527342526,-757.6796066365075,-370.5654253561059
13.662392609835,20.61236182749274,30.62122320505778,29.02623904938516,26.749194992009944,28.16090307256073,27.4478933305118,34.383197247571594
55.26275087752898,58.80349772873623,64.91319709735949,70.28350027705307,48.432544742715095,24.60883753024659,78.9828920037517,80.88316976709243
377.3949561249853,674.6683924703461,487.79237247463504,544.5864957739965,430.15462966493646,381.4559499098895,-20.85027267766464,224.0107361360272
1.763675837175663,0.4428910656879606,3.449439925948888,1.313184153057869,2.164851966731445,-0.610978528113971,1.983916546565138,-0.0562191571111705
-135.1412252593464,-237.9061938519405,-612.6641917393249,630.6011287558954,-437.2345589207698,89.34825526723438,81.4322775547962,156.20105028892036
-0.000398463476969,-0.0001101755339039,-669.0647152868073,-526.776275195713,18211.00057945942,16807.104064587886,11901.914477006849,-976.0960873568484
381.2228477619897,229.11142400657155,72.89694281002136,14511.080910524037,432.23302367179485,2120.154836614156,-1363.6619395875243,1407.0948445695296
-290.032953601733,-191.58773303363003,-389.2418971562561,808.7801185614001,-152.75727817066627,842.1996882570529,-34.556084389599675,1430.3857638776387
20.006220772366927,20.10165621443845,38.64354825055633,31.90394653805489,23.397167136582286,18.037736239242,25.286085735181068,28.008007394001115
76.42380302565306,66.3430002955876,49.62162034916993,54.34744908372091,59.49466626423205,83.78800352693668,49.31264148544708,64.83136617181574
658.8070779399776,406.2861684774744,570.8397187587834,574.8666474565118,582.4441052821953,327.7406562491025,343.76160734302096,396.6763229550645
4.433921686839209,1.9826746468064231,-1.589405081139949,0.151205838525559,3.0025732331697785,4.336877956289799,0.6198107709134512,0.9296851090640236
148.69843767418445,212.9458423962324,-152.861303996725,-311.3399873581376,1483.99786306266,28.727681158946663,-283.2113782864154,-19.697058925217107
0.0004100044991007,-0.0016785231523852,18152.00077233992,20025.24187765757,21076.87389458261,14111.377211507215,-4520.632509658824,-346.6690698475787
4.850988669982909,9005.14833162152,-1093.5770645143723,891.0382667455594,-519.6789120553468,-1600.6563387660835,1404.4985710926123,504.2487000661012
-72.58586602260534,-211.34841571534463,-191.5634945339648,3499.346863697429,-566.5199093728975,10695.316898207986,1554.9225578471496,6094.859931861673
13.407818397035651,24.352115492724227,22.058849705003,21.423127711570004,26.5744620176309,37.66890834302497,23.974921680092105,21.745140980517807
43.74817565269279,50.65926264490765,77.16779554813556,68.44723357943889,45.08576055036935,29.3914814816871,41.52431036382138,49.44817323564947
489.454574136886,501.9770642237257,591.0922938509867,610.2061115670239,472.0342054887929,690.7277891272763,842.2058286331423,587.6439125237596
0.9719070845807444,0.9299498277940956,2.6199297422344383,-1.3157285755718204,-0.5206445063480012,-0.0522530893929085,2.3574780283065304,4.128076885045074
-166.87628517452086,-44.02096565958316,933.6581583862996,328.32160657494967,1557.4941577061015,78.73304115324106,479.066105677633,107.46874006221417
-0.0005427476748474,0.0007256919702546,142.74812313194434,16374.252976396938,19923.94162792356,12962.73395127558,1515.9287383387464,-197.697565491034
658.8736269555751,-1288.9087214988874,2641.8336271682647,-2401.648010887021,-203.58302467714628,1000.718549342427,1736.5239473345296,1189.6716036320372
287.1855386130203,-432.16446380239074,-140.20154764118723,5829.4760840908,2001.615708749477,3849.449527342526,-757.6796066365075,-370.5654253561059
13.662392609835,20.61236182749274,30.62122320505778,29.02623904938516,26.749194992009944,28.16090307256073,27.4478933305118,34.383197247571594
55.26275087752898,58.80349772873623,64.91319709735949,70.28350027705307,48.432544742715095,24.60883753024659,78.9828920037517,80.88316976709243
377.3949561249853,674.6683924703461,487.79237247463504,544.5864957739965,430.15462966493646,381.4559499098895,-20.85027267766464,224.0107361360272
1.763675837175663,0.4428910656879606,3.449439925948888,1.313184153057869,2.164851966731445,-0.610978528113971,1.983916546565138,-0.0562191571111705
-135.1412252593464,-237.9061938519405,-612.6641917393249,630.6011287558954,-437.2345589207698,89.34825526723438,81.4322775547962,156.20105028892036
-0.000398463476969,-0.0001101755339039,-669.0647152868073,-526.776275195713,18211.00057945942,16807.104064587886,11901.914477006849,-976.0960873568484
381.2228477619897,229.11142400657155,72.89694281002136,14511.080910524037,432.23302367179485,2120.154836614156,-1363.6619395875243,1407.0948445695296
-290.032953601733,-191.58773303363003,-389.2418971562561,808.7801185614001,-152.75727817066627,842.1996882570529,-34.556084389599675,1430.3857638776387
20.006220772366927,20.10165621443845,38.64354825055633,31.90394653805489,23.397167136582286,18.037736239242,25.286085735181068,28.008007394001115
76.42380302565306,66.3430002955876,49.62162034916993,54.34744908372091,59.49466626423205,83.78800352693668,49.31264148544708,64.83136617181574
658.8070779399776,406.2861684774744,570.8397187587834,574.8666474565118,582.4441052821953,327.7406562491025,343.76160734302096,396.6763229550645
4.433921686839209,1.9826746468064231,-1.589405081139949,0.151205838525559,3.0025732331697785,4.336877956289799,0.6198107709134512,0.9296851090640236
148.69843767418445,212.9458423962324,-152.861303996725,-311.3399873581376,1483.99786306266,28.727681158946663,-283.2113782864154,-19.697058925217107
0.0004100044991007,-0.0016785231523852,18152.00077233992,20025.24187765757,21076.87389458261,14111.377211507215,-4520.632509658824,-346.6690698475787
4.850988669982909,9005.14833162152,-1093.5770645143723,891.0382667455594,-519.6789120553468,-1600.6563387660835,1404.4985710926123,504.2487000661012
-72.58586602260534,-211.34841571534463,-191.5634945339648,3499.346863697429,-566.5199093728975,10695.316898207986,1554.9225578471496,6094.859931861673
13.407818397035651,24.352115492724227,22.058849705003,21.423127711570004,26.5744620176309,37.66890834302497,23.974921680092105,21.745140980517807
43.74817565269279,50.65926264490765,77.16779554813556,68.44723357943889,45.08576055036935,29.3914814816871,41.52431036382138,49.44817323564947
489.454574136886,501.9770642237257,591.0922938509867,610.2061115670239,472.0342054887929,690.7277891272763,842.2058286331423,587.6439125237596
0.9719070845807444,0.9299498277940956,2.6199297422344383,-1.3157285755718204,-0.5206445063480012,-0.0522530893929085,2.3574780283065304,4.128076885045074
-166.87628517452086,-44.02096565958316,933.6581583862996,328.32160657494967,1557.4941577061015,78.73304115324106,479.066105677633,107.46874006221417
-0.0005427476748474,0.0007256919702546,142.74812313194434,16374.252976396938,19923.94162792356,12962.73395127558,1515.9287383387464,-197.697565491034
658.8736269555751,-1288.9087214988874,2641.8336271682647,-2401.648010887021,-203.58302467714628,1000.718549342427,1736.5239473345296,1189.6716036320372
287.1855386130203,-432.16446380239074,-140.20154764118723,5829.4760840908,2001.615708749477,3849.449527342526,-757.6796066365075,-370.5654253561059
13.662392609835,20.61236182749274,30.62122320505778,29.02623904938516,26.749194992009944,28.16090307256073,27.4478933305118,34.383197247571594
55.26275087752898,58.80349772873623,64.91319709735949,70.28350027705307,48.432544742715095,24.60883753024659,78.9828920037517,80.88316976709243
377.3949561249853,674.6683924703461,487.79237247463504,544.5864957739965,430.15462966493646,381.4559499098895,-20.85027267766464,224.0107361360272
1.763675837175663,0.4428910656879606,3.449439925948888,1.313184153057869,2.164851966731445,-0.610978528113971,1.983916546565138,-0.0562191571111705
-135.1412252593464,-237.9061938519405,-612.6641917393249,630.6011287558954,-437.2345589207698,89.34825526723438,81.4322775547962,156.20105028892036
-0.000398463476969,-0.0001101755339039,-669.0647152868073,-526.776275195713,18211.00057945942,16807.104064587886,11901.914477006849,-976.0960873568484
381.2228477619897,229.11142400657155,72.89694281002136,14511.080910524037,432.23302367179485,2120.154836614156,-1363.6619395875243,1407.0948445695296
-290.032953601733,-191.58773303363003,-389.2418971562561,808.7801185614001,-152.75727817066627,842.1996882570529,-34.556084389599675,1430.3857638776387
20.006220772366927,20.10165621443845,38.64354825055633,31.90394653805489,23.397167136582286,18.037736239242,25.286085735181068,28.008007394001115
76.42380302565306,66.3430002955876,49.62162034916993,54.34744908372091,59.49466626423205,83.78800352693668,49.31264148544708,64.83136617181574
658.8070779399776,406.2861684774744,570.8397187587834,574.8666474565118,582.4441052821953,327.7406562491025,343.76160734302096,396.6763229550645
4.433921686839209,1.9826746468064231,-1.589405081139949,0.151205838525559,3.0025732331697785,4.336877956289799,0.6198107709134512,0.9296851090640236
148.69843767418445,212.9458423962324,-152.861303996725,-311.3399873581376,1483.99786306266,28.727681158946663,-283.2113782864154,-19.697058925217107
0.0004100044991007,-0.0016785231523852,18152.00077233992,20025.24187765757,21076.87389458261,14111.377211507215,-4520.632509658824,-346.6690698475787
4.850988669982909,9005.14833162152,-1093.5770645143723,891.0382667455594,-519.6789120553468,-1600.6563387660835,1404.4985710926123,504.2487000661012
-72.58586602260534,-211.34841571534463,-191.5634945339648,3499.346863697429,-566.5199093728975,10695.316898207986,1554.9225578471496,6094.859931861673
13.407818397035651,24.352115492724227,22.058849705003,21.423127711570004,26.5744620176309,37.66890834302497,23.974921680092105,21.745140980517807
43.74817565269279,50.65926264490765,77.16779554813556,68.44723357943889,45.08576055036935,29.3914814816871,41.52431036382138,49.44817323564947
489.454574136886,501.9770642237257,591.0922938509867,610.2061115670239,472.0342054887929,690.7277891272763,842.2058286331423,587.6439125237596
0.9719070845807444,0.9299498277940956,2.6199297422344383,-1.3157285755718204,-0.5206445063480012,-0.0522530893929085,2.3574780283065304,4.128076885045074
-166.87628517452086,-44.02096565958316,933.6581583862996,328.32160657494967,1557.4941577061015,78.73304115324106,479.066105677633,107.46874006221417
-0.0005427476748474,0.0007256919702546,142.74812313194434,16374.252976396938,19923.94162792356,12962.73395127558,1515.9287383387464,-197.697565491034
658.8736269555751,-1288.9087214988874,2641.8336271682647,-2401.648010887021,-203.58302467714628,1000.718549342427,1736.5239473345296,1189.6716036320372
287.1855386130203,-432.16446380239074,-140.20154764118723,5829.4760840908,2001.615708749477,3849.449527342526,-757.6796066365075,-370.5654253561059
