내부온도관측치,내부습도관측치,co2관측치,ec관측치,시간당분무량,시간당백색광량,시간당적색광량,시간당청색광량
17.46077203163869,16.508232135123915,24.79880710837218,27.691393005028942,26.25239150230155,36.4053267522909,29.80003675354446,23.5689886753141
70.52025308416475,62.79420205925528,47.43331591108496,57.69454350525106,49.423672402931935,73.17514247013065,76.83114049641408,58.005407886049845
622.3379194400836,584.4408476602484,300.38875202400857,413.7854492419635,634.015341034442,626.5698353741211,401.23601904081136,538.1785850775932
0.7886067358015414,3.0395130531310763,-0.5560885665306561,-0.8923973633239244,2.002723861401124,-0.2927449647530502,-0.4619618908150011,0.0368221689164205
188.4566271542477,-176.28087264344197,-149.54072806151976,993.803338617778,-231.54586913156808,-553.9790688176834,977.6019498320654,1124.6062401077806
0.0017678423417624,-0.0012987955375521,-3429.0797118846667,6876.343240050803,13517.594332404338,13345.212418980924,5649.110051109868,25654.811487077488
532.898612931887,340.16870931971675,-142.56608058170377,2642.488124430639,2877.4232460107983,1864.3105159677807,-708.6248010452698,1283.2196231192852
36.41032131294009,193.3264003699993,-523.1180720908956,894.9470532750001,-746.3384245810786,-1557.4182247589736,-1833.5117552544448,-297.19633587900563
26.46543833619586,25.05335007346278,23.49839182253345,25.37847964628336,26.33817647060895,19.469091002612977,27.780054307033467,17.62352410868786
60.23370615180984,71.79040763092205,52.80391116240428,59.92977325689274,43.36120660659516,75.98527306182848,78.24009847085992,65.55287282322035
738.774327609825,407.2847150568863,673.7731434762558,785.2199883896891,567.4685163352178,334.4948782837872,465.7878942109122,366.6059600800896
2.228841045012313,0.9427647016683072,-1.1568122034914234,-0.6204674660930569,2.526672994849312,4.145482101790826,0.4951720835941657,-0.3511662237764912
-63.78947822640689,602.0455391445086,-98.64902075985437,-499.3306559489386,2192.1187671029647,194.6880622179021,534.5986318623889,606.7331678990521
0.0010551104075352,0.0021975088674848,6613.39774882869,19670.42917826877,20428.429165135,12048.284792577047,-2322.671831980257,560.6342840296002
458.32012657705,15775.345728536224,-659.3308346957706,-2379.726044517263,3040.8201987654347,-708.2738191792183,-413.8246272362313,710.513481876733
84.73711711195108,-396.23768562859294,3404.8248505495194,6114.276021886664,-1270.904525296485,1652.367095389185,694.5574145716594,4749.555245945795
24.16602034186586,28.165183473019763,33.147074426266435,23.61840777835087,26.114928133187533,32.236966725340146,20.68253287718345,16.605723350073117
26.98344919254709,52.092380564195125,63.93324879606021,57.75974817777002,75.68470547032992,57.76245868755196,75.4606756541366,36.0366144610244
360.36543173512393,433.7746327855733,668.1905564283408,760.3528471815885,571.6975628774961,529.8382109361345,546.3358554955466,413.2200555741907
3.322679234946327,0.845900091188693,2.95164732724664,-0.4496620448721449,1.2767286048375222,2.453663632157848,3.227619853559845,4.052888530491785
52.25384069437044,946.5082871005222,-146.90705908439747,414.89076781037295,383.7749971641373,-409.05976222294566,676.4877559582866,-122.5495903306505
-0.0006721552293874,0.0023455745351897,23209.39652318452,18942.93071843657,15351.825514711409,11569.75777158955,-1350.563178053951,-144.01301044405415
637.5725274519832,-1496.9150949427492,5243.757931674958,-2439.1799185082405,-1538.8094426274051,11778.007125674225,766.8714929449677,16272.521345669316
-199.78656926420567,-145.1695310766417,594.6917019217753,652.7681984139854,2743.582909342565,-674.6134061193247,-829.6660198984134,-811.287696784343
17.46077203163869,16.508232135123915,24.79880710837218,27.691393005028942,26.25239150230155,36.4053267522909,29.80003675354446,23.5689886753141
70.52025308416475,62.79420205925528,47.43331591108496,57.69454350525106,49.423672402931935,73.17514247013065,76.83114049641408,58.005407886049845
622.3379194400836,584.4408476602484,300.38875202400857,413.7854492419635,634.015341034442,626.5698353741211,401.23601904081136,538.1785850775932
0.7886067358015414,3.0395130531310763,-0.5560885665306561,-0.8923973633239244,2.002723861401124,-0.2927449647530502,-0.4619618908150011,0.0368221689164205
188.4566271542477,-176.28087264344197,-149.54072806151976,993.803338617778,-231.54586913156808,-553.9790688176834,977.6019498320654,1124.6062401077806
0.0017678423417624,-0.0012987955375521,-3429.0797118846667,6876.343240050803,13517.594332404338,13345.212418980924,5649.110051109868,25654.811487077488
532.898612931887,340.16870931971675,-142.56608058170377,2642.488124430639,2877.4232460107983,1864.3105159677807,-708.6248010452698,1283.2196231192852
36.41032131294009,193.3264003699993,-523.1180720908956,894.9470532750001,-746.3384245810786,-1557.4182247589736,-1833.5117552544448,-297.19633587900563
26.46543833619586,25.05335007346278,23.49839182253345,25.37847964628336,26.33817647060895,19.469091002612977,27.780054307033467,17.62352410868786
60.23370615180984,71.79040763092205,52.80391116240428,59.92977325689274,43.36120660659516,75.98527306182848,78.24009847085992,65.55287282322035
738.774327609825,407.2847150568863,673.7731434762558,785.2199883896891,567.4685163352178,334.4948782837872,465.7878942109122,366.6059600800896
2.228841045012313,0.9427647016683072,-1.1568122034914234,-0.6204674660930569,2.526672994849312,4.145482101790826,0.4951720835941657,-0.3511662237764912
-63.78947822640689,602.0455391445086,-98.64902075985437,-499.3306559489386,2192.1187671029647,194.6880622179021,534.5986318623889,606.7331678990521
0.0010551104075352,0.0021975088674848,6613.39774882869,19670.42917826877,20428.429165135,12048.284792577047,-2322.671831980257,560.6342840296002
458.32012657705,15775.345728536224,-659.3308346957706,-2379.726044517263,3040.8201987654347,-708.2738191792183,-413.8246272362313,710.513481876733
84.73711711195108,-396.23768562859294,3404.8248505495194,6114.276021886664,-1270.904525296485,1652.367095389185,694.5574145716594,4749.555245945795
24.16602034186586,28.165183473019763,33.147074426266435,23.61840777835087,26.114928133187533,32.236966725340146,20.68253287718345,16.605723350073117
26.98344919254709,52.092380564195125,63.93324879606021,57.75974817777002,75.68470547032992,57.76245868755196,75.4606756541366,36.0366144610244
360.36543173512393,433.7746327855733,668.1905564283408,760.3528471815885,571.6975628774961,529.8382109361345,546.3358554955466,413.2200555741907
3.322679234946327,0.845900091188693,2.95164732724664,-0.4496620448721449,1.2767286048375222,2.453663632157848,3.227619853559845,4.052888530491785
52.25384069437044,946.5082871005222,-146.90705908439747,414.89076781037295,383.7749971641373,-409.05976222294566,676.4877559582866,-122.5495903306505
-0.0006721552293874,0.0023455745351897,23209.39652318452,18942.93071843657,15351.825514711409,11569.75777158955,-1350.563178053951,-144.01301044405415
637.5725274519832,-1496.9150949427492,5243.757931674958,-2439.1799185082405,-1538.8094426274051,11778.007125674225,766.8714929449677,16272.521345669316
-199.78656926420567,-145.1695310766417,594.6917019217753,652.7681984139854,2743.582909342565,-674.6134061193247,-829.6660198984134,-811.287696784343
17.46077203163869,16.508232135123915,24.79880710837218,27.691393005028942,26.25239150230155,36.4053267522909,29.80003675354446,23.5689886753141
70.52025308416475,62.79420205925528,47.43331591108496,57.69454350525106,49.423672402931935,73.17514247013065,76.83114049641408,58.005407886049845
622.3379194400836,584.4408476602484,300.38875202400857,413.7854492419635,634.015341034442,626.5698353741211,401.23601904081136,538.1785850775932
0.7886067358015414,3.0395130531310763,-0.5560885665306561,-0.8923973633239244,2.002723861401124,-0.2927449647530502,-0.4619618908150011,0.0368221689164205
188.4566271542477,-176.28087264344197,-149.54072806151976,993.803338617778,-231.54586913156808,-553.9790688176834,977.6019498320654,1124.6062401077806
0.0017678423417624,-0.0012987955375521,-3429.0797118846667,6876.343240050803,13517.594332404338,13345.212418980924,5649.110051109868,25654.811487077488
532.898612931887,340.16870931971675,-142.56608058170377,2642.488124430639,2877.4232460107983,1864.3105159677807,-708.6248010452698,1283.2196231192852
36.41032131294009,193.3264003699993,-523.1180720908956,894.9470532750001,-746.3384245810786,-1557.4182247589736,-1833.5117552544448,-297.19633587900563
26.46543833619586,25.05335007346278,23.49839182253345,25.37847964628336,26.33817647060895,19.469091002612977,27.780054307033467,17.62352410868786
60.23370615180984,71.79040763092205,52.80391116240428,59.92977325689274,43.36120660659516,75.98527306182848,78.24009847085992,65.55287282322035
738.774327609825,407.2847150568863,673.7731434762558,785.2199883896891,567.4685163352178,334.4948782837872,465.7878942109122,366.6059600800896
2.228841045012313,0.9427647016683072,-1.1568122034914234,-0.6204674660930569,2.526672994849312,4.145482101790826,0.4951720835941657,-0.3511662237764912
-63.78947822640689,602.0455391445086,-98.64902075985437,-499.3306559489386,2192.1187671029647,194.6880622179021,534.5986318623889,606.7331678990521
0.0010551104075352,0.0021975088674848,6613.39774882869,19670.42917826877,20428.429165135,12048.284792577047,-2322.671831980257,560.6342840296002
458.32012657705,15775.345728536224,-659.3308346957706,-2379.726044517263,3040.8201987654347,-708.2738191792183,-413.8246272362313,710.513481876733
84.73711711195108,-396.23768562859294,3404.8248505495194,6114.276021886664,-1270.904525296485,1652.367095389185,694.5574145716594,4749.555245945795
24.16602034186586,28.165183473019763,33.147074426266435,23.61840777835087,26.114928133187533,32.236966725340146,20.68253287718345,16.605723350073117
26.98344919254709,52.092380564195125,63.93324879606021,57.75974817777002,75.68470547032992,57.76245868755196,75.4606756541366,36.0366144610244
360.36543173512393,433.7746327855733,668.1905564283408,760.3528471815885,571.6975628774961,529.8382109361345,546.3358554955466,413.2200555741907
3.322679234946327,0.845900091188693,2.95164732724664,-0.4496620448721449,1.2767286048375222,2.453663632157848,3.227619853559845,4.052888530491785
52.25384069437044,946.5082871005222,-146.90705908439747,414.89076781037295,383.7749971641373,-409.05976222294566,676.4877559582866,-122.5495903306505
-0.0006721552293874,0.0023455745351897,23209.39652318452,18942.93071843657,15351.825514711409,11569.75777158955,-1350.563178053951,-144.01301044405415
637.5725274519832,-1496.9150949427492,5243.757931674958,-2439.1799185082405,-1538.8094426274051,11778.007125674225,766.8714929449677,16272.521345669316
-199.78656926420567,-145.1695310766417,594.6917019217753,652.7681984139854,2743.582909342565,-674.6134061193247,-829.6660198984134,-811.287696784343
17.46077203163869,16.508232135123915,24.79880710837218,27.691393005028942,26.25239150230155,36.4053267522909,29.80003675354446,23.5689886753141
70.52025308416475,62.79420205925528,47.43331591108496,57.69454350525106,49.423672402931935,73.17514247013065,76.83114049641408,58.005407886049845
622.3379194400836,584.4408476602484,300.38875202400857,413.7854492419635,634.015341034442,626.5698353741211,401.23601904081136,538.1785850775932
0.7886067358015414,3.0395130531310763,-0.5560885665306561,-0.8923973633239244,2.002723861401124,-0.2927449647530502,-0.4619618908150011,0.0368221689164205
188.4566271542477,-176.28087264344197,-149.54072806151976,993.803338617778,-231.54586913156808,-553.9790688176834,977.6019498320654,1124.6062401077806
0.0017678423417624,-0.0012987955375521,-3429.0797118846667,6876.343240050803,13517.594332404338,13345.212418980924,5649.110051109868,25654.811487077488
532.898612931887,340.16870931971675,-142.56608058170377,2642.488124430639,2877.4232460107983,1864.3105159677807,-708.6248010452698,1283.2196231192852
36.41032131294009,193.3264003699993,-523.1180720908956,894.9470532750001,-746.3384245810786,-1557.4182247589736,-1833.5117552544448,-297.19633587900563
26.46543833619586,25.05335007346278,23.49839182253345,25.37847964628336,26.33817647060895,19.469091002612977,27.780054307033467,17.62352410868786
60.23370615180984,71.79040763092205,52.80391116240428,59.92977325689274,43.36120660659516,75.98527306182848,78.24009847085992,65.55287282322035
738.774327609825,407.2847150568863,673.7731434762558,785.2199883896891,567.4685163352178,334.4948782837872,465.7878942109122,366.6059600800896
2.228841045012313,0.9427647016683072,-1.1568122034914234,-0.6204674660930569,2.526672994849312,4.145482101790826,0.4951720835941657,-0.3511662237764912
-63.78947822640689,602.0455391445086,-98.64902075985437,-499.3306559489386,2192.1187671029647,194.6880622179021,534.5986318623889,606.7331678990521
0.0010551104075352,0.0021975088674848,6613.39774882869,19670.42917826877,20428.429165135,12048.284792577047,-2322.671831980257,560.6342840296002
458.32012657705,15775.345728536224,-659.3308346957706,-2379.726044517263,3040.8201987654347,-708.2738191792183,-413.8246272362313,710.513481876733
84.73711711195108,-396.23768562859294,3404.8248505495194,6114.276021886664,-1270.904525296485,1652.367095389185,694.5574145716594,4749.555245945795
24.16602034186586,28.165183473019763,33.147074426266435,23.61840777835087,26.114928133187533,32.236966725340146,20.68253287718345,16.605723350073117
26.98344919254709,52.092380564195125,63.93324879606021,57.75974817777002,75.68470547032992,57.76245868755196,75.4606756541366,36.0366144610244
360.36543173512393,433.7746327855733,668.1905564283408,760.3528471815885,571.6975628774961,529.8382109361345,546.3358554955466,413.2200555741907
3.322679234946327,0.845900091188693,2.95164732724664,-0.4496620448721449,1.2767286048375222,2.453663632157848,3.227619853559845,4.052888530491785
52.25384069437044,946.5082871005222,-146.90705908439747,414.89076781037295,383.7749971641373,-409.05976222294566,676.4877559582866,-122.5495903306505
-0.0006721552293874,0.0023455745351897,23209.39652318452,18942.93071843657,15351.825514711409,11569.75777158955,-1350.563178053951,-144.01301044405415
637.5725274519832,-1496.9150949427492,5243.757931674958,-2439.1799185082405,-1538.8094426274051,11778.007125674225,766.8714929449677,16272.521345669316
-199.78656926420567,-145.1695310766417,594.6917019217753,652.7681984139854,2743.582909342565,-674.6134061193247,-829.6660198984134,-811.287696784343
17.46077203163869,16.508232135123915,24.79880710837218,27.691393005028942,26.25239150230155,36.4053267522909,29.80003675354446,23.5689886753141
70.52025308416475,62.79420205925528,47.43331591108496,57.69454350525106,49.423672402931935,73.17514247013065,76.83114049641408,58.005407886049845
622.3379194400836,584.4408476602484,300.38875202400857,413.7854492419635,634.015341034442,626.5698353741211,401.23601904081136,538.1785850775932
0.7886067358015414,3.0395130531310763,-0.5560885665306561,-0.8923973633239244,2.002723861401124,-0.2927449647530502,-0.4619618908150011,0.0368221689164205
188.4566271542477,-176.28087264344197,-149.54072806151976,993.803338617778,-231.54586913156808,-553.9790688176834,977.6019498320654,1124.6062401077806
0.0017678423417624,-0.0012987955375521,-3429.0797118846667,6876.343240050803,13517.594332404338,13345.212418980924,5649.110051109868,25654.811487077488
532.898612931887,340.16870931971675,-142.56608058170377,2642.488124430639,2877.4232460107983,1864.3105159677807,-708.6248010452698,1283.2196231192852
36.41032131294009,193.3264003699993,-523.1180720908956,894.9470532750001,-746.3384245810786,-1557.4182247589736,-1833.5117552544448,-297.19633587900563
26.46543833619586,25.05335007346278,23.49839182253345,25.37847964628336,26.33817647060895,19.469091002612977,27.780054307033467,17.62352410868786
60.23370615180984,71.79040763092205,52.80391116240428,59.92977325689274,43.36120660659516,75.98527306182848,78.24009847085992,65.55287282322035
738.774327609825,407.2847150568863,673.7731434762558,785.2199883896891,567.4685163352178,334.4948782837872,465.7878942109122,366.6059600800896
2.228841045012313,0.9427647016683072,-1.1568122034914234,-0.6204674660930569,2.526672994849312,4.145482101790826,0.4951720835941657,-0.3511662237764912
-63.78947822640689,602.0455391445086,-98.64902075985437,-499.3306559489386,2192.1187671029647,194.6880622179021,534.5986318623889,606.7331678990521
0.0010551104075352,0.0021975088674848,6613.39774882869,19670.42917826877,20428.429165135,12048.284792577047,-2322.671831980257,560.6342840296002
458.32012657705,15775.345728536224,-659.3308346957706,-2379.726044517263,3040.8201987654347,-708.2738191792183,-413.8246272362313,710.513481876733
84.73711711195108,-396.23768562859294,3404.8248505495194,6114.276021886664,-1270.904525296485,1652.367095389185,694.5574145716594,4749.555245945795
24.16602034186586,28.165183473019763,33.147074426266435,23.61840777835087,26.114928133187533,32.236966725340146,20.68253287718345,16.605723350073117
26.98344919254709,52.092380564195125,63.93324879606021,57.75974817777002,75.68470547032992,57.76245868755196,75.4606756541366,36.0366144610244
360.36543173512393,433.7746327855733,668.1905564283408,760.3528471815885,571.6975628774961,529.8382109361345,546.3358554955466,413.2200555741907
3.322679234946327,0.845900091188693,2.95164732724664,-0.4496620448721449,1.2767286048375222,2.453663632157848,3.227619853559845,4.052888530491785
52.25384069437044,946.5082871005222,-146.90705908439747,414.89076781037295,383.7749971641373,-409.05976222294566,676.4877559582866,-122.5495903306505
-0.0006721552293874,0.0023455745351897,23209.39652318452,18942.93071843657,15351.825514711409,11569.75777158955,-1350.563178053951,-144.01301044405415
637.5725274519832,-1496.9150949427492,5243.757931674958,-2439.1799185082405,-1538.8094426274051,11778.007125674225,766.8714929449677,16272.521345669316
-199.78656926420567,-145.1695310766417,594.6917019217753,652.7681984139854,2743.582909342565,-674.6134061193247,-829.6660198984134,-811.287696784343
17.46077203163869,16.508232135123915,24.79880710837218,27.691393005028942,26.25239150230155,36.4053267522909,29.80003675354446,23.5689886753141
70.52025308416475,62.79420205925528,47.43331591108496,57.69454350525106,49.423672402931935,73.17514247013065,76.83114049641408,58.005407886049845
622.3379194400836,584.4408476602484,300.38875202400857,413.7854492419635,634.015341034442,626.5698353741211,401.23601904081136,538.1785850775932
0.7886067358015414,3.0395130531310763,-0.5560885665306561,-0.8923973633239244,2.002723861401124,-0.2927449647530502,-0.4619618908150011,0.0368221689164205
188.4566271542477,-176.28087264344197,-149.54072806151976,993.803338617778,-231.54586913156808,-553.9790688176834,977.6019498320654,1124.6062401077806
0.0017678423417624,-0.0012987955375521,-3429.0797118846667,6876.343240050803,13517.594332404338,13345.212418980924,5649.110051109868,25654.811487077488
532.898612931887,340.16870931971675,-142.56608058170377,2642.488124430639,2877.4232460107983,1864.3105159677807,-708.6248010452698,1283.2196231192852
36.41032131294009,193.3264003699993,-523.1180720908956,894.9470532750001,-746.3384245810786,-1557.4182247589736,-1833.5117552544448,-297.19633587900563
26.46543833619586,25.05335007346278,23.49839182253345,25.37847964628336,26.33817647060895,19.469091002612977,27.780054307033467,17.62352410868786
60.23370615180984,71.79040763092205,52.80391116240428,59.92977325689274,43.36120660659516,75.98527306182848,78.24009847085992,65.55287282322035
738.774327609825,407.2847150568863,673.7731434762558,785.2199883896891,567.4685163352178,334.4948782837872,465.7878942109122,366.6059600800896
2.228841045012313,0.9427647016683072,-1.1568122034914234,-0.6204674660930569,2.526672994849312,4.145482101790826,0.4951720835941657,-0.3511662237764912
-63.78947822640689,602.0455391445086,-98.64902075985437,-499.3306559489386,2192.1187671029647,194.6880622179021,534.5986318623889,606.7331678990521
0.0010551104075352,0.0021975088674848,6613.39774882869,19670.42917826877,20428.429165135,12048.284792577047,-2322.671831980257,560.6342840296002
458.32012657705,15775.345728536224,-659.3308346957706,-2379.726044517263,3040.8201987654347,-708.2738191792183,-413.8246272362313,710.513481876733
84.73711711195108,-396.23768562859294,3404.8248505495194,6114.276021886664,-1270.904525296485,1652.367095389185,694.5574145716594,4749.555245945795
24.16602034186586,28.165183473019763,33.147074426266435,23.61840777835087,26.114928133187533,32.236966725340146,20.68253287718345,16.605723350073117
26.98344919254709,52.092380564195125,63.93324879606021,57.75974817777002,75.68470547032992,57.76245868755196,75.4606756541366,36.0366144610244
360.36543173512393,433.7746327855733,668.1905564283408,760.3528471815885,571.6975628774961,529.8382109361345,546.3358554955466,413.2200555741907
3.322679234946327,0.845900091188693,2.95164732724664,-0.4496620448721449,1.2767286048375222,2.453663632157848,3.227619853559845,4.052888530491785
52.25384069437044,946.5082871005222,-146.90705908439747,414.89076781037295,383.7749971641373,-409.05976222294566,676.4877559582866,-122.5495903306505
-0.0006721552293874,0.0023455745351897,23209.39652318452,18942.93071843657,15351.825514711409,11569.75777158955,-1350.563178053951,-144.01301044405415
637.5725274519832,-1496.9150949427492,5243.757931674958,-2439.1799185082405,-1538.8094426274051,11778.007125674225,766.8714929449677,16272.521345669316
-199.78656926420567,-145.1695310766417,594.6917019217753,652.7681984139854,2743.582909342565,-674.6134061193247,-829.6660198984134,-811.287696784343
17.46077203163869,16.508232135123915,24.79880710837218,27.691393005028942,26.25239150230155,36.4053267522909,29.80003675354446,23.5689886753141
70.52025308416475,62.79420205925528,47.43331591108496,57.69454350525106,49.423672402931935,73.17514247013065,76.83114049641408,58.005407886049845
622.3379194400836,584.4408476602484,300.38875202400857,413.7854492419635,634.015341034442,626.5698353741211,401.23601904081136,538.1785850775932
0.7886067358015414,3.0395130531310763,-0.5560885665306561,-0.8923973633239244,2.002723861401124,-0.2927449647530502,-0.4619618908150011,0.0368221689164205
188.4566271542477,-176.28087264344197,-149.54072806151976,993.803338617778,-231.54586913156808,-553.9790688176834,977.6019498320654,1124.6062401077806
0.0017678423417624,-0.0012987955375521,-3429.0797118846667,6876.343240050803,13517.594332404338,13345.212418980924,5649.110051109868,25654.811487077488
532.898612931887,340.16870931971675,-142.56608058170377,2642.488124430639,2877.4232460107983,1864.3105159677807,-708.6248010452698,1283.2196231192852
36.41032131294009,193.3264003699993,-523.1180720908956,894.9470532750001,-746.3384245810786,-1557.4182247589736,-1833.5117552544448,-297.19633587900563
26.46543833619586,25.05335007346278,23.49839182253345,25.37847964628336,26.33817647060895,19.469091002612977,27.780054307033467,17.62352410868786
60.23370615180984,71.79040763092205,52.80391116240428,59.92977325689274,43.36120660659516,75.98527306182848,78.24009847085992,65.55287282322035
738.774327609825,407.2847150568863,673.7731434762558,785.2199883896891,567.4685163352178,334.4948782837872,465.7878942109122,366.6059600800896
2.228841045012313,0.9427647016683072,-1.1568122034914234,-0.6204674660930569,2.526672994849312,4.145482101790826,0.4951720835941657,-0.3511662237764912
-63.78947822640689,602.0455391445086,-98.64902075985437,-499.3306559489386,2192.1187671029647,194.6880622179021,534.5986318623889,606.7331678990521
0.0010551104075352,0.0021975088674848,6613.39774882869,19670.42917826877,20428.429165135,12048.284792577047,-2322.671831980257,560.6342840296002
458.32012657705,15775.345728536224,-659.3308346957706,-2379.726044517263,3040.8201987654347,-708.2738191792183,-413.8246272362313,710.513481876733
84.73711711195108,-396.23768562859294,3404.8248505495194,6114.276021886664,-1270.904525296485,1652.367095389185,694.5574145716594,4749.555245945795
24.16602034186586,28.165183473019763,33.147074426266435,23.61840777835087,26.114928133187533,32.236966725340146,20.68253287718345,16.605723350073117
26.98344919254709,52.092380564195125,63.93324879606021,57.75974817777002,75.68470547032992,57.76245868755196,75.4606756541366,36.0366144610244
360.36543173512393,433.7746327855733,668.1905564283408,760.3528471815885,571.6975628774961,529.8382109361345,546.3358554955466,413.2200555741907
3.322679234946327,0.845900091188693,2.95164732724664,-0.4496620448721449,1.2767286048375222,2.453663632157848,3.227619853559845,4.052888530491785
52.25384069437044,946.5082871005222,-146.90705908439747,414.89076781037295,383.7749971641373,-409.05976222294566,676.4877559582866,-122.5495903306505
-0.0006721552293874,0.0023455745351897,23209.39652318452,18942.93071843657,15351.825514711409,11569.75777158955,-1350.563178053951,-144.01301044405415
637.5725274519832,-1496.9150949427492,5243.757931674958,-2439.1799185082405,-1538.8094426274051,11778.007125674225,766.8714929449677,16272.521345669316
-199.78656926420567,-145.1695310766417,594.6917019217753,652.7681984139854,2743.582909342565,-674.6134061193247,-829.6660198984134,-811.287696784343
17.46077203163869,16.508232135123915,24.79880710837218,27.691393005028942,26.25239150230155,36.4053267522909,29.80003675354446,23.5689886753141
70.52025308416475,62.79420205925528,47.43331591108496,57.69454350525106,49.423672402931935,73.17514247013065,76.83114049641408,58.005407886049845
622.3379194400836,584.4408476602484,300.38875202400857,413.7854492419635,634.015341034442,626.5698353741211,401.23601904081136,538.1785850775932
0.7886067358015414,3.0395130531310763,-0.5560885665306561,-0.8923973633239244,2.002723861401124,-0.2927449647530502,-0.4619618908150011,0.0368221689164205
188.4566271542477,-176.28087264344197,-149.54072806151976,993.803338617778,-231.54586913156808,-553.9790688176834,977.6019498320654,1124.6062401077806
0.0017678423417624,-0.0012987955375521,-3429.0797118846667,6876.343240050803,13517.594332404338,13345.212418980924,5649.110051109868,25654.811487077488
532.898612931887,340.16870931971675,-142.56608058170377,2642.488124430639,2877.4232460107983,1864.3105159677807,-708.6248010452698,1283.2196231192852
36.41032131294009,193.3264003699993,-523.1180720908956,894.9470532750001,-746.3384245810786,-1557.4182247589736,-1833.5117552544448,-297.19633587900563
26.46543833619586,25.05335007346278,23.49839182253345,25.37847964628336,26.33817647060895,19.469091002612977,27.780054307033467,17.62352410868786
60.23370615180984,71.79040763092205,52.80391116240428,59.92977325689274,43.36120660659516,75.98527306182848,78.24009847085992,65.55287282322035
738.774327609825,407.2847150568863,673.7731434762558,785.2199883896891,567.4685163352178,334.4948782837872,465.7878942109122,366.6059600800896
2.228841045012313,0.9427647016683072,-1.1568122034914234,-0.6204674660930569,2.526672994849312,4.145482101790826,0.4951720835941657,-0.3511662237764912
-63.78947822640689,602.0455391445086,-98.64902075985437,-499.3306559489386,2192.1187671029647,194.6880622179021,534.5986318623889,606.7331678990521
0.0010551104075352,0.0021975088674848,6613.39774882869,19670.42917826877,20428.429165135,12048.284792577047,-2322.671831980257,560.6342840296002
458.32012657705,15775.345728536224,-659.3308346957706,-2379.726044517263,3040.8201987654347,-708.2738191792183,-413.8246272362313,710.513481876733
84.73711711195108,-396.23768562859294,3404.8248505495194,6114.276021886664,-1270.904525296485,1652.367095389185,694.5574145716594,4749.555245945795
24.16602034186586,28.165183473019763,33.147074426266435,23.61840777835087,26.114928133187533,32.236966725340146,20.68253287718345,16.605723350073117
26.98344919254709,52.092380564195125,63.93324879606021,57.75974817777002,75.68470547032992,57.76245868755196,75.4606756541366,36.0366144610244
360.36543173512393,433.7746327855733,668.1905564283408,760.3528471815885,571.6975628774961,529.8382109361345,546.3358554955466,413.2200555741907
3.322679234946327,0.845900091188693,2.95164732724664,-0.4496620448721449,1.2767286048375222,2.453663632157848,3.227619853559845,4.052888530491785
52.25384069437044,946.5082871005222,-146.90705908439747,414.89076781037295,383.7749971641373,-409.05976222294566,676.4877559582866,-122.5495903306505
-0.0006721552293874,0.0023455745351897,23209.39652318452,18942.93071843657,15351.825514711409,11569.75777158955,-1350.563178053951,-144.01301044405415
637.5725274519832,-1496.9150949427492,5243.757931674958,-2439.1799185082405,-1538.8094426274051,11778.007125674225,766.8714929449677,16272.521345669316
-199.78656926420567,-145.1695310766417,594.6917019217753,652.7681984139854,2743.582909342565,-674.6134061193247,-829.6660198984134,-811.287696784343
17.46077203163869,16.508232135123915,24.79880710837218,27.691393005028942,26.25239150230155,36.4053267522909,29.80003675354446,23.5689886753141
70.52025308416475,62.79420205925528,47.43331591108496,57.69454350525106,49.423672402931935,73.17514247013065,76.83114049641408,58.005407886049845
622.3379194400836,584.4408476602484,300.38875202400857,413.7854492419635,634.015341034442,626.5698353741211,401.23601904081136,538.1785850775932
0.7886067358015414,3.0395130531310763,-0.5560885665306561,-0.8923973633239244,2.002723861401124,-0.2927449647530502,-0.4619618908150011,0.0368221689164205
188.4566271542477,-176.28087264344197,-149.54072806151976,993.803338617778,-231.54586913156808,-553.9790688176834,977.6019498320654,1124.6062401077806
0.0017678423417624,-0.0012987955375521,-3429.0797118846667,6876.343240050803,13517.594332404338,13345.212418980924,5649.110051109868,25654.811487077488
532.898612931887,340.16870931971675,-142.56608058170377,2642.488124430639,2877.4232460107983,1864.3105159677807,-708.6248010452698,1283.2196231192852
36.41032131294009,193.3264003699993,-523.1180720908956,894.9470532750001,-746.3384245810786,-1557.4182247589736,-1833.5117552544448,-297.19633587900563
26.46543833619586,25.05335007346278,23.49839182253345,25.37847964628336,26.33817647060895,19.469091002612977,27.780054307033467,17.62352410868786
60.23370615180984,71.79040763092205,52.80391116240428,59.92977325689274,43.36120660659516,75.98527306182848,78.24009847085992,65.55287282322035
738.774327609825,407.2847150568863,673.7731434762558,785.2199883896891,567.4685163352178,334.4948782837872,465.7878942109122,366.6059600800896
2.228841045012313,0.9427647016683072,-1.1568122034914234,-0.6204674660930569,2.526672994849312,4.145482101790826,0.4951720835941657,-0.3511662237764912
-63.78947822640689,602.0455391445086,-98.64902075985437,-499.3306559489386,2192.1187671029647,194.6880622179021,534.5986318623889,606.7331678990521
0.0010551104075352,0.0021975088674848,6613.39774882869,19670.42917826877,20428.429165135,12048.284792577047,-2322.671831980257,560.6342840296002
458.32012657705,15775.345728536224,-659.3308346957706,-2379.726044517263,3040.8201987654347,-708.2738191792183,-413.8246272362313,710.513481876733
84.73711711195108,-396.23768562859294,3404.8248505495194,6114.276021886664,-1270.904525296485,1652.367095389185,694.5574145716594,4749.555245945795
24.16602034186586,28.165183473019763,33.147074426266435,23.61840777835087,26.114928133187533,32.236966725340146,20.68253287718345,16.605723350073117
26.98344919254709,52.092380564195125,63.93324879606021,57.75974817777002,75.68470547032992,57.76245868755196,75.4606756541366,36.0366144610244
360.36543173512393,433.7746327855733,668.1905564283408,760.3528471815885,571.6975628774961,529.8382109361345,546.3358554955466,413.2200555741907
3.322679234946327,0.845900091188693,2.95164732724664,-0.4496620448721449,1.2767286048375222,2.453663632157848,3.227619853559845,4.052888530491785
52.25384069437044,946.5082871005222,-146.90705908439747,414.89076781037295,383.7749971641373,-409.05976222294566,676.4877559582866,-122.5495903306505
-0.0006721552293874,0.0023455745351897,23209.39652318452,18942.93071843657,15351.825514711409,11569.75777158955,-1350.563178053951,-144.01301044405415
637.5725274519832,-1496.9150949427492,5243.757931674958,-2439.1799185082405,-1538.8094426274051,11778.007125674225,766.8714929449677,16272.521345669316
-199.78656926420567,-145.1695310766417,594.6917019217753,652.7681984139854,2743.582909342565,-674.6134061193247,-829.6660198984134,-811.287696784343
17.46077203163869,16.508232135123915,24.79880710837218,27.691393005028942,26.25239150230155,36.4053267522909,29.80003675354446,23.5689886753141
70.52025308416475,62.79420205925528,47.43331591108496,57.69454350525106,49.423672402931935,73.17514247013065,76.83114049641408,58.005407886049845
622.3379194400836,584.4408476602484,300.38875202400857,413.7854492419635,634.015341034442,626.5698353741211,401.23601904081136,538.1785850775932
0.7886067358015414,3.0395130531310763,-0.5560885665306561,-0.8923973633239244,2.002723861401124,-0.2927449647530502,-0.4619618908150011,0.0368221689164205
188.4566271542477,-176.28087264344197,-149.54072806151976,993.803338617778,-231.54586913156808,-553.9790688176834,977.6019498320654,1124.6062401077806
0.0017678423417624,-0.0012987955375521,-3429.0797118846667,6876.343240050803,13517.594332404338,13345.212418980924,5649.110051109868,25654.811487077488
532.898612931887,340.16870931971675,-142.56608058170377,2642.488124430639,2877.4232460107983,1864.3105159677807,-708.6248010452698,1283.2196231192852
36.41032131294009,193.3264003699993,-523.1180720908956,894.9470532750001,-746.3384245810786,-1557.4182247589736,-1833.5117552544448,-297.19633587900563
26.46543833619586,25.05335007346278,23.49839182253345,25.37847964628336,26.33817647060895,19.469091002612977,27.780054307033467,17.62352410868786
60.23370615180984,71.79040763092205,52.80391116240428,59.92977325689274,43.36120660659516,75.98527306182848,78.24009847085992,65.55287282322035
738.774327609825,407.2847150568863,673.7731434762558,785.2199883896891,567.4685163352178,334.4948782837872,465.7878942109122,366.6059600800896
2.228841045012313,0.9427647016683072,-1.1568122034914234,-0.6204674660930569,2.526672994849312,4.145482101790826,0.4951720835941657,-0.3511662237764912
-63.78947822640689,602.0455391445086,-98.64902075985437,-499.3306559489386,2192.1187671029647,194.6880622179021,534.5986318623889,606.7331678990521
0.0010551104075352,0.0021975088674848,6613.39774882869,19670.42917826877,20428.429165135,12048.284792577047,-2322.671831980257,560.6342840296002
458.32012657705,15775.345728536224,-659.3308346957706,-2379.726044517263,3040.8201987654347,-708.2738191792183,-413.8246272362313,710.513481876733
84.73711711195108,-396.23768562859294,3404.8248505495194,6114.276021886664,-1270.904525296485,1652.367095389185,694.5574145716594,4749.555245945795
24.16602034186586,28.165183473019763,33.147074426266435,23.61840777835087,26.114928133187533,32.236966725340146,20.68253287718345,16.605723350073117
26.98344919254709,52.092380564195125,63.93324879606021,57.75974817777002,75.68470547032992,57.76245868755196,75.4606756541366,36.0366144610244
360.36543173512393,433.7746327855733,668.1905564283408,760.3528471815885,571.6975628774961,529.8382109361345,546.3358554955466,413.2200555741907
3.322679234946327,0.845900091188693,2.95164732724664,-0.4496620448721449,1.2767286048375222,2.453663632157848,3.227619853559845,4.052888530491785
52.25384069437044,946.5082871005222,-146.90705908439747,414.89076781037295,383.7749971641373,-409.05976222294566,676.4877559582866,-122.5495903306505
-0.0006721552293874,0.0023455745351897,23209.39652318452,18942.93071843657,15351.825514711409,11569.75777158955,-1350.563178053951,-144.01301044405415
637.5725274519832,-1496.9150949427492,5243.757931674958,-2439.1799185082405,-1538.8094426274051,11778.007125674225,766.8714929449677,16272.521345669316
-199.78656926420567,-145.1695310766417,594.6917019217753,652.7681984139854,2743.582909342565,-674.6134061193247,-829.6660198984134,-811.287696784343
17.46077203163869,16.508232135123915,24.79880710837218,27.691393005028942,26.25239150230155,36.4053267522909,29.80003675354446,23.5689886753141
70.52025308416475,62.79420205925528,47.43331591108496,57.69454350525106,49.423672402931935,73.17514247013065,76.83114049641408,58.005407886049845
622.3379194400836,584.4408476602484,300.38875202400857,413.7854492419635,634.015341034442,626.5698353741211,401.23601904081136,538.1785850775932
0.7886067358015414,3.0395130531310763,-0.5560885665306561,-0.8923973633239244,2.002723861401124,-0.2927449647530502,-0.4619618908150011,0.0368221689164205
188.4566271542477,-176.28087264344197,-149.54072806151976,993.803338617778,-231.54586913156808,-553.9790688176834,977.6019498320654,1124.6062401077806
0.0017678423417624,-0.0012987955375521,-3429.0797118846667,6876.343240050803,13517.594332404338,13345.212418980924,5649.110051109868,25654.811487077488
532.898612931887,340.16870931971675,-142.56608058170377,2642.488124430639,2877.4232460107983,1864.3105159677807,-708.6248010452698,1283.2196231192852
36.41032131294009,193.3264003699993,-523.1180720908956,894.9470532750001,-746.3384245810786,-1557.4182247589736,-1833.5117552544448,-297.19633587900563
26.46543833619586,25.05335007346278,23.49839182253345,25.37847964628336,26.33817647060895,19.469091002612977,27.780054307033467,17.62352410868786
60.23370615180984,71.79040763092205,52.80391116240428,59.92977325689274,43.36120660659516,75.98527306182848,78.24009847085992,65.55287282322035
738.774327609825,407.2847150568863,673.7731434762558,785.2199883896891,567.4685163352178,334.4948782837872,465.7878942109122,366.6059600800896
2.228841045012313,0.9427647016683072,-1.1568122034914234,-0.6204674660930569,2.526672994849312,4.145482101790826,0.4951720835941657,-0.3511662237764912
-63.78947822640689,602.0455391445086,-98.64902075985437,-499.3306559489386,2192.1187671029647,194.6880622179021,534.5986318623889,606.7331678990521
0.0010551104075352,0.0021975088674848,6613.39774882869,19670.42917826877,20428.429165135,12048.284792577047,-2322.671831980257,560.6342840296002
458.32012657705,15775.345728536224,-659.3308346957706,-2379.726044517263,3040.8201987654347,-708.2738191792183,-413.8246272362313,710.513481876733
84.73711711195108,-396.23768562859294,3404.8248505495194,6114.276021886664,-1270.904525296485,1652.367095389185,694.5574145716594,4749.555245945795
24.16602034186586,28.165183473019763,33.147074426266435,23.61840777835087,26.114928133187533,32.236966725340146,20.68253287718345,16.605723350073117
26.98344919254709,52.092380564195125,63.93324879606021,57.75974817777002,75.68470547032992,57.76245868755196,75.4606756541366,36.0366144610244
360.36543173512393,433.7746327855733,668.1905564283408,760.3528471815885,571.6975628774961,529.8382109361345,546.3358554955466,413.2200555741907
3.322679234946327,0.845900091188693,2.95164732724664,-0.4496620448721449,1.2767286048375222,2.453663632157848,3.227619853559845,4.052888530491785
52.25384069437044,946.5082871005222,-146.90705908439747,414.89076781037295,383.7749971641373,-409.05976222294566,676.4877559582866,-122.5495903306505
-0.0006721552293874,0.0023455745351897,23209.39652318452,18942.93071843657,15351.825514711409,11569.75777158955,-1350.563178053951,-144.01301044405415
637.5725274519832,-1496.9150949427492,5243.757931674958,-2439.1799185082405,-1538.8094426274051,11778.007125674225,766.8714929449677,16272.521345669316
-199.78656926420567,-145.1695310766417,594.6917019217753,652.7681984139854,2743.582909342565,-674.6134061193247,-829.6660198984134,-811.287696784343
17.46077203163869,16.508232135123915,24.79880710837218,27.691393005028942,26.25239150230155,36.4053267522909,29.80003675354446,23.5689886753141
70.52025308416475,62.79420205925528,47.43331591108496,57.69454350525106,49.423672402931935,73.17514247013065,76.83114049641408,58.005407886049845
622.3379194400836,584.4408476602484,300.38875202400857,413.7854492419635,634.015341034442,626.5698353741211,401.23601904081136,538.1785850775932
0.7886067358015414,3.0395130531310763,-0.5560885665306561,-0.8923973633239244,2.002723861401124,-0.2927449647530502,-0.4619618908150011,0.0368221689164205
188.4566271542477,-176.28087264344197,-149.54072806151976,993.803338617778,-231.54586913156808,-553.9790688176834,977.6019498320654,1124.6062401077806
0.0017678423417624,-0.0012987955375521,-3429.0797118846667,6876.343240050803,13517.594332404338,13345.212418980924,5649.110051109868,25654.811487077488
532.898612931887,340.16870931971675,-142.56608058170377,2642.488124430639,2877.4232460107983,1864.3105159677807,-708.6248010452698,1283.2196231192852
36.41032131294009,193.3264003699993,-523.1180720908956,894.9470532750001,-746.3384245810786,-1557.4182247589736,-1833.5117552544448,-297.19633587900563
26.46543833619586,25.05335007346278,23.49839182253345,25.37847964628336,26.33817647060895,19.469091002612977,27.780054307033467,17.62352410868786
60.23370615180984,71.79040763092205,52.80391116240428,59.92977325689274,43.36120660659516,75.98527306182848,78.24009847085992,65.55287282322035
738.774327609825,407.2847150568863,673.7731434762558,785.2199883896891,567.4685163352178,334.4948782837872,465.7878942109122,366.6059600800896
2.228841045012313,0.9427647016683072,-1.1568122034914234,-0.6204674660930569,2.526672994849312,4.145482101790826,0.4951720835941657,-0.3511662237764912
-63.78947822640689,602.0455391445086,-98.64902075985437,-499.3306559489386,2192.1187671029647,194.6880622179021,534.5986318623889,606.7331678990521
0.0010551104075352,0.0021975088674848,6613.39774882869,19670.42917826877,20428.429165135,12048.284792577047,-2322.671831980257,560.6342840296002
458.32012657705,15775.345728536224,-659.3308346957706,-2379.726044517263,3040.8201987654347,-708.2738191792183,-413.8246272362313,710.513481876733
84.73711711195108,-396.23768562859294,3404.8248505495194,6114.276021886664,-1270.904525296485,1652.367095389185,694.5574145716594,4749.555245945795
24.16602034186586,28.165183473019763,33.147074426266435,23.61840777835087,26.114928133187533,32.236966725340146,20.68253287718345,16.605723350073117
26.98344919254709,52.092380564195125,63.93324879606021,57.75974817777002,75.68470547032992,57.76245868755196,75.4606756541366,36.0366144610244
360.36543173512393,433.7746327855733,668.1905564283408,760.3528471815885,571.6975628774961,529.8382109361345,546.3358554955466,413.2200555741907
3.322679234946327,0.845900091188693,2.95164732724664,-0.4496620448721449,1.2767286048375222,2.453663632157848,3.227619853559845,4.052888530491785
52.25384069437044,946.5082871005222,-146.90705908439747,414.89076781037295,383.7749971641373,-409.05976222294566,676.4877559582866,-122.5495903306505
-0.0006721552293874,0.0023455745351897,23209.39652318452,18942.93071843657,15351.825514711409,11569.75777158955,-1350.563178053951,-144.01301044405415
637.5725274519832,-1496.9150949427492,5243.757931674958,-2439.1799185082405,-1538.8094426274051,11778.007125674225,766.8714929449677,16272.521345669316
-199.78656926420567,-145.1695310766417,594.6917019217753,652.7681984139854,2743.582909342565,-674.6134061193247,-829.6660198984134,-811.287696784343
17.46077203163869,16.508232135123915,24.79880710837218,27.691393005028942,26.25239150230155,36.4053267522909,29.80003675354446,23.5689886753141
70.52025308416475,62.79420205925528,47.43331591108496,57.69454350525106,49.423672402931935,73.17514247013065,76.83114049641408,58.005407886049845
622.3379194400836,584.4408476602484,300.38875202400857,413.7854492419635,634.015341034442,626.5698353741211,401.23601904081136,538.1785850775932
0.7886067358015414,3.0395130531310763,-0.5560885665306561,-0.8923973633239244,2.002723861401124,-0.2927449647530502,-0.4619618908150011,0.0368221689164205
188.4566271542477,-176.28087264344197,-149.54072806151976,993.803338617778,-231.54586913156808,-553.9790688176834,977.6019498320654,1124.6062401077806
0.0017678423417624,-0.0012987955375521,-3429.0797118846667,6876.343240050803,13517.594332404338,13345.212418980924,5649.110051109868,25654.811487077488
532.898612931887,340.16870931971675,-142.56608058170377,2642.488124430639,2877.4232460107983,1864.3105159677807,-708.6248010452698,1283.2196231192852
36.41032131294009,193.3264003699993,-523.1180720908956,894.9470532750001,-746.3384245810786,-1557.4182247589736,-1833.5117552544448,-297.19633587900563
26.46543833619586,25.05335007346278,23.49839182253345,25.37847964628336,26.33817647060895,19.469091002612977,27.780054307033467,17.62352410868786
60.23370615180984,71.79040763092205,52.80391116240428,59.92977325689274,43.36120660659516,75.98527306182848,78.24009847085992,65.55287282322035
738.774327609825,407.2847150568863,673.7731434762558,785.2199883896891,567.4685163352178,334.4948782837872,465.7878942109122,366.6059600800896
2.228841045012313,0.9427647016683072,-1.1568122034914234,-0.6204674660930569,2.526672994849312,4.145482101790826,0.4951720835941657,-0.3511662237764912
-63.78947822640689,602.0455391445086,-98.64902075985437,-499.3306559489386,2192.1187671029647,194.6880622179021,534.5986318623889,606.7331678990521
0.0010551104075352,0.0021975088674848,6613.39774882869,19670.42917826877,20428.429165135,12048.284792577047,-2322.671831980257,560.6342840296002
458.32012657705,15775.345728536224,-659.3308346957706,-2379.726044517263,3040.8201987654347,-708.2738191792183,-413.8246272362313,710.513481876733
84.73711711195108,-396.23768562859294,3404.8248505495194,6114.276021886664,-1270.904525296485,1652.367095389185,694.5574145716594,4749.555245945795
24.16602034186586,28.165183473019763,33.147074426266435,23.61840777835087,26.114928133187533,32.236966725340146,20.68253287718345,16.605723350073117
26.98344919254709,52.092380564195125,63.93324879606021,57.75974817777002,75.68470547032992,57.76245868755196,75.4606756541366,36.0366144610244
360.36543173512393,433.7746327855733,668.1905564283408,760.3528471815885,571.6975628774961,529.8382109361345,546.3358554955466,413.2200555741907
3.322679234946327,0.845900091188693,2.95164732724664,-0.4496620448721449,1.2767286048375222,2.453663632157848,3.227619853559845,4.052888530491785
52.25384069437044,946.5082871005222,-146.90705908439747,414.89076781037295,383.7749971641373,-409.05976222294566,676.4877559582866,-122.5495903306505
-0.0006721552293874,0.0023455745351897,23209.39652318452,18942.93071843657,15351.825514711409,11569.75777158955,-1350.563178053951,-144.01301044405415
637.5725274519832,-1496.9150949427492,5243.757931674958,-2439.1799185082405,-1538.8094426274051,11778.007125674225,766.8714929449677,16272.521345669316
-199.78656926420567,-145.1695310766417,594.6917019217753,652.7681984139854,2743.582909342565,-674.6134061193247,-829.6660198984134,-811.287696784343
17.46077203163869,16.508232135123915,24.79880710837218,27.691393005028942,26.25239150230155,36.4053267522909,29.80003675354446,23.5689886753141
70.52025308416475,62.79420205925528,47.43331591108496,57.69454350525106,49.423672402931935,73.17514247013065,76.83114049641408,58.005407886049845
622.3379194400836,584.4408476602484,300.38875202400857,413.7854492419635,634.015341034442,626.5698353741211,401.23601904081136,538.1785850775932
0.7886067358015414,3.0395130531310763,-0.5560885665306561,-0.8923973633239244,2.002723861401124,-0.2927449647530502,-0.4619618908150011,0.0368221689164205
188.4566271542477,-176.28087264344197,-149.54072806151976,993.803338617778,-231.54586913156808,-553.9790688176834,977.6019498320654,1124.6062401077806
0.0017678423417624,-0.0012987955375521,-3429.0797118846667,6876.343240050803,13517.594332404338,13345.212418980924,5649.110051109868,25654.811487077488
532.898612931887,340.16870931971675,-142.56608058170377,2642.488124430639,2877.4232460107983,1864.3105159677807,-708.6248010452698,1283.2196231192852
36.41032131294009,193.3264003699993,-523.1180720908956,894.9470532750001,-746.3384245810786,-1557.4182247589736,-1833.5117552544448,-297.19633587900563
26.46543833619586,25.05335007346278,23.49839182253345,25.37847964628336,26.33817647060895,19.469091002612977,27.780054307033467,17.62352410868786
60.23370615180984,71.79040763092205,52.80391116240428,59.92977325689274,43.36120660659516,75.98527306182848,78.24009847085992,65.55287282322035
738.774327609825,407.2847150568863,673.7731434762558,785.2199883896891,567.4685163352178,334.4948782837872,465.7878942109122,366.6059600800896
2.228841045012313,0.9427647016683072,-1.1568122034914234,-0.6204674660930569,2.526672994849312,4.145482101790826,0.4951720835941657,-0.3511662237764912
-63.78947822640689,602.0455391445086,-98.64902075985437,-499.3306559489386,2192.1187671029647,194.6880622179021,534.5986318623889,606.7331678990521
0.0010551104075352,0.0021975088674848,6613.39774882869,19670.42917826877,20428.429165135,12048.284792577047,-2322.671831980257,560.6342840296002
458.32012657705,15775.345728536224,-659.3308346957706,-2379.726044517263,3040.8201987654347,-708.2738191792183,-413.8246272362313,710.513481876733
84.73711711195108,-396.23768562859294,3404.8248505495194,6114.276021886664,-1270.904525296485,1652.367095389185,694.5574145716594,4749.555245945795
24.16602034186586,28.165183473019763,33.147074426266435,23.61840777835087,26.114928133187533,32.236966725340146,20.68253287718345,16.605723350073117
26.98344919254709,52.092380564195125,63.93324879606021,57.75974817777002,75.68470547032992,57.76245868755196,75.4606756541366,36.0366144610244
360.36543173512393,433.7746327855733,668.1905564283408,760.3528471815885,571.6975628774961,529.8382109361345,546.3358554955466,413.2200555741907
3.322679234946327,0.845900091188693,2.95164732724664,-0.4496620448721449,1.2767286048375222,2.453663632157848,3.227619853559845,4.052888530491785
52.25384069437044,946.5082871005222,-146.90705908439747,414.89076781037295,383.7749971641373,-409.05976222294566,676.4877559582866,-122.5495903306505
-0.0006721552293874,0.0023455745351897,23209.39652318452,18942.93071843657,15351.825514711409,11569.75777158955,-1350.563178053951,-144.01301044405415
637.5725274519832,-1496.9150949427492,5243.757931674958,-2439.1799185082405,-1538.8094426274051,11778.007125674225,766.8714929449677,16272.521345669316
-199.78656926420567,-145.1695310766417,594.6917019217753,652.7681984139854,2743.582909342565,-674.6134061193247,-829.6660198984134,-811.287696784343
17.46077203163869,16.508232135123915,24.79880710837218,27.691393005028942,26.25239150230155,36.4053267522909,29.80003675354446,23.5689886753141
70.52025308416475,62.79420205925528,47.43331591108496,57.69454350525106,49.423672402931935,73.17514247013065,76.83114049641408,58.005407886049845
622.3379194400836,584.4408476602484,300.38875202400857,413.7854492419635,634.015341034442,626.5698353741211,401.23601904081136,538.1785850775932
0.7886067358015414,3.0395130531310763,-0.5560885665306561,-0.8923973633239244,2.002723861401124,-0.2927449647530502,-0.4619618908150011,0.0368221689164205
188.4566271542477,-176.28087264344197,-149.54072806151976,993.803338617778,-231.54586913156808,-553.9790688176834,977.6019498320654,1124.6062401077806
0.0017678423417624,-0.0012987955375521,-3429.0797118846667,6876.343240050803,13517.594332404338,13345.212418980924,5649.110051109868,25654.811487077488
532.898612931887,340.16870931971675,-142.56608058170377,2642.488124430639,2877.4232460107983,1864.3105159677807,-708.6248010452698,1283.2196231192852
36.41032131294009,193.3264003699993,-523.1180720908956,894.9470532750001,-746.3384245810786,-1557.4182247589736,-1833.5117552544448,-297.19633587900563
26.46543833619586,25.05335007346278,23.49839182253345,25.37847964628336,26.33817647060895,19.469091002612977,27.780054307033467,17.62352410868786
60.23370615180984,71.79040763092205,52.80391116240428,59.92977325689274,43.36120660659516,75.98527306182848,78.24009847085992,65.55287282322035
738.774327609825,407.2847150568863,673.7731434762558,785.2199883896891,567.4685163352178,334.4948782837872,465.7878942109122,366.6059600800896
2.228841045012313,0.9427647016683072,-1.1568122034914234,-0.6204674660930569,2.526672994849312,4.145482101790826,0.4951720835941657,-0.3511662237764912
-63.78947822640689,602.0455391445086,-98.64902075985437,-499.3306559489386,2192.1187671029647,194.6880622179021,534.5986318623889,606.7331678990521
0.0010551104075352,0.0021975088674848,6613.39774882869,19670.42917826877,20428.429165135,12048.284792577047,-2322.671831980257,560.6342840296002
458.32012657705,15775.345728536224,-659.3308346957706,-2379.726044517263,3040.8201987654347,-708.2738191792183,-413.8246272362313,710.513481876733
84.73711711195108,-396.23768562859294,3404.8248505495194,6114.276021886664,-1270.904525296485,1652.367095389185,694.5574145716594,4749.555245945795
24.16602034186586,28.165183473019763,33.147074426266435,23.61840777835087,26.114928133187533,32.236966725340146,20.68253287718345,16.605723350073117
26.98344919254709,52.092380564195125,63.93324879606021,57.75974817777002,75.68470547032992,57.76245868755196,75.4606756541366,36.0366144610244
360.36543173512393,433.7746327855733,668.1905564283408,760.3528471815885,571.6975628774961,529.8382109361345,546.3358554955466,413.2200555741907
3.322679234946327,0.845900091188693,2.95164732724664,-0.4496620448721449,1.2767286048375222,2.453663632157848,3.227619853559845,4.052888530491785
52.25384069437044,946.5082871005222,-146.90705908439747,414.89076781037295,383.7749971641373,-409.05976222294566,676.4877559582866,-122.5495903306505
-0.0006721552293874,0.0023455745351897,23209.39652318452,18942.93071843657,15351.825514711409,11569.75777158955,-1350.563178053951,-144.01301044405415
637.5725274519832,-1496.9150949427492,5243.757931674958,-2439.1799185082405,-1538.8094426274051,11778.007125674225,766.8714929449677,16272.521345669316
-199.78656926420567,-145.1695310766417,594.6917019217753,652.7681984139854,2743.582909342565,-674.6134061193247,-829.6660198984134,-811.287696784343
17.46077203163869,16.508232135123915,24.79880710837218,27.691393005028942,26.25239150230155,36.4053267522909,29.80003675354446,23.5689886753141
70.52025308416475,62.79420205925528,47.43331591108496,57.69454350525106,49.423672402931935,73.17514247013065,76.83114049641408,58.005407886049845
622.3379194400836,584.4408476602484,300.38875202400857,413.7854492419635,634.015341034442,626.5698353741211,401.23601904081136,538.1785850775932
0.7886067358015414,3.0395130531310763,-0.5560885665306561,-0.8923973633239244,2.002723861401124,-0.2927449647530502,-0.4619618908150011,0.0368221689164205
188.4566271542477,-176.28087264344197,-149.54072806151976,993.803338617778,-231.54586913156808,-553.9790688176834,977.6019498320654,1124.6062401077806
0.0017678423417624,-0.0012987955375521,-3429.0797118846667,6876.343240050803,13517.594332404338,13345.212418980924,5649.110051109868,25654.811487077488
532.898612931887,340.16870931971675,-142.56608058170377,2642.488124430639,2877.4232460107983,1864.3105159677807,-708.6248010452698,1283.2196231192852
36.41032131294009,193.3264003699993,-523.1180720908956,894.9470532750001,-746.3384245810786,-1557.4182247589736,-1833.5117552544448,-297.19633587900563
26.46543833619586,25.05335007346278,23.49839182253345,25.37847964628336,26.33817647060895,19.469091002612977,27.780054307033467,17.62352410868786
60.23370615180984,71.79040763092205,52.80391116240428,59.92977325689274,43.36120660659516,75.98527306182848,78.24009847085992,65.55287282322035
738.774327609825,407.2847150568863,673.7731434762558,785.2199883896891,567.4685163352178,334.4948782837872,465.7878942109122,366.6059600800896
2.228841045012313,0.9427647016683072,-1.1568122034914234,-0.6204674660930569,2.526672994849312,4.145482101790826,0.4951720835941657,-0.3511662237764912
-63.78947822640689,602.0455391445086,-98.64902075985437,-499.3306559489386,2192.1187671029647,194.6880622179021,534.5986318623889,606.7331678990521
0.0010551104075352,0.0021975088674848,6613.39774882869,19670.42917826877,20428.429165135,12048.284792577047,-2322.671831980257,560.6342840296002
458.32012657705,15775.345728536224,-659.3308346957706,-2379.726044517263,3040.8201987654347,-708.2738191792183,-413.8246272362313,710.513481876733
84.73711711195108,-396.23768562859294,3404.8248505495194,6114.276021886664,-1270.904525296485,1652.367095389185,694.5574145716594,4749.555245945795
24.16602034186586,28.165183473019763,33.147074426266435,23.61840777835087,26.114928133187533,32.236966725340146,20.68253287718345,16.605723350073117
26.98344919254709,52.092380564195125,63.93324879606021,57.75974817777002,75.68470547032992,57.76245868755196,75.4606756541366,36.0366144610244
360.36543173512393,433.7746327855733,668.1905564283408,760.3528471815885,571.6975628774961,529.8382109361345,546.3358554955466,413.2200555741907
3.322679234946327,0.845900091188693,2.95164732724664,-0.4496620448721449,1.2767286048375222,2.453663632157848,3.227619853559845,4.052888530491785
52.25384069437044,946.5082871005222,-146.90705908439747,414.89076781037295,383.7749971641373,-409.05976222294566,676.4877559582866,-122.5495903306505
-0.0006721552293874,0.0023455745351897,23209.39652318452,18942.93071843657,15351.825514711409,11569.75777158955,-1350.563178053951,-144.01301044405415
637.5725274519832,-1496.9150949427492,5243.757931674958,-2439.1799185082405,-1538.8094426274051,11778.007125674225,766.8714929449677,16272.521345669316
-199.78656926420567,-145.1695310766417,594.6917019217753,652.7681984139854,2743.582909342565,-674.6134061193247,-829.6660198984134,-811.287696784343
17.46077203163869,16.508232135123915,24.79880710837218,27.691393005028942,26.25239150230155,36.4053267522909,29.80003675354446,23.5689886753141
70.52025308416475,62.79420205925528,47.43331591108496,57.69454350525106,49.423672402931935,73.17514247013065,76.83114049641408,58.005407886049845
622.3379194400836,584.4408476602484,300.38875202400857,413.7854492419635,634.015341034442,626.5698353741211,401.23601904081136,538.1785850775932
0.7886067358015414,3.0395130531310763,-0.5560885665306561,-0.8923973633239244,2.002723861401124,-0.2927449647530502,-0.4619618908150011,0.0368221689164205
188.4566271542477,-176.28087264344197,-149.54072806151976,993.803338617778,-231.54586913156808,-553.9790688176834,977.6019498320654,1124.6062401077806
0.0017678423417624,-0.0012987955375521,-3429.0797118846667,6876.343240050803,13517.594332404338,13345.212418980924,5649.110051109868,25654.811487077488
532.898612931887,340.16870931971675,-142.56608058170377,2642.488124430639,2877.4232460107983,1864.3105159677807,-708.6248010452698,1283.2196231192852
36.41032131294009,193.3264003699993,-523.1180720908956,894.9470532750001,-746.3384245810786,-1557.4182247589736,-1833.5117552544448,-297.19633587900563
26.46543833619586,25.05335007346278,23.49839182253345,25.37847964628336,26.33817647060895,19.469091002612977,27.780054307033467,17.62352410868786
60.23370615180984,71.79040763092205,52.80391116240428,59.92977325689274,43.36120660659516,75.98527306182848,78.24009847085992,65.55287282322035
738.774327609825,407.2847150568863,673.7731434762558,785.2199883896891,567.4685163352178,334.4948782837872,465.7878942109122,366.6059600800896
2.228841045012313,0.9427647016683072,-1.1568122034914234,-0.6204674660930569,2.526672994849312,4.145482101790826,0.4951720835941657,-0.3511662237764912
-63.78947822640689,602.0455391445086,-98.64902075985437,-499.3306559489386,2192.1187671029647,194.6880622179021,534.5986318623889,606.7331678990521
0.0010551104075352,0.0021975088674848,6613.39774882869,19670.42917826877,20428.429165135,12048.284792577047,-2322.671831980257,560.6342840296002
458.32012657705,15775.345728536224,-659.3308346957706,-2379.726044517263,3040.8201987654347,-708.2738191792183,-413.8246272362313,710.513481876733
84.73711711195108,-396.23768562859294,3404.8248505495194,6114.276021886664,-1270.904525296485,1652.367095389185,694.5574145716594,4749.555245945795
24.16602034186586,28.165183473019763,33.147074426266435,23.61840777835087,26.114928133187533,32.236966725340146,20.68253287718345,16.605723350073117
26.98344919254709,52.092380564195125,63.93324879606021,57.75974817777002,75.68470547032992,57.76245868755196,75.4606756541366,36.0366144610244
360.36543173512393,433.7746327855733,668.1905564283408,760.3528471815885,571.6975628774961,529.8382109361345,546.3358554955466,413.2200555741907
3.322679234946327,0.845900091188693,2.95164732724664,-0.4496620448721449,1.2767286048375222,2.453663632157848,3.227619853559845,4.052888530491785
52.25384069437044,946.5082871005222,-146.90705908439747,414.89076781037295,383.7749971641373,-409.05976222294566,676.4877559582866,-122.5495903306505
-0.0006721552293874,0.0023455745351897,23209.39652318452,18942.93071843657,15351.825514711409,11569.75777158955,-1350.563178053951,-144.01301044405415
637.5725274519832,-1496.9150949427492,5243.757931674958,-2439.1799185082405,-1538.8094426274051,11778.007125674225,766.8714929449677,16272.521345669316
-199.78656926420567,-145.1695310766417,594.6917019217753,652.7681984139854,2743.582909342565,-674.6134061193247,-829.6660198984134,-811.287696784343
17.46077203163869,16.508232135123915,24.79880710837218,27.691393005028942,26.25239150230155,36.4053267522909,29.80003675354446,23.5689886753141
70.52025308416475,62.79420205925528,47.43331591108496,57.69454350525106,49.423672402931935,73.17514247013065,76.83114049641408,58.005407886049845
622.3379194400836,584.4408476602484,300.38875202400857,413.7854492419635,634.015341034442,626.5698353741211,401.23601904081136,538.1785850775932
0.7886067358015414,3.0395130531310763,-0.5560885665306561,-0.8923973633239244,2.002723861401124,-0.2927449647530502,-0.4619618908150011,0.0368221689164205
188.4566271542477,-176.28087264344197,-149.54072806151976,993.803338617778,-231.54586913156808,-553.9790688176834,977.6019498320654,1124.6062401077806
0.0017678423417624,-0.0012987955375521,-3429.0797118846667,6876.343240050803,13517.594332404338,13345.212418980924,5649.110051109868,25654.811487077488
532.898612931887,340.16870931971675,-142.56608058170377,2642.488124430639,2877.4232460107983,1864.3105159677807,-708.6248010452698,1283.2196231192852
36.41032131294009,193.3264003699993,-523.1180720908956,894.9470532750001,-746.3384245810786,-1557.4182247589736,-1833.5117552544448,-297.19633587900563
26.46543833619586,25.05335007346278,23.49839182253345,25.37847964628336,26.33817647060895,19.469091002612977,27.780054307033467,17.62352410868786
60.23370615180984,71.79040763092205,52.80391116240428,59.92977325689274,43.36120660659516,75.98527306182848,78.24009847085992,65.55287282322035
738.774327609825,407.2847150568863,673.7731434762558,785.2199883896891,567.4685163352178,334.4948782837872,465.7878942109122,366.6059600800896
2.228841045012313,0.9427647016683072,-1.1568122034914234,-0.6204674660930569,2.526672994849312,4.145482101790826,0.4951720835941657,-0.3511662237764912
-63.78947822640689,602.0455391445086,-98.64902075985437,-499.3306559489386,2192.1187671029647,194.6880622179021,534.5986318623889,606.7331678990521
0.0010551104075352,0.0021975088674848,6613.39774882869,19670.42917826877,20428.429165135,12048.284792577047,-2322.671831980257,560.6342840296002
458.32012657705,15775.345728536224,-659.3308346957706,-2379.726044517263,3040.8201987654347,-708.2738191792183,-413.8246272362313,710.513481876733
84.73711711195108,-396.23768562859294,3404.8248505495194,6114.276021886664,-1270.904525296485,1652.367095389185,694.5574145716594,4749.555245945795
24.16602034186586,28.165183473019763,33.147074426266435,23.61840777835087,26.114928133187533,32.236966725340146,20.68253287718345,16.605723350073117
26.98344919254709,52.092380564195125,63.93324879606021,57.75974817777002,75.68470547032992,57.76245868755196,75.4606756541366,36.0366144610244
360.36543173512393,433.7746327855733,668.1905564283408,760.3528471815885,571.6975628774961,529.8382109361345,546.3358554955466,413.2200555741907
3.322679234946327,0.845900091188693,2.95164732724664,-0.4496620448721449,1.2767286048375222,2.453663632157848,3.227619853559845,4.052888530491785
52.25384069437044,946.5082871005222,-146.90705908439747,414.89076781037295,383.7749971641373,-409.05976222294566,676.4877559582866,-122.5495903306505
-0.0006721552293874,0.0023455745351897,23209.39652318452,18942.93071843657,15351.825514711409,11569.75777158955,-1350.563178053951,-144.01301044405415
637.5725274519832,-1496.9150949427492,5243.757931674958,-2439.1799185082405,-1538.8094426274051,11778.007125674225,766.8714929449677,16272.521345669316
-199.78656926420567,-145.1695310766417,594.6917019217753,652.7681984139854,2743.582909342565,-674.6134061193247,-829.6660198984134,-811.287696784343
17.46077203163869,16.508232135123915,24.79880710837218,27.691393005028942,26.25239150230155,36.4053267522909,29.80003675354446,23.5689886753141
70.52025308416475,62.79420205925528,47.43331591108496,57.69454350525106,49.423672402931935,73.17514247013065,76.83114049641408,58.005407886049845
622.3379194400836,584.4408476602484,300.38875202400857,413.7854492419635,634.015341034442,626.5698353741211,401.23601904081136,538.1785850775932
0.7886067358015414,3.0395130531310763,-0.5560885665306561,-0.8923973633239244,2.002723861401124,-0.2927449647530502,-0.4619618908150011,0.0368221689164205
188.4566271542477,-176.28087264344197,-149.54072806151976,993.803338617778,-231.54586913156808,-553.9790688176834,977.6019498320654,1124.6062401077806
0.0017678423417624,-0.0012987955375521,-3429.0797118846667,6876.343240050803,13517.594332404338,13345.212418980924,5649.110051109868,25654.811487077488
532.898612931887,340.16870931971675,-142.56608058170377,2642.488124430639,2877.4232460107983,1864.3105159677807,-708.6248010452698,1283.2196231192852
36.41032131294009,193.3264003699993,-523.1180720908956,894.9470532750001,-746.3384245810786,-1557.4182247589736,-1833.5117552544448,-297.19633587900563
26.46543833619586,25.05335007346278,23.49839182253345,25.37847964628336,26.33817647060895,19.469091002612977,27.780054307033467,17.62352410868786
60.23370615180984,71.79040763092205,52.80391116240428,59.92977325689274,43.36120660659516,75.98527306182848,78.24009847085992,65.55287282322035
738.774327609825,407.2847150568863,673.7731434762558,785.2199883896891,567.4685163352178,334.4948782837872,465.7878942109122,366.6059600800896
2.228841045012313,0.9427647016683072,-1.1568122034914234,-0.6204674660930569,2.526672994849312,4.145482101790826,0.4951720835941657,-0.3511662237764912
-63.78947822640689,602.0455391445086,-98.64902075985437,-499.3306559489386,2192.1187671029647,194.6880622179021,534.5986318623889,606.7331678990521
0.0010551104075352,0.0021975088674848,6613.39774882869,19670.42917826877,20428.429165135,12048.284792577047,-2322.671831980257,560.6342840296002
458.32012657705,15775.345728536224,-659.3308346957706,-2379.726044517263,3040.8201987654347,-708.2738191792183,-413.8246272362313,710.513481876733
84.73711711195108,-396.23768562859294,3404.8248505495194,6114.276021886664,-1270.904525296485,1652.367095389185,694.5574145716594,4749.555245945795
24.16602034186586,28.165183473019763,33.147074426266435,23.61840777835087,26.114928133187533,32.236966725340146,20.68253287718345,16.605723350073117
26.98344919254709,52.092380564195125,63.93324879606021,57.75974817777002,75.68470547032992,57.76245868755196,75.4606756541366,36.0366144610244
360.36543173512393,433.7746327855733,668.1905564283408,760.3528471815885,571.6975628774961,529.8382109361345,546.3358554955466,413.2200555741907
3.322679234946327,0.845900091188693,2.95164732724664,-0.4496620448721449,1.2767286048375222,2.453663632157848,3.227619853559845,4.052888530491785
52.25384069437044,946.5082871005222,-146.90705908439747,414.89076781037295,383.7749971641373,-409.05976222294566,676.4877559582866,-122.5495903306505
-0.0006721552293874,0.0023455745351897,23209.39652318452,18942.93071843657,15351.825514711409,11569.75777158955,-1350.563178053951,-144.01301044405415
637.5725274519832,-1496.9150949427492,5243.757931674958,-2439.1799185082405,-1538.8094426274051,11778.007125674225,766.8714929449677,16272.521345669316
-199.78656926420567,-145.1695310766417,594.6917019217753,652.7681984139854,2743.582909342565,-674.6134061193247,-829.6660198984134,-811.287696784343
17.46077203163869,16.508232135123915,24.79880710837218,27.691393005028942,26.25239150230155,36.4053267522909,29.80003675354446,23.5689886753141
70.52025308416475,62.79420205925528,47.43331591108496,57.69454350525106,49.423672402931935,73.17514247013065,76.83114049641408,58.005407886049845
622.3379194400836,584.4408476602484,300.38875202400857,413.7854492419635,634.015341034442,626.5698353741211,401.23601904081136,538.1785850775932
0.7886067358015414,3.0395130531310763,-0.5560885665306561,-0.8923973633239244,2.002723861401124,-0.2927449647530502,-0.4619618908150011,0.0368221689164205
188.4566271542477,-176.28087264344197,-149.54072806151976,993.803338617778,-231.54586913156808,-553.9790688176834,977.6019498320654,1124.6062401077806
0.0017678423417624,-0.0012987955375521,-3429.0797118846667,6876.343240050803,13517.594332404338,13345.212418980924,5649.110051109868,25654.811487077488
532.898612931887,340.16870931971675,-142.56608058170377,2642.488124430639,2877.4232460107983,1864.3105159677807,-708.6248010452698,1283.2196231192852
36.41032131294009,193.3264003699993,-523.1180720908956,894.9470532750001,-746.3384245810786,-1557.4182247589736,-1833.5117552544448,-297.19633587900563
26.46543833619586,25.05335007346278,23.49839182253345,25.37847964628336,26.33817647060895,19.469091002612977,27.780054307033467,17.62352410868786
60.23370615180984,71.79040763092205,52.80391116240428,59.92977325689274,43.36120660659516,75.98527306182848,78.24009847085992,65.55287282322035
738.774327609825,407.2847150568863,673.7731434762558,785.2199883896891,567.4685163352178,334.4948782837872,465.7878942109122,366.6059600800896
2.228841045012313,0.9427647016683072,-1.1568122034914234,-0.6204674660930569,2.526672994849312,4.145482101790826,0.4951720835941657,-0.3511662237764912
-63.78947822640689,602.0455391445086,-98.64902075985437,-499.3306559489386,2192.1187671029647,194.6880622179021,534.5986318623889,606.7331678990521
0.0010551104075352,0.0021975088674848,6613.39774882869,19670.42917826877,20428.429165135,12048.284792577047,-2322.671831980257,560.6342840296002
458.32012657705,15775.345728536224,-659.3308346957706,-2379.726044517263,3040.8201987654347,-708.2738191792183,-413.8246272362313,710.513481876733
84.73711711195108,-396.23768562859294,3404.8248505495194,6114.276021886664,-1270.904525296485,1652.367095389185,694.5574145716594,4749.555245945795
24.16602034186586,28.165183473019763,33.147074426266435,23.61840777835087,26.114928133187533,32.236966725340146,20.68253287718345,16.605723350073117
26.98344919254709,52.092380564195125,63.93324879606021,57.75974817777002,75.68470547032992,57.76245868755196,75.4606756541366,36.0366144610244
360.36543173512393,433.7746327855733,668.1905564283408,760.3528471815885,571.6975628774961,529.8382109361345,546.3358554955466,413.2200555741907
3.322679234946327,0.845900091188693,2.95164732724664,-0.4496620448721449,1.2767286048375222,2.453663632157848,3.227619853559845,4.052888530491785
52.25384069437044,946.5082871005222,-146.90705908439747,414.89076781037295,383.7749971641373,-409.05976222294566,676.4877559582866,-122.5495903306505
-0.0006721552293874,0.0023455745351897,23209.39652318452,18942.93071843657,15351.825514711409,11569.75777158955,-1350.563178053951,-144.01301044405415
637.5725274519832,-1496.9150949427492,5243.757931674958,-2439.1799185082405,-1538.8094426274051,11778.007125674225,766.8714929449677,16272.521345669316
-199.78656926420567,-145.1695310766417,594.6917019217753,652.7681984139854,2743.582909342565,-674.6134061193247,-829.6660198984134,-811.287696784343
17.46077203163869,16.508232135123915,24.79880710837218,27.691393005028942,26.25239150230155,36.4053267522909,29.80003675354446,23.5689886753141
70.52025308416475,62.79420205925528,47.43331591108496,57.69454350525106,49.423672402931935,73.17514247013065,76.83114049641408,58.005407886049845
622.3379194400836,584.4408476602484,300.38875202400857,413.7854492419635,634.015341034442,626.5698353741211,401.23601904081136,538.1785850775932
0.7886067358015414,3.0395130531310763,-0.5560885665306561,-0.8923973633239244,2.002723861401124,-0.2927449647530502,-0.4619618908150011,0.0368221689164205
188.4566271542477,-176.28087264344197,-149.54072806151976,993.803338617778,-231.54586913156808,-553.9790688176834,977.6019498320654,1124.6062401077806
0.0017678423417624,-0.0012987955375521,-3429.0797118846667,6876.343240050803,13517.594332404338,13345.212418980924,5649.110051109868,25654.811487077488
532.898612931887,340.16870931971675,-142.56608058170377,2642.488124430639,2877.4232460107983,1864.3105159677807,-708.6248010452698,1283.2196231192852
36.41032131294009,193.3264003699993,-523.1180720908956,894.9470532750001,-746.3384245810786,-1557.4182247589736,-1833.5117552544448,-297.19633587900563
26.46543833619586,25.05335007346278,23.49839182253345,25.37847964628336,26.33817647060895,19.469091002612977,27.780054307033467,17.62352410868786
60.23370615180984,71.79040763092205,52.80391116240428,59.92977325689274,43.36120660659516,75.98527306182848,78.24009847085992,65.55287282322035
738.774327609825,407.2847150568863,673.7731434762558,785.2199883896891,567.4685163352178,334.4948782837872,465.7878942109122,366.6059600800896
2.228841045012313,0.9427647016683072,-1.1568122034914234,-0.6204674660930569,2.526672994849312,4.145482101790826,0.4951720835941657,-0.3511662237764912
-63.78947822640689,602.0455391445086,-98.64902075985437,-499.3306559489386,2192.1187671029647,194.6880622179021,534.5986318623889,606.7331678990521
0.0010551104075352,0.0021975088674848,6613.39774882869,19670.42917826877,20428.429165135,12048.284792577047,-2322.671831980257,560.6342840296002
458.32012657705,15775.345728536224,-659.3308346957706,-2379.726044517263,3040.8201987654347,-708.2738191792183,-413.8246272362313,710.513481876733
84.73711711195108,-396.23768562859294,3404.8248505495194,6114.276021886664,-1270.904525296485,1652.367095389185,694.5574145716594,4749.555245945795
24.16602034186586,28.165183473019763,33.147074426266435,23.61840777835087,26.114928133187533,32.236966725340146,20.68253287718345,16.605723350073117
26.98344919254709,52.092380564195125,63.93324879606021,57.75974817777002,75.68470547032992,57.76245868755196,75.4606756541366,36.0366144610244
360.36543173512393,433.7746327855733,668.1905564283408,760.3528471815885,571.6975628774961,529.8382109361345,546.3358554955466,413.2200555741907
3.322679234946327,0.845900091188693,2.95164732724664,-0.4496620448721449,1.2767286048375222,2.453663632157848,3.227619853559845,4.052888530491785
52.25384069437044,946.5082871005222,-146.90705908439747,414.89076781037295,383.7749971641373,-409.05976222294566,676.4877559582866,-122.5495903306505
-0.0006721552293874,0.0023455745351897,23209.39652318452,18942.93071843657,15351.825514711409,11569.75777158955,-1350.563178053951,-144.01301044405415
637.5725274519832,-1496.9150949427492,5243.757931674958,-2439.1799185082405,-1538.8094426274051,11778.007125674225,766.8714929449677,16272.521345669316
-199.78656926420567,-145.1695310766417,594.6917019217753,652.7681984139854,2743.582909342565,-674.6134061193247,-829.6660198984134,-811.287696784343
17.46077203163869,16.508232135123915,24.79880710837218,27.691393005028942,26.25239150230155,36.4053267522909,29.80003675354446,23.5689886753141
70.52025308416475,62.79420205925528,47.43331591108496,57.69454350525106,49.423672402931935,73.17514247013065,76.83114049641408,58.005407886049845
622.3379194400836,584.4408476602484,300.38875202400857,413.7854492419635,634.015341034442,626.5698353741211,401.23601904081136,538.1785850775932
0.7886067358015414,3.0395130531310763,-0.5560885665306561,-0.8923973633239244,2.002723861401124,-0.2927449647530502,-0.4619618908150011,0.0368221689164205
188.4566271542477,-176.28087264344197,-149.54072806151976,993.803338617778,-231.54586913156808,-553.9790688176834,977.6019498320654,1124.6062401077806
0.0017678423417624,-0.0012987955375521,-3429.0797118846667,6876.343240050803,13517.594332404338,13345.212418980924,5649.110051109868,25654.811487077488
532.898612931887,340.16870931971675,-142.56608058170377,2642.488124430639,2877.4232460107983,1864.3105159677807,-708.6248010452698,1283.2196231192852
36.41032131294009,193.3264003699993,-523.1180720908956,894.9470532750001,-746.3384245810786,-1557.4182247589736,-1833.5117552544448,-297.19633587900563
26.46543833619586,25.05335007346278,23.49839182253345,25.37847964628336,26.33817647060895,19.469091002612977,27.780054307033467,17.62352410868786
60.23370615180984,71.79040763092205,52.80391116240428,59.92977325689274,43.36120660659516,75.98527306182848,78.24009847085992,65.55287282322035
738.774327609825,407.2847150568863,673.7731434762558,785.2199883896891,567.4685163352178,334.4948782837872,465.7878942109122,366.6059600800896
2.228841045012313,0.9427647016683072,-1.1568122034914234,-0.6204674660930569,2.526672994849312,4.145482101790826,0.4951720835941657,-0.3511662237764912
-63.78947822640689,602.0455391445086,-98.64902075985437,-499.3306559489386,2192.1187671029647,194.6880622179021,534.5986318623889,606.7331678990521
0.0010551104075352,0.0021975088674848,6613.39774882869,19670.42917826877,20428.429165135,12048.284792577047,-2322.671831980257,560.6342840296002
458.32012657705,15775.345728536224,-659.3308346957706,-2379.726044517263,3040.8201987654347,-708.2738191792183,-413.8246272362313,710.513481876733
84.73711711195108,-396.23768562859294,3404.8248505495194,6114.276021886664,-1270.904525296485,1652.367095389185,694.5574145716594,4749.555245945795
24.16602034186586,28.165183473019763,33.147074426266435,23.61840777835087,26.114928133187533,32.236966725340146,20.68253287718345,16.605723350073117
26.98344919254709,52.092380564195125,63.93324879606021,57.75974817777002,75.68470547032992,57.76245868755196,75.4606756541366,36.0366144610244
360.36543173512393,433.7746327855733,668.1905564283408,760.3528471815885,571.6975628774961,529.8382109361345,546.3358554955466,413.2200555741907
3.322679234946327,0.845900091188693,2.95164732724664,-0.4496620448721449,1.2767286048375222,2.453663632157848,3.227619853559845,4.052888530491785
52.25384069437044,946.5082871005222,-146.90705908439747,414.89076781037295,383.7749971641373,-409.05976222294566,676.4877559582866,-122.5495903306505
-0.0006721552293874,0.0023455745351897,23209.39652318452,18942.93071843657,15351.825514711409,11569.75777158955,-1350.563178053951,-144.01301044405415
637.5725274519832,-1496.9150949427492,5243.757931674958,-2439.1799185082405,-1538.8094426274051,11778.007125674225,766.8714929449677,16272.521345669316
-199.78656926420567,-145.1695310766417,594.6917019217753,652.7681984139854,2743.582909342565,-674.6134061193247,-829.6660198984134,-811.287696784343
17.46077203163869,16.508232135123915,24.79880710837218,27.691393005028942,26.25239150230155,36.4053267522909,29.80003675354446,23.5689886753141
70.52025308416475,62.79420205925528,47.43331591108496,57.69454350525106,49.423672402931935,73.17514247013065,76.83114049641408,58.005407886049845
622.3379194400836,584.4408476602484,300.38875202400857,413.7854492419635,634.015341034442,626.5698353741211,401.23601904081136,538.1785850775932
0.7886067358015414,3.0395130531310763,-0.5560885665306561,-0.8923973633239244,2.002723861401124,-0.2927449647530502,-0.4619618908150011,0.0368221689164205
188.4566271542477,-176.28087264344197,-149.54072806151976,993.803338617778,-231.54586913156808,-553.9790688176834,977.6019498320654,1124.6062401077806
0.0017678423417624,-0.0012987955375521,-3429.0797118846667,6876.343240050803,13517.594332404338,13345.212418980924,5649.110051109868,25654.811487077488
532.898612931887,340.16870931971675,-142.56608058170377,2642.488124430639,2877.4232460107983,1864.3105159677807,-708.6248010452698,1283.2196231192852
36.41032131294009,193.3264003699993,-523.1180720908956,894.9470532750001,-746.3384245810786,-1557.4182247589736,-1833.5117552544448,-297.19633587900563
26.46543833619586,25.05335007346278,23.49839182253345,25.37847964628336,26.33817647060895,19.469091002612977,27.780054307033467,17.62352410868786
60.23370615180984,71.79040763092205,52.80391116240428,59.92977325689274,43.36120660659516,75.98527306182848,78.24009847085992,65.55287282322035
738.774327609825,407.2847150568863,673.7731434762558,785.2199883896891,567.4685163352178,334.4948782837872,465.7878942109122,366.6059600800896
2.228841045012313,0.9427647016683072,-1.1568122034914234,-0.6204674660930569,2.526672994849312,4.145482101790826,0.4951720835941657,-0.3511662237764912
-63.78947822640689,602.0455391445086,-98.64902075985437,-499.3306559489386,2192.1187671029647,194.6880622179021,534.5986318623889,606.7331678990521
0.0010551104075352,0.0021975088674848,6613.39774882869,19670.42917826877,20428.429165135,12048.284792577047,-2322.671831980257,560.6342840296002
458.32012657705,15775.345728536224,-659.3308346957706,-2379.726044517263,3040.8201987654347,-708.2738191792183,-413.8246272362313,710.513481876733
84.73711711195108,-396.23768562859294,3404.8248505495194,6114.276021886664,-1270.904525296485,1652.367095389185,694.5574145716594,4749.555245945795
24.16602034186586,28.165183473019763,33.147074426266435,23.61840777835087,26.114928133187533,32.236966725340146,20.68253287718345,16.605723350073117
26.98344919254709,52.092380564195125,63.93324879606021,57.75974817777002,75.68470547032992,57.76245868755196,75.4606756541366,36.0366144610244
360.36543173512393,433.7746327855733,668.1905564283408,760.3528471815885,571.6975628774961,529.8382109361345,546.3358554955466,413.2200555741907
3.322679234946327,0.845900091188693,2.95164732724664,-0.4496620448721449,1.2767286048375222,2.453663632157848,3.227619853559845,4.052888530491785
52.25384069437044,946.5082871005222,-146.90705908439747,414.89076781037295,383.7749971641373,-409.05976222294566,676.4877559582866,-122.5495903306505
-0.0006721552293874,0.0023455745351897,23209.39652318452,18942.93071843657,15351.825514711409,11569.75777158955,-1350.563178053951,-144.01301044405415
637.5725274519832,-1496.9150949427492,5243.757931674958,-2439.1799185082405,-1538.8094426274051,11778.007125674225,766.8714929449677,16272.521345669316
-199.78656926420567,-145.1695310766417,594.6917019217753,652.7681984139854,2743.582909342565,-674.6134061193247,-829.6660198984134,-811.287696784343
17.46077203163869,16.508232135123915,24.79880710837218,27.691393005028942,26.25239150230155,36.4053267522909,29.80003675354446,23.5689886753141
70.52025308416475,62.79420205925528,47.43331591108496,57.69454350525106,49.423672402931935,73.17514247013065,76.83114049641408,58.005407886049845
622.3379194400836,584.4408476602484,300.38875202400857,413.7854492419635,634.015341034442,626.5698353741211,401.23601904081136,538.1785850775932
0.7886067358015414,3.0395130531310763,-0.5560885665306561,-0.8923973633239244,2.002723861401124,-0.2927449647530502,-0.4619618908150011,0.0368221689164205
188.4566271542477,-176.28087264344197,-149.54072806151976,993.803338617778,-231.54586913156808,-553.9790688176834,977.6019498320654,1124.6062401077806
0.0017678423417624,-0.0012987955375521,-3429.0797118846667,6876.343240050803,13517.594332404338,13345.212418980924,5649.110051109868,25654.811487077488
532.898612931887,340.16870931971675,-142.56608058170377,2642.488124430639,2877.4232460107983,1864.3105159677807,-708.6248010452698,1283.2196231192852
36.41032131294009,193.3264003699993,-523.1180720908956,894.9470532750001,-746.3384245810786,-1557.4182247589736,-1833.5117552544448,-297.19633587900563
26.46543833619586,25.05335007346278,23.49839182253345,25.37847964628336,26.33817647060895,19.469091002612977,27.780054307033467,17.62352410868786
60.23370615180984,71.79040763092205,52.80391116240428,59.92977325689274,43.36120660659516,75.98527306182848,78.24009847085992,65.55287282322035
738.774327609825,407.2847150568863,673.7731434762558,785.2199883896891,567.4685163352178,334.4948782837872,465.7878942109122,366.6059600800896
2.228841045012313,0.9427647016683072,-1.1568122034914234,-0.6204674660930569,2.526672994849312,4.145482101790826,0.4951720835941657,-0.3511662237764912
-63.78947822640689,602.0455391445086,-98.64902075985437,-499.3306559489386,2192.1187671029647,194.6880622179021,534.5986318623889,606.7331678990521
0.0010551104075352,0.0021975088674848,6613.39774882869,19670.42917826877,20428.429165135,12048.284792577047,-2322.671831980257,560.6342840296002
458.32012657705,15775.345728536224,-659.3308346957706,-2379.726044517263,3040.8201987654347,-708.2738191792183,-413.8246272362313,710.513481876733
84.73711711195108,-396.23768562859294,3404.8248505495194,6114.276021886664,-1270.904525296485,1652.367095389185,694.5574145716594,4749.555245945795
24.16602034186586,28.165183473019763,33.147074426266435,23.61840777835087,26.114928133187533,32.236966725340146,20.68253287718345,16.605723350073117
26.98344919254709,52.092380564195125,63.93324879606021,57.75974817777002,75.68470547032992,57.76245868755196,75.4606756541366,36.0366144610244
360.36543173512393,433.7746327855733,668.1905564283408,760.3528471815885,571.6975628774961,529.8382109361345,546.3358554955466,413.2200555741907
3.322679234946327,0.845900091188693,2.95164732724664,-0.4496620448721449,1.2767286048375222,2.453663632157848,3.227619853559845,4.052888530491785
52.25384069437044,946.5082871005222,-146.90705908439747,414.89076781037295,383.7749971641373,-409.05976222294566,676.4877559582866,-122.5495903306505
-0.0006721552293874,0.0023455745351897,23209.39652318452,18942.93071843657,15351.825514711409,11569.75777158955,-1350.563178053951,-144.01301044405415
637.5725274519832,-1496.9150949427492,5243.757931674958,-2439.1799185082405,-1538.8094426274051,11778.007125674225,766.8714929449677,16272.521345669316
-199.78656926420567,-145.1695310766417,594.6917019217753,652.7681984139854,2743.582909342565,-674.6134061193247,-829.6660198984134,-811.287696784343
17.46077203163869,16.508232135123915,24.79880710837218,27.691393005028942,26.25239150230155,36.4053267522909,29.80003675354446,23.5689886753141
70.52025308416475,62.79420205925528,47.43331591108496,57.69454350525106,49.423672402931935,73.17514247013065,76.83114049641408,58.005407886049845
622.3379194400836,584.4408476602484,300.38875202400857,413.7854492419635,634.015341034442,626.5698353741211,401.23601904081136,538.1785850775932
0.7886067358015414,3.0395130531310763,-0.5560885665306561,-0.8923973633239244,2.002723861401124,-0.2927449647530502,-0.4619618908150011,0.0368221689164205
188.4566271542477,-176.28087264344197,-149.54072806151976,993.803338617778,-231.54586913156808,-553.9790688176834,977.6019498320654,1124.6062401077806
0.0017678423417624,-0.0012987955375521,-3429.0797118846667,6876.343240050803,13517.594332404338,13345.212418980924,5649.110051109868,25654.811487077488
532.898612931887,340.16870931971675,-142.56608058170377,2642.488124430639,2877.4232460107983,1864.3105159677807,-708.6248010452698,1283.2196231192852
36.41032131294009,193.3264003699993,-523.1180720908956,894.9470532750001,-746.3384245810786,-1557.4182247589736,-1833.5117552544448,-297.19633587900563
26.46543833619586,25.05335007346278,23.49839182253345,25.37847964628336,26.33817647060895,19.469091002612977,27.780054307033467,17.62352410868786
60.23370615180984,71.79040763092205,52.80391116240428,59.92977325689274,43.36120660659516,75.98527306182848,78.24009847085992,65.55287282322035
738.774327609825,407.2847150568863,673.7731434762558,785.2199883896891,567.4685163352178,334.4948782837872,465.7878942109122,366.6059600800896
2.228841045012313,0.9427647016683072,-1.1568122034914234,-0.6204674660930569,2.526672994849312,4.145482101790826,0.4951720835941657,-0.3511662237764912
-63.78947822640689,602.0455391445086,-98.64902075985437,-499.3306559489386,2192.1187671029647,194.6880622179021,534.5986318623889,606.7331678990521
0.0010551104075352,0.0021975088674848,6613.39774882869,19670.42917826877,20428.429165135,12048.284792577047,-2322.671831980257,560.6342840296002
458.32012657705,15775.345728536224,-659.3308346957706,-2379.726044517263,3040.8201987654347,-708.2738191792183,-413.8246272362313,710.513481876733
84.73711711195108,-396.23768562859294,3404.8248505495194,6114.276021886664,-1270.904525296485,1652.367095389185,694.5574145716594,4749.555245945795
24.16602034186586,28.165183473019763,33.147074426266435,23.61840777835087,26.114928133187533,32.236966725340146,20.68253287718345,16.605723350073117
26.98344919254709,52.092380564195125,63.93324879606021,57.75974817777002,75.68470547032992,57.76245868755196,75.4606756541366,36.0366144610244
360.36543173512393,433.7746327855733,668.1905564283408,760.3528471815885,571.6975628774961,529.8382109361345,546.3358554955466,413.2200555741907
3.322679234946327,0.845900091188693,2.95164732724664,-0.4496620448721449,1.2767286048375222,2.453663632157848,3.227619853559845,4.052888530491785
52.25384069437044,946.5082871005222,-146.90705908439747,414.89076781037295,383.7749971641373,-409.05976222294566,676.4877559582866,-122.5495903306505
-0.0006721552293874,0.0023455745351897,23209.39652318452,18942.93071843657,15351.825514711409,11569.75777158955,-1350.563178053951,-144.01301044405415
637.5725274519832,-1496.9150949427492,5243.757931674958,-2439.1799185082405,-1538.8094426274051,11778.007125674225,766.8714929449677,16272.521345669316
-199.78656926420567,-145.1695310766417,594.6917019217753,652.7681984139854,2743.582909342565,-674.6134061193247,-829.6660198984134,-811.287696784343
17.46077203163869,16.508232135123915,24.79880710837218,27.691393005028942,26.25239150230155,36.4053267522909,29.80003675354446,23.5689886753141
70.52025308416475,62.79420205925528,47.43331591108496,57.69454350525106,49.423672402931935,73.17514247013065,76.83114049641408,58.005407886049845
622.3379194400836,584.4408476602484,300.38875202400857,413.7854492419635,634.015341034442,626.5698353741211,401.23601904081136,538.1785850775932
0.7886067358015414,3.0395130531310763,-0.5560885665306561,-0.8923973633239244,2.002723861401124,-0.2927449647530502,-0.4619618908150011,0.0368221689164205
188.4566271542477,-176.28087264344197,-149.54072806151976,993.803338617778,-231.54586913156808,-553.9790688176834,977.6019498320654,1124.6062401077806
0.0017678423417624,-0.0012987955375521,-3429.0797118846667,6876.343240050803,13517.594332404338,13345.212418980924,5649.110051109868,25654.811487077488
532.898612931887,340.16870931971675,-142.56608058170377,2642.488124430639,2877.4232460107983,1864.3105159677807,-708.6248010452698,1283.2196231192852
36.41032131294009,193.3264003699993,-523.1180720908956,894.9470532750001,-746.3384245810786,-1557.4182247589736,-1833.5117552544448,-297.19633587900563
26.46543833619586,25.05335007346278,23.49839182253345,25.37847964628336,26.33817647060895,19.469091002612977,27.780054307033467,17.62352410868786
60.23370615180984,71.79040763092205,52.80391116240428,59.92977325689274,43.36120660659516,75.98527306182848,78.24009847085992,65.55287282322035
738.774327609825,407.2847150568863,673.7731434762558,785.2199883896891,567.4685163352178,334.4948782837872,465.7878942109122,366.6059600800896
2.228841045012313,0.9427647016683072,-1.1568122034914234,-0.6204674660930569,2.526672994849312,4.145482101790826,0.4951720835941657,-0.3511662237764912
-63.78947822640689,602.0455391445086,-98.64902075985437,-499.3306559489386,2192.1187671029647,194.6880622179021,534.5986318623889,606.7331678990521
0.0010551104075352,0.0021975088674848,6613.39774882869,19670.42917826877,20428.429165135,12048.284792577047,-2322.671831980257,560.6342840296002
458.32012657705,15775.345728536224,-659.3308346957706,-2379.726044517263,3040.8201987654347,-708.2738191792183,-413.8246272362313,710.513481876733
84.73711711195108,-396.23768562859294,3404.8248505495194,6114.276021886664,-1270.904525296485,1652.367095389185,694.5574145716594,4749.555245945795
24.16602034186586,28.165183473019763,33.147074426266435,23.61840777835087,26.114928133187533,32.236966725340146,20.68253287718345,16.605723350073117
26.98344919254709,52.092380564195125,63.93324879606021,57.75974817777002,75.68470547032992,57.76245868755196,75.4606756541366,36.0366144610244
360.36543173512393,433.7746327855733,668.1905564283408,760.3528471815885,571.6975628774961,529.8382109361345,546.3358554955466,413.2200555741907
3.322679234946327,0.845900091188693,2.95164732724664,-0.4496620448721449,1.2767286048375222,2.453663632157848,3.227619853559845,4.052888530491785
52.25384069437044,946.5082871005222,-146.90705908439747,414.89076781037295,383.7749971641373,-409.05976222294566,676.4877559582866,-122.5495903306505
-0.0006721552293874,0.0023455745351897,23209.39652318452,18942.93071843657,15351.825514711409,11569.75777158955,-1350.563178053951,-144.01301044405415
637.5725274519832,-1496.9150949427492,5243.757931674958,-2439.1799185082405,-1538.8094426274051,11778.007125674225,766.8714929449677,16272.521345669316
-199.78656926420567,-145.1695310766417,594.6917019217753,652.7681984139854,2743.582909342565,-674.6134061193247,-829.6660198984134,-811.287696784343
17.46077203163869,16.508232135123915,24.79880710837218,27.691393005028942,26.25239150230155,36.4053267522909,29.80003675354446,23.5689886753141
70.52025308416475,62.79420205925528,47.43331591108496,57.69454350525106,49.423672402931935,73.17514247013065,76.83114049641408,58.005407886049845
622.3379194400836,584.4408476602484,300.38875202400857,413.7854492419635,634.015341034442,626.5698353741211,401.23601904081136,538.1785850775932
0.7886067358015414,3.0395130531310763,-0.5560885665306561,-0.8923973633239244,2.002723861401124,-0.2927449647530502,-0.4619618908150011,0.0368221689164205
188.4566271542477,-176.28087264344197,-149.54072806151976,993.803338617778,-231.54586913156808,-553.9790688176834,977.6019498320654,1124.6062401077806
0.0017678423417624,-0.0012987955375521,-3429.0797118846667,6876.343240050803,13517.594332404338,13345.212418980924,5649.110051109868,25654.811487077488
532.898612931887,340.16870931971675,-142.56608058170377,2642.488124430639,2877.4232460107983,1864.3105159677807,-708.6248010452698,1283.2196231192852
36.41032131294009,193.3264003699993,-523.1180720908956,894.9470532750001,-746.3384245810786,-1557.4182247589736,-1833.5117552544448,-297.19633587900563
26.46543833619586,25.05335007346278,23.49839182253345,25.37847964628336,26.33817647060895,19.469091002612977,27.780054307033467,17.62352410868786
60.23370615180984,71.79040763092205,52.80391116240428,59.92977325689274,43.36120660659516,75.98527306182848,78.24009847085992,65.55287282322035
738.774327609825,407.2847150568863,673.7731434762558,785.2199883896891,567.4685163352178,334.4948782837872,465.7878942109122,366.6059600800896
2.228841045012313,0.9427647016683072,-1.1568122034914234,-0.6204674660930569,2.526672994849312,4.145482101790826,0.4951720835941657,-0.3511662237764912
-63.78947822640689,602.0455391445086,-98.64902075985437,-499.3306559489386,2192.1187671029647,194.6880622179021,534.5986318623889,606.7331678990521
0.0010551104075352,0.0021975088674848,6613.39774882869,19670.42917826877,20428.429165135,12048.284792577047,-2322.671831980257,560.6342840296002
458.32012657705,15775.345728536224,-659.3308346957706,-2379.726044517263,3040.8201987654347,-708.2738191792183,-413.8246272362313,710.513481876733
84.73711711195108,-396.23768562859294,3404.8248505495194,6114.276021886664,-1270.904525296485,1652.367095389185,694.5574145716594,4749.555245945795
24.16602034186586,28.165183473019763,33.147074426266435,23.61840777835087,26.114928133187533,32.236966725340146,20.68253287718345,16.605723350073117
26.98344919254709,52.092380564195125,63.93324879606021,57.75974817777002,75.68470547032992,57.76245868755196,75.4606756541366,36.0366144610244
360.36543173512393,433.7746327855733,668.1905564283408,760.3528471815885,571.6975628774961,529.8382109361345,546.3358554955466,413.2200555741907
3.322679234946327,0.845900091188693,2.95164732724664,-0.4496620448721449,1.2767286048375222,2.453663632157848,3.227619853559845,4.052888530491785
52.25384069437044,946.5082871005222,-146.90705908439747,414.89076781037295,383.7749971641373,-409.05976222294566,676.4877559582866,-122.5495903306505
-0.0006721552293874,0.0023455745351897,23209.39652318452,18942.93071843657,15351.825514711409,11569.75777158955,-1350.563178053951,-144.01301044405415
637.5725274519832,-1496.9150949427492,5243.757931674958,-2439.1799185082405,-1538.8094426274051,11778.007125674225,766.8714929449677,16272.521345669316
-199.78656926420567,-145.1695310766417,594.6917019217753,652.7681984139854,2743.582909342565,-674.6134061193247,-829.6660198984134,-811.287696784343
17.46077203163869,16.508232135123915,24.79880710837218,27.691393005028942,26.25239150230155,36.4053267522909,29.80003675354446,23.5689886753141
70.52025308416475,62.79420205925528,47.43331591108496,57.69454350525106,49.423672402931935,73.17514247013065,76.83114049641408,58.005407886049845
622.3379194400836,584.4408476602484,300.38875202400857,413.7854492419635,634.015341034442,626.5698353741211,401.23601904081136,538.1785850775932
0.7886067358015414,3.0395130531310763,-0.5560885665306561,-0.8923973633239244,2.002723861401124,-0.2927449647530502,-0.4619618908150011,0.0368221689164205
188.4566271542477,-176.28087264344197,-149.54072806151976,993.803338617778,-231.54586913156808,-553.9790688176834,977.6019498320654,1124.6062401077806
0.0017678423417624,-0.0012987955375521,-3429.0797118846667,6876.343240050803,13517.594332404338,13345.212418980924,5649.110051109868,25654.811487077488
532.898612931887,340.16870931971675,-142.56608058170377,2642.488124430639,2877.4232460107983,1864.3105159677807,-708.6248010452698,1283.2196231192852
36.41032131294009,193.3264003699993,-523.1180720908956,894.9470532750001,-746.3384245810786,-1557.4182247589736,-1833.5117552544448,-297.19633587900563
26.46543833619586,25.05335007346278,23.49839182253345,25.37847964628336,26.33817647060895,19.469091002612977,27.780054307033467,17.62352410868786
60.23370615180984,71.79040763092205,52.80391116240428,59.92977325689274,43.36120660659516,75.98527306182848,78.24009847085992,65.55287282322035
738.774327609825,407.2847150568863,673.7731434762558,785.2199883896891,567.4685163352178,334.4948782837872,465.7878942109122,366.6059600800896
2.228841045012313,0.9427647016683072,-1.1568122034914234,-0.6204674660930569,2.526672994849312,4.145482101790826,0.4951720835941657,-0.3511662237764912
-63.78947822640689,602.0455391445086,-98.64902075985437,-499.3306559489386,2192.1187671029647,194.6880622179021,534.5986318623889,606.7331678990521
0.0010551104075352,0.0021975088674848,6613.39774882869,19670.42917826877,20428.429165135,12048.284792577047,-2322.671831980257,560.6342840296002
458.32012657705,15775.345728536224,-659.3308346957706,-2379.726044517263,3040.8201987654347,-708.2738191792183,-413.8246272362313,710.513481876733
84.73711711195108,-396.23768562859294,3404.8248505495194,6114.276021886664,-1270.904525296485,1652.367095389185,694.5574145716594,4749.555245945795
24.16602034186586,28.165183473019763,33.147074426266435,23.61840777835087,26.114928133187533,32.236966725340146,20.68253287718345,16.605723350073117
26.98344919254709,52.092380564195125,63.93324879606021,57.75974817777002,75.68470547032992,57.76245868755196,75.4606756541366,36.0366144610244
360.36543173512393,433.7746327855733,668.1905564283408,760.3528471815885,571.6975628774961,529.8382109361345,546.3358554955466,413.2200555741907
3.322679234946327,0.845900091188693,2.95164732724664,-0.4496620448721449,1.2767286048375222,2.453663632157848,3.227619853559845,4.052888530491785
52.25384069437044,946.5082871005222,-146.90705908439747,414.89076781037295,383.7749971641373,-409.05976222294566,676.4877559582866,-122.5495903306505
-0.0006721552293874,0.0023455745351897,23209.39652318452,18942.93071843657,15351.825514711409,11569.75777158955,-1350.563178053951,-144.01301044405415
637.5725274519832,-1496.9150949427492,5243.757931674958,-2439.1799185082405,-1538.8094426274051,11778.007125674225,766.8714929449677,16272.521345669316
-199.78656926420567,-145.1695310766417,594.6917019217753,652.7681984139854,2743.582909342565,-674.6134061193247,-829.6660198984134,-811.287696784343
