내부온도관측치,내부습도관측치,co2관측치,ec관측치,시간당분무량,시간당백색광량,시간당적색광량,시간당청색광량
24.02434647007545,24.86454838589396,32.576968736167146,29.61015874805294,26.750928568895315,23.27188173584685,28.38362463679942,26.65416968675968
50.45848398943884,54.81028444290436,55.42975695558992,85.72584889320862,25.32563283368908,53.40520376547834,74.23996996051551,57.8104967562922
717.1022637084229,679.1122196889858,412.5813738331563,446.5060943877429,546.6607145031131,363.1681275422189,467.10201139039617,311.490818979123
1.0720627528299067,3.231329210964811,-0.0641275907355578,1.1452629919871682,1.4061883059060227,-0.1614713605964246,0.7509365365797582,1.468008947942291
304.9709388459548,439.3231571398724,-655.308340166089,1186.6696309216968,724.3307785641035,-60.32062723237755,22.06911865236303,239.8797029132257
0.002611242330233,-0.0018549727292199,-116.29780567765285,23538.50253925016,-11542.065977036422,16993.938589304493,6167.078389935101,644.2686358397647
446.880728670019,-388.7829599589001,1145.7837414342166,2807.4523814358768,3796.483276889197,3312.999314757703,1005.1128345441828,2595.489784490741
-109.0969210318162,276.72590895759544,-621.052322578826,8242.73600584313,1422.3456045948303,3731.7988203407313,-923.426922367592,1095.3060113683052
26.040657069610464,21.837441115694222,38.909283613988926,28.25748967572492,27.735944467733795,22.58523193863077,28.79433949024256,22.990286585669686
68.33915245704051,74.85545938976439,56.13952374465815,66.47823737230149,27.45039028168335,43.51637342028898,58.38042781765366,70.1548680513142
580.9312197233196,366.8606014568156,545.4639702017549,800.0406930436749,828.6952873642683,300.5769453619332,355.9482033524072,546.003873473846
0.8531067890227743,-0.6357196634395432,-1.8360866881711024,0.4901439651632367,2.1592501143623752,2.921999645582499,-0.841944142577937,0.3278829808104202
11.575183532980992,1424.0115578659877,504.4709389228163,-516.0625957542317,668.0283890662406,-17.401659012163577,-127.45020346828932,-286.6773316775889
-0.0025233807803233,0.0023758628402101,6083.119543475104,-117.42975036882216,16001.711846078706,9042.01652028744,-1671.497468849817,133.37577348772103
-10.231475309360125,1181.59801939955,497.2849383138931,837.1866472860702,565.3840479140014,-2294.746957537183,655.6293773981637,41.967239454822064
-196.7600196429344,-634.2749103128787,26.249342755984344,6269.209307474139,-1250.860163586931,6192.881390711229,868.1842335883524,1147.1905623508271
17.53024148012182,36.61674435331028,19.94689025785833,29.83243124924285,28.63457891629597,27.26538812181306,16.39297583630341,20.59719383074917
32.1354586037212,66.01100552864911,51.41608160451208,58.18273767310188,85.0967978186236,30.603481586183445,60.01573936616796,64.58617915882517
365.85726678364176,423.1293335301642,630.3280060864977,639.4937610153937,417.91153070471967,693.8298358577708,686.9931083516727,263.972220532249
-0.1682846196761118,2.060818268398476,2.878717798814721,-0.5401338655965864,-0.0979816762945082,1.854771982720832,2.6268726547908745,2.761015197802067
998.07071305279,181.5638157446081,365.76225341131146,576.4428835726325,782.8961577470376,-117.83822004836448,566.2474073879488,-0.8640341981793824
0.0012561935525457,-0.0003938970500162,21653.759025041243,9205.801248552449,19729.24595674816,14784.090886781143,-215.8271681458628,-106.90948205094072
828.9942457644197,-893.8211729425667,8507.329308243676,-468.1706055577804,-924.9319302274914,1568.2635311581962,-1285.8580465804978,955.5115222841883
-169.0792545480761,527.4323686334909,-4252.25768335757,3264.2163368821552,2694.9438176685603,-1004.9335176510162,9516.948909146806,-1020.9788525814464
24.02434647007545,24.86454838589396,32.576968736167146,29.61015874805294,26.750928568895315,23.27188173584685,28.38362463679942,26.65416968675968
50.45848398943884,54.81028444290436,55.42975695558992,85.72584889320862,25.32563283368908,53.40520376547834,74.23996996051551,57.8104967562922
717.1022637084229,679.1122196889858,412.5813738331563,446.5060943877429,546.6607145031131,363.1681275422189,467.10201139039617,311.490818979123
1.0720627528299067,3.231329210964811,-0.0641275907355578,1.1452629919871682,1.4061883059060227,-0.1614713605964246,0.7509365365797582,1.468008947942291
304.9709388459548,439.3231571398724,-655.308340166089,1186.6696309216968,724.3307785641035,-60.32062723237755,22.06911865236303,239.8797029132257
0.002611242330233,-0.0018549727292199,-116.29780567765285,23538.50253925016,-11542.065977036422,16993.938589304493,6167.078389935101,644.2686358397647
446.880728670019,-388.7829599589001,1145.7837414342166,2807.4523814358768,3796.483276889197,3312.999314757703,1005.1128345441828,2595.489784490741
-109.0969210318162,276.72590895759544,-621.052322578826,8242.73600584313,1422.3456045948303,3731.7988203407313,-923.426922367592,1095.3060113683052
26.040657069610464,21.837441115694222,38.909283613988926,28.25748967572492,27.735944467733795,22.58523193863077,28.79433949024256,22.990286585669686
68.33915245704051,74.85545938976439,56.13952374465815,66.47823737230149,27.45039028168335,43.51637342028898,58.38042781765366,70.1548680513142
580.9312197233196,366.8606014568156,545.4639702017549,800.0406930436749,828.6952873642683,300.5769453619332,355.9482033524072,546.003873473846
0.8531067890227743,-0.6357196634395432,-1.8360866881711024,0.4901439651632367,2.1592501143623752,2.921999645582499,-0.841944142577937,0.3278829808104202
11.575183532980992,1424.0115578659877,504.4709389228163,-516.0625957542317,668.0283890662406,-17.401659012163577,-127.45020346828932,-286.6773316775889
-0.0025233807803233,0.0023758628402101,6083.119543475104,-117.42975036882216,16001.711846078706,9042.01652028744,-1671.497468849817,133.37577348772103
-10.231475309360125,1181.59801939955,497.2849383138931,837.1866472860702,565.3840479140014,-2294.746957537183,655.6293773981637,41.967239454822064
-196.7600196429344,-634.2749103128787,26.249342755984344,6269.209307474139,-1250.860163586931,6192.881390711229,868.1842335883524,1147.1905623508271
17.53024148012182,36.61674435331028,19.94689025785833,29.83243124924285,28.63457891629597,27.26538812181306,16.39297583630341,20.59719383074917
32.1354586037212,66.01100552864911,51.41608160451208,58.18273767310188,85.0967978186236,30.603481586183445,60.01573936616796,64.58617915882517
365.85726678364176,423.1293335301642,630.3280060864977,639.4937610153937,417.91153070471967,693.8298358577708,686.9931083516727,263.972220532249
-0.1682846196761118,2.060818268398476,2.878717798814721,-0.5401338655965864,-0.0979816762945082,1.854771982720832,2.6268726547908745,2.761015197802067
998.07071305279,181.5638157446081,365.76225341131146,576.4428835726325,782.8961577470376,-117.83822004836448,566.2474073879488,-0.8640341981793824
0.0012561935525457,-0.0003938970500162,21653.759025041243,9205.801248552449,19729.24595674816,14784.090886781143,-215.8271681458628,-106.90948205094072
828.9942457644197,-893.8211729425667,8507.329308243676,-468.1706055577804,-924.9319302274914,1568.2635311581962,-1285.8580465804978,955.5115222841883
-169.0792545480761,527.4323686334909,-4252.25768335757,3264.2163368821552,2694.9438176685603,-1004.9335176510162,9516.948909146806,-1020.9788525814464
24.02434647007545,24.86454838589396,32.576968736167146,29.61015874805294,26.750928568895315,23.27188173584685,28.38362463679942,26.65416968675968
50.45848398943884,54.81028444290436,55.42975695558992,85.72584889320862,25.32563283368908,53.40520376547834,74.23996996051551,57.8104967562922
717.1022637084229,679.1122196889858,412.5813738331563,446.5060943877429,546.6607145031131,363.1681275422189,467.10201139039617,311.490818979123
1.0720627528299067,3.231329210964811,-0.0641275907355578,1.1452629919871682,1.4061883059060227,-0.1614713605964246,0.7509365365797582,1.468008947942291
304.9709388459548,439.3231571398724,-655.308340166089,1186.6696309216968,724.3307785641035,-60.32062723237755,22.06911865236303,239.8797029132257
0.002611242330233,-0.0018549727292199,-116.29780567765285,23538.50253925016,-11542.065977036422,16993.938589304493,6167.078389935101,644.2686358397647
446.880728670019,-388.7829599589001,1145.7837414342166,2807.4523814358768,3796.483276889197,3312.999314757703,1005.1128345441828,2595.489784490741
-109.0969210318162,276.72590895759544,-621.052322578826,8242.73600584313,1422.3456045948303,3731.7988203407313,-923.426922367592,1095.3060113683052
26.040657069610464,21.837441115694222,38.909283613988926,28.25748967572492,27.735944467733795,22.58523193863077,28.79433949024256,22.990286585669686
68.33915245704051,74.85545938976439,56.13952374465815,66.47823737230149,27.45039028168335,43.51637342028898,58.38042781765366,70.1548680513142
580.9312197233196,366.8606014568156,545.4639702017549,800.0406930436749,828.6952873642683,300.5769453619332,355.9482033524072,546.003873473846
0.8531067890227743,-0.6357196634395432,-1.8360866881711024,0.4901439651632367,2.1592501143623752,2.921999645582499,-0.841944142577937,0.3278829808104202
11.575183532980992,1424.0115578659877,504.4709389228163,-516.0625957542317,668.0283890662406,-17.401659012163577,-127.45020346828932,-286.6773316775889
-0.0025233807803233,0.0023758628402101,6083.119543475104,-117.42975036882216,16001.711846078706,9042.01652028744,-1671.497468849817,133.37577348772103
-10.231475309360125,1181.59801939955,497.2849383138931,837.1866472860702,565.3840479140014,-2294.746957537183,655.6293773981637,41.967239454822064
-196.7600196429344,-634.2749103128787,26.249342755984344,6269.209307474139,-1250.860163586931,6192.881390711229,868.1842335883524,1147.1905623508271
17.53024148012182,36.61674435331028,19.94689025785833,29.83243124924285,28.63457891629597,27.26538812181306,16.39297583630341,20.59719383074917
32.1354586037212,66.01100552864911,51.41608160451208,58.18273767310188,85.0967978186236,30.603481586183445,60.01573936616796,64.58617915882517
365.85726678364176,423.1293335301642,630.3280060864977,639.4937610153937,417.91153070471967,693.8298358577708,686.9931083516727,263.972220532249
-0.1682846196761118,2.060818268398476,2.878717798814721,-0.5401338655965864,-0.0979816762945082,1.854771982720832,2.6268726547908745,2.761015197802067
998.07071305279,181.5638157446081,365.76225341131146,576.4428835726325,782.8961577470376,-117.83822004836448,566.2474073879488,-0.8640341981793824
0.0012561935525457,-0.0003938970500162,21653.759025041243,9205.801248552449,19729.24595674816,14784.090886781143,-215.8271681458628,-106.90948205094072
828.9942457644197,-893.8211729425667,8507.329308243676,-468.1706055577804,-924.9319302274914,1568.2635311581962,-1285.8580465804978,955.5115222841883
-169.0792545480761,527.4323686334909,-4252.25768335757,3264.2163368821552,2694.9438176685603,-1004.9335176510162,9516.948909146806,-1020.9788525814464
24.02434647007545,24.86454838589396,32.576968736167146,29.61015874805294,26.750928568895315,23.27188173584685,28.38362463679942,26.65416968675968
50.45848398943884,54.81028444290436,55.42975695558992,85.72584889320862,25.32563283368908,53.40520376547834,74.23996996051551,57.8104967562922
717.1022637084229,679.1122196889858,412.5813738331563,446.5060943877429,546.6607145031131,363.1681275422189,467.10201139039617,311.490818979123
1.0720627528299067,3.231329210964811,-0.0641275907355578,1.1452629919871682,1.4061883059060227,-0.1614713605964246,0.7509365365797582,1.468008947942291
304.9709388459548,439.3231571398724,-655.308340166089,1186.6696309216968,724.3307785641035,-60.32062723237755,22.06911865236303,239.8797029132257
0.002611242330233,-0.0018549727292199,-116.29780567765285,23538.50253925016,-11542.065977036422,16993.938589304493,6167.078389935101,644.2686358397647
446.880728670019,-388.7829599589001,1145.7837414342166,2807.4523814358768,3796.483276889197,3312.999314757703,1005.1128345441828,2595.489784490741
-109.0969210318162,276.72590895759544,-621.052322578826,8242.73600584313,1422.3456045948303,3731.7988203407313,-923.426922367592,1095.3060113683052
26.040657069610464,21.837441115694222,38.909283613988926,28.25748967572492,27.735944467733795,22.58523193863077,28.79433949024256,22.990286585669686
68.33915245704051,74.85545938976439,56.13952374465815,66.47823737230149,27.45039028168335,43.51637342028898,58.38042781765366,70.1548680513142
580.9312197233196,366.8606014568156,545.4639702017549,800.0406930436749,828.6952873642683,300.5769453619332,355.9482033524072,546.003873473846
0.8531067890227743,-0.6357196634395432,-1.8360866881711024,0.4901439651632367,2.1592501143623752,2.921999645582499,-0.841944142577937,0.3278829808104202
11.575183532980992,1424.0115578659877,504.4709389228163,-516.0625957542317,668.0283890662406,-17.401659012163577,-127.45020346828932,-286.6773316775889
-0.0025233807803233,0.0023758628402101,6083.119543475104,-117.42975036882216,16001.711846078706,9042.01652028744,-1671.497468849817,133.37577348772103
-10.231475309360125,1181.59801939955,497.2849383138931,837.1866472860702,565.3840479140014,-2294.746957537183,655.6293773981637,41.967239454822064
-196.7600196429344,-634.2749103128787,26.249342755984344,6269.209307474139,-1250.860163586931,6192.881390711229,868.1842335883524,1147.1905623508271
17.53024148012182,36.61674435331028,19.94689025785833,29.83243124924285,28.63457891629597,27.26538812181306,16.39297583630341,20.59719383074917
32.1354586037212,66.01100552864911,51.41608160451208,58.18273767310188,85.0967978186236,30.603481586183445,60.01573936616796,64.58617915882517
365.85726678364176,423.1293335301642,630.3280060864977,639.4937610153937,417.91153070471967,693.8298358577708,686.9931083516727,263.972220532249
-0.1682846196761118,2.060818268398476,2.878717798814721,-0.5401338655965864,-0.0979816762945082,1.854771982720832,2.6268726547908745,2.761015197802067
998.07071305279,181.5638157446081,365.76225341131146,576.4428835726325,782.8961577470376,-117.83822004836448,566.2474073879488,-0.8640341981793824
0.0012561935525457,-0.0003938970500162,21653.759025041243,9205.801248552449,19729.24595674816,14784.090886781143,-215.8271681458628,-106.90948205094072
828.9942457644197,-893.8211729425667,8507.329308243676,-468.1706055577804,-924.9319302274914,1568.2635311581962,-1285.8580465804978,955.5115222841883
-169.0792545480761,527.4323686334909,-4252.25768335757,3264.2163368821552,2694.9438176685603,-1004.9335176510162,9516.948909146806,-1020.9788525814464
24.02434647007545,24.86454838589396,32.576968736167146,29.61015874805294,26.750928568895315,23.27188173584685,28.38362463679942,26.65416968675968
50.45848398943884,54.81028444290436,55.42975695558992,85.72584889320862,25.32563283368908,53.40520376547834,74.23996996051551,57.8104967562922
717.1022637084229,679.1122196889858,412.5813738331563,446.5060943877429,546.6607145031131,363.1681275422189,467.10201139039617,311.490818979123
1.0720627528299067,3.231329210964811,-0.0641275907355578,1.1452629919871682,1.4061883059060227,-0.1614713605964246,0.7509365365797582,1.468008947942291
304.9709388459548,439.3231571398724,-655.308340166089,1186.6696309216968,724.3307785641035,-60.32062723237755,22.06911865236303,239.8797029132257
0.002611242330233,-0.0018549727292199,-116.29780567765285,23538.50253925016,-11542.065977036422,16993.938589304493,6167.078389935101,644.2686358397647
446.880728670019,-388.7829599589001,1145.7837414342166,2807.4523814358768,3796.483276889197,3312.999314757703,1005.1128345441828,2595.489784490741
-109.0969210318162,276.72590895759544,-621.052322578826,8242.73600584313,1422.3456045948303,3731.7988203407313,-923.426922367592,1095.3060113683052
26.040657069610464,21.837441115694222,38.909283613988926,28.25748967572492,27.735944467733795,22.58523193863077,28.79433949024256,22.990286585669686
68.33915245704051,74.85545938976439,56.13952374465815,66.47823737230149,27.45039028168335,43.51637342028898,58.38042781765366,70.1548680513142
580.9312197233196,366.8606014568156,545.4639702017549,800.0406930436749,828.6952873642683,300.5769453619332,355.9482033524072,546.003873473846
0.8531067890227743,-0.6357196634395432,-1.8360866881711024,0.4901439651632367,2.1592501143623752,2.921999645582499,-0.841944142577937,0.3278829808104202
11.575183532980992,1424.0115578659877,504.4709389228163,-516.0625957542317,668.0283890662406,-17.401659012163577,-127.45020346828932,-286.6773316775889
-0.0025233807803233,0.0023758628402101,6083.119543475104,-117.42975036882216,16001.711846078706,9042.01652028744,-1671.497468849817,133.37577348772103
-10.231475309360125,1181.59801939955,497.2849383138931,837.1866472860702,565.3840479140014,-2294.746957537183,655.6293773981637,41.967239454822064
-196.7600196429344,-634.2749103128787,26.249342755984344,6269.209307474139,-1250.860163586931,6192.881390711229,868.1842335883524,1147.1905623508271
17.53024148012182,36.61674435331028,19.94689025785833,29.83243124924285,28.63457891629597,27.26538812181306,16.39297583630341,20.59719383074917
32.1354586037212,66.01100552864911,51.41608160451208,58.18273767310188,85.0967978186236,30.603481586183445,60.01573936616796,64.58617915882517
365.85726678364176,423.1293335301642,630.3280060864977,639.4937610153937,417.91153070471967,693.8298358577708,686.9931083516727,263.972220532249
-0.1682846196761118,2.060818268398476,2.878717798814721,-0.5401338655965864,-0.0979816762945082,1.854771982720832,2.6268726547908745,2.761015197802067
998.07071305279,181.5638157446081,365.76225341131146,576.4428835726325,782.8961577470376,-117.83822004836448,566.2474073879488,-0.8640341981793824
0.0012561935525457,-0.0003938970500162,21653.759025041243,9205.801248552449,19729.24595674816,14784.090886781143,-215.8271681458628,-106.90948205094072
828.9942457644197,-893.8211729425667,8507.329308243676,-468.1706055577804,-924.9319302274914,1568.2635311581962,-1285.8580465804978,955.5115222841883
-169.0792545480761,527.4323686334909,-4252.25768335757,3264.2163368821552,2694.9438176685603,-1004.9335176510162,9516.948909146806,-1020.9788525814464
24.02434647007545,24.86454838589396,32.576968736167146,29.61015874805294,26.750928568895315,23.27188173584685,28.38362463679942,26.65416968675968
50.45848398943884,54.81028444290436,55.42975695558992,85.72584889320862,25.32563283368908,53.40520376547834,74.23996996051551,57.8104967562922
717.1022637084229,679.1122196889858,412.5813738331563,446.5060943877429,546.6607145031131,363.1681275422189,467.10201139039617,311.490818979123
1.0720627528299067,3.231329210964811,-0.0641275907355578,1.1452629919871682,1.4061883059060227,-0.1614713605964246,0.7509365365797582,1.468008947942291
304.9709388459548,439.3231571398724,-655.308340166089,1186.6696309216968,724.3307785641035,-60.32062723237755,22.06911865236303,239.8797029132257
0.002611242330233,-0.0018549727292199,-116.29780567765285,23538.50253925016,-11542.065977036422,16993.938589304493,6167.078389935101,644.2686358397647
446.880728670019,-388.7829599589001,1145.7837414342166,2807.4523814358768,3796.483276889197,3312.999314757703,1005.1128345441828,2595.489784490741
-109.0969210318162,276.72590895759544,-621.052322578826,8242.73600584313,1422.3456045948303,3731.7988203407313,-923.426922367592,1095.3060113683052
26.040657069610464,21.837441115694222,38.909283613988926,28.25748967572492,27.735944467733795,22.58523193863077,28.79433949024256,22.990286585669686
68.33915245704051,74.85545938976439,56.13952374465815,66.47823737230149,27.45039028168335,43.51637342028898,58.38042781765366,70.1548680513142
580.9312197233196,366.8606014568156,545.4639702017549,800.0406930436749,828.6952873642683,300.5769453619332,355.9482033524072,546.003873473846
0.8531067890227743,-0.6357196634395432,-1.8360866881711024,0.4901439651632367,2.1592501143623752,2.921999645582499,-0.841944142577937,0.3278829808104202
11.575183532980992,1424.0115578659877,504.4709389228163,-516.0625957542317,668.0283890662406,-17.401659012163577,-127.45020346828932,-286.6773316775889
-0.0025233807803233,0.0023758628402101,6083.119543475104,-117.42975036882216,16001.711846078706,9042.01652028744,-1671.497468849817,133.37577348772103
-10.231475309360125,1181.59801939955,497.2849383138931,837.1866472860702,565.3840479140014,-2294.746957537183,655.6293773981637,41.967239454822064
-196.7600196429344,-634.2749103128787,26.249342755984344,6269.209307474139,-1250.860163586931,6192.881390711229,868.1842335883524,1147.1905623508271
17.53024148012182,36.61674435331028,19.94689025785833,29.83243124924285,28.63457891629597,27.26538812181306,16.39297583630341,20.59719383074917
32.1354586037212,66.01100552864911,51.41608160451208,58.18273767310188,85.0967978186236,30.603481586183445,60.01573936616796,64.58617915882517
365.85726678364176,423.1293335301642,630.3280060864977,639.4937610153937,417.91153070471967,693.8298358577708,686.9931083516727,263.972220532249
-0.1682846196761118,2.060818268398476,2.878717798814721,-0.5401338655965864,-0.0979816762945082,1.854771982720832,2.6268726547908745,2.761015197802067
998.07071305279,181.5638157446081,365.76225341131146,576.4428835726325,782.8961577470376,-117.83822004836448,566.2474073879488,-0.8640341981793824
0.0012561935525457,-0.0003938970500162,21653.759025041243,9205.801248552449,19729.24595674816,14784.090886781143,-215.8271681458628,-106.90948205094072
828.9942457644197,-893.8211729425667,8507.329308243676,-468.1706055577804,-924.9319302274914,1568.2635311581962,-1285.8580465804978,955.5115222841883
-169.0792545480761,527.4323686334909,-4252.25768335757,3264.2163368821552,2694.9438176685603,-1004.9335176510162,9516.948909146806,-1020.9788525814464
24.02434647007545,24.86454838589396,32.576968736167146,29.61015874805294,26.750928568895315,23.27188173584685,28.38362463679942,26.65416968675968
50.45848398943884,54.81028444290436,55.42975695558992,85.72584889320862,25.32563283368908,53.40520376547834,74.23996996051551,57.8104967562922
717.1022637084229,679.1122196889858,412.5813738331563,446.5060943877429,546.6607145031131,363.1681275422189,467.10201139039617,311.490818979123
1.0720627528299067,3.231329210964811,-0.0641275907355578,1.1452629919871682,1.4061883059060227,-0.1614713605964246,0.7509365365797582,1.468008947942291
304.9709388459548,439.3231571398724,-655.308340166089,1186.6696309216968,724.3307785641035,-60.32062723237755,22.06911865236303,239.8797029132257
0.002611242330233,-0.0018549727292199,-116.29780567765285,23538.50253925016,-11542.065977036422,16993.938589304493,6167.078389935101,644.2686358397647
446.880728670019,-388.7829599589001,1145.7837414342166,2807.4523814358768,3796.483276889197,3312.999314757703,1005.1128345441828,2595.489784490741
-109.0969210318162,276.72590895759544,-621.052322578826,8242.73600584313,1422.3456045948303,3731.7988203407313,-923.426922367592,1095.3060113683052
26.040657069610464,21.837441115694222,38.909283613988926,28.25748967572492,27.735944467733795,22.58523193863077,28.79433949024256,22.990286585669686
68.33915245704051,74.85545938976439,56.13952374465815,66.47823737230149,27.45039028168335,43.51637342028898,58.38042781765366,70.1548680513142
580.9312197233196,366.8606014568156,545.4639702017549,800.0406930436749,828.6952873642683,300.5769453619332,355.9482033524072,546.003873473846
0.8531067890227743,-0.6357196634395432,-1.8360866881711024,0.4901439651632367,2.1592501143623752,2.921999645582499,-0.841944142577937,0.3278829808104202
11.575183532980992,1424.0115578659877,504.4709389228163,-516.0625957542317,668.0283890662406,-17.401659012163577,-127.45020346828932,-286.6773316775889
-0.0025233807803233,0.0023758628402101,6083.119543475104,-117.42975036882216,16001.711846078706,9042.01652028744,-1671.497468849817,133.37577348772103
-10.231475309360125,1181.59801939955,497.2849383138931,837.1866472860702,565.3840479140014,-2294.746957537183,655.6293773981637,41.967239454822064
-196.7600196429344,-634.2749103128787,26.249342755984344,6269.209307474139,-1250.860163586931,6192.881390711229,868.1842335883524,1147.1905623508271
17.53024148012182,36.61674435331028,19.94689025785833,29.83243124924285,28.63457891629597,27.26538812181306,16.39297583630341,20.59719383074917
32.1354586037212,66.01100552864911,51.41608160451208,58.18273767310188,85.0967978186236,30.603481586183445,60.01573936616796,64.58617915882517
365.85726678364176,423.1293335301642,630.3280060864977,639.4937610153937,417.91153070471967,693.8298358577708,686.9931083516727,263.972220532249
-0.1682846196761118,2.060818268398476,2.878717798814721,-0.5401338655965864,-0.0979816762945082,1.854771982720832,2.6268726547908745,2.761015197802067
998.07071305279,181.5638157446081,365.76225341131146,576.4428835726325,782.8961577470376,-117.83822004836448,566.2474073879488,-0.8640341981793824
0.0012561935525457,-0.0003938970500162,21653.759025041243,9205.801248552449,19729.24595674816,14784.090886781143,-215.8271681458628,-106.90948205094072
828.9942457644197,-893.8211729425667,8507.329308243676,-468.1706055577804,-924.9319302274914,1568.2635311581962,-1285.8580465804978,955.5115222841883
-169.0792545480761,527.4323686334909,-4252.25768335757,3264.2163368821552,2694.9438176685603,-1004.9335176510162,9516.948909146806,-1020.9788525814464
24.02434647007545,24.86454838589396,32.576968736167146,29.61015874805294,26.750928568895315,23.27188173584685,28.38362463679942,26.65416968675968
50.45848398943884,54.81028444290436,55.42975695558992,85.72584889320862,25.32563283368908,53.40520376547834,74.23996996051551,57.8104967562922
717.1022637084229,679.1122196889858,412.5813738331563,446.5060943877429,546.6607145031131,363.1681275422189,467.10201139039617,311.490818979123
1.0720627528299067,3.231329210964811,-0.0641275907355578,1.1452629919871682,1.4061883059060227,-0.1614713605964246,0.7509365365797582,1.468008947942291
304.9709388459548,439.3231571398724,-655.308340166089,1186.6696309216968,724.3307785641035,-60.32062723237755,22.06911865236303,239.8797029132257
0.002611242330233,-0.0018549727292199,-116.29780567765285,23538.50253925016,-11542.065977036422,16993.938589304493,6167.078389935101,644.2686358397647
446.880728670019,-388.7829599589001,1145.7837414342166,2807.4523814358768,3796.483276889197,3312.999314757703,1005.1128345441828,2595.489784490741
-109.0969210318162,276.72590895759544,-621.052322578826,8242.73600584313,1422.3456045948303,3731.7988203407313,-923.426922367592,1095.3060113683052
26.040657069610464,21.837441115694222,38.909283613988926,28.25748967572492,27.735944467733795,22.58523193863077,28.79433949024256,22.990286585669686
68.33915245704051,74.85545938976439,56.13952374465815,66.47823737230149,27.45039028168335,43.51637342028898,58.38042781765366,70.1548680513142
580.9312197233196,366.8606014568156,545.4639702017549,800.0406930436749,828.6952873642683,300.5769453619332,355.9482033524072,546.003873473846
0.8531067890227743,-0.6357196634395432,-1.8360866881711024,0.4901439651632367,2.1592501143623752,2.921999645582499,-0.841944142577937,0.3278829808104202
11.575183532980992,1424.0115578659877,504.4709389228163,-516.0625957542317,668.0283890662406,-17.401659012163577,-127.45020346828932,-286.6773316775889
-0.0025233807803233,0.0023758628402101,6083.119543475104,-117.42975036882216,16001.711846078706,9042.01652028744,-1671.497468849817,133.37577348772103
-10.231475309360125,1181.59801939955,497.2849383138931,837.1866472860702,565.3840479140014,-2294.746957537183,655.6293773981637,41.967239454822064
-196.7600196429344,-634.2749103128787,26.249342755984344,6269.209307474139,-1250.860163586931,6192.881390711229,868.1842335883524,1147.1905623508271
17.53024148012182,36.61674435331028,19.94689025785833,29.83243124924285,28.63457891629597,27.26538812181306,16.39297583630341,20.59719383074917
32.1354586037212,66.01100552864911,51.41608160451208,58.18273767310188,85.0967978186236,30.603481586183445,60.01573936616796,64.58617915882517
365.85726678364176,423.1293335301642,630.3280060864977,639.4937610153937,417.91153070471967,693.8298358577708,686.9931083516727,263.972220532249
-0.1682846196761118,2.060818268398476,2.878717798814721,-0.5401338655965864,-0.0979816762945082,1.854771982720832,2.6268726547908745,2.761015197802067
998.07071305279,181.5638157446081,365.76225341131146,576.4428835726325,782.8961577470376,-117.83822004836448,566.2474073879488,-0.8640341981793824
0.0012561935525457,-0.0003938970500162,21653.759025041243,9205.801248552449,19729.24595674816,14784.090886781143,-215.8271681458628,-106.90948205094072
828.9942457644197,-893.8211729425667,8507.329308243676,-468.1706055577804,-924.9319302274914,1568.2635311581962,-1285.8580465804978,955.5115222841883
-169.0792545480761,527.4323686334909,-4252.25768335757,3264.2163368821552,2694.9438176685603,-1004.9335176510162,9516.948909146806,-1020.9788525814464
24.02434647007545,24.86454838589396,32.576968736167146,29.61015874805294,26.750928568895315,23.27188173584685,28.38362463679942,26.65416968675968
50.45848398943884,54.81028444290436,55.42975695558992,85.72584889320862,25.32563283368908,53.40520376547834,74.23996996051551,57.8104967562922
717.1022637084229,679.1122196889858,412.5813738331563,446.5060943877429,546.6607145031131,363.1681275422189,467.10201139039617,311.490818979123
1.0720627528299067,3.231329210964811,-0.0641275907355578,1.1452629919871682,1.4061883059060227,-0.1614713605964246,0.7509365365797582,1.468008947942291
304.9709388459548,439.3231571398724,-655.308340166089,1186.6696309216968,724.3307785641035,-60.32062723237755,22.06911865236303,239.8797029132257
0.002611242330233,-0.0018549727292199,-116.29780567765285,23538.50253925016,-11542.065977036422,16993.938589304493,6167.078389935101,644.2686358397647
446.880728670019,-388.7829599589001,1145.7837414342166,2807.4523814358768,3796.483276889197,3312.999314757703,1005.1128345441828,2595.489784490741
-109.0969210318162,276.72590895759544,-621.052322578826,8242.73600584313,1422.3456045948303,3731.7988203407313,-923.426922367592,1095.3060113683052
26.040657069610464,21.837441115694222,38.909283613988926,28.25748967572492,27.735944467733795,22.58523193863077,28.79433949024256,22.990286585669686
68.33915245704051,74.85545938976439,56.13952374465815,66.47823737230149,27.45039028168335,43.51637342028898,58.38042781765366,70.1548680513142
580.9312197233196,366.8606014568156,545.4639702017549,800.0406930436749,828.6952873642683,300.5769453619332,355.9482033524072,546.003873473846
0.8531067890227743,-0.6357196634395432,-1.8360866881711024,0.4901439651632367,2.1592501143623752,2.921999645582499,-0.841944142577937,0.3278829808104202
11.575183532980992,1424.0115578659877,504.4709389228163,-516.0625957542317,668.0283890662406,-17.401659012163577,-127.45020346828932,-286.6773316775889
-0.0025233807803233,0.0023758628402101,6083.119543475104,-117.42975036882216,16001.711846078706,9042.01652028744,-1671.497468849817,133.37577348772103
-10.231475309360125,1181.59801939955,497.2849383138931,837.1866472860702,565.3840479140014,-2294.746957537183,655.6293773981637,41.967239454822064
-196.7600196429344,-634.2749103128787,26.249342755984344,6269.209307474139,-1250.860163586931,6192.881390711229,868.1842335883524,1147.1905623508271
17.53024148012182,36.61674435331028,19.94689025785833,29.83243124924285,28.63457891629597,27.26538812181306,16.39297583630341,20.59719383074917
32.1354586037212,66.01100552864911,51.41608160451208,58.18273767310188,85.0967978186236,30.603481586183445,60.01573936616796,64.58617915882517
365.85726678364176,423.1293335301642,630.3280060864977,639.4937610153937,417.91153070471967,693.8298358577708,686.9931083516727,263.972220532249
-0.1682846196761118,2.060818268398476,2.878717798814721,-0.5401338655965864,-0.0979816762945082,1.854771982720832,2.6268726547908745,2.761015197802067
998.07071305279,181.5638157446081,365.76225341131146,576.4428835726325,782.8961577470376,-117.83822004836448,566.2474073879488,-0.8640341981793824
0.0012561935525457,-0.0003938970500162,21653.759025041243,9205.801248552449,19729.24595674816,14784.090886781143,-215.8271681458628,-106.90948205094072
828.9942457644197,-893.8211729425667,8507.329308243676,-468.1706055577804,-924.9319302274914,1568.2635311581962,-1285.8580465804978,955.5115222841883
-169.0792545480761,527.4323686334909,-4252.25768335757,3264.2163368821552,2694.9438176685603,-1004.9335176510162,9516.948909146806,-1020.9788525814464
24.02434647007545,24.86454838589396,32.576968736167146,29.61015874805294,26.750928568895315,23.27188173584685,28.38362463679942,26.65416968675968
50.45848398943884,54.81028444290436,55.42975695558992,85.72584889320862,25.32563283368908,53.40520376547834,74.23996996051551,57.8104967562922
717.1022637084229,679.1122196889858,412.5813738331563,446.5060943877429,546.6607145031131,363.1681275422189,467.10201139039617,311.490818979123
1.0720627528299067,3.231329210964811,-0.0641275907355578,1.1452629919871682,1.4061883059060227,-0.1614713605964246,0.7509365365797582,1.468008947942291
304.9709388459548,439.3231571398724,-655.308340166089,1186.6696309216968,724.3307785641035,-60.32062723237755,22.06911865236303,239.8797029132257
0.002611242330233,-0.0018549727292199,-116.29780567765285,23538.50253925016,-11542.065977036422,16993.938589304493,6167.078389935101,644.2686358397647
446.880728670019,-388.7829599589001,1145.7837414342166,2807.4523814358768,3796.483276889197,3312.999314757703,1005.1128345441828,2595.489784490741
-109.0969210318162,276.72590895759544,-621.052322578826,8242.73600584313,1422.3456045948303,3731.7988203407313,-923.426922367592,1095.3060113683052
26.040657069610464,21.837441115694222,38.909283613988926,28.25748967572492,27.735944467733795,22.58523193863077,28.79433949024256,22.990286585669686
68.33915245704051,74.85545938976439,56.13952374465815,66.47823737230149,27.45039028168335,43.51637342028898,58.38042781765366,70.1548680513142
580.9312197233196,366.8606014568156,545.4639702017549,800.0406930436749,828.6952873642683,300.5769453619332,355.9482033524072,546.003873473846
0.8531067890227743,-0.6357196634395432,-1.8360866881711024,0.4901439651632367,2.1592501143623752,2.921999645582499,-0.841944142577937,0.3278829808104202
11.575183532980992,1424.0115578659877,504.4709389228163,-516.0625957542317,668.0283890662406,-17.401659012163577,-127.45020346828932,-286.6773316775889
-0.0025233807803233,0.0023758628402101,6083.119543475104,-117.42975036882216,16001.711846078706,9042.01652028744,-1671.497468849817,133.37577348772103
-10.231475309360125,1181.59801939955,497.2849383138931,837.1866472860702,565.3840479140014,-2294.746957537183,655.6293773981637,41.967239454822064
-196.7600196429344,-634.2749103128787,26.249342755984344,6269.209307474139,-1250.860163586931,6192.881390711229,868.1842335883524,1147.1905623508271
17.53024148012182,36.61674435331028,19.94689025785833,29.83243124924285,28.63457891629597,27.26538812181306,16.39297583630341,20.59719383074917
32.1354586037212,66.01100552864911,51.41608160451208,58.18273767310188,85.0967978186236,30.603481586183445,60.01573936616796,64.58617915882517
365.85726678364176,423.1293335301642,630.3280060864977,639.4937610153937,417.91153070471967,693.8298358577708,686.9931083516727,263.972220532249
-0.1682846196761118,2.060818268398476,2.878717798814721,-0.5401338655965864,-0.0979816762945082,1.854771982720832,2.6268726547908745,2.761015197802067
998.07071305279,181.5638157446081,365.76225341131146,576.4428835726325,782.8961577470376,-117.83822004836448,566.2474073879488,-0.8640341981793824
0.0012561935525457,-0.0003938970500162,21653.759025041243,9205.801248552449,19729.24595674816,14784.090886781143,-215.8271681458628,-106.90948205094072
828.9942457644197,-893.8211729425667,8507.329308243676,-468.1706055577804,-924.9319302274914,1568.2635311581962,-1285.8580465804978,955.5115222841883
-169.0792545480761,527.4323686334909,-4252.25768335757,3264.2163368821552,2694.9438176685603,-1004.9335176510162,9516.948909146806,-1020.9788525814464
24.02434647007545,24.86454838589396,32.576968736167146,29.61015874805294,26.750928568895315,23.27188173584685,28.38362463679942,26.65416968675968
50.45848398943884,54.81028444290436,55.42975695558992,85.72584889320862,25.32563283368908,53.40520376547834,74.23996996051551,57.8104967562922
717.1022637084229,679.1122196889858,412.5813738331563,446.5060943877429,546.6607145031131,363.1681275422189,467.10201139039617,311.490818979123
1.0720627528299067,3.231329210964811,-0.0641275907355578,1.1452629919871682,1.4061883059060227,-0.1614713605964246,0.7509365365797582,1.468008947942291
304.9709388459548,439.3231571398724,-655.308340166089,1186.6696309216968,724.3307785641035,-60.32062723237755,22.06911865236303,239.8797029132257
0.002611242330233,-0.0018549727292199,-116.29780567765285,23538.50253925016,-11542.065977036422,16993.938589304493,6167.078389935101,644.2686358397647
446.880728670019,-388.7829599589001,1145.7837414342166,2807.4523814358768,3796.483276889197,3312.999314757703,1005.1128345441828,2595.489784490741
-109.0969210318162,276.72590895759544,-621.052322578826,8242.73600584313,1422.3456045948303,3731.7988203407313,-923.426922367592,1095.3060113683052
26.040657069610464,21.837441115694222,38.909283613988926,28.25748967572492,27.735944467733795,22.58523193863077,28.79433949024256,22.990286585669686
68.33915245704051,74.85545938976439,56.13952374465815,66.47823737230149,27.45039028168335,43.51637342028898,58.38042781765366,70.1548680513142
580.9312197233196,366.8606014568156,545.4639702017549,800.0406930436749,828.6952873642683,300.5769453619332,355.9482033524072,546.003873473846
0.8531067890227743,-0.6357196634395432,-1.8360866881711024,0.4901439651632367,2.1592501143623752,2.921999645582499,-0.841944142577937,0.3278829808104202
11.575183532980992,1424.0115578659877,504.4709389228163,-516.0625957542317,668.0283890662406,-17.401659012163577,-127.45020346828932,-286.6773316775889
-0.0025233807803233,0.0023758628402101,6083.119543475104,-117.42975036882216,16001.711846078706,9042.01652028744,-1671.497468849817,133.37577348772103
-10.231475309360125,1181.59801939955,497.2849383138931,837.1866472860702,565.3840479140014,-2294.746957537183,655.6293773981637,41.967239454822064
-196.7600196429344,-634.2749103128787,26.249342755984344,6269.209307474139,-1250.860163586931,6192.881390711229,868.1842335883524,1147.1905623508271
17.53024148012182,36.61674435331028,19.94689025785833,29.83243124924285,28.63457891629597,27.26538812181306,16.39297583630341,20.59719383074917
32.1354586037212,66.01100552864911,51.41608160451208,58.18273767310188,85.0967978186236,30.603481586183445,60.01573936616796,64.58617915882517
365.85726678364176,423.1293335301642,630.3280060864977,639.4937610153937,417.91153070471967,693.8298358577708,686.9931083516727,263.972220532249
-0.1682846196761118,2.060818268398476,2.878717798814721,-0.5401338655965864,-0.0979816762945082,1.854771982720832,2.6268726547908745,2.761015197802067
998.07071305279,181.5638157446081,365.76225341131146,576.4428835726325,782.8961577470376,-117.83822004836448,566.2474073879488,-0.8640341981793824
0.0012561935525457,-0.0003938970500162,21653.759025041243,9205.801248552449,19729.24595674816,14784.090886781143,-215.8271681458628,-106.90948205094072
828.9942457644197,-893.8211729425667,8507.329308243676,-468.1706055577804,-924.9319302274914,1568.2635311581962,-1285.8580465804978,955.5115222841883
-169.0792545480761,527.4323686334909,-4252.25768335757,3264.2163368821552,2694.9438176685603,-1004.9335176510162,9516.948909146806,-1020.9788525814464
24.02434647007545,24.86454838589396,32.576968736167146,29.61015874805294,26.750928568895315,23.27188173584685,28.38362463679942,26.65416968675968
50.45848398943884,54.81028444290436,55.42975695558992,85.72584889320862,25.32563283368908,53.40520376547834,74.23996996051551,57.8104967562922
717.1022637084229,679.1122196889858,412.5813738331563,446.5060943877429,546.6607145031131,363.1681275422189,467.10201139039617,311.490818979123
1.0720627528299067,3.231329210964811,-0.0641275907355578,1.1452629919871682,1.4061883059060227,-0.1614713605964246,0.7509365365797582,1.468008947942291
304.9709388459548,439.3231571398724,-655.308340166089,1186.6696309216968,724.3307785641035,-60.32062723237755,22.06911865236303,239.8797029132257
0.002611242330233,-0.0018549727292199,-116.29780567765285,23538.50253925016,-11542.065977036422,16993.938589304493,6167.078389935101,644.2686358397647
446.880728670019,-388.7829599589001,1145.7837414342166,2807.4523814358768,3796.483276889197,3312.999314757703,1005.1128345441828,2595.489784490741
-109.0969210318162,276.72590895759544,-621.052322578826,8242.73600584313,1422.3456045948303,3731.7988203407313,-923.426922367592,1095.3060113683052
26.040657069610464,21.837441115694222,38.909283613988926,28.25748967572492,27.735944467733795,22.58523193863077,28.79433949024256,22.990286585669686
68.33915245704051,74.85545938976439,56.13952374465815,66.47823737230149,27.45039028168335,43.51637342028898,58.38042781765366,70.1548680513142
580.9312197233196,366.8606014568156,545.4639702017549,800.0406930436749,828.6952873642683,300.5769453619332,355.9482033524072,546.003873473846
0.8531067890227743,-0.6357196634395432,-1.8360866881711024,0.4901439651632367,2.1592501143623752,2.921999645582499,-0.841944142577937,0.3278829808104202
11.575183532980992,1424.0115578659877,504.4709389228163,-516.0625957542317,668.0283890662406,-17.401659012163577,-127.45020346828932,-286.6773316775889
-0.0025233807803233,0.0023758628402101,6083.119543475104,-117.42975036882216,16001.711846078706,9042.01652028744,-1671.497468849817,133.37577348772103
-10.231475309360125,1181.59801939955,497.2849383138931,837.1866472860702,565.3840479140014,-2294.746957537183,655.6293773981637,41.967239454822064
-196.7600196429344,-634.2749103128787,26.249342755984344,6269.209307474139,-1250.860163586931,6192.881390711229,868.1842335883524,1147.1905623508271
17.53024148012182,36.61674435331028,19.94689025785833,29.83243124924285,28.63457891629597,27.26538812181306,16.39297583630341,20.59719383074917
32.1354586037212,66.01100552864911,51.41608160451208,58.18273767310188,85.0967978186236,30.603481586183445,60.01573936616796,64.58617915882517
365.85726678364176,423.1293335301642,630.3280060864977,639.4937610153937,417.91153070471967,693.8298358577708,686.9931083516727,263.972220532249
-0.1682846196761118,2.060818268398476,2.878717798814721,-0.5401338655965864,-0.0979816762945082,1.854771982720832,2.6268726547908745,2.761015197802067
998.07071305279,181.5638157446081,365.76225341131146,576.4428835726325,782.8961577470376,-117.83822004836448,566.2474073879488,-0.8640341981793824
0.0012561935525457,-0.0003938970500162,21653.759025041243,9205.801248552449,19729.24595674816,14784.090886781143,-215.8271681458628,-106.90948205094072
828.9942457644197,-893.8211729425667,8507.329308243676,-468.1706055577804,-924.9319302274914,1568.2635311581962,-1285.8580465804978,955.5115222841883
-169.0792545480761,527.4323686334909,-4252.25768335757,3264.2163368821552,2694.9438176685603,-1004.9335176510162,9516.948909146806,-1020.9788525814464
24.02434647007545,24.86454838589396,32.576968736167146,29.61015874805294,26.750928568895315,23.27188173584685,28.38362463679942,26.65416968675968
50.45848398943884,54.81028444290436,55.42975695558992,85.72584889320862,25.32563283368908,53.40520376547834,74.23996996051551,57.8104967562922
717.1022637084229,679.1122196889858,412.5813738331563,446.5060943877429,546.6607145031131,363.1681275422189,467.10201139039617,311.490818979123
1.0720627528299067,3.231329210964811,-0.0641275907355578,1.1452629919871682,1.4061883059060227,-0.1614713605964246,0.7509365365797582,1.468008947942291
304.9709388459548,439.3231571398724,-655.308340166089,1186.6696309216968,724.3307785641035,-60.32062723237755,22.06911865236303,239.8797029132257
0.002611242330233,-0.0018549727292199,-116.29780567765285,23538.50253925016,-11542.065977036422,16993.938589304493,6167.078389935101,644.2686358397647
446.880728670019,-388.7829599589001,1145.7837414342166,2807.4523814358768,3796.483276889197,3312.999314757703,1005.1128345441828,2595.489784490741
-109.0969210318162,276.72590895759544,-621.052322578826,8242.73600584313,1422.3456045948303,3731.7988203407313,-923.426922367592,1095.3060113683052
26.040657069610464,21.837441115694222,38.909283613988926,28.25748967572492,27.735944467733795,22.58523193863077,28.79433949024256,22.990286585669686
68.33915245704051,74.85545938976439,56.13952374465815,66.47823737230149,27.45039028168335,43.51637342028898,58.38042781765366,70.1548680513142
580.9312197233196,366.8606014568156,545.4639702017549,800.0406930436749,828.6952873642683,300.5769453619332,355.9482033524072,546.003873473846
0.8531067890227743,-0.6357196634395432,-1.8360866881711024,0.4901439651632367,2.1592501143623752,2.921999645582499,-0.841944142577937,0.3278829808104202
11.575183532980992,1424.0115578659877,504.4709389228163,-516.0625957542317,668.0283890662406,-17.401659012163577,-127.45020346828932,-286.6773316775889
-0.0025233807803233,0.0023758628402101,6083.119543475104,-117.42975036882216,16001.711846078706,9042.01652028744,-1671.497468849817,133.37577348772103
-10.231475309360125,1181.59801939955,497.2849383138931,837.1866472860702,565.3840479140014,-2294.746957537183,655.6293773981637,41.967239454822064
-196.7600196429344,-634.2749103128787,26.249342755984344,6269.209307474139,-1250.860163586931,6192.881390711229,868.1842335883524,1147.1905623508271
17.53024148012182,36.61674435331028,19.94689025785833,29.83243124924285,28.63457891629597,27.26538812181306,16.39297583630341,20.59719383074917
32.1354586037212,66.01100552864911,51.41608160451208,58.18273767310188,85.0967978186236,30.603481586183445,60.01573936616796,64.58617915882517
365.85726678364176,423.1293335301642,630.3280060864977,639.4937610153937,417.91153070471967,693.8298358577708,686.9931083516727,263.972220532249
-0.1682846196761118,2.060818268398476,2.878717798814721,-0.5401338655965864,-0.0979816762945082,1.854771982720832,2.6268726547908745,2.761015197802067
998.07071305279,181.5638157446081,365.76225341131146,576.4428835726325,782.8961577470376,-117.83822004836448,566.2474073879488,-0.8640341981793824
0.0012561935525457,-0.0003938970500162,21653.759025041243,9205.801248552449,19729.24595674816,14784.090886781143,-215.8271681458628,-106.90948205094072
828.9942457644197,-893.8211729425667,8507.329308243676,-468.1706055577804,-924.9319302274914,1568.2635311581962,-1285.8580465804978,955.5115222841883
-169.0792545480761,527.4323686334909,-4252.25768335757,3264.2163368821552,2694.9438176685603,-1004.9335176510162,9516.948909146806,-1020.9788525814464
24.02434647007545,24.86454838589396,32.576968736167146,29.61015874805294,26.750928568895315,23.27188173584685,28.38362463679942,26.65416968675968
50.45848398943884,54.81028444290436,55.42975695558992,85.72584889320862,25.32563283368908,53.40520376547834,74.23996996051551,57.8104967562922
717.1022637084229,679.1122196889858,412.5813738331563,446.5060943877429,546.6607145031131,363.1681275422189,467.10201139039617,311.490818979123
1.0720627528299067,3.231329210964811,-0.0641275907355578,1.1452629919871682,1.4061883059060227,-0.1614713605964246,0.7509365365797582,1.468008947942291
304.9709388459548,439.3231571398724,-655.308340166089,1186.6696309216968,724.3307785641035,-60.32062723237755,22.06911865236303,239.8797029132257
0.002611242330233,-0.0018549727292199,-116.29780567765285,23538.50253925016,-11542.065977036422,16993.938589304493,6167.078389935101,644.2686358397647
446.880728670019,-388.7829599589001,1145.7837414342166,2807.4523814358768,3796.483276889197,3312.999314757703,1005.1128345441828,2595.489784490741
-109.0969210318162,276.72590895759544,-621.052322578826,8242.73600584313,1422.3456045948303,3731.7988203407313,-923.426922367592,1095.3060113683052
26.040657069610464,21.837441115694222,38.909283613988926,28.25748967572492,27.735944467733795,22.58523193863077,28.79433949024256,22.990286585669686
68.33915245704051,74.85545938976439,56.13952374465815,66.47823737230149,27.45039028168335,43.51637342028898,58.38042781765366,70.1548680513142
580.9312197233196,366.8606014568156,545.4639702017549,800.0406930436749,828.6952873642683,300.5769453619332,355.9482033524072,546.003873473846
0.8531067890227743,-0.6357196634395432,-1.8360866881711024,0.4901439651632367,2.1592501143623752,2.921999645582499,-0.841944142577937,0.3278829808104202
11.575183532980992,1424.0115578659877,504.4709389228163,-516.0625957542317,668.0283890662406,-17.401659012163577,-127.45020346828932,-286.6773316775889
-0.0025233807803233,0.0023758628402101,6083.119543475104,-117.42975036882216,16001.711846078706,9042.01652028744,-1671.497468849817,133.37577348772103
-10.231475309360125,1181.59801939955,497.2849383138931,837.1866472860702,565.3840479140014,-2294.746957537183,655.6293773981637,41.967239454822064
-196.7600196429344,-634.2749103128787,26.249342755984344,6269.209307474139,-1250.860163586931,6192.881390711229,868.1842335883524,1147.1905623508271
17.53024148012182,36.61674435331028,19.94689025785833,29.83243124924285,28.63457891629597,27.26538812181306,16.39297583630341,20.59719383074917
32.1354586037212,66.01100552864911,51.41608160451208,58.18273767310188,85.0967978186236,30.603481586183445,60.01573936616796,64.58617915882517
365.85726678364176,423.1293335301642,630.3280060864977,639.4937610153937,417.91153070471967,693.8298358577708,686.9931083516727,263.972220532249
-0.1682846196761118,2.060818268398476,2.878717798814721,-0.5401338655965864,-0.0979816762945082,1.854771982720832,2.6268726547908745,2.761015197802067
998.07071305279,181.5638157446081,365.76225341131146,576.4428835726325,782.8961577470376,-117.83822004836448,566.2474073879488,-0.8640341981793824
0.0012561935525457,-0.0003938970500162,21653.759025041243,9205.801248552449,19729.24595674816,14784.090886781143,-215.8271681458628,-106.90948205094072
828.9942457644197,-893.8211729425667,8507.329308243676,-468.1706055577804,-924.9319302274914,1568.2635311581962,-1285.8580465804978,955.5115222841883
-169.0792545480761,527.4323686334909,-4252.25768335757,3264.2163368821552,2694.9438176685603,-1004.9335176510162,9516.948909146806,-1020.9788525814464
24.02434647007545,24.86454838589396,32.576968736167146,29.61015874805294,26.750928568895315,23.27188173584685,28.38362463679942,26.65416968675968
50.45848398943884,54.81028444290436,55.42975695558992,85.72584889320862,25.32563283368908,53.40520376547834,74.23996996051551,57.8104967562922
717.1022637084229,679.1122196889858,412.5813738331563,446.5060943877429,546.6607145031131,363.1681275422189,467.10201139039617,311.490818979123
1.0720627528299067,3.231329210964811,-0.0641275907355578,1.1452629919871682,1.4061883059060227,-0.1614713605964246,0.7509365365797582,1.468008947942291
304.9709388459548,439.3231571398724,-655.308340166089,1186.6696309216968,724.3307785641035,-60.32062723237755,22.06911865236303,239.8797029132257
0.002611242330233,-0.0018549727292199,-116.29780567765285,23538.50253925016,-11542.065977036422,16993.938589304493,6167.078389935101,644.2686358397647
446.880728670019,-388.7829599589001,1145.7837414342166,2807.4523814358768,3796.483276889197,3312.999314757703,1005.1128345441828,2595.489784490741
-109.0969210318162,276.72590895759544,-621.052322578826,8242.73600584313,1422.3456045948303,3731.7988203407313,-923.426922367592,1095.3060113683052
26.040657069610464,21.837441115694222,38.909283613988926,28.25748967572492,27.735944467733795,22.58523193863077,28.79433949024256,22.990286585669686
68.33915245704051,74.85545938976439,56.13952374465815,66.47823737230149,27.45039028168335,43.51637342028898,58.38042781765366,70.1548680513142
580.9312197233196,366.8606014568156,545.4639702017549,800.0406930436749,828.6952873642683,300.5769453619332,355.9482033524072,546.003873473846
0.8531067890227743,-0.6357196634395432,-1.8360866881711024,0.4901439651632367,2.1592501143623752,2.921999645582499,-0.841944142577937,0.3278829808104202
11.575183532980992,1424.0115578659877,504.4709389228163,-516.0625957542317,668.0283890662406,-17.401659012163577,-127.45020346828932,-286.6773316775889
-0.0025233807803233,0.0023758628402101,6083.119543475104,-117.42975036882216,16001.711846078706,9042.01652028744,-1671.497468849817,133.37577348772103
-10.231475309360125,1181.59801939955,497.2849383138931,837.1866472860702,565.3840479140014,-2294.746957537183,655.6293773981637,41.967239454822064
-196.7600196429344,-634.2749103128787,26.249342755984344,6269.209307474139,-1250.860163586931,6192.881390711229,868.1842335883524,1147.1905623508271
17.53024148012182,36.61674435331028,19.94689025785833,29.83243124924285,28.63457891629597,27.26538812181306,16.39297583630341,20.59719383074917
32.1354586037212,66.01100552864911,51.41608160451208,58.18273767310188,85.0967978186236,30.603481586183445,60.01573936616796,64.58617915882517
365.85726678364176,423.1293335301642,630.3280060864977,639.4937610153937,417.91153070471967,693.8298358577708,686.9931083516727,263.972220532249
-0.1682846196761118,2.060818268398476,2.878717798814721,-0.5401338655965864,-0.0979816762945082,1.854771982720832,2.6268726547908745,2.761015197802067
998.07071305279,181.5638157446081,365.76225341131146,576.4428835726325,782.8961577470376,-117.83822004836448,566.2474073879488,-0.8640341981793824
0.0012561935525457,-0.0003938970500162,21653.759025041243,9205.801248552449,19729.24595674816,14784.090886781143,-215.8271681458628,-106.90948205094072
828.9942457644197,-893.8211729425667,8507.329308243676,-468.1706055577804,-924.9319302274914,1568.2635311581962,-1285.8580465804978,955.5115222841883
-169.0792545480761,527.4323686334909,-4252.25768335757,3264.2163368821552,2694.9438176685603,-1004.9335176510162,9516.948909146806,-1020.9788525814464
24.02434647007545,24.86454838589396,32.576968736167146,29.61015874805294,26.750928568895315,23.27188173584685,28.38362463679942,26.65416968675968
50.45848398943884,54.81028444290436,55.42975695558992,85.72584889320862,25.32563283368908,53.40520376547834,74.23996996051551,57.8104967562922
717.1022637084229,679.1122196889858,412.5813738331563,446.5060943877429,546.6607145031131,363.1681275422189,467.10201139039617,311.490818979123
1.0720627528299067,3.231329210964811,-0.0641275907355578,1.1452629919871682,1.4061883059060227,-0.1614713605964246,0.7509365365797582,1.468008947942291
304.9709388459548,439.3231571398724,-655.308340166089,1186.6696309216968,724.3307785641035,-60.32062723237755,22.06911865236303,239.8797029132257
0.002611242330233,-0.0018549727292199,-116.29780567765285,23538.50253925016,-11542.065977036422,16993.938589304493,6167.078389935101,644.2686358397647
446.880728670019,-388.7829599589001,1145.7837414342166,2807.4523814358768,3796.483276889197,3312.999314757703,1005.1128345441828,2595.489784490741
-109.0969210318162,276.72590895759544,-621.052322578826,8242.73600584313,1422.3456045948303,3731.7988203407313,-923.426922367592,1095.3060113683052
26.040657069610464,21.837441115694222,38.909283613988926,28.25748967572492,27.735944467733795,22.58523193863077,28.79433949024256,22.990286585669686
68.33915245704051,74.85545938976439,56.13952374465815,66.47823737230149,27.45039028168335,43.51637342028898,58.38042781765366,70.1548680513142
580.9312197233196,366.8606014568156,545.4639702017549,800.0406930436749,828.6952873642683,300.5769453619332,355.9482033524072,546.003873473846
0.8531067890227743,-0.6357196634395432,-1.8360866881711024,0.4901439651632367,2.1592501143623752,2.921999645582499,-0.841944142577937,0.3278829808104202
11.575183532980992,1424.0115578659877,504.4709389228163,-516.0625957542317,668.0283890662406,-17.401659012163577,-127.45020346828932,-286.6773316775889
-0.0025233807803233,0.0023758628402101,6083.119543475104,-117.42975036882216,16001.711846078706,9042.01652028744,-1671.497468849817,133.37577348772103
-10.231475309360125,1181.59801939955,497.2849383138931,837.1866472860702,565.3840479140014,-2294.746957537183,655.6293773981637,41.967239454822064
-196.7600196429344,-634.2749103128787,26.249342755984344,6269.209307474139,-1250.860163586931,6192.881390711229,868.1842335883524,1147.1905623508271
17.53024148012182,36.61674435331028,19.94689025785833,29.83243124924285,28.63457891629597,27.26538812181306,16.39297583630341,20.59719383074917
32.1354586037212,66.01100552864911,51.41608160451208,58.18273767310188,85.0967978186236,30.603481586183445,60.01573936616796,64.58617915882517
365.85726678364176,423.1293335301642,630.3280060864977,639.4937610153937,417.91153070471967,693.8298358577708,686.9931083516727,263.972220532249
-0.1682846196761118,2.060818268398476,2.878717798814721,-0.5401338655965864,-0.0979816762945082,1.854771982720832,2.6268726547908745,2.761015197802067
998.07071305279,181.5638157446081,365.76225341131146,576.4428835726325,782.8961577470376,-117.83822004836448,566.2474073879488,-0.8640341981793824
0.0012561935525457,-0.0003938970500162,21653.759025041243,9205.801248552449,19729.24595674816,14784.090886781143,-215.8271681458628,-106.90948205094072
828.9942457644197,-893.8211729425667,8507.329308243676,-468.1706055577804,-924.9319302274914,1568.2635311581962,-1285.8580465804978,955.5115222841883
-169.0792545480761,527.4323686334909,-4252.25768335757,3264.2163368821552,2694.9438176685603,-1004.9335176510162,9516.948909146806,-1020.9788525814464
24.02434647007545,24.86454838589396,32.576968736167146,29.61015874805294,26.750928568895315,23.27188173584685,28.38362463679942,26.65416968675968
50.45848398943884,54.81028444290436,55.42975695558992,85.72584889320862,25.32563283368908,53.40520376547834,74.23996996051551,57.8104967562922
717.1022637084229,679.1122196889858,412.5813738331563,446.5060943877429,546.6607145031131,363.1681275422189,467.10201139039617,311.490818979123
1.0720627528299067,3.231329210964811,-0.0641275907355578,1.1452629919871682,1.4061883059060227,-0.1614713605964246,0.7509365365797582,1.468008947942291
304.9709388459548,439.3231571398724,-655.308340166089,1186.6696309216968,724.3307785641035,-60.32062723237755,22.06911865236303,239.8797029132257
0.002611242330233,-0.0018549727292199,-116.29780567765285,23538.50253925016,-11542.065977036422,16993.938589304493,6167.078389935101,644.2686358397647
446.880728670019,-388.7829599589001,1145.7837414342166,2807.4523814358768,3796.483276889197,3312.999314757703,1005.1128345441828,2595.489784490741
-109.0969210318162,276.72590895759544,-621.052322578826,8242.73600584313,1422.3456045948303,3731.7988203407313,-923.426922367592,1095.3060113683052
26.040657069610464,21.837441115694222,38.909283613988926,28.25748967572492,27.735944467733795,22.58523193863077,28.79433949024256,22.990286585669686
68.33915245704051,74.85545938976439,56.13952374465815,66.47823737230149,27.45039028168335,43.51637342028898,58.38042781765366,70.1548680513142
580.9312197233196,366.8606014568156,545.4639702017549,800.0406930436749,828.6952873642683,300.5769453619332,355.9482033524072,546.003873473846
0.8531067890227743,-0.6357196634395432,-1.8360866881711024,0.4901439651632367,2.1592501143623752,2.921999645582499,-0.841944142577937,0.3278829808104202
11.575183532980992,1424.0115578659877,504.4709389228163,-516.0625957542317,668.0283890662406,-17.401659012163577,-127.45020346828932,-286.6773316775889
-0.0025233807803233,0.0023758628402101,6083.119543475104,-117.42975036882216,16001.711846078706,9042.01652028744,-1671.497468849817,133.37577348772103
-10.231475309360125,1181.59801939955,497.2849383138931,837.1866472860702,565.3840479140014,-2294.746957537183,655.6293773981637,41.967239454822064
-196.7600196429344,-634.2749103128787,26.249342755984344,6269.209307474139,-1250.860163586931,6192.881390711229,868.1842335883524,1147.1905623508271
17.53024148012182,36.61674435331028,19.94689025785833,29.83243124924285,28.63457891629597,27.26538812181306,16.39297583630341,20.59719383074917
32.1354586037212,66.01100552864911,51.41608160451208,58.18273767310188,85.0967978186236,30.603481586183445,60.01573936616796,64.58617915882517
365.85726678364176,423.1293335301642,630.3280060864977,639.4937610153937,417.91153070471967,693.8298358577708,686.9931083516727,263.972220532249
-0.1682846196761118,2.060818268398476,2.878717798814721,-0.5401338655965864,-0.0979816762945082,1.854771982720832,2.6268726547908745,2.761015197802067
998.07071305279,181.5638157446081,365.76225341131146,576.4428835726325,782.8961577470376,-117.83822004836448,566.2474073879488,-0.8640341981793824
0.0012561935525457,-0.0003938970500162,21653.759025041243,9205.801248552449,19729.24595674816,14784.090886781143,-215.8271681458628,-106.90948205094072
828.9942457644197,-893.8211729425667,8507.329308243676,-468.1706055577804,-924.9319302274914,1568.2635311581962,-1285.8580465804978,955.5115222841883
-169.0792545480761,527.4323686334909,-4252.25768335757,3264.2163368821552,2694.9438176685603,-1004.9335176510162,9516.948909146806,-1020.9788525814464
24.02434647007545,24.86454838589396,32.576968736167146,29.61015874805294,26.750928568895315,23.27188173584685,28.38362463679942,26.65416968675968
50.45848398943884,54.81028444290436,55.42975695558992,85.72584889320862,25.32563283368908,53.40520376547834,74.23996996051551,57.8104967562922
717.1022637084229,679.1122196889858,412.5813738331563,446.5060943877429,546.6607145031131,363.1681275422189,467.10201139039617,311.490818979123
1.0720627528299067,3.231329210964811,-0.0641275907355578,1.1452629919871682,1.4061883059060227,-0.1614713605964246,0.7509365365797582,1.468008947942291
304.9709388459548,439.3231571398724,-655.308340166089,1186.6696309216968,724.3307785641035,-60.32062723237755,22.06911865236303,239.8797029132257
0.002611242330233,-0.0018549727292199,-116.29780567765285,23538.50253925016,-11542.065977036422,16993.938589304493,6167.078389935101,644.2686358397647
446.880728670019,-388.7829599589001,1145.7837414342166,2807.4523814358768,3796.483276889197,3312.999314757703,1005.1128345441828,2595.489784490741
-109.0969210318162,276.72590895759544,-621.052322578826,8242.73600584313,1422.3456045948303,3731.7988203407313,-923.426922367592,1095.3060113683052
26.040657069610464,21.837441115694222,38.909283613988926,28.25748967572492,27.735944467733795,22.58523193863077,28.79433949024256,22.990286585669686
68.33915245704051,74.85545938976439,56.13952374465815,66.47823737230149,27.45039028168335,43.51637342028898,58.38042781765366,70.1548680513142
580.9312197233196,366.8606014568156,545.4639702017549,800.0406930436749,828.6952873642683,300.5769453619332,355.9482033524072,546.003873473846
0.8531067890227743,-0.6357196634395432,-1.8360866881711024,0.4901439651632367,2.1592501143623752,2.921999645582499,-0.841944142577937,0.3278829808104202
11.575183532980992,1424.0115578659877,504.4709389228163,-516.0625957542317,668.0283890662406,-17.401659012163577,-127.45020346828932,-286.6773316775889
-0.0025233807803233,0.0023758628402101,6083.119543475104,-117.42975036882216,16001.711846078706,9042.01652028744,-1671.497468849817,133.37577348772103
-10.231475309360125,1181.59801939955,497.2849383138931,837.1866472860702,565.3840479140014,-2294.746957537183,655.6293773981637,41.967239454822064
-196.7600196429344,-634.2749103128787,26.249342755984344,6269.209307474139,-1250.860163586931,6192.881390711229,868.1842335883524,1147.1905623508271
17.53024148012182,36.61674435331028,19.94689025785833,29.83243124924285,28.63457891629597,27.26538812181306,16.39297583630341,20.59719383074917
32.1354586037212,66.01100552864911,51.41608160451208,58.18273767310188,85.0967978186236,30.603481586183445,60.01573936616796,64.58617915882517
365.85726678364176,423.1293335301642,630.3280060864977,639.4937610153937,417.91153070471967,693.8298358577708,686.9931083516727,263.972220532249
-0.1682846196761118,2.060818268398476,2.878717798814721,-0.5401338655965864,-0.0979816762945082,1.854771982720832,2.6268726547908745,2.761015197802067
998.07071305279,181.5638157446081,365.76225341131146,576.4428835726325,782.8961577470376,-117.83822004836448,566.2474073879488,-0.8640341981793824
0.0012561935525457,-0.0003938970500162,21653.759025041243,9205.801248552449,19729.24595674816,14784.090886781143,-215.8271681458628,-106.90948205094072
828.9942457644197,-893.8211729425667,8507.329308243676,-468.1706055577804,-924.9319302274914,1568.2635311581962,-1285.8580465804978,955.5115222841883
-169.0792545480761,527.4323686334909,-4252.25768335757,3264.2163368821552,2694.9438176685603,-1004.9335176510162,9516.948909146806,-1020.9788525814464
24.02434647007545,24.86454838589396,32.576968736167146,29.61015874805294,26.750928568895315,23.27188173584685,28.38362463679942,26.65416968675968
50.45848398943884,54.81028444290436,55.42975695558992,85.72584889320862,25.32563283368908,53.40520376547834,74.23996996051551,57.8104967562922
717.1022637084229,679.1122196889858,412.5813738331563,446.5060943877429,546.6607145031131,363.1681275422189,467.10201139039617,311.490818979123
1.0720627528299067,3.231329210964811,-0.0641275907355578,1.1452629919871682,1.4061883059060227,-0.1614713605964246,0.7509365365797582,1.468008947942291
304.9709388459548,439.3231571398724,-655.308340166089,1186.6696309216968,724.3307785641035,-60.32062723237755,22.06911865236303,239.8797029132257
0.002611242330233,-0.0018549727292199,-116.29780567765285,23538.50253925016,-11542.065977036422,16993.938589304493,6167.078389935101,644.2686358397647
446.880728670019,-388.7829599589001,1145.7837414342166,2807.4523814358768,3796.483276889197,3312.999314757703,1005.1128345441828,2595.489784490741
-109.0969210318162,276.72590895759544,-621.052322578826,8242.73600584313,1422.3456045948303,3731.7988203407313,-923.426922367592,1095.3060113683052
26.040657069610464,21.837441115694222,38.909283613988926,28.25748967572492,27.735944467733795,22.58523193863077,28.79433949024256,22.990286585669686
68.33915245704051,74.85545938976439,56.13952374465815,66.47823737230149,27.45039028168335,43.51637342028898,58.38042781765366,70.1548680513142
580.9312197233196,366.8606014568156,545.4639702017549,800.0406930436749,828.6952873642683,300.5769453619332,355.9482033524072,546.003873473846
0.8531067890227743,-0.6357196634395432,-1.8360866881711024,0.4901439651632367,2.1592501143623752,2.921999645582499,-0.841944142577937,0.3278829808104202
11.575183532980992,1424.0115578659877,504.4709389228163,-516.0625957542317,668.0283890662406,-17.401659012163577,-127.45020346828932,-286.6773316775889
-0.0025233807803233,0.0023758628402101,6083.119543475104,-117.42975036882216,16001.711846078706,9042.01652028744,-1671.497468849817,133.37577348772103
-10.231475309360125,1181.59801939955,497.2849383138931,837.1866472860702,565.3840479140014,-2294.746957537183,655.6293773981637,41.967239454822064
-196.7600196429344,-634.2749103128787,26.249342755984344,6269.209307474139,-1250.860163586931,6192.881390711229,868.1842335883524,1147.1905623508271
17.53024148012182,36.61674435331028,19.94689025785833,29.83243124924285,28.63457891629597,27.26538812181306,16.39297583630341,20.59719383074917
32.1354586037212,66.01100552864911,51.41608160451208,58.18273767310188,85.0967978186236,30.603481586183445,60.01573936616796,64.58617915882517
365.85726678364176,423.1293335301642,630.3280060864977,639.4937610153937,417.91153070471967,693.8298358577708,686.9931083516727,263.972220532249
-0.1682846196761118,2.060818268398476,2.878717798814721,-0.5401338655965864,-0.0979816762945082,1.854771982720832,2.6268726547908745,2.761015197802067
998.07071305279,181.5638157446081,365.76225341131146,576.4428835726325,782.8961577470376,-117.83822004836448,566.2474073879488,-0.8640341981793824
0.0012561935525457,-0.0003938970500162,21653.759025041243,9205.801248552449,19729.24595674816,14784.090886781143,-215.8271681458628,-106.90948205094072
828.9942457644197,-893.8211729425667,8507.329308243676,-468.1706055577804,-924.9319302274914,1568.2635311581962,-1285.8580465804978,955.5115222841883
-169.0792545480761,527.4323686334909,-4252.25768335757,3264.2163368821552,2694.9438176685603,-1004.9335176510162,9516.948909146806,-1020.9788525814464
24.02434647007545,24.86454838589396,32.576968736167146,29.61015874805294,26.750928568895315,23.27188173584685,28.38362463679942,26.65416968675968
50.45848398943884,54.81028444290436,55.42975695558992,85.72584889320862,25.32563283368908,53.40520376547834,74.23996996051551,57.8104967562922
717.1022637084229,679.1122196889858,412.5813738331563,446.5060943877429,546.6607145031131,363.1681275422189,467.10201139039617,311.490818979123
1.0720627528299067,3.231329210964811,-0.0641275907355578,1.1452629919871682,1.4061883059060227,-0.1614713605964246,0.7509365365797582,1.468008947942291
304.9709388459548,439.3231571398724,-655.308340166089,1186.6696309216968,724.3307785641035,-60.32062723237755,22.06911865236303,239.8797029132257
0.002611242330233,-0.0018549727292199,-116.29780567765285,23538.50253925016,-11542.065977036422,16993.938589304493,6167.078389935101,644.2686358397647
446.880728670019,-388.7829599589001,1145.7837414342166,2807.4523814358768,3796.483276889197,3312.999314757703,1005.1128345441828,2595.489784490741
-109.0969210318162,276.72590895759544,-621.052322578826,8242.73600584313,1422.3456045948303,3731.7988203407313,-923.426922367592,1095.3060113683052
26.040657069610464,21.837441115694222,38.909283613988926,28.25748967572492,27.735944467733795,22.58523193863077,28.79433949024256,22.990286585669686
68.33915245704051,74.85545938976439,56.13952374465815,66.47823737230149,27.45039028168335,43.51637342028898,58.38042781765366,70.1548680513142
580.9312197233196,366.8606014568156,545.4639702017549,800.0406930436749,828.6952873642683,300.5769453619332,355.9482033524072,546.003873473846
0.8531067890227743,-0.6357196634395432,-1.8360866881711024,0.4901439651632367,2.1592501143623752,2.921999645582499,-0.841944142577937,0.3278829808104202
11.575183532980992,1424.0115578659877,504.4709389228163,-516.0625957542317,668.0283890662406,-17.401659012163577,-127.45020346828932,-286.6773316775889
-0.0025233807803233,0.0023758628402101,6083.119543475104,-117.42975036882216,16001.711846078706,9042.01652028744,-1671.497468849817,133.37577348772103
-10.231475309360125,1181.59801939955,497.2849383138931,837.1866472860702,565.3840479140014,-2294.746957537183,655.6293773981637,41.967239454822064
-196.7600196429344,-634.2749103128787,26.249342755984344,6269.209307474139,-1250.860163586931,6192.881390711229,868.1842335883524,1147.1905623508271
17.53024148012182,36.61674435331028,19.94689025785833,29.83243124924285,28.63457891629597,27.26538812181306,16.39297583630341,20.59719383074917
32.1354586037212,66.01100552864911,51.41608160451208,58.18273767310188,85.0967978186236,30.603481586183445,60.01573936616796,64.58617915882517
365.85726678364176,423.1293335301642,630.3280060864977,639.4937610153937,417.91153070471967,693.8298358577708,686.9931083516727,263.972220532249
-0.1682846196761118,2.060818268398476,2.878717798814721,-0.5401338655965864,-0.0979816762945082,1.854771982720832,2.6268726547908745,2.761015197802067
998.07071305279,181.5638157446081,365.76225341131146,576.4428835726325,782.8961577470376,-117.83822004836448,566.2474073879488,-0.8640341981793824
0.0012561935525457,-0.0003938970500162,21653.759025041243,9205.801248552449,19729.24595674816,14784.090886781143,-215.8271681458628,-106.90948205094072
828.9942457644197,-893.8211729425667,8507.329308243676,-468.1706055577804,-924.9319302274914,1568.2635311581962,-1285.8580465804978,955.5115222841883
-169.0792545480761,527.4323686334909,-4252.25768335757,3264.2163368821552,2694.9438176685603,-1004.9335176510162,9516.948909146806,-1020.9788525814464
24.02434647007545,24.86454838589396,32.576968736167146,29.61015874805294,26.750928568895315,23.27188173584685,28.38362463679942,26.65416968675968
50.45848398943884,54.81028444290436,55.42975695558992,85.72584889320862,25.32563283368908,53.40520376547834,74.23996996051551,57.8104967562922
717.1022637084229,679.1122196889858,412.5813738331563,446.5060943877429,546.6607145031131,363.1681275422189,467.10201139039617,311.490818979123
1.0720627528299067,3.231329210964811,-0.0641275907355578,1.1452629919871682,1.4061883059060227,-0.1614713605964246,0.7509365365797582,1.468008947942291
304.9709388459548,439.3231571398724,-655.308340166089,1186.6696309216968,724.3307785641035,-60.32062723237755,22.06911865236303,239.8797029132257
0.002611242330233,-0.0018549727292199,-116.29780567765285,23538.50253925016,-11542.065977036422,16993.938589304493,6167.078389935101,644.2686358397647
446.880728670019,-388.7829599589001,1145.7837414342166,2807.4523814358768,3796.483276889197,3312.999314757703,1005.1128345441828,2595.489784490741
-109.0969210318162,276.72590895759544,-621.052322578826,8242.73600584313,1422.3456045948303,3731.7988203407313,-923.426922367592,1095.3060113683052
26.040657069610464,21.837441115694222,38.909283613988926,28.25748967572492,27.735944467733795,22.58523193863077,28.79433949024256,22.990286585669686
68.33915245704051,74.85545938976439,56.13952374465815,66.47823737230149,27.45039028168335,43.51637342028898,58.38042781765366,70.1548680513142
580.9312197233196,366.8606014568156,545.4639702017549,800.0406930436749,828.6952873642683,300.5769453619332,355.9482033524072,546.003873473846
0.8531067890227743,-0.6357196634395432,-1.8360866881711024,0.4901439651632367,2.1592501143623752,2.921999645582499,-0.841944142577937,0.3278829808104202
11.575183532980992,1424.0115578659877,504.4709389228163,-516.0625957542317,668.0283890662406,-17.401659012163577,-127.45020346828932,-286.6773316775889
-0.0025233807803233,0.0023758628402101,6083.119543475104,-117.42975036882216,16001.711846078706,9042.01652028744,-1671.497468849817,133.37577348772103
-10.231475309360125,1181.59801939955,497.2849383138931,837.1866472860702,565.3840479140014,-2294.746957537183,655.6293773981637,41.967239454822064
-196.7600196429344,-634.2749103128787,26.249342755984344,6269.209307474139,-1250.860163586931,6192.881390711229,868.1842335883524,1147.1905623508271
17.53024148012182,36.61674435331028,19.94689025785833,29.83243124924285,28.63457891629597,27.26538812181306,16.39297583630341,20.59719383074917
32.1354586037212,66.01100552864911,51.41608160451208,58.18273767310188,85.0967978186236,30.603481586183445,60.01573936616796,64.58617915882517
365.85726678364176,423.1293335301642,630.3280060864977,639.4937610153937,417.91153070471967,693.8298358577708,686.9931083516727,263.972220532249
-0.1682846196761118,2.060818268398476,2.878717798814721,-0.5401338655965864,-0.0979816762945082,1.854771982720832,2.6268726547908745,2.761015197802067
998.07071305279,181.5638157446081,365.76225341131146,576.4428835726325,782.8961577470376,-117.83822004836448,566.2474073879488,-0.8640341981793824
0.0012561935525457,-0.0003938970500162,21653.759025041243,9205.801248552449,19729.24595674816,14784.090886781143,-215.8271681458628,-106.90948205094072
828.9942457644197,-893.8211729425667,8507.329308243676,-468.1706055577804,-924.9319302274914,1568.2635311581962,-1285.8580465804978,955.5115222841883
-169.0792545480761,527.4323686334909,-4252.25768335757,3264.2163368821552,2694.9438176685603,-1004.9335176510162,9516.948909146806,-1020.9788525814464
24.02434647007545,24.86454838589396,32.576968736167146,29.61015874805294,26.750928568895315,23.27188173584685,28.38362463679942,26.65416968675968
50.45848398943884,54.81028444290436,55.42975695558992,85.72584889320862,25.32563283368908,53.40520376547834,74.23996996051551,57.8104967562922
717.1022637084229,679.1122196889858,412.5813738331563,446.5060943877429,546.6607145031131,363.1681275422189,467.10201139039617,311.490818979123
1.0720627528299067,3.231329210964811,-0.0641275907355578,1.1452629919871682,1.4061883059060227,-0.1614713605964246,0.7509365365797582,1.468008947942291
304.9709388459548,439.3231571398724,-655.308340166089,1186.6696309216968,724.3307785641035,-60.32062723237755,22.06911865236303,239.8797029132257
0.002611242330233,-0.0018549727292199,-116.29780567765285,23538.50253925016,-11542.065977036422,16993.938589304493,6167.078389935101,644.2686358397647
446.880728670019,-388.7829599589001,1145.7837414342166,2807.4523814358768,3796.483276889197,3312.999314757703,1005.1128345441828,2595.489784490741
-109.0969210318162,276.72590895759544,-621.052322578826,8242.73600584313,1422.3456045948303,3731.7988203407313,-923.426922367592,1095.3060113683052
26.040657069610464,21.837441115694222,38.909283613988926,28.25748967572492,27.735944467733795,22.58523193863077,28.79433949024256,22.990286585669686
68.33915245704051,74.85545938976439,56.13952374465815,66.47823737230149,27.45039028168335,43.51637342028898,58.38042781765366,70.1548680513142
580.9312197233196,366.8606014568156,545.4639702017549,800.0406930436749,828.6952873642683,300.5769453619332,355.9482033524072,546.003873473846
0.8531067890227743,-0.6357196634395432,-1.8360866881711024,0.4901439651632367,2.1592501143623752,2.921999645582499,-0.841944142577937,0.3278829808104202
11.575183532980992,1424.0115578659877,504.4709389228163,-516.0625957542317,668.0283890662406,-17.401659012163577,-127.45020346828932,-286.6773316775889
-0.0025233807803233,0.0023758628402101,6083.119543475104,-117.42975036882216,16001.711846078706,9042.01652028744,-1671.497468849817,133.37577348772103
-10.231475309360125,1181.59801939955,497.2849383138931,837.1866472860702,565.3840479140014,-2294.746957537183,655.6293773981637,41.967239454822064
-196.7600196429344,-634.2749103128787,26.249342755984344,6269.209307474139,-1250.860163586931,6192.881390711229,868.1842335883524,1147.1905623508271
17.53024148012182,36.61674435331028,19.94689025785833,29.83243124924285,28.63457891629597,27.26538812181306,16.39297583630341,20.59719383074917
32.1354586037212,66.01100552864911,51.41608160451208,58.18273767310188,85.0967978186236,30.603481586183445,60.01573936616796,64.58617915882517
365.85726678364176,423.1293335301642,630.3280060864977,639.4937610153937,417.91153070471967,693.8298358577708,686.9931083516727,263.972220532249
-0.1682846196761118,2.060818268398476,2.878717798814721,-0.5401338655965864,-0.0979816762945082,1.854771982720832,2.6268726547908745,2.761015197802067
998.07071305279,181.5638157446081,365.76225341131146,576.4428835726325,782.8961577470376,-117.83822004836448,566.2474073879488,-0.8640341981793824
0.0012561935525457,-0.0003938970500162,21653.759025041243,9205.801248552449,19729.24595674816,14784.090886781143,-215.8271681458628,-106.90948205094072
828.9942457644197,-893.8211729425667,8507.329308243676,-468.1706055577804,-924.9319302274914,1568.2635311581962,-1285.8580465804978,955.5115222841883
-169.0792545480761,527.4323686334909,-4252.25768335757,3264.2163368821552,2694.9438176685603,-1004.9335176510162,9516.948909146806,-1020.9788525814464
24.02434647007545,24.86454838589396,32.576968736167146,29.61015874805294,26.750928568895315,23.27188173584685,28.38362463679942,26.65416968675968
50.45848398943884,54.81028444290436,55.42975695558992,85.72584889320862,25.32563283368908,53.40520376547834,74.23996996051551,57.8104967562922
717.1022637084229,679.1122196889858,412.5813738331563,446.5060943877429,546.6607145031131,363.1681275422189,467.10201139039617,311.490818979123
1.0720627528299067,3.231329210964811,-0.0641275907355578,1.1452629919871682,1.4061883059060227,-0.1614713605964246,0.7509365365797582,1.468008947942291
304.9709388459548,439.3231571398724,-655.308340166089,1186.6696309216968,724.3307785641035,-60.32062723237755,22.06911865236303,239.8797029132257
0.002611242330233,-0.0018549727292199,-116.29780567765285,23538.50253925016,-11542.065977036422,16993.938589304493,6167.078389935101,644.2686358397647
446.880728670019,-388.7829599589001,1145.7837414342166,2807.4523814358768,3796.483276889197,3312.999314757703,1005.1128345441828,2595.489784490741
-109.0969210318162,276.72590895759544,-621.052322578826,8242.73600584313,1422.3456045948303,3731.7988203407313,-923.426922367592,1095.3060113683052
26.040657069610464,21.837441115694222,38.909283613988926,28.25748967572492,27.735944467733795,22.58523193863077,28.79433949024256,22.990286585669686
68.33915245704051,74.85545938976439,56.13952374465815,66.47823737230149,27.45039028168335,43.51637342028898,58.38042781765366,70.1548680513142
580.9312197233196,366.8606014568156,545.4639702017549,800.0406930436749,828.6952873642683,300.5769453619332,355.9482033524072,546.003873473846
0.8531067890227743,-0.6357196634395432,-1.8360866881711024,0.4901439651632367,2.1592501143623752,2.921999645582499,-0.841944142577937,0.3278829808104202
11.575183532980992,1424.0115578659877,504.4709389228163,-516.0625957542317,668.0283890662406,-17.401659012163577,-127.45020346828932,-286.6773316775889
-0.0025233807803233,0.0023758628402101,6083.119543475104,-117.42975036882216,16001.711846078706,9042.01652028744,-1671.497468849817,133.37577348772103
-10.231475309360125,1181.59801939955,497.2849383138931,837.1866472860702,565.3840479140014,-2294.746957537183,655.6293773981637,41.967239454822064
-196.7600196429344,-634.2749103128787,26.249342755984344,6269.209307474139,-1250.860163586931,6192.881390711229,868.1842335883524,1147.1905623508271
17.53024148012182,36.61674435331028,19.94689025785833,29.83243124924285,28.63457891629597,27.26538812181306,16.39297583630341,20.59719383074917
32.1354586037212,66.01100552864911,51.41608160451208,58.18273767310188,85.0967978186236,30.603481586183445,60.01573936616796,64.58617915882517
365.85726678364176,423.1293335301642,630.3280060864977,639.4937610153937,417.91153070471967,693.8298358577708,686.9931083516727,263.972220532249
-0.1682846196761118,2.060818268398476,2.878717798814721,-0.5401338655965864,-0.0979816762945082,1.854771982720832,2.6268726547908745,2.761015197802067
998.07071305279,181.5638157446081,365.76225341131146,576.4428835726325,782.8961577470376,-117.83822004836448,566.2474073879488,-0.8640341981793824
0.0012561935525457,-0.0003938970500162,21653.759025041243,9205.801248552449,19729.24595674816,14784.090886781143,-215.8271681458628,-106.90948205094072
828.9942457644197,-893.8211729425667,8507.329308243676,-468.1706055577804,-924.9319302274914,1568.2635311581962,-1285.8580465804978,955.5115222841883
-169.0792545480761,527.4323686334909,-4252.25768335757,3264.2163368821552,2694.9438176685603,-1004.9335176510162,9516.948909146806,-1020.9788525814464
24.02434647007545,24.86454838589396,32.576968736167146,29.61015874805294,26.750928568895315,23.27188173584685,28.38362463679942,26.65416968675968
50.45848398943884,54.81028444290436,55.42975695558992,85.72584889320862,25.32563283368908,53.40520376547834,74.23996996051551,57.8104967562922
717.1022637084229,679.1122196889858,412.5813738331563,446.5060943877429,546.6607145031131,363.1681275422189,467.10201139039617,311.490818979123
1.0720627528299067,3.231329210964811,-0.0641275907355578,1.1452629919871682,1.4061883059060227,-0.1614713605964246,0.7509365365797582,1.468008947942291
304.9709388459548,439.3231571398724,-655.308340166089,1186.6696309216968,724.3307785641035,-60.32062723237755,22.06911865236303,239.8797029132257
0.002611242330233,-0.0018549727292199,-116.29780567765285,23538.50253925016,-11542.065977036422,16993.938589304493,6167.078389935101,644.2686358397647
446.880728670019,-388.7829599589001,1145.7837414342166,2807.4523814358768,3796.483276889197,3312.999314757703,1005.1128345441828,2595.489784490741
-109.0969210318162,276.72590895759544,-621.052322578826,8242.73600584313,1422.3456045948303,3731.7988203407313,-923.426922367592,1095.3060113683052
26.040657069610464,21.837441115694222,38.909283613988926,28.25748967572492,27.735944467733795,22.58523193863077,28.79433949024256,22.990286585669686
68.33915245704051,74.85545938976439,56.13952374465815,66.47823737230149,27.45039028168335,43.51637342028898,58.38042781765366,70.1548680513142
580.9312197233196,366.8606014568156,545.4639702017549,800.0406930436749,828.6952873642683,300.5769453619332,355.9482033524072,546.003873473846
0.8531067890227743,-0.6357196634395432,-1.8360866881711024,0.4901439651632367,2.1592501143623752,2.921999645582499,-0.841944142577937,0.3278829808104202
11.575183532980992,1424.0115578659877,504.4709389228163,-516.0625957542317,668.0283890662406,-17.401659012163577,-127.45020346828932,-286.6773316775889
-0.0025233807803233,0.0023758628402101,6083.119543475104,-117.42975036882216,16001.711846078706,9042.01652028744,-1671.497468849817,133.37577348772103
-10.231475309360125,1181.59801939955,497.2849383138931,837.1866472860702,565.3840479140014,-2294.746957537183,655.6293773981637,41.967239454822064
-196.7600196429344,-634.2749103128787,26.249342755984344,6269.209307474139,-1250.860163586931,6192.881390711229,868.1842335883524,1147.1905623508271
17.53024148012182,36.61674435331028,19.94689025785833,29.83243124924285,28.63457891629597,27.26538812181306,16.39297583630341,20.59719383074917
32.1354586037212,66.01100552864911,51.41608160451208,58.18273767310188,85.0967978186236,30.603481586183445,60.01573936616796,64.58617915882517
365.85726678364176,423.1293335301642,630.3280060864977,639.4937610153937,417.91153070471967,693.8298358577708,686.9931083516727,263.972220532249
-0.1682846196761118,2.060818268398476,2.878717798814721,-0.5401338655965864,-0.0979816762945082,1.854771982720832,2.6268726547908745,2.761015197802067
998.07071305279,181.5638157446081,365.76225341131146,576.4428835726325,782.8961577470376,-117.83822004836448,566.2474073879488,-0.8640341981793824
0.0012561935525457,-0.0003938970500162,21653.759025041243,9205.801248552449,19729.24595674816,14784.090886781143,-215.8271681458628,-106.90948205094072
828.9942457644197,-893.8211729425667,8507.329308243676,-468.1706055577804,-924.9319302274914,1568.2635311581962,-1285.8580465804978,955.5115222841883
-169.0792545480761,527.4323686334909,-4252.25768335757,3264.2163368821552,2694.9438176685603,-1004.9335176510162,9516.948909146806,-1020.9788525814464
24.02434647007545,24.86454838589396,32.576968736167146,29.61015874805294,26.750928568895315,23.27188173584685,28.38362463679942,26.65416968675968
50.45848398943884,54.81028444290436,55.42975695558992,85.72584889320862,25.32563283368908,53.40520376547834,74.23996996051551,57.8104967562922
717.1022637084229,679.1122196889858,412.5813738331563,446.5060943877429,546.6607145031131,363.1681275422189,467.10201139039617,311.490818979123
1.0720627528299067,3.231329210964811,-0.0641275907355578,1.1452629919871682,1.4061883059060227,-0.1614713605964246,0.7509365365797582,1.468008947942291
304.9709388459548,439.3231571398724,-655.308340166089,1186.6696309216968,724.3307785641035,-60.32062723237755,22.06911865236303,239.8797029132257
0.002611242330233,-0.0018549727292199,-116.29780567765285,23538.50253925016,-11542.065977036422,16993.938589304493,6167.078389935101,644.2686358397647
446.880728670019,-388.7829599589001,1145.7837414342166,2807.4523814358768,3796.483276889197,3312.999314757703,1005.1128345441828,2595.489784490741
-109.0969210318162,276.72590895759544,-621.052322578826,8242.73600584313,1422.3456045948303,3731.7988203407313,-923.426922367592,1095.3060113683052
26.040657069610464,21.837441115694222,38.909283613988926,28.25748967572492,27.735944467733795,22.58523193863077,28.79433949024256,22.990286585669686
68.33915245704051,74.85545938976439,56.13952374465815,66.47823737230149,27.45039028168335,43.51637342028898,58.38042781765366,70.1548680513142
580.9312197233196,366.8606014568156,545.4639702017549,800.0406930436749,828.6952873642683,300.5769453619332,355.9482033524072,546.003873473846
0.8531067890227743,-0.6357196634395432,-1.8360866881711024,0.4901439651632367,2.1592501143623752,2.921999645582499,-0.841944142577937,0.3278829808104202
11.575183532980992,1424.0115578659877,504.4709389228163,-516.0625957542317,668.0283890662406,-17.401659012163577,-127.45020346828932,-286.6773316775889
-0.0025233807803233,0.0023758628402101,6083.119543475104,-117.42975036882216,16001.711846078706,9042.01652028744,-1671.497468849817,133.37577348772103
-10.231475309360125,1181.59801939955,497.2849383138931,837.1866472860702,565.3840479140014,-2294.746957537183,655.6293773981637,41.967239454822064
-196.7600196429344,-634.2749103128787,26.249342755984344,6269.209307474139,-1250.860163586931,6192.881390711229,868.1842335883524,1147.1905623508271
17.53024148012182,36.61674435331028,19.94689025785833,29.83243124924285,28.63457891629597,27.26538812181306,16.39297583630341,20.59719383074917
32.1354586037212,66.01100552864911,51.41608160451208,58.18273767310188,85.0967978186236,30.603481586183445,60.01573936616796,64.58617915882517
365.85726678364176,423.1293335301642,630.3280060864977,639.4937610153937,417.91153070471967,693.8298358577708,686.9931083516727,263.972220532249
-0.1682846196761118,2.060818268398476,2.878717798814721,-0.5401338655965864,-0.0979816762945082,1.854771982720832,2.6268726547908745,2.761015197802067
998.07071305279,181.5638157446081,365.76225341131146,576.4428835726325,782.8961577470376,-117.83822004836448,566.2474073879488,-0.8640341981793824
0.0012561935525457,-0.0003938970500162,21653.759025041243,9205.801248552449,19729.24595674816,14784.090886781143,-215.8271681458628,-106.90948205094072
828.9942457644197,-893.8211729425667,8507.329308243676,-468.1706055577804,-924.9319302274914,1568.2635311581962,-1285.8580465804978,955.5115222841883
-169.0792545480761,527.4323686334909,-4252.25768335757,3264.2163368821552,2694.9438176685603,-1004.9335176510162,9516.948909146806,-1020.9788525814464
24.02434647007545,24.86454838589396,32.576968736167146,29.61015874805294,26.750928568895315,23.27188173584685,28.38362463679942,26.65416968675968
50.45848398943884,54.81028444290436,55.42975695558992,85.72584889320862,25.32563283368908,53.40520376547834,74.23996996051551,57.8104967562922
717.1022637084229,679.1122196889858,412.5813738331563,446.5060943877429,546.6607145031131,363.1681275422189,467.10201139039617,311.490818979123
1.0720627528299067,3.231329210964811,-0.0641275907355578,1.1452629919871682,1.4061883059060227,-0.1614713605964246,0.7509365365797582,1.468008947942291
304.9709388459548,439.3231571398724,-655.308340166089,1186.6696309216968,724.3307785641035,-60.32062723237755,22.06911865236303,239.8797029132257
0.002611242330233,-0.0018549727292199,-116.29780567765285,23538.50253925016,-11542.065977036422,16993.938589304493,6167.078389935101,644.2686358397647
446.880728670019,-388.7829599589001,1145.7837414342166,2807.4523814358768,3796.483276889197,3312.999314757703,1005.1128345441828,2595.489784490741
-109.0969210318162,276.72590895759544,-621.052322578826,8242.73600584313,1422.3456045948303,3731.7988203407313,-923.426922367592,1095.3060113683052
26.040657069610464,21.837441115694222,38.909283613988926,28.25748967572492,27.735944467733795,22.58523193863077,28.79433949024256,22.990286585669686
68.33915245704051,74.85545938976439,56.13952374465815,66.47823737230149,27.45039028168335,43.51637342028898,58.38042781765366,70.1548680513142
580.9312197233196,366.8606014568156,545.4639702017549,800.0406930436749,828.6952873642683,300.5769453619332,355.9482033524072,546.003873473846
0.8531067890227743,-0.6357196634395432,-1.8360866881711024,0.4901439651632367,2.1592501143623752,2.921999645582499,-0.841944142577937,0.3278829808104202
11.575183532980992,1424.0115578659877,504.4709389228163,-516.0625957542317,668.0283890662406,-17.401659012163577,-127.45020346828932,-286.6773316775889
-0.0025233807803233,0.0023758628402101,6083.119543475104,-117.42975036882216,16001.711846078706,9042.01652028744,-1671.497468849817,133.37577348772103
-10.231475309360125,1181.59801939955,497.2849383138931,837.1866472860702,565.3840479140014,-2294.746957537183,655.6293773981637,41.967239454822064
-196.7600196429344,-634.2749103128787,26.249342755984344,6269.209307474139,-1250.860163586931,6192.881390711229,868.1842335883524,1147.1905623508271
17.53024148012182,36.61674435331028,19.94689025785833,29.83243124924285,28.63457891629597,27.26538812181306,16.39297583630341,20.59719383074917
32.1354586037212,66.01100552864911,51.41608160451208,58.18273767310188,85.0967978186236,30.603481586183445,60.01573936616796,64.58617915882517
365.85726678364176,423.1293335301642,630.3280060864977,639.4937610153937,417.91153070471967,693.8298358577708,686.9931083516727,263.972220532249
-0.1682846196761118,2.060818268398476,2.878717798814721,-0.5401338655965864,-0.0979816762945082,1.854771982720832,2.6268726547908745,2.761015197802067
998.07071305279,181.5638157446081,365.76225341131146,576.4428835726325,782.8961577470376,-117.83822004836448,566.2474073879488,-0.8640341981793824
0.0012561935525457,-0.0003938970500162,21653.759025041243,9205.801248552449,19729.24595674816,14784.090886781143,-215.8271681458628,-106.90948205094072
828.9942457644197,-893.8211729425667,8507.329308243676,-468.1706055577804,-924.9319302274914,1568.2635311581962,-1285.8580465804978,955.5115222841883
-169.0792545480761,527.4323686334909,-4252.25768335757,3264.2163368821552,2694.9438176685603,-1004.9335176510162,9516.948909146806,-1020.9788525814464
24.02434647007545,24.86454838589396,32.576968736167146,29.61015874805294,26.750928568895315,23.27188173584685,28.38362463679942,26.65416968675968
50.45848398943884,54.81028444290436,55.42975695558992,85.72584889320862,25.32563283368908,53.40520376547834,74.23996996051551,57.8104967562922
717.1022637084229,679.1122196889858,412.5813738331563,446.5060943877429,546.6607145031131,363.1681275422189,467.10201139039617,311.490818979123
1.0720627528299067,3.231329210964811,-0.0641275907355578,1.1452629919871682,1.4061883059060227,-0.1614713605964246,0.7509365365797582,1.468008947942291
304.9709388459548,439.3231571398724,-655.308340166089,1186.6696309216968,724.3307785641035,-60.32062723237755,22.06911865236303,239.8797029132257
0.002611242330233,-0.0018549727292199,-116.29780567765285,23538.50253925016,-11542.065977036422,16993.938589304493,6167.078389935101,644.2686358397647
446.880728670019,-388.7829599589001,1145.7837414342166,2807.4523814358768,3796.483276889197,3312.999314757703,1005.1128345441828,2595.489784490741
-109.0969210318162,276.72590895759544,-621.052322578826,8242.73600584313,1422.3456045948303,3731.7988203407313,-923.426922367592,1095.3060113683052
26.040657069610464,21.837441115694222,38.909283613988926,28.25748967572492,27.735944467733795,22.58523193863077,28.79433949024256,22.990286585669686
68.33915245704051,74.85545938976439,56.13952374465815,66.47823737230149,27.45039028168335,43.51637342028898,58.38042781765366,70.1548680513142
580.9312197233196,366.8606014568156,545.4639702017549,800.0406930436749,828.6952873642683,300.5769453619332,355.9482033524072,546.003873473846
0.8531067890227743,-0.6357196634395432,-1.8360866881711024,0.4901439651632367,2.1592501143623752,2.921999645582499,-0.841944142577937,0.3278829808104202
11.575183532980992,1424.0115578659877,504.4709389228163,-516.0625957542317,668.0283890662406,-17.401659012163577,-127.45020346828932,-286.6773316775889
-0.0025233807803233,0.0023758628402101,6083.119543475104,-117.42975036882216,16001.711846078706,9042.01652028744,-1671.497468849817,133.37577348772103
-10.231475309360125,1181.59801939955,497.2849383138931,837.1866472860702,565.3840479140014,-2294.746957537183,655.6293773981637,41.967239454822064
-196.7600196429344,-634.2749103128787,26.249342755984344,6269.209307474139,-1250.860163586931,6192.881390711229,868.1842335883524,1147.1905623508271
17.53024148012182,36.61674435331028,19.94689025785833,29.83243124924285,28.63457891629597,27.26538812181306,16.39297583630341,20.59719383074917
32.1354586037212,66.01100552864911,51.41608160451208,58.18273767310188,85.0967978186236,30.603481586183445,60.01573936616796,64.58617915882517
365.85726678364176,423.1293335301642,630.3280060864977,639.4937610153937,417.91153070471967,693.8298358577708,686.9931083516727,263.972220532249
-0.1682846196761118,2.060818268398476,2.878717798814721,-0.5401338655965864,-0.0979816762945082,1.854771982720832,2.6268726547908745,2.761015197802067
998.07071305279,181.5638157446081,365.76225341131146,576.4428835726325,782.8961577470376,-117.83822004836448,566.2474073879488,-0.8640341981793824
0.0012561935525457,-0.0003938970500162,21653.759025041243,9205.801248552449,19729.24595674816,14784.090886781143,-215.8271681458628,-106.90948205094072
828.9942457644197,-893.8211729425667,8507.329308243676,-468.1706055577804,-924.9319302274914,1568.2635311581962,-1285.8580465804978,955.5115222841883
-169.0792545480761,527.4323686334909,-4252.25768335757,3264.2163368821552,2694.9438176685603,-1004.9335176510162,9516.948909146806,-1020.9788525814464
24.02434647007545,24.86454838589396,32.576968736167146,29.61015874805294,26.750928568895315,23.27188173584685,28.38362463679942,26.65416968675968
50.45848398943884,54.81028444290436,55.42975695558992,85.72584889320862,25.32563283368908,53.40520376547834,74.23996996051551,57.8104967562922
717.1022637084229,679.1122196889858,412.5813738331563,446.5060943877429,546.6607145031131,363.1681275422189,467.10201139039617,311.490818979123
1.0720627528299067,3.231329210964811,-0.0641275907355578,1.1452629919871682,1.4061883059060227,-0.1614713605964246,0.7509365365797582,1.468008947942291
304.9709388459548,439.3231571398724,-655.308340166089,1186.6696309216968,724.3307785641035,-60.32062723237755,22.06911865236303,239.8797029132257
0.002611242330233,-0.0018549727292199,-116.29780567765285,23538.50253925016,-11542.065977036422,16993.938589304493,6167.078389935101,644.2686358397647
446.880728670019,-388.7829599589001,1145.7837414342166,2807.4523814358768,3796.483276889197,3312.999314757703,1005.1128345441828,2595.489784490741
-109.0969210318162,276.72590895759544,-621.052322578826,8242.73600584313,1422.3456045948303,3731.7988203407313,-923.426922367592,1095.3060113683052
26.040657069610464,21.837441115694222,38.909283613988926,28.25748967572492,27.735944467733795,22.58523193863077,28.79433949024256,22.990286585669686
68.33915245704051,74.85545938976439,56.13952374465815,66.47823737230149,27.45039028168335,43.51637342028898,58.38042781765366,70.1548680513142
580.9312197233196,366.8606014568156,545.4639702017549,800.0406930436749,828.6952873642683,300.5769453619332,355.9482033524072,546.003873473846
0.8531067890227743,-0.6357196634395432,-1.8360866881711024,0.4901439651632367,2.1592501143623752,2.921999645582499,-0.841944142577937,0.3278829808104202
11.575183532980992,1424.0115578659877,504.4709389228163,-516.0625957542317,668.0283890662406,-17.401659012163577,-127.45020346828932,-286.6773316775889
-0.0025233807803233,0.0023758628402101,6083.119543475104,-117.42975036882216,16001.711846078706,9042.01652028744,-1671.497468849817,133.37577348772103
-10.231475309360125,1181.59801939955,497.2849383138931,837.1866472860702,565.3840479140014,-2294.746957537183,655.6293773981637,41.967239454822064
-196.7600196429344,-634.2749103128787,26.249342755984344,6269.209307474139,-1250.860163586931,6192.881390711229,868.1842335883524,1147.1905623508271
17.53024148012182,36.61674435331028,19.94689025785833,29.83243124924285,28.63457891629597,27.26538812181306,16.39297583630341,20.59719383074917
32.1354586037212,66.01100552864911,51.41608160451208,58.18273767310188,85.0967978186236,30.603481586183445,60.01573936616796,64.58617915882517
365.85726678364176,423.1293335301642,630.3280060864977,639.4937610153937,417.91153070471967,693.8298358577708,686.9931083516727,263.972220532249
-0.1682846196761118,2.060818268398476,2.878717798814721,-0.5401338655965864,-0.0979816762945082,1.854771982720832,2.6268726547908745,2.761015197802067
998.07071305279,181.5638157446081,365.76225341131146,576.4428835726325,782.8961577470376,-117.83822004836448,566.2474073879488,-0.8640341981793824
0.0012561935525457,-0.0003938970500162,21653.759025041243,9205.801248552449,19729.24595674816,14784.090886781143,-215.8271681458628,-106.90948205094072
828.9942457644197,-893.8211729425667,8507.329308243676,-468.1706055577804,-924.9319302274914,1568.2635311581962,-1285.8580465804978,955.5115222841883
-169.0792545480761,527.4323686334909,-4252.25768335757,3264.2163368821552,2694.9438176685603,-1004.9335176510162,9516.948909146806,-1020.9788525814464
