내부온도관측치,내부습도관측치,co2관측치,ec관측치,시간당분무량,시간당백색광량,시간당적색광량,시간당청색광량
15.139551469938132,26.71444071173028,36.20002099659925,33.714098974719704,26.806224617397444,28.77339866081385,22.027058072031707,26.543829525660325
44.6978664315516,113.31765092705928,77.94628163936946,75.67026620759435,48.42971661355229,57.86422523486083,44.08100552905336,44.17088890175039
705.4846487418781,656.1639432233428,315.3964325509018,331.99372962137454,474.48323199340246,597.6628979676586,480.6373722745628,380.3331142104816
-1.6568206977698134,0.8967019987229825,-0.4922901724725324,3.277145662790965,2.141079693896995,0.0671426964708954,1.518554957439573,-1.012430739368799
-267.2448097934292,320.78123699039736,-825.7591355110396,-64.74544758615139,382.1989967407529,-788.1718630747603,-194.5214238505536,297.00991506200154
0.0003438316908944,-3.3148797286443966e-05,4066.889180748352,6480.715771170308,-15729.846893018646,-15578.558227168542,4113.467831223836,225.5131341525132
-136.12022032132353,-145.74361385320927,421.491345354267,2334.818238756096,11857.004891861814,-1092.9219671011583,-2500.8760424578204,1044.6475861977813
-330.1934672156381,-61.73911067716036,-1388.2532526362604,-1309.8825491042849,-1256.9196383466312,-416.9234132979143,-1478.1092389699916,448.8013356403714
33.591416305506286,24.00296339275564,23.712634492084547,34.497877361496265,25.14127307796253,20.46272886733449,23.75070700214576,27.86033651679556
46.57713432238501,66.46465779840612,37.38086917412096,74.85258532003866,32.56117086962398,75.88194757877146,82.41795197585014,82.32913628280605
576.923708912995,633.7760885618746,720.9697932239584,656.2714194459339,814.2454815869645,495.3311687395274,306.4924525339317,440.5803521492735
1.045272656375897,-0.3798049860996149,-0.039824256148353,-0.5598727298528279,1.3861765720084946,2.157717339716036,0.338460463376842,0.2866097350654857
-170.1668535786024,-133.66017016150886,-48.33423751058854,153.438880929191,223.2510175289577,250.36574856402663,-311.3638451508397,466.2160258065567
-0.0024149503960181,0.001191470213576,13255.68022413985,15033.764505785575,14784.756780852174,12419.757932524675,-3450.6390569313776,667.2871402293792
-402.5110552826916,12069.983774442888,-1774.360060243862,-461.61687507035657,-1792.8544783776747,2031.722173547328,-10871.406091805444,462.6589218617569
31.379080194752778,301.70440882794634,-788.3402135865305,1318.203196192145,2097.381991781309,907.9883311037344,464.3498029123168,1188.9320415755903
25.22468331697166,33.039636690355174,23.69561271811177,27.932943135874304,27.00751738027668,22.30348161686564,20.12666392565129,16.22574485409865
44.21756374254047,62.12552063218856,64.62047367988163,52.85774426204901,64.36668288229222,53.05036390891348,77.63981040861404,55.83500594214844
424.2465555210512,561.7406561262994,543.9563727345142,681.1749675088895,545.8262860769016,669.8826179642763,734.572071817573,670.390956453012
0.584905156722524,0.7109388399136723,4.245091130334,0.5265844042371023,-1.4482111578053058,-0.4005635741095705,1.1736719565323488,1.3754333974839086
444.8695377161196,256.94405193840845,-465.2084613943116,570.4730416415132,-1133.2612875237128,939.942915941671,119.3462002389955,-222.06100916003896
0.0013057219020132,0.0031412151609526,21414.038036457816,20063.67992938286,23307.4883641634,14899.27150263339,2724.5528808323093,-166.18943889219577
774.288603521824,-285.32647116499186,3408.101311183029,662.987356259079,-1031.8495648302098,5038.103149704821,1412.9822901580117,563.2776085230898
-218.1751347988758,-236.127480791788,831.2845463019285,1403.9610946259988,-1684.125478075366,583.0012067694975,450.51956841429313,-1035.486643642192
15.139551469938132,26.71444071173028,36.20002099659925,33.714098974719704,26.806224617397444,28.77339866081385,22.027058072031707,26.543829525660325
44.6978664315516,113.31765092705928,77.94628163936946,75.67026620759435,48.42971661355229,57.86422523486083,44.08100552905336,44.17088890175039
705.4846487418781,656.1639432233428,315.3964325509018,331.99372962137454,474.48323199340246,597.6628979676586,480.6373722745628,380.3331142104816
-1.6568206977698134,0.8967019987229825,-0.4922901724725324,3.277145662790965,2.141079693896995,0.0671426964708954,1.518554957439573,-1.012430739368799
-267.2448097934292,320.78123699039736,-825.7591355110396,-64.74544758615139,382.1989967407529,-788.1718630747603,-194.5214238505536,297.00991506200154
0.0003438316908944,-3.3148797286443966e-05,4066.889180748352,6480.715771170308,-15729.846893018646,-15578.558227168542,4113.467831223836,225.5131341525132
-136.12022032132353,-145.74361385320927,421.491345354267,2334.818238756096,11857.004891861814,-1092.9219671011583,-2500.8760424578204,1044.6475861977813
-330.1934672156381,-61.73911067716036,-1388.2532526362604,-1309.8825491042849,-1256.9196383466312,-416.9234132979143,-1478.1092389699916,448.8013356403714
33.591416305506286,24.00296339275564,23.712634492084547,34.497877361496265,25.14127307796253,20.46272886733449,23.75070700214576,27.86033651679556
46.57713432238501,66.46465779840612,37.38086917412096,74.85258532003866,32.56117086962398,75.88194757877146,82.41795197585014,82.32913628280605
576.923708912995,633.7760885618746,720.9697932239584,656.2714194459339,814.2454815869645,495.3311687395274,306.4924525339317,440.5803521492735
1.045272656375897,-0.3798049860996149,-0.039824256148353,-0.5598727298528279,1.3861765720084946,2.157717339716036,0.338460463376842,0.2866097350654857
-170.1668535786024,-133.66017016150886,-48.33423751058854,153.438880929191,223.2510175289577,250.36574856402663,-311.3638451508397,466.2160258065567
-0.0024149503960181,0.001191470213576,13255.68022413985,15033.764505785575,14784.756780852174,12419.757932524675,-3450.6390569313776,667.2871402293792
-402.5110552826916,12069.983774442888,-1774.360060243862,-461.61687507035657,-1792.8544783776747,2031.722173547328,-10871.406091805444,462.6589218617569
31.379080194752778,301.70440882794634,-788.3402135865305,1318.203196192145,2097.381991781309,907.9883311037344,464.3498029123168,1188.9320415755903
25.22468331697166,33.039636690355174,23.69561271811177,27.932943135874304,27.00751738027668,22.30348161686564,20.12666392565129,16.22574485409865
44.21756374254047,62.12552063218856,64.62047367988163,52.85774426204901,64.36668288229222,53.05036390891348,77.63981040861404,55.83500594214844
424.2465555210512,561.7406561262994,543.9563727345142,681.1749675088895,545.8262860769016,669.8826179642763,734.572071817573,670.390956453012
0.584905156722524,0.7109388399136723,4.245091130334,0.5265844042371023,-1.4482111578053058,-0.4005635741095705,1.1736719565323488,1.3754333974839086
444.8695377161196,256.94405193840845,-465.2084613943116,570.4730416415132,-1133.2612875237128,939.942915941671,119.3462002389955,-222.06100916003896
0.0013057219020132,0.0031412151609526,21414.038036457816,20063.67992938286,23307.4883641634,14899.27150263339,2724.5528808323093,-166.18943889219577
774.288603521824,-285.32647116499186,3408.101311183029,662.987356259079,-1031.8495648302098,5038.103149704821,1412.9822901580117,563.2776085230898
-218.1751347988758,-236.127480791788,831.2845463019285,1403.9610946259988,-1684.125478075366,583.0012067694975,450.51956841429313,-1035.486643642192
15.139551469938132,26.71444071173028,36.20002099659925,33.714098974719704,26.806224617397444,28.77339866081385,22.027058072031707,26.543829525660325
44.6978664315516,113.31765092705928,77.94628163936946,75.67026620759435,48.42971661355229,57.86422523486083,44.08100552905336,44.17088890175039
705.4846487418781,656.1639432233428,315.3964325509018,331.99372962137454,474.48323199340246,597.6628979676586,480.6373722745628,380.3331142104816
-1.6568206977698134,0.8967019987229825,-0.4922901724725324,3.277145662790965,2.141079693896995,0.0671426964708954,1.518554957439573,-1.012430739368799
-267.2448097934292,320.78123699039736,-825.7591355110396,-64.74544758615139,382.1989967407529,-788.1718630747603,-194.5214238505536,297.00991506200154
0.0003438316908944,-3.3148797286443966e-05,4066.889180748352,6480.715771170308,-15729.846893018646,-15578.558227168542,4113.467831223836,225.5131341525132
-136.12022032132353,-145.74361385320927,421.491345354267,2334.818238756096,11857.004891861814,-1092.9219671011583,-2500.8760424578204,1044.6475861977813
-330.1934672156381,-61.73911067716036,-1388.2532526362604,-1309.8825491042849,-1256.9196383466312,-416.9234132979143,-1478.1092389699916,448.8013356403714
33.591416305506286,24.00296339275564,23.712634492084547,34.497877361496265,25.14127307796253,20.46272886733449,23.75070700214576,27.86033651679556
46.57713432238501,66.46465779840612,37.38086917412096,74.85258532003866,32.56117086962398,75.88194757877146,82.41795197585014,82.32913628280605
576.923708912995,633.7760885618746,720.9697932239584,656.2714194459339,814.2454815869645,495.3311687395274,306.4924525339317,440.5803521492735
1.045272656375897,-0.3798049860996149,-0.039824256148353,-0.5598727298528279,1.3861765720084946,2.157717339716036,0.338460463376842,0.2866097350654857
-170.1668535786024,-133.66017016150886,-48.33423751058854,153.438880929191,223.2510175289577,250.36574856402663,-311.3638451508397,466.2160258065567
-0.0024149503960181,0.001191470213576,13255.68022413985,15033.764505785575,14784.756780852174,12419.757932524675,-3450.6390569313776,667.2871402293792
-402.5110552826916,12069.983774442888,-1774.360060243862,-461.61687507035657,-1792.8544783776747,2031.722173547328,-10871.406091805444,462.6589218617569
31.379080194752778,301.70440882794634,-788.3402135865305,1318.203196192145,2097.381991781309,907.9883311037344,464.3498029123168,1188.9320415755903
25.22468331697166,33.039636690355174,23.69561271811177,27.932943135874304,27.00751738027668,22.30348161686564,20.12666392565129,16.22574485409865
44.21756374254047,62.12552063218856,64.62047367988163,52.85774426204901,64.36668288229222,53.05036390891348,77.63981040861404,55.83500594214844
424.2465555210512,561.7406561262994,543.9563727345142,681.1749675088895,545.8262860769016,669.8826179642763,734.572071817573,670.390956453012
0.584905156722524,0.7109388399136723,4.245091130334,0.5265844042371023,-1.4482111578053058,-0.4005635741095705,1.1736719565323488,1.3754333974839086
444.8695377161196,256.94405193840845,-465.2084613943116,570.4730416415132,-1133.2612875237128,939.942915941671,119.3462002389955,-222.06100916003896
0.0013057219020132,0.0031412151609526,21414.038036457816,20063.67992938286,23307.4883641634,14899.27150263339,2724.5528808323093,-166.18943889219577
774.288603521824,-285.32647116499186,3408.101311183029,662.987356259079,-1031.8495648302098,5038.103149704821,1412.9822901580117,563.2776085230898
-218.1751347988758,-236.127480791788,831.2845463019285,1403.9610946259988,-1684.125478075366,583.0012067694975,450.51956841429313,-1035.486643642192
15.139551469938132,26.71444071173028,36.20002099659925,33.714098974719704,26.806224617397444,28.77339866081385,22.027058072031707,26.543829525660325
44.6978664315516,113.31765092705928,77.94628163936946,75.67026620759435,48.42971661355229,57.86422523486083,44.08100552905336,44.17088890175039
705.4846487418781,656.1639432233428,315.3964325509018,331.99372962137454,474.48323199340246,597.6628979676586,480.6373722745628,380.3331142104816
-1.6568206977698134,0.8967019987229825,-0.4922901724725324,3.277145662790965,2.141079693896995,0.0671426964708954,1.518554957439573,-1.012430739368799
-267.2448097934292,320.78123699039736,-825.7591355110396,-64.74544758615139,382.1989967407529,-788.1718630747603,-194.5214238505536,297.00991506200154
0.0003438316908944,-3.3148797286443966e-05,4066.889180748352,6480.715771170308,-15729.846893018646,-15578.558227168542,4113.467831223836,225.5131341525132
-136.12022032132353,-145.74361385320927,421.491345354267,2334.818238756096,11857.004891861814,-1092.9219671011583,-2500.8760424578204,1044.6475861977813
-330.1934672156381,-61.73911067716036,-1388.2532526362604,-1309.8825491042849,-1256.9196383466312,-416.9234132979143,-1478.1092389699916,448.8013356403714
33.591416305506286,24.00296339275564,23.712634492084547,34.497877361496265,25.14127307796253,20.46272886733449,23.75070700214576,27.86033651679556
46.57713432238501,66.46465779840612,37.38086917412096,74.85258532003866,32.56117086962398,75.88194757877146,82.41795197585014,82.32913628280605
576.923708912995,633.7760885618746,720.9697932239584,656.2714194459339,814.2454815869645,495.3311687395274,306.4924525339317,440.5803521492735
1.045272656375897,-0.3798049860996149,-0.039824256148353,-0.5598727298528279,1.3861765720084946,2.157717339716036,0.338460463376842,0.2866097350654857
-170.1668535786024,-133.66017016150886,-48.33423751058854,153.438880929191,223.2510175289577,250.36574856402663,-311.3638451508397,466.2160258065567
-0.0024149503960181,0.001191470213576,13255.68022413985,15033.764505785575,14784.756780852174,12419.757932524675,-3450.6390569313776,667.2871402293792
-402.5110552826916,12069.983774442888,-1774.360060243862,-461.61687507035657,-1792.8544783776747,2031.722173547328,-10871.406091805444,462.6589218617569
31.379080194752778,301.70440882794634,-788.3402135865305,1318.203196192145,2097.381991781309,907.9883311037344,464.3498029123168,1188.9320415755903
25.22468331697166,33.039636690355174,23.69561271811177,27.932943135874304,27.00751738027668,22.30348161686564,20.12666392565129,16.22574485409865
44.21756374254047,62.12552063218856,64.62047367988163,52.85774426204901,64.36668288229222,53.05036390891348,77.63981040861404,55.83500594214844
424.2465555210512,561.7406561262994,543.9563727345142,681.1749675088895,545.8262860769016,669.8826179642763,734.572071817573,670.390956453012
0.584905156722524,0.7109388399136723,4.245091130334,0.5265844042371023,-1.4482111578053058,-0.4005635741095705,1.1736719565323488,1.3754333974839086
444.8695377161196,256.94405193840845,-465.2084613943116,570.4730416415132,-1133.2612875237128,939.942915941671,119.3462002389955,-222.06100916003896
0.0013057219020132,0.0031412151609526,21414.038036457816,20063.67992938286,23307.4883641634,14899.27150263339,2724.5528808323093,-166.18943889219577
774.288603521824,-285.32647116499186,3408.101311183029,662.987356259079,-1031.8495648302098,5038.103149704821,1412.9822901580117,563.2776085230898
-218.1751347988758,-236.127480791788,831.2845463019285,1403.9610946259988,-1684.125478075366,583.0012067694975,450.51956841429313,-1035.486643642192
15.139551469938132,26.71444071173028,36.20002099659925,33.714098974719704,26.806224617397444,28.77339866081385,22.027058072031707,26.543829525660325
44.6978664315516,113.31765092705928,77.94628163936946,75.67026620759435,48.42971661355229,57.86422523486083,44.08100552905336,44.17088890175039
705.4846487418781,656.1639432233428,315.3964325509018,331.99372962137454,474.48323199340246,597.6628979676586,480.6373722745628,380.3331142104816
-1.6568206977698134,0.8967019987229825,-0.4922901724725324,3.277145662790965,2.141079693896995,0.0671426964708954,1.518554957439573,-1.012430739368799
-267.2448097934292,320.78123699039736,-825.7591355110396,-64.74544758615139,382.1989967407529,-788.1718630747603,-194.5214238505536,297.00991506200154
0.0003438316908944,-3.3148797286443966e-05,4066.889180748352,6480.715771170308,-15729.846893018646,-15578.558227168542,4113.467831223836,225.5131341525132
-136.12022032132353,-145.74361385320927,421.491345354267,2334.818238756096,11857.004891861814,-1092.9219671011583,-2500.8760424578204,1044.6475861977813
-330.1934672156381,-61.73911067716036,-1388.2532526362604,-1309.8825491042849,-1256.9196383466312,-416.9234132979143,-1478.1092389699916,448.8013356403714
33.591416305506286,24.00296339275564,23.712634492084547,34.497877361496265,25.14127307796253,20.46272886733449,23.75070700214576,27.86033651679556
46.57713432238501,66.46465779840612,37.38086917412096,74.85258532003866,32.56117086962398,75.88194757877146,82.41795197585014,82.32913628280605
576.923708912995,633.7760885618746,720.9697932239584,656.2714194459339,814.2454815869645,495.3311687395274,306.4924525339317,440.5803521492735
1.045272656375897,-0.3798049860996149,-0.039824256148353,-0.5598727298528279,1.3861765720084946,2.157717339716036,0.338460463376842,0.2866097350654857
-170.1668535786024,-133.66017016150886,-48.33423751058854,153.438880929191,223.2510175289577,250.36574856402663,-311.3638451508397,466.2160258065567
-0.0024149503960181,0.001191470213576,13255.68022413985,15033.764505785575,14784.756780852174,12419.757932524675,-3450.6390569313776,667.2871402293792
-402.5110552826916,12069.983774442888,-1774.360060243862,-461.61687507035657,-1792.8544783776747,2031.722173547328,-10871.406091805444,462.6589218617569
31.379080194752778,301.70440882794634,-788.3402135865305,1318.203196192145,2097.381991781309,907.9883311037344,464.3498029123168,1188.9320415755903
25.22468331697166,33.039636690355174,23.69561271811177,27.932943135874304,27.00751738027668,22.30348161686564,20.12666392565129,16.22574485409865
44.21756374254047,62.12552063218856,64.62047367988163,52.85774426204901,64.36668288229222,53.05036390891348,77.63981040861404,55.83500594214844
424.2465555210512,561.7406561262994,543.9563727345142,681.1749675088895,545.8262860769016,669.8826179642763,734.572071817573,670.390956453012
0.584905156722524,0.7109388399136723,4.245091130334,0.5265844042371023,-1.4482111578053058,-0.4005635741095705,1.1736719565323488,1.3754333974839086
444.8695377161196,256.94405193840845,-465.2084613943116,570.4730416415132,-1133.2612875237128,939.942915941671,119.3462002389955,-222.06100916003896
0.0013057219020132,0.0031412151609526,21414.038036457816,20063.67992938286,23307.4883641634,14899.27150263339,2724.5528808323093,-166.18943889219577
774.288603521824,-285.32647116499186,3408.101311183029,662.987356259079,-1031.8495648302098,5038.103149704821,1412.9822901580117,563.2776085230898
-218.1751347988758,-236.127480791788,831.2845463019285,1403.9610946259988,-1684.125478075366,583.0012067694975,450.51956841429313,-1035.486643642192
15.139551469938132,26.71444071173028,36.20002099659925,33.714098974719704,26.806224617397444,28.77339866081385,22.027058072031707,26.543829525660325
44.6978664315516,113.31765092705928,77.94628163936946,75.67026620759435,48.42971661355229,57.86422523486083,44.08100552905336,44.17088890175039
705.4846487418781,656.1639432233428,315.3964325509018,331.99372962137454,474.48323199340246,597.6628979676586,480.6373722745628,380.3331142104816
-1.6568206977698134,0.8967019987229825,-0.4922901724725324,3.277145662790965,2.141079693896995,0.0671426964708954,1.518554957439573,-1.012430739368799
-267.2448097934292,320.78123699039736,-825.7591355110396,-64.74544758615139,382.1989967407529,-788.1718630747603,-194.5214238505536,297.00991506200154
0.0003438316908944,-3.3148797286443966e-05,4066.889180748352,6480.715771170308,-15729.846893018646,-15578.558227168542,4113.467831223836,225.5131341525132
-136.12022032132353,-145.74361385320927,421.491345354267,2334.818238756096,11857.004891861814,-1092.9219671011583,-2500.8760424578204,1044.6475861977813
-330.1934672156381,-61.73911067716036,-1388.2532526362604,-1309.8825491042849,-1256.9196383466312,-416.9234132979143,-1478.1092389699916,448.8013356403714
33.591416305506286,24.00296339275564,23.712634492084547,34.497877361496265,25.14127307796253,20.46272886733449,23.75070700214576,27.86033651679556
46.57713432238501,66.46465779840612,37.38086917412096,74.85258532003866,32.56117086962398,75.88194757877146,82.41795197585014,82.32913628280605
576.923708912995,633.7760885618746,720.9697932239584,656.2714194459339,814.2454815869645,495.3311687395274,306.4924525339317,440.5803521492735
1.045272656375897,-0.3798049860996149,-0.039824256148353,-0.5598727298528279,1.3861765720084946,2.157717339716036,0.338460463376842,0.2866097350654857
-170.1668535786024,-133.66017016150886,-48.33423751058854,153.438880929191,223.2510175289577,250.36574856402663,-311.3638451508397,466.2160258065567
-0.0024149503960181,0.001191470213576,13255.68022413985,15033.764505785575,14784.756780852174,12419.757932524675,-3450.6390569313776,667.2871402293792
-402.5110552826916,12069.983774442888,-1774.360060243862,-461.61687507035657,-1792.8544783776747,2031.722173547328,-10871.406091805444,462.6589218617569
31.379080194752778,301.70440882794634,-788.3402135865305,1318.203196192145,2097.381991781309,907.9883311037344,464.3498029123168,1188.9320415755903
25.22468331697166,33.039636690355174,23.69561271811177,27.932943135874304,27.00751738027668,22.30348161686564,20.12666392565129,16.22574485409865
44.21756374254047,62.12552063218856,64.62047367988163,52.85774426204901,64.36668288229222,53.05036390891348,77.63981040861404,55.83500594214844
424.2465555210512,561.7406561262994,543.9563727345142,681.1749675088895,545.8262860769016,669.8826179642763,734.572071817573,670.390956453012
0.584905156722524,0.7109388399136723,4.245091130334,0.5265844042371023,-1.4482111578053058,-0.4005635741095705,1.1736719565323488,1.3754333974839086
444.8695377161196,256.94405193840845,-465.2084613943116,570.4730416415132,-1133.2612875237128,939.942915941671,119.3462002389955,-222.06100916003896
0.0013057219020132,0.0031412151609526,21414.038036457816,20063.67992938286,23307.4883641634,14899.27150263339,2724.5528808323093,-166.18943889219577
774.288603521824,-285.32647116499186,3408.101311183029,662.987356259079,-1031.8495648302098,5038.103149704821,1412.9822901580117,563.2776085230898
-218.1751347988758,-236.127480791788,831.2845463019285,1403.9610946259988,-1684.125478075366,583.0012067694975,450.51956841429313,-1035.486643642192
15.139551469938132,26.71444071173028,36.20002099659925,33.714098974719704,26.806224617397444,28.77339866081385,22.027058072031707,26.543829525660325
44.6978664315516,113.31765092705928,77.94628163936946,75.67026620759435,48.42971661355229,57.86422523486083,44.08100552905336,44.17088890175039
705.4846487418781,656.1639432233428,315.3964325509018,331.99372962137454,474.48323199340246,597.6628979676586,480.6373722745628,380.3331142104816
-1.6568206977698134,0.8967019987229825,-0.4922901724725324,3.277145662790965,2.141079693896995,0.0671426964708954,1.518554957439573,-1.012430739368799
-267.2448097934292,320.78123699039736,-825.7591355110396,-64.74544758615139,382.1989967407529,-788.1718630747603,-194.5214238505536,297.00991506200154
0.0003438316908944,-3.3148797286443966e-05,4066.889180748352,6480.715771170308,-15729.846893018646,-15578.558227168542,4113.467831223836,225.5131341525132
-136.12022032132353,-145.74361385320927,421.491345354267,2334.818238756096,11857.004891861814,-1092.9219671011583,-2500.8760424578204,1044.6475861977813
-330.1934672156381,-61.73911067716036,-1388.2532526362604,-1309.8825491042849,-1256.9196383466312,-416.9234132979143,-1478.1092389699916,448.8013356403714
33.591416305506286,24.00296339275564,23.712634492084547,34.497877361496265,25.14127307796253,20.46272886733449,23.75070700214576,27.86033651679556
46.57713432238501,66.46465779840612,37.38086917412096,74.85258532003866,32.56117086962398,75.88194757877146,82.41795197585014,82.32913628280605
576.923708912995,633.7760885618746,720.9697932239584,656.2714194459339,814.2454815869645,495.3311687395274,306.4924525339317,440.5803521492735
1.045272656375897,-0.3798049860996149,-0.039824256148353,-0.5598727298528279,1.3861765720084946,2.157717339716036,0.338460463376842,0.2866097350654857
-170.1668535786024,-133.66017016150886,-48.33423751058854,153.438880929191,223.2510175289577,250.36574856402663,-311.3638451508397,466.2160258065567
-0.0024149503960181,0.001191470213576,13255.68022413985,15033.764505785575,14784.756780852174,12419.757932524675,-3450.6390569313776,667.2871402293792
-402.5110552826916,12069.983774442888,-1774.360060243862,-461.61687507035657,-1792.8544783776747,2031.722173547328,-10871.406091805444,462.6589218617569
31.379080194752778,301.70440882794634,-788.3402135865305,1318.203196192145,2097.381991781309,907.9883311037344,464.3498029123168,1188.9320415755903
25.22468331697166,33.039636690355174,23.69561271811177,27.932943135874304,27.00751738027668,22.30348161686564,20.12666392565129,16.22574485409865
44.21756374254047,62.12552063218856,64.62047367988163,52.85774426204901,64.36668288229222,53.05036390891348,77.63981040861404,55.83500594214844
424.2465555210512,561.7406561262994,543.9563727345142,681.1749675088895,545.8262860769016,669.8826179642763,734.572071817573,670.390956453012
0.584905156722524,0.7109388399136723,4.245091130334,0.5265844042371023,-1.4482111578053058,-0.4005635741095705,1.1736719565323488,1.3754333974839086
444.8695377161196,256.94405193840845,-465.2084613943116,570.4730416415132,-1133.2612875237128,939.942915941671,119.3462002389955,-222.06100916003896
0.0013057219020132,0.0031412151609526,21414.038036457816,20063.67992938286,23307.4883641634,14899.27150263339,2724.5528808323093,-166.18943889219577
774.288603521824,-285.32647116499186,3408.101311183029,662.987356259079,-1031.8495648302098,5038.103149704821,1412.9822901580117,563.2776085230898
-218.1751347988758,-236.127480791788,831.2845463019285,1403.9610946259988,-1684.125478075366,583.0012067694975,450.51956841429313,-1035.486643642192
15.139551469938132,26.71444071173028,36.20002099659925,33.714098974719704,26.806224617397444,28.77339866081385,22.027058072031707,26.543829525660325
44.6978664315516,113.31765092705928,77.94628163936946,75.67026620759435,48.42971661355229,57.86422523486083,44.08100552905336,44.17088890175039
705.4846487418781,656.1639432233428,315.3964325509018,331.99372962137454,474.48323199340246,597.6628979676586,480.6373722745628,380.3331142104816
-1.6568206977698134,0.8967019987229825,-0.4922901724725324,3.277145662790965,2.141079693896995,0.0671426964708954,1.518554957439573,-1.012430739368799
-267.2448097934292,320.78123699039736,-825.7591355110396,-64.74544758615139,382.1989967407529,-788.1718630747603,-194.5214238505536,297.00991506200154
0.0003438316908944,-3.3148797286443966e-05,4066.889180748352,6480.715771170308,-15729.846893018646,-15578.558227168542,4113.467831223836,225.5131341525132
-136.12022032132353,-145.74361385320927,421.491345354267,2334.818238756096,11857.004891861814,-1092.9219671011583,-2500.8760424578204,1044.6475861977813
-330.1934672156381,-61.73911067716036,-1388.2532526362604,-1309.8825491042849,-1256.9196383466312,-416.9234132979143,-1478.1092389699916,448.8013356403714
33.591416305506286,24.00296339275564,23.712634492084547,34.497877361496265,25.14127307796253,20.46272886733449,23.75070700214576,27.86033651679556
46.57713432238501,66.46465779840612,37.38086917412096,74.85258532003866,32.56117086962398,75.88194757877146,82.41795197585014,82.32913628280605
576.923708912995,633.7760885618746,720.9697932239584,656.2714194459339,814.2454815869645,495.3311687395274,306.4924525339317,440.5803521492735
1.045272656375897,-0.3798049860996149,-0.039824256148353,-0.5598727298528279,1.3861765720084946,2.157717339716036,0.338460463376842,0.2866097350654857
-170.1668535786024,-133.66017016150886,-48.33423751058854,153.438880929191,223.2510175289577,250.36574856402663,-311.3638451508397,466.2160258065567
-0.0024149503960181,0.001191470213576,13255.68022413985,15033.764505785575,14784.756780852174,12419.757932524675,-3450.6390569313776,667.2871402293792
-402.5110552826916,12069.983774442888,-1774.360060243862,-461.61687507035657,-1792.8544783776747,2031.722173547328,-10871.406091805444,462.6589218617569
31.379080194752778,301.70440882794634,-788.3402135865305,1318.203196192145,2097.381991781309,907.9883311037344,464.3498029123168,1188.9320415755903
25.22468331697166,33.039636690355174,23.69561271811177,27.932943135874304,27.00751738027668,22.30348161686564,20.12666392565129,16.22574485409865
44.21756374254047,62.12552063218856,64.62047367988163,52.85774426204901,64.36668288229222,53.05036390891348,77.63981040861404,55.83500594214844
424.2465555210512,561.7406561262994,543.9563727345142,681.1749675088895,545.8262860769016,669.8826179642763,734.572071817573,670.390956453012
0.584905156722524,0.7109388399136723,4.245091130334,0.5265844042371023,-1.4482111578053058,-0.4005635741095705,1.1736719565323488,1.3754333974839086
444.8695377161196,256.94405193840845,-465.2084613943116,570.4730416415132,-1133.2612875237128,939.942915941671,119.3462002389955,-222.06100916003896
0.0013057219020132,0.0031412151609526,21414.038036457816,20063.67992938286,23307.4883641634,14899.27150263339,2724.5528808323093,-166.18943889219577
774.288603521824,-285.32647116499186,3408.101311183029,662.987356259079,-1031.8495648302098,5038.103149704821,1412.9822901580117,563.2776085230898
-218.1751347988758,-236.127480791788,831.2845463019285,1403.9610946259988,-1684.125478075366,583.0012067694975,450.51956841429313,-1035.486643642192
15.139551469938132,26.71444071173028,36.20002099659925,33.714098974719704,26.806224617397444,28.77339866081385,22.027058072031707,26.543829525660325
44.6978664315516,113.31765092705928,77.94628163936946,75.67026620759435,48.42971661355229,57.86422523486083,44.08100552905336,44.17088890175039
705.4846487418781,656.1639432233428,315.3964325509018,331.99372962137454,474.48323199340246,597.6628979676586,480.6373722745628,380.3331142104816
-1.6568206977698134,0.8967019987229825,-0.4922901724725324,3.277145662790965,2.141079693896995,0.0671426964708954,1.518554957439573,-1.012430739368799
-267.2448097934292,320.78123699039736,-825.7591355110396,-64.74544758615139,382.1989967407529,-788.1718630747603,-194.5214238505536,297.00991506200154
0.0003438316908944,-3.3148797286443966e-05,4066.889180748352,6480.715771170308,-15729.846893018646,-15578.558227168542,4113.467831223836,225.5131341525132
-136.12022032132353,-145.74361385320927,421.491345354267,2334.818238756096,11857.004891861814,-1092.9219671011583,-2500.8760424578204,1044.6475861977813
-330.1934672156381,-61.73911067716036,-1388.2532526362604,-1309.8825491042849,-1256.9196383466312,-416.9234132979143,-1478.1092389699916,448.8013356403714
33.591416305506286,24.00296339275564,23.712634492084547,34.497877361496265,25.14127307796253,20.46272886733449,23.75070700214576,27.86033651679556
46.57713432238501,66.46465779840612,37.38086917412096,74.85258532003866,32.56117086962398,75.88194757877146,82.41795197585014,82.32913628280605
576.923708912995,633.7760885618746,720.9697932239584,656.2714194459339,814.2454815869645,495.3311687395274,306.4924525339317,440.5803521492735
1.045272656375897,-0.3798049860996149,-0.039824256148353,-0.5598727298528279,1.3861765720084946,2.157717339716036,0.338460463376842,0.2866097350654857
-170.1668535786024,-133.66017016150886,-48.33423751058854,153.438880929191,223.2510175289577,250.36574856402663,-311.3638451508397,466.2160258065567
-0.0024149503960181,0.001191470213576,13255.68022413985,15033.764505785575,14784.756780852174,12419.757932524675,-3450.6390569313776,667.2871402293792
-402.5110552826916,12069.983774442888,-1774.360060243862,-461.61687507035657,-1792.8544783776747,2031.722173547328,-10871.406091805444,462.6589218617569
31.379080194752778,301.70440882794634,-788.3402135865305,1318.203196192145,2097.381991781309,907.9883311037344,464.3498029123168,1188.9320415755903
25.22468331697166,33.039636690355174,23.69561271811177,27.932943135874304,27.00751738027668,22.30348161686564,20.12666392565129,16.22574485409865
44.21756374254047,62.12552063218856,64.62047367988163,52.85774426204901,64.36668288229222,53.05036390891348,77.63981040861404,55.83500594214844
424.2465555210512,561.7406561262994,543.9563727345142,681.1749675088895,545.8262860769016,669.8826179642763,734.572071817573,670.390956453012
0.584905156722524,0.7109388399136723,4.245091130334,0.5265844042371023,-1.4482111578053058,-0.4005635741095705,1.1736719565323488,1.3754333974839086
444.8695377161196,256.94405193840845,-465.2084613943116,570.4730416415132,-1133.2612875237128,939.942915941671,119.3462002389955,-222.06100916003896
0.0013057219020132,0.0031412151609526,21414.038036457816,20063.67992938286,23307.4883641634,14899.27150263339,2724.5528808323093,-166.18943889219577
774.288603521824,-285.32647116499186,3408.101311183029,662.987356259079,-1031.8495648302098,5038.103149704821,1412.9822901580117,563.2776085230898
-218.1751347988758,-236.127480791788,831.2845463019285,1403.9610946259988,-1684.125478075366,583.0012067694975,450.51956841429313,-1035.486643642192
15.139551469938132,26.71444071173028,36.20002099659925,33.714098974719704,26.806224617397444,28.77339866081385,22.027058072031707,26.543829525660325
44.6978664315516,113.31765092705928,77.94628163936946,75.67026620759435,48.42971661355229,57.86422523486083,44.08100552905336,44.17088890175039
705.4846487418781,656.1639432233428,315.3964325509018,331.99372962137454,474.48323199340246,597.6628979676586,480.6373722745628,380.3331142104816
-1.6568206977698134,0.8967019987229825,-0.4922901724725324,3.277145662790965,2.141079693896995,0.0671426964708954,1.518554957439573,-1.012430739368799
-267.2448097934292,320.78123699039736,-825.7591355110396,-64.74544758615139,382.1989967407529,-788.1718630747603,-194.5214238505536,297.00991506200154
0.0003438316908944,-3.3148797286443966e-05,4066.889180748352,6480.715771170308,-15729.846893018646,-15578.558227168542,4113.467831223836,225.5131341525132
-136.12022032132353,-145.74361385320927,421.491345354267,2334.818238756096,11857.004891861814,-1092.9219671011583,-2500.8760424578204,1044.6475861977813
-330.1934672156381,-61.73911067716036,-1388.2532526362604,-1309.8825491042849,-1256.9196383466312,-416.9234132979143,-1478.1092389699916,448.8013356403714
33.591416305506286,24.00296339275564,23.712634492084547,34.497877361496265,25.14127307796253,20.46272886733449,23.75070700214576,27.86033651679556
46.57713432238501,66.46465779840612,37.38086917412096,74.85258532003866,32.56117086962398,75.88194757877146,82.41795197585014,82.32913628280605
576.923708912995,633.7760885618746,720.9697932239584,656.2714194459339,814.2454815869645,495.3311687395274,306.4924525339317,440.5803521492735
1.045272656375897,-0.3798049860996149,-0.039824256148353,-0.5598727298528279,1.3861765720084946,2.157717339716036,0.338460463376842,0.2866097350654857
-170.1668535786024,-133.66017016150886,-48.33423751058854,153.438880929191,223.2510175289577,250.36574856402663,-311.3638451508397,466.2160258065567
-0.0024149503960181,0.001191470213576,13255.68022413985,15033.764505785575,14784.756780852174,12419.757932524675,-3450.6390569313776,667.2871402293792
-402.5110552826916,12069.983774442888,-1774.360060243862,-461.61687507035657,-1792.8544783776747,2031.722173547328,-10871.406091805444,462.6589218617569
31.379080194752778,301.70440882794634,-788.3402135865305,1318.203196192145,2097.381991781309,907.9883311037344,464.3498029123168,1188.9320415755903
25.22468331697166,33.039636690355174,23.69561271811177,27.932943135874304,27.00751738027668,22.30348161686564,20.12666392565129,16.22574485409865
44.21756374254047,62.12552063218856,64.62047367988163,52.85774426204901,64.36668288229222,53.05036390891348,77.63981040861404,55.83500594214844
424.2465555210512,561.7406561262994,543.9563727345142,681.1749675088895,545.8262860769016,669.8826179642763,734.572071817573,670.390956453012
0.584905156722524,0.7109388399136723,4.245091130334,0.5265844042371023,-1.4482111578053058,-0.4005635741095705,1.1736719565323488,1.3754333974839086
444.8695377161196,256.94405193840845,-465.2084613943116,570.4730416415132,-1133.2612875237128,939.942915941671,119.3462002389955,-222.06100916003896
0.0013057219020132,0.0031412151609526,21414.038036457816,20063.67992938286,23307.4883641634,14899.27150263339,2724.5528808323093,-166.18943889219577
774.288603521824,-285.32647116499186,3408.101311183029,662.987356259079,-1031.8495648302098,5038.103149704821,1412.9822901580117,563.2776085230898
-218.1751347988758,-236.127480791788,831.2845463019285,1403.9610946259988,-1684.125478075366,583.0012067694975,450.51956841429313,-1035.486643642192
15.139551469938132,26.71444071173028,36.20002099659925,33.714098974719704,26.806224617397444,28.77339866081385,22.027058072031707,26.543829525660325
44.6978664315516,113.31765092705928,77.94628163936946,75.67026620759435,48.42971661355229,57.86422523486083,44.08100552905336,44.17088890175039
705.4846487418781,656.1639432233428,315.3964325509018,331.99372962137454,474.48323199340246,597.6628979676586,480.6373722745628,380.3331142104816
-1.6568206977698134,0.8967019987229825,-0.4922901724725324,3.277145662790965,2.141079693896995,0.0671426964708954,1.518554957439573,-1.012430739368799
-267.2448097934292,320.78123699039736,-825.7591355110396,-64.74544758615139,382.1989967407529,-788.1718630747603,-194.5214238505536,297.00991506200154
0.0003438316908944,-3.3148797286443966e-05,4066.889180748352,6480.715771170308,-15729.846893018646,-15578.558227168542,4113.467831223836,225.5131341525132
-136.12022032132353,-145.74361385320927,421.491345354267,2334.818238756096,11857.004891861814,-1092.9219671011583,-2500.8760424578204,1044.6475861977813
-330.1934672156381,-61.73911067716036,-1388.2532526362604,-1309.8825491042849,-1256.9196383466312,-416.9234132979143,-1478.1092389699916,448.8013356403714
33.591416305506286,24.00296339275564,23.712634492084547,34.497877361496265,25.14127307796253,20.46272886733449,23.75070700214576,27.86033651679556
46.57713432238501,66.46465779840612,37.38086917412096,74.85258532003866,32.56117086962398,75.88194757877146,82.41795197585014,82.32913628280605
576.923708912995,633.7760885618746,720.9697932239584,656.2714194459339,814.2454815869645,495.3311687395274,306.4924525339317,440.5803521492735
1.045272656375897,-0.3798049860996149,-0.039824256148353,-0.5598727298528279,1.3861765720084946,2.157717339716036,0.338460463376842,0.2866097350654857
-170.1668535786024,-133.66017016150886,-48.33423751058854,153.438880929191,223.2510175289577,250.36574856402663,-311.3638451508397,466.2160258065567
-0.0024149503960181,0.001191470213576,13255.68022413985,15033.764505785575,14784.756780852174,12419.757932524675,-3450.6390569313776,667.2871402293792
-402.5110552826916,12069.983774442888,-1774.360060243862,-461.61687507035657,-1792.8544783776747,2031.722173547328,-10871.406091805444,462.6589218617569
31.379080194752778,301.70440882794634,-788.3402135865305,1318.203196192145,2097.381991781309,907.9883311037344,464.3498029123168,1188.9320415755903
25.22468331697166,33.039636690355174,23.69561271811177,27.932943135874304,27.00751738027668,22.30348161686564,20.12666392565129,16.22574485409865
44.21756374254047,62.12552063218856,64.62047367988163,52.85774426204901,64.36668288229222,53.05036390891348,77.63981040861404,55.83500594214844
424.2465555210512,561.7406561262994,543.9563727345142,681.1749675088895,545.8262860769016,669.8826179642763,734.572071817573,670.390956453012
0.584905156722524,0.7109388399136723,4.245091130334,0.5265844042371023,-1.4482111578053058,-0.4005635741095705,1.1736719565323488,1.3754333974839086
444.8695377161196,256.94405193840845,-465.2084613943116,570.4730416415132,-1133.2612875237128,939.942915941671,119.3462002389955,-222.06100916003896
0.0013057219020132,0.0031412151609526,21414.038036457816,20063.67992938286,23307.4883641634,14899.27150263339,2724.5528808323093,-166.18943889219577
774.288603521824,-285.32647116499186,3408.101311183029,662.987356259079,-1031.8495648302098,5038.103149704821,1412.9822901580117,563.2776085230898
-218.1751347988758,-236.127480791788,831.2845463019285,1403.9610946259988,-1684.125478075366,583.0012067694975,450.51956841429313,-1035.486643642192
15.139551469938132,26.71444071173028,36.20002099659925,33.714098974719704,26.806224617397444,28.77339866081385,22.027058072031707,26.543829525660325
44.6978664315516,113.31765092705928,77.94628163936946,75.67026620759435,48.42971661355229,57.86422523486083,44.08100552905336,44.17088890175039
705.4846487418781,656.1639432233428,315.3964325509018,331.99372962137454,474.48323199340246,597.6628979676586,480.6373722745628,380.3331142104816
-1.6568206977698134,0.8967019987229825,-0.4922901724725324,3.277145662790965,2.141079693896995,0.0671426964708954,1.518554957439573,-1.012430739368799
-267.2448097934292,320.78123699039736,-825.7591355110396,-64.74544758615139,382.1989967407529,-788.1718630747603,-194.5214238505536,297.00991506200154
0.0003438316908944,-3.3148797286443966e-05,4066.889180748352,6480.715771170308,-15729.846893018646,-15578.558227168542,4113.467831223836,225.5131341525132
-136.12022032132353,-145.74361385320927,421.491345354267,2334.818238756096,11857.004891861814,-1092.9219671011583,-2500.8760424578204,1044.6475861977813
-330.1934672156381,-61.73911067716036,-1388.2532526362604,-1309.8825491042849,-1256.9196383466312,-416.9234132979143,-1478.1092389699916,448.8013356403714
33.591416305506286,24.00296339275564,23.712634492084547,34.497877361496265,25.14127307796253,20.46272886733449,23.75070700214576,27.86033651679556
46.57713432238501,66.46465779840612,37.38086917412096,74.85258532003866,32.56117086962398,75.88194757877146,82.41795197585014,82.32913628280605
576.923708912995,633.7760885618746,720.9697932239584,656.2714194459339,814.2454815869645,495.3311687395274,306.4924525339317,440.5803521492735
1.045272656375897,-0.3798049860996149,-0.039824256148353,-0.5598727298528279,1.3861765720084946,2.157717339716036,0.338460463376842,0.2866097350654857
-170.1668535786024,-133.66017016150886,-48.33423751058854,153.438880929191,223.2510175289577,250.36574856402663,-311.3638451508397,466.2160258065567
-0.0024149503960181,0.001191470213576,13255.68022413985,15033.764505785575,14784.756780852174,12419.757932524675,-3450.6390569313776,667.2871402293792
-402.5110552826916,12069.983774442888,-1774.360060243862,-461.61687507035657,-1792.8544783776747,2031.722173547328,-10871.406091805444,462.6589218617569
31.379080194752778,301.70440882794634,-788.3402135865305,1318.203196192145,2097.381991781309,907.9883311037344,464.3498029123168,1188.9320415755903
25.22468331697166,33.039636690355174,23.69561271811177,27.932943135874304,27.00751738027668,22.30348161686564,20.12666392565129,16.22574485409865
44.21756374254047,62.12552063218856,64.62047367988163,52.85774426204901,64.36668288229222,53.05036390891348,77.63981040861404,55.83500594214844
424.2465555210512,561.7406561262994,543.9563727345142,681.1749675088895,545.8262860769016,669.8826179642763,734.572071817573,670.390956453012
0.584905156722524,0.7109388399136723,4.245091130334,0.5265844042371023,-1.4482111578053058,-0.4005635741095705,1.1736719565323488,1.3754333974839086
444.8695377161196,256.94405193840845,-465.2084613943116,570.4730416415132,-1133.2612875237128,939.942915941671,119.3462002389955,-222.06100916003896
0.0013057219020132,0.0031412151609526,21414.038036457816,20063.67992938286,23307.4883641634,14899.27150263339,2724.5528808323093,-166.18943889219577
774.288603521824,-285.32647116499186,3408.101311183029,662.987356259079,-1031.8495648302098,5038.103149704821,1412.9822901580117,563.2776085230898
-218.1751347988758,-236.127480791788,831.2845463019285,1403.9610946259988,-1684.125478075366,583.0012067694975,450.51956841429313,-1035.486643642192
15.139551469938132,26.71444071173028,36.20002099659925,33.714098974719704,26.806224617397444,28.77339866081385,22.027058072031707,26.543829525660325
44.6978664315516,113.31765092705928,77.94628163936946,75.67026620759435,48.42971661355229,57.86422523486083,44.08100552905336,44.17088890175039
705.4846487418781,656.1639432233428,315.3964325509018,331.99372962137454,474.48323199340246,597.6628979676586,480.6373722745628,380.3331142104816
-1.6568206977698134,0.8967019987229825,-0.4922901724725324,3.277145662790965,2.141079693896995,0.0671426964708954,1.518554957439573,-1.012430739368799
-267.2448097934292,320.78123699039736,-825.7591355110396,-64.74544758615139,382.1989967407529,-788.1718630747603,-194.5214238505536,297.00991506200154
0.0003438316908944,-3.3148797286443966e-05,4066.889180748352,6480.715771170308,-15729.846893018646,-15578.558227168542,4113.467831223836,225.5131341525132
-136.12022032132353,-145.74361385320927,421.491345354267,2334.818238756096,11857.004891861814,-1092.9219671011583,-2500.8760424578204,1044.6475861977813
-330.1934672156381,-61.73911067716036,-1388.2532526362604,-1309.8825491042849,-1256.9196383466312,-416.9234132979143,-1478.1092389699916,448.8013356403714
33.591416305506286,24.00296339275564,23.712634492084547,34.497877361496265,25.14127307796253,20.46272886733449,23.75070700214576,27.86033651679556
46.57713432238501,66.46465779840612,37.38086917412096,74.85258532003866,32.56117086962398,75.88194757877146,82.41795197585014,82.32913628280605
576.923708912995,633.7760885618746,720.9697932239584,656.2714194459339,814.2454815869645,495.3311687395274,306.4924525339317,440.5803521492735
1.045272656375897,-0.3798049860996149,-0.039824256148353,-0.5598727298528279,1.3861765720084946,2.157717339716036,0.338460463376842,0.2866097350654857
-170.1668535786024,-133.66017016150886,-48.33423751058854,153.438880929191,223.2510175289577,250.36574856402663,-311.3638451508397,466.2160258065567
-0.0024149503960181,0.001191470213576,13255.68022413985,15033.764505785575,14784.756780852174,12419.757932524675,-3450.6390569313776,667.2871402293792
-402.5110552826916,12069.983774442888,-1774.360060243862,-461.61687507035657,-1792.8544783776747,2031.722173547328,-10871.406091805444,462.6589218617569
31.379080194752778,301.70440882794634,-788.3402135865305,1318.203196192145,2097.381991781309,907.9883311037344,464.3498029123168,1188.9320415755903
25.22468331697166,33.039636690355174,23.69561271811177,27.932943135874304,27.00751738027668,22.30348161686564,20.12666392565129,16.22574485409865
44.21756374254047,62.12552063218856,64.62047367988163,52.85774426204901,64.36668288229222,53.05036390891348,77.63981040861404,55.83500594214844
424.2465555210512,561.7406561262994,543.9563727345142,681.1749675088895,545.8262860769016,669.8826179642763,734.572071817573,670.390956453012
0.584905156722524,0.7109388399136723,4.245091130334,0.5265844042371023,-1.4482111578053058,-0.4005635741095705,1.1736719565323488,1.3754333974839086
444.8695377161196,256.94405193840845,-465.2084613943116,570.4730416415132,-1133.2612875237128,939.942915941671,119.3462002389955,-222.06100916003896
0.0013057219020132,0.0031412151609526,21414.038036457816,20063.67992938286,23307.4883641634,14899.27150263339,2724.5528808323093,-166.18943889219577
774.288603521824,-285.32647116499186,3408.101311183029,662.987356259079,-1031.8495648302098,5038.103149704821,1412.9822901580117,563.2776085230898
-218.1751347988758,-236.127480791788,831.2845463019285,1403.9610946259988,-1684.125478075366,583.0012067694975,450.51956841429313,-1035.486643642192
15.139551469938132,26.71444071173028,36.20002099659925,33.714098974719704,26.806224617397444,28.77339866081385,22.027058072031707,26.543829525660325
44.6978664315516,113.31765092705928,77.94628163936946,75.67026620759435,48.42971661355229,57.86422523486083,44.08100552905336,44.17088890175039
705.4846487418781,656.1639432233428,315.3964325509018,331.99372962137454,474.48323199340246,597.6628979676586,480.6373722745628,380.3331142104816
-1.6568206977698134,0.8967019987229825,-0.4922901724725324,3.277145662790965,2.141079693896995,0.0671426964708954,1.518554957439573,-1.012430739368799
-267.2448097934292,320.78123699039736,-825.7591355110396,-64.74544758615139,382.1989967407529,-788.1718630747603,-194.5214238505536,297.00991506200154
0.0003438316908944,-3.3148797286443966e-05,4066.889180748352,6480.715771170308,-15729.846893018646,-15578.558227168542,4113.467831223836,225.5131341525132
-136.12022032132353,-145.74361385320927,421.491345354267,2334.818238756096,11857.004891861814,-1092.9219671011583,-2500.8760424578204,1044.6475861977813
-330.1934672156381,-61.73911067716036,-1388.2532526362604,-1309.8825491042849,-1256.9196383466312,-416.9234132979143,-1478.1092389699916,448.8013356403714
33.591416305506286,24.00296339275564,23.712634492084547,34.497877361496265,25.14127307796253,20.46272886733449,23.75070700214576,27.86033651679556
46.57713432238501,66.46465779840612,37.38086917412096,74.85258532003866,32.56117086962398,75.88194757877146,82.41795197585014,82.32913628280605
576.923708912995,633.7760885618746,720.9697932239584,656.2714194459339,814.2454815869645,495.3311687395274,306.4924525339317,440.5803521492735
1.045272656375897,-0.3798049860996149,-0.039824256148353,-0.5598727298528279,1.3861765720084946,2.157717339716036,0.338460463376842,0.2866097350654857
-170.1668535786024,-133.66017016150886,-48.33423751058854,153.438880929191,223.2510175289577,250.36574856402663,-311.3638451508397,466.2160258065567
-0.0024149503960181,0.001191470213576,13255.68022413985,15033.764505785575,14784.756780852174,12419.757932524675,-3450.6390569313776,667.2871402293792
-402.5110552826916,12069.983774442888,-1774.360060243862,-461.61687507035657,-1792.8544783776747,2031.722173547328,-10871.406091805444,462.6589218617569
31.379080194752778,301.70440882794634,-788.3402135865305,1318.203196192145,2097.381991781309,907.9883311037344,464.3498029123168,1188.9320415755903
25.22468331697166,33.039636690355174,23.69561271811177,27.932943135874304,27.00751738027668,22.30348161686564,20.12666392565129,16.22574485409865
44.21756374254047,62.12552063218856,64.62047367988163,52.85774426204901,64.36668288229222,53.05036390891348,77.63981040861404,55.83500594214844
424.2465555210512,561.7406561262994,543.9563727345142,681.1749675088895,545.8262860769016,669.8826179642763,734.572071817573,670.390956453012
0.584905156722524,0.7109388399136723,4.245091130334,0.5265844042371023,-1.4482111578053058,-0.4005635741095705,1.1736719565323488,1.3754333974839086
444.8695377161196,256.94405193840845,-465.2084613943116,570.4730416415132,-1133.2612875237128,939.942915941671,119.3462002389955,-222.06100916003896
0.0013057219020132,0.0031412151609526,21414.038036457816,20063.67992938286,23307.4883641634,14899.27150263339,2724.5528808323093,-166.18943889219577
774.288603521824,-285.32647116499186,3408.101311183029,662.987356259079,-1031.8495648302098,5038.103149704821,1412.9822901580117,563.2776085230898
-218.1751347988758,-236.127480791788,831.2845463019285,1403.9610946259988,-1684.125478075366,583.0012067694975,450.51956841429313,-1035.486643642192
15.139551469938132,26.71444071173028,36.20002099659925,33.714098974719704,26.806224617397444,28.77339866081385,22.027058072031707,26.543829525660325
44.6978664315516,113.31765092705928,77.94628163936946,75.67026620759435,48.42971661355229,57.86422523486083,44.08100552905336,44.17088890175039
705.4846487418781,656.1639432233428,315.3964325509018,331.99372962137454,474.48323199340246,597.6628979676586,480.6373722745628,380.3331142104816
-1.6568206977698134,0.8967019987229825,-0.4922901724725324,3.277145662790965,2.141079693896995,0.0671426964708954,1.518554957439573,-1.012430739368799
-267.2448097934292,320.78123699039736,-825.7591355110396,-64.74544758615139,382.1989967407529,-788.1718630747603,-194.5214238505536,297.00991506200154
0.0003438316908944,-3.3148797286443966e-05,4066.889180748352,6480.715771170308,-15729.846893018646,-15578.558227168542,4113.467831223836,225.5131341525132
-136.12022032132353,-145.74361385320927,421.491345354267,2334.818238756096,11857.004891861814,-1092.9219671011583,-2500.8760424578204,1044.6475861977813
-330.1934672156381,-61.73911067716036,-1388.2532526362604,-1309.8825491042849,-1256.9196383466312,-416.9234132979143,-1478.1092389699916,448.8013356403714
33.591416305506286,24.00296339275564,23.712634492084547,34.497877361496265,25.14127307796253,20.46272886733449,23.75070700214576,27.86033651679556
46.57713432238501,66.46465779840612,37.38086917412096,74.85258532003866,32.56117086962398,75.88194757877146,82.41795197585014,82.32913628280605
576.923708912995,633.7760885618746,720.9697932239584,656.2714194459339,814.2454815869645,495.3311687395274,306.4924525339317,440.5803521492735
1.045272656375897,-0.3798049860996149,-0.039824256148353,-0.5598727298528279,1.3861765720084946,2.157717339716036,0.338460463376842,0.2866097350654857
-170.1668535786024,-133.66017016150886,-48.33423751058854,153.438880929191,223.2510175289577,250.36574856402663,-311.3638451508397,466.2160258065567
-0.0024149503960181,0.001191470213576,13255.68022413985,15033.764505785575,14784.756780852174,12419.757932524675,-3450.6390569313776,667.2871402293792
-402.5110552826916,12069.983774442888,-1774.360060243862,-461.61687507035657,-1792.8544783776747,2031.722173547328,-10871.406091805444,462.6589218617569
31.379080194752778,301.70440882794634,-788.3402135865305,1318.203196192145,2097.381991781309,907.9883311037344,464.3498029123168,1188.9320415755903
25.22468331697166,33.039636690355174,23.69561271811177,27.932943135874304,27.00751738027668,22.30348161686564,20.12666392565129,16.22574485409865
44.21756374254047,62.12552063218856,64.62047367988163,52.85774426204901,64.36668288229222,53.05036390891348,77.63981040861404,55.83500594214844
424.2465555210512,561.7406561262994,543.9563727345142,681.1749675088895,545.8262860769016,669.8826179642763,734.572071817573,670.390956453012
0.584905156722524,0.7109388399136723,4.245091130334,0.5265844042371023,-1.4482111578053058,-0.4005635741095705,1.1736719565323488,1.3754333974839086
444.8695377161196,256.94405193840845,-465.2084613943116,570.4730416415132,-1133.2612875237128,939.942915941671,119.3462002389955,-222.06100916003896
0.0013057219020132,0.0031412151609526,21414.038036457816,20063.67992938286,23307.4883641634,14899.27150263339,2724.5528808323093,-166.18943889219577
774.288603521824,-285.32647116499186,3408.101311183029,662.987356259079,-1031.8495648302098,5038.103149704821,1412.9822901580117,563.2776085230898
-218.1751347988758,-236.127480791788,831.2845463019285,1403.9610946259988,-1684.125478075366,583.0012067694975,450.51956841429313,-1035.486643642192
15.139551469938132,26.71444071173028,36.20002099659925,33.714098974719704,26.806224617397444,28.77339866081385,22.027058072031707,26.543829525660325
44.6978664315516,113.31765092705928,77.94628163936946,75.67026620759435,48.42971661355229,57.86422523486083,44.08100552905336,44.17088890175039
705.4846487418781,656.1639432233428,315.3964325509018,331.99372962137454,474.48323199340246,597.6628979676586,480.6373722745628,380.3331142104816
-1.6568206977698134,0.8967019987229825,-0.4922901724725324,3.277145662790965,2.141079693896995,0.0671426964708954,1.518554957439573,-1.012430739368799
-267.2448097934292,320.78123699039736,-825.7591355110396,-64.74544758615139,382.1989967407529,-788.1718630747603,-194.5214238505536,297.00991506200154
0.0003438316908944,-3.3148797286443966e-05,4066.889180748352,6480.715771170308,-15729.846893018646,-15578.558227168542,4113.467831223836,225.5131341525132
-136.12022032132353,-145.74361385320927,421.491345354267,2334.818238756096,11857.004891861814,-1092.9219671011583,-2500.8760424578204,1044.6475861977813
-330.1934672156381,-61.73911067716036,-1388.2532526362604,-1309.8825491042849,-1256.9196383466312,-416.9234132979143,-1478.1092389699916,448.8013356403714
33.591416305506286,24.00296339275564,23.712634492084547,34.497877361496265,25.14127307796253,20.46272886733449,23.75070700214576,27.86033651679556
46.57713432238501,66.46465779840612,37.38086917412096,74.85258532003866,32.56117086962398,75.88194757877146,82.41795197585014,82.32913628280605
576.923708912995,633.7760885618746,720.9697932239584,656.2714194459339,814.2454815869645,495.3311687395274,306.4924525339317,440.5803521492735
1.045272656375897,-0.3798049860996149,-0.039824256148353,-0.5598727298528279,1.3861765720084946,2.157717339716036,0.338460463376842,0.2866097350654857
-170.1668535786024,-133.66017016150886,-48.33423751058854,153.438880929191,223.2510175289577,250.36574856402663,-311.3638451508397,466.2160258065567
-0.0024149503960181,0.001191470213576,13255.68022413985,15033.764505785575,14784.756780852174,12419.757932524675,-3450.6390569313776,667.2871402293792
-402.5110552826916,12069.983774442888,-1774.360060243862,-461.61687507035657,-1792.8544783776747,2031.722173547328,-10871.406091805444,462.6589218617569
31.379080194752778,301.70440882794634,-788.3402135865305,1318.203196192145,2097.381991781309,907.9883311037344,464.3498029123168,1188.9320415755903
25.22468331697166,33.039636690355174,23.69561271811177,27.932943135874304,27.00751738027668,22.30348161686564,20.12666392565129,16.22574485409865
44.21756374254047,62.12552063218856,64.62047367988163,52.85774426204901,64.36668288229222,53.05036390891348,77.63981040861404,55.83500594214844
424.2465555210512,561.7406561262994,543.9563727345142,681.1749675088895,545.8262860769016,669.8826179642763,734.572071817573,670.390956453012
0.584905156722524,0.7109388399136723,4.245091130334,0.5265844042371023,-1.4482111578053058,-0.4005635741095705,1.1736719565323488,1.3754333974839086
444.8695377161196,256.94405193840845,-465.2084613943116,570.4730416415132,-1133.2612875237128,939.942915941671,119.3462002389955,-222.06100916003896
0.0013057219020132,0.0031412151609526,21414.038036457816,20063.67992938286,23307.4883641634,14899.27150263339,2724.5528808323093,-166.18943889219577
774.288603521824,-285.32647116499186,3408.101311183029,662.987356259079,-1031.8495648302098,5038.103149704821,1412.9822901580117,563.2776085230898
-218.1751347988758,-236.127480791788,831.2845463019285,1403.9610946259988,-1684.125478075366,583.0012067694975,450.51956841429313,-1035.486643642192
15.139551469938132,26.71444071173028,36.20002099659925,33.714098974719704,26.806224617397444,28.77339866081385,22.027058072031707,26.543829525660325
44.6978664315516,113.31765092705928,77.94628163936946,75.67026620759435,48.42971661355229,57.86422523486083,44.08100552905336,44.17088890175039
705.4846487418781,656.1639432233428,315.3964325509018,331.99372962137454,474.48323199340246,597.6628979676586,480.6373722745628,380.3331142104816
-1.6568206977698134,0.8967019987229825,-0.4922901724725324,3.277145662790965,2.141079693896995,0.0671426964708954,1.518554957439573,-1.012430739368799
-267.2448097934292,320.78123699039736,-825.7591355110396,-64.74544758615139,382.1989967407529,-788.1718630747603,-194.5214238505536,297.00991506200154
0.0003438316908944,-3.3148797286443966e-05,4066.889180748352,6480.715771170308,-15729.846893018646,-15578.558227168542,4113.467831223836,225.5131341525132
-136.12022032132353,-145.74361385320927,421.491345354267,2334.818238756096,11857.004891861814,-1092.9219671011583,-2500.8760424578204,1044.6475861977813
-330.1934672156381,-61.73911067716036,-1388.2532526362604,-1309.8825491042849,-1256.9196383466312,-416.9234132979143,-1478.1092389699916,448.8013356403714
33.591416305506286,24.00296339275564,23.712634492084547,34.497877361496265,25.14127307796253,20.46272886733449,23.75070700214576,27.86033651679556
46.57713432238501,66.46465779840612,37.38086917412096,74.85258532003866,32.56117086962398,75.88194757877146,82.41795197585014,82.32913628280605
576.923708912995,633.7760885618746,720.9697932239584,656.2714194459339,814.2454815869645,495.3311687395274,306.4924525339317,440.5803521492735
1.045272656375897,-0.3798049860996149,-0.039824256148353,-0.5598727298528279,1.3861765720084946,2.157717339716036,0.338460463376842,0.2866097350654857
-170.1668535786024,-133.66017016150886,-48.33423751058854,153.438880929191,223.2510175289577,250.36574856402663,-311.3638451508397,466.2160258065567
-0.0024149503960181,0.001191470213576,13255.68022413985,15033.764505785575,14784.756780852174,12419.757932524675,-3450.6390569313776,667.2871402293792
-402.5110552826916,12069.983774442888,-1774.360060243862,-461.61687507035657,-1792.8544783776747,2031.722173547328,-10871.406091805444,462.6589218617569
31.379080194752778,301.70440882794634,-788.3402135865305,1318.203196192145,2097.381991781309,907.9883311037344,464.3498029123168,1188.9320415755903
25.22468331697166,33.039636690355174,23.69561271811177,27.932943135874304,27.00751738027668,22.30348161686564,20.12666392565129,16.22574485409865
44.21756374254047,62.12552063218856,64.62047367988163,52.85774426204901,64.36668288229222,53.05036390891348,77.63981040861404,55.83500594214844
424.2465555210512,561.7406561262994,543.9563727345142,681.1749675088895,545.8262860769016,669.8826179642763,734.572071817573,670.390956453012
0.584905156722524,0.7109388399136723,4.245091130334,0.5265844042371023,-1.4482111578053058,-0.4005635741095705,1.1736719565323488,1.3754333974839086
444.8695377161196,256.94405193840845,-465.2084613943116,570.4730416415132,-1133.2612875237128,939.942915941671,119.3462002389955,-222.06100916003896
0.0013057219020132,0.0031412151609526,21414.038036457816,20063.67992938286,23307.4883641634,14899.27150263339,2724.5528808323093,-166.18943889219577
774.288603521824,-285.32647116499186,3408.101311183029,662.987356259079,-1031.8495648302098,5038.103149704821,1412.9822901580117,563.2776085230898
-218.1751347988758,-236.127480791788,831.2845463019285,1403.9610946259988,-1684.125478075366,583.0012067694975,450.51956841429313,-1035.486643642192
15.139551469938132,26.71444071173028,36.20002099659925,33.714098974719704,26.806224617397444,28.77339866081385,22.027058072031707,26.543829525660325
44.6978664315516,113.31765092705928,77.94628163936946,75.67026620759435,48.42971661355229,57.86422523486083,44.08100552905336,44.17088890175039
705.4846487418781,656.1639432233428,315.3964325509018,331.99372962137454,474.48323199340246,597.6628979676586,480.6373722745628,380.3331142104816
-1.6568206977698134,0.8967019987229825,-0.4922901724725324,3.277145662790965,2.141079693896995,0.0671426964708954,1.518554957439573,-1.012430739368799
-267.2448097934292,320.78123699039736,-825.7591355110396,-64.74544758615139,382.1989967407529,-788.1718630747603,-194.5214238505536,297.00991506200154
0.0003438316908944,-3.3148797286443966e-05,4066.889180748352,6480.715771170308,-15729.846893018646,-15578.558227168542,4113.467831223836,225.5131341525132
-136.12022032132353,-145.74361385320927,421.491345354267,2334.818238756096,11857.004891861814,-1092.9219671011583,-2500.8760424578204,1044.6475861977813
-330.1934672156381,-61.73911067716036,-1388.2532526362604,-1309.8825491042849,-1256.9196383466312,-416.9234132979143,-1478.1092389699916,448.8013356403714
33.591416305506286,24.00296339275564,23.712634492084547,34.497877361496265,25.14127307796253,20.46272886733449,23.75070700214576,27.86033651679556
46.57713432238501,66.46465779840612,37.38086917412096,74.85258532003866,32.56117086962398,75.88194757877146,82.41795197585014,82.32913628280605
576.923708912995,633.7760885618746,720.9697932239584,656.2714194459339,814.2454815869645,495.3311687395274,306.4924525339317,440.5803521492735
1.045272656375897,-0.3798049860996149,-0.039824256148353,-0.5598727298528279,1.3861765720084946,2.157717339716036,0.338460463376842,0.2866097350654857
-170.1668535786024,-133.66017016150886,-48.33423751058854,153.438880929191,223.2510175289577,250.36574856402663,-311.3638451508397,466.2160258065567
-0.0024149503960181,0.001191470213576,13255.68022413985,15033.764505785575,14784.756780852174,12419.757932524675,-3450.6390569313776,667.2871402293792
-402.5110552826916,12069.983774442888,-1774.360060243862,-461.61687507035657,-1792.8544783776747,2031.722173547328,-10871.406091805444,462.6589218617569
31.379080194752778,301.70440882794634,-788.3402135865305,1318.203196192145,2097.381991781309,907.9883311037344,464.3498029123168,1188.9320415755903
25.22468331697166,33.039636690355174,23.69561271811177,27.932943135874304,27.00751738027668,22.30348161686564,20.12666392565129,16.22574485409865
44.21756374254047,62.12552063218856,64.62047367988163,52.85774426204901,64.36668288229222,53.05036390891348,77.63981040861404,55.83500594214844
424.2465555210512,561.7406561262994,543.9563727345142,681.1749675088895,545.8262860769016,669.8826179642763,734.572071817573,670.390956453012
0.584905156722524,0.7109388399136723,4.245091130334,0.5265844042371023,-1.4482111578053058,-0.4005635741095705,1.1736719565323488,1.3754333974839086
444.8695377161196,256.94405193840845,-465.2084613943116,570.4730416415132,-1133.2612875237128,939.942915941671,119.3462002389955,-222.06100916003896
0.0013057219020132,0.0031412151609526,21414.038036457816,20063.67992938286,23307.4883641634,14899.27150263339,2724.5528808323093,-166.18943889219577
774.288603521824,-285.32647116499186,3408.101311183029,662.987356259079,-1031.8495648302098,5038.103149704821,1412.9822901580117,563.2776085230898
-218.1751347988758,-236.127480791788,831.2845463019285,1403.9610946259988,-1684.125478075366,583.0012067694975,450.51956841429313,-1035.486643642192
15.139551469938132,26.71444071173028,36.20002099659925,33.714098974719704,26.806224617397444,28.77339866081385,22.027058072031707,26.543829525660325
44.6978664315516,113.31765092705928,77.94628163936946,75.67026620759435,48.42971661355229,57.86422523486083,44.08100552905336,44.17088890175039
705.4846487418781,656.1639432233428,315.3964325509018,331.99372962137454,474.48323199340246,597.6628979676586,480.6373722745628,380.3331142104816
-1.6568206977698134,0.8967019987229825,-0.4922901724725324,3.277145662790965,2.141079693896995,0.0671426964708954,1.518554957439573,-1.012430739368799
-267.2448097934292,320.78123699039736,-825.7591355110396,-64.74544758615139,382.1989967407529,-788.1718630747603,-194.5214238505536,297.00991506200154
0.0003438316908944,-3.3148797286443966e-05,4066.889180748352,6480.715771170308,-15729.846893018646,-15578.558227168542,4113.467831223836,225.5131341525132
-136.12022032132353,-145.74361385320927,421.491345354267,2334.818238756096,11857.004891861814,-1092.9219671011583,-2500.8760424578204,1044.6475861977813
-330.1934672156381,-61.73911067716036,-1388.2532526362604,-1309.8825491042849,-1256.9196383466312,-416.9234132979143,-1478.1092389699916,448.8013356403714
33.591416305506286,24.00296339275564,23.712634492084547,34.497877361496265,25.14127307796253,20.46272886733449,23.75070700214576,27.86033651679556
46.57713432238501,66.46465779840612,37.38086917412096,74.85258532003866,32.56117086962398,75.88194757877146,82.41795197585014,82.32913628280605
576.923708912995,633.7760885618746,720.9697932239584,656.2714194459339,814.2454815869645,495.3311687395274,306.4924525339317,440.5803521492735
1.045272656375897,-0.3798049860996149,-0.039824256148353,-0.5598727298528279,1.3861765720084946,2.157717339716036,0.338460463376842,0.2866097350654857
-170.1668535786024,-133.66017016150886,-48.33423751058854,153.438880929191,223.2510175289577,250.36574856402663,-311.3638451508397,466.2160258065567
-0.0024149503960181,0.001191470213576,13255.68022413985,15033.764505785575,14784.756780852174,12419.757932524675,-3450.6390569313776,667.2871402293792
-402.5110552826916,12069.983774442888,-1774.360060243862,-461.61687507035657,-1792.8544783776747,2031.722173547328,-10871.406091805444,462.6589218617569
31.379080194752778,301.70440882794634,-788.3402135865305,1318.203196192145,2097.381991781309,907.9883311037344,464.3498029123168,1188.9320415755903
25.22468331697166,33.039636690355174,23.69561271811177,27.932943135874304,27.00751738027668,22.30348161686564,20.12666392565129,16.22574485409865
44.21756374254047,62.12552063218856,64.62047367988163,52.85774426204901,64.36668288229222,53.05036390891348,77.63981040861404,55.83500594214844
424.2465555210512,561.7406561262994,543.9563727345142,681.1749675088895,545.8262860769016,669.8826179642763,734.572071817573,670.390956453012
0.584905156722524,0.7109388399136723,4.245091130334,0.5265844042371023,-1.4482111578053058,-0.4005635741095705,1.1736719565323488,1.3754333974839086
444.8695377161196,256.94405193840845,-465.2084613943116,570.4730416415132,-1133.2612875237128,939.942915941671,119.3462002389955,-222.06100916003896
0.0013057219020132,0.0031412151609526,21414.038036457816,20063.67992938286,23307.4883641634,14899.27150263339,2724.5528808323093,-166.18943889219577
774.288603521824,-285.32647116499186,3408.101311183029,662.987356259079,-1031.8495648302098,5038.103149704821,1412.9822901580117,563.2776085230898
-218.1751347988758,-236.127480791788,831.2845463019285,1403.9610946259988,-1684.125478075366,583.0012067694975,450.51956841429313,-1035.486643642192
15.139551469938132,26.71444071173028,36.20002099659925,33.714098974719704,26.806224617397444,28.77339866081385,22.027058072031707,26.543829525660325
44.6978664315516,113.31765092705928,77.94628163936946,75.67026620759435,48.42971661355229,57.86422523486083,44.08100552905336,44.17088890175039
705.4846487418781,656.1639432233428,315.3964325509018,331.99372962137454,474.48323199340246,597.6628979676586,480.6373722745628,380.3331142104816
-1.6568206977698134,0.8967019987229825,-0.4922901724725324,3.277145662790965,2.141079693896995,0.0671426964708954,1.518554957439573,-1.012430739368799
-267.2448097934292,320.78123699039736,-825.7591355110396,-64.74544758615139,382.1989967407529,-788.1718630747603,-194.5214238505536,297.00991506200154
0.0003438316908944,-3.3148797286443966e-05,4066.889180748352,6480.715771170308,-15729.846893018646,-15578.558227168542,4113.467831223836,225.5131341525132
-136.12022032132353,-145.74361385320927,421.491345354267,2334.818238756096,11857.004891861814,-1092.9219671011583,-2500.8760424578204,1044.6475861977813
-330.1934672156381,-61.73911067716036,-1388.2532526362604,-1309.8825491042849,-1256.9196383466312,-416.9234132979143,-1478.1092389699916,448.8013356403714
33.591416305506286,24.00296339275564,23.712634492084547,34.497877361496265,25.14127307796253,20.46272886733449,23.75070700214576,27.86033651679556
46.57713432238501,66.46465779840612,37.38086917412096,74.85258532003866,32.56117086962398,75.88194757877146,82.41795197585014,82.32913628280605
576.923708912995,633.7760885618746,720.9697932239584,656.2714194459339,814.2454815869645,495.3311687395274,306.4924525339317,440.5803521492735
1.045272656375897,-0.3798049860996149,-0.039824256148353,-0.5598727298528279,1.3861765720084946,2.157717339716036,0.338460463376842,0.2866097350654857
-170.1668535786024,-133.66017016150886,-48.33423751058854,153.438880929191,223.2510175289577,250.36574856402663,-311.3638451508397,466.2160258065567
-0.0024149503960181,0.001191470213576,13255.68022413985,15033.764505785575,14784.756780852174,12419.757932524675,-3450.6390569313776,667.2871402293792
-402.5110552826916,12069.983774442888,-1774.360060243862,-461.61687507035657,-1792.8544783776747,2031.722173547328,-10871.406091805444,462.6589218617569
31.379080194752778,301.70440882794634,-788.3402135865305,1318.203196192145,2097.381991781309,907.9883311037344,464.3498029123168,1188.9320415755903
25.22468331697166,33.039636690355174,23.69561271811177,27.932943135874304,27.00751738027668,22.30348161686564,20.12666392565129,16.22574485409865
44.21756374254047,62.12552063218856,64.62047367988163,52.85774426204901,64.36668288229222,53.05036390891348,77.63981040861404,55.83500594214844
424.2465555210512,561.7406561262994,543.9563727345142,681.1749675088895,545.8262860769016,669.8826179642763,734.572071817573,670.390956453012
0.584905156722524,0.7109388399136723,4.245091130334,0.5265844042371023,-1.4482111578053058,-0.4005635741095705,1.1736719565323488,1.3754333974839086
444.8695377161196,256.94405193840845,-465.2084613943116,570.4730416415132,-1133.2612875237128,939.942915941671,119.3462002389955,-222.06100916003896
0.0013057219020132,0.0031412151609526,21414.038036457816,20063.67992938286,23307.4883641634,14899.27150263339,2724.5528808323093,-166.18943889219577
774.288603521824,-285.32647116499186,3408.101311183029,662.987356259079,-1031.8495648302098,5038.103149704821,1412.9822901580117,563.2776085230898
-218.1751347988758,-236.127480791788,831.2845463019285,1403.9610946259988,-1684.125478075366,583.0012067694975,450.51956841429313,-1035.486643642192
15.139551469938132,26.71444071173028,36.20002099659925,33.714098974719704,26.806224617397444,28.77339866081385,22.027058072031707,26.543829525660325
44.6978664315516,113.31765092705928,77.94628163936946,75.67026620759435,48.42971661355229,57.86422523486083,44.08100552905336,44.17088890175039
705.4846487418781,656.1639432233428,315.3964325509018,331.99372962137454,474.48323199340246,597.6628979676586,480.6373722745628,380.3331142104816
-1.6568206977698134,0.8967019987229825,-0.4922901724725324,3.277145662790965,2.141079693896995,0.0671426964708954,1.518554957439573,-1.012430739368799
-267.2448097934292,320.78123699039736,-825.7591355110396,-64.74544758615139,382.1989967407529,-788.1718630747603,-194.5214238505536,297.00991506200154
0.0003438316908944,-3.3148797286443966e-05,4066.889180748352,6480.715771170308,-15729.846893018646,-15578.558227168542,4113.467831223836,225.5131341525132
-136.12022032132353,-145.74361385320927,421.491345354267,2334.818238756096,11857.004891861814,-1092.9219671011583,-2500.8760424578204,1044.6475861977813
-330.1934672156381,-61.73911067716036,-1388.2532526362604,-1309.8825491042849,-1256.9196383466312,-416.9234132979143,-1478.1092389699916,448.8013356403714
33.591416305506286,24.00296339275564,23.712634492084547,34.497877361496265,25.14127307796253,20.46272886733449,23.75070700214576,27.86033651679556
46.57713432238501,66.46465779840612,37.38086917412096,74.85258532003866,32.56117086962398,75.88194757877146,82.41795197585014,82.32913628280605
576.923708912995,633.7760885618746,720.9697932239584,656.2714194459339,814.2454815869645,495.3311687395274,306.4924525339317,440.5803521492735
1.045272656375897,-0.3798049860996149,-0.039824256148353,-0.5598727298528279,1.3861765720084946,2.157717339716036,0.338460463376842,0.2866097350654857
-170.1668535786024,-133.66017016150886,-48.33423751058854,153.438880929191,223.2510175289577,250.36574856402663,-311.3638451508397,466.2160258065567
-0.0024149503960181,0.001191470213576,13255.68022413985,15033.764505785575,14784.756780852174,12419.757932524675,-3450.6390569313776,667.2871402293792
-402.5110552826916,12069.983774442888,-1774.360060243862,-461.61687507035657,-1792.8544783776747,2031.722173547328,-10871.406091805444,462.6589218617569
31.379080194752778,301.70440882794634,-788.3402135865305,1318.203196192145,2097.381991781309,907.9883311037344,464.3498029123168,1188.9320415755903
25.22468331697166,33.039636690355174,23.69561271811177,27.932943135874304,27.00751738027668,22.30348161686564,20.12666392565129,16.22574485409865
44.21756374254047,62.12552063218856,64.62047367988163,52.85774426204901,64.36668288229222,53.05036390891348,77.63981040861404,55.83500594214844
424.2465555210512,561.7406561262994,543.9563727345142,681.1749675088895,545.8262860769016,669.8826179642763,734.572071817573,670.390956453012
0.584905156722524,0.7109388399136723,4.245091130334,0.5265844042371023,-1.4482111578053058,-0.4005635741095705,1.1736719565323488,1.3754333974839086
444.8695377161196,256.94405193840845,-465.2084613943116,570.4730416415132,-1133.2612875237128,939.942915941671,119.3462002389955,-222.06100916003896
0.0013057219020132,0.0031412151609526,21414.038036457816,20063.67992938286,23307.4883641634,14899.27150263339,2724.5528808323093,-166.18943889219577
774.288603521824,-285.32647116499186,3408.101311183029,662.987356259079,-1031.8495648302098,5038.103149704821,1412.9822901580117,563.2776085230898
-218.1751347988758,-236.127480791788,831.2845463019285,1403.9610946259988,-1684.125478075366,583.0012067694975,450.51956841429313,-1035.486643642192
15.139551469938132,26.71444071173028,36.20002099659925,33.714098974719704,26.806224617397444,28.77339866081385,22.027058072031707,26.543829525660325
44.6978664315516,113.31765092705928,77.94628163936946,75.67026620759435,48.42971661355229,57.86422523486083,44.08100552905336,44.17088890175039
705.4846487418781,656.1639432233428,315.3964325509018,331.99372962137454,474.48323199340246,597.6628979676586,480.6373722745628,380.3331142104816
-1.6568206977698134,0.8967019987229825,-0.4922901724725324,3.277145662790965,2.141079693896995,0.0671426964708954,1.518554957439573,-1.012430739368799
-267.2448097934292,320.78123699039736,-825.7591355110396,-64.74544758615139,382.1989967407529,-788.1718630747603,-194.5214238505536,297.00991506200154
0.0003438316908944,-3.3148797286443966e-05,4066.889180748352,6480.715771170308,-15729.846893018646,-15578.558227168542,4113.467831223836,225.5131341525132
-136.12022032132353,-145.74361385320927,421.491345354267,2334.818238756096,11857.004891861814,-1092.9219671011583,-2500.8760424578204,1044.6475861977813
-330.1934672156381,-61.73911067716036,-1388.2532526362604,-1309.8825491042849,-1256.9196383466312,-416.9234132979143,-1478.1092389699916,448.8013356403714
33.591416305506286,24.00296339275564,23.712634492084547,34.497877361496265,25.14127307796253,20.46272886733449,23.75070700214576,27.86033651679556
46.57713432238501,66.46465779840612,37.38086917412096,74.85258532003866,32.56117086962398,75.88194757877146,82.41795197585014,82.32913628280605
576.923708912995,633.7760885618746,720.9697932239584,656.2714194459339,814.2454815869645,495.3311687395274,306.4924525339317,440.5803521492735
1.045272656375897,-0.3798049860996149,-0.039824256148353,-0.5598727298528279,1.3861765720084946,2.157717339716036,0.338460463376842,0.2866097350654857
-170.1668535786024,-133.66017016150886,-48.33423751058854,153.438880929191,223.2510175289577,250.36574856402663,-311.3638451508397,466.2160258065567
-0.0024149503960181,0.001191470213576,13255.68022413985,15033.764505785575,14784.756780852174,12419.757932524675,-3450.6390569313776,667.2871402293792
-402.5110552826916,12069.983774442888,-1774.360060243862,-461.61687507035657,-1792.8544783776747,2031.722173547328,-10871.406091805444,462.6589218617569
31.379080194752778,301.70440882794634,-788.3402135865305,1318.203196192145,2097.381991781309,907.9883311037344,464.3498029123168,1188.9320415755903
25.22468331697166,33.039636690355174,23.69561271811177,27.932943135874304,27.00751738027668,22.30348161686564,20.12666392565129,16.22574485409865
44.21756374254047,62.12552063218856,64.62047367988163,52.85774426204901,64.36668288229222,53.05036390891348,77.63981040861404,55.83500594214844
424.2465555210512,561.7406561262994,543.9563727345142,681.1749675088895,545.8262860769016,669.8826179642763,734.572071817573,670.390956453012
0.584905156722524,0.7109388399136723,4.245091130334,0.5265844042371023,-1.4482111578053058,-0.4005635741095705,1.1736719565323488,1.3754333974839086
444.8695377161196,256.94405193840845,-465.2084613943116,570.4730416415132,-1133.2612875237128,939.942915941671,119.3462002389955,-222.06100916003896
0.0013057219020132,0.0031412151609526,21414.038036457816,20063.67992938286,23307.4883641634,14899.27150263339,2724.5528808323093,-166.18943889219577
774.288603521824,-285.32647116499186,3408.101311183029,662.987356259079,-1031.8495648302098,5038.103149704821,1412.9822901580117,563.2776085230898
-218.1751347988758,-236.127480791788,831.2845463019285,1403.9610946259988,-1684.125478075366,583.0012067694975,450.51956841429313,-1035.486643642192
15.139551469938132,26.71444071173028,36.20002099659925,33.714098974719704,26.806224617397444,28.77339866081385,22.027058072031707,26.543829525660325
44.6978664315516,113.31765092705928,77.94628163936946,75.67026620759435,48.42971661355229,57.86422523486083,44.08100552905336,44.17088890175039
705.4846487418781,656.1639432233428,315.3964325509018,331.99372962137454,474.48323199340246,597.6628979676586,480.6373722745628,380.3331142104816
-1.6568206977698134,0.8967019987229825,-0.4922901724725324,3.277145662790965,2.141079693896995,0.0671426964708954,1.518554957439573,-1.012430739368799
-267.2448097934292,320.78123699039736,-825.7591355110396,-64.74544758615139,382.1989967407529,-788.1718630747603,-194.5214238505536,297.00991506200154
0.0003438316908944,-3.3148797286443966e-05,4066.889180748352,6480.715771170308,-15729.846893018646,-15578.558227168542,4113.467831223836,225.5131341525132
-136.12022032132353,-145.74361385320927,421.491345354267,2334.818238756096,11857.004891861814,-1092.9219671011583,-2500.8760424578204,1044.6475861977813
-330.1934672156381,-61.73911067716036,-1388.2532526362604,-1309.8825491042849,-1256.9196383466312,-416.9234132979143,-1478.1092389699916,448.8013356403714
33.591416305506286,24.00296339275564,23.712634492084547,34.497877361496265,25.14127307796253,20.46272886733449,23.75070700214576,27.86033651679556
46.57713432238501,66.46465779840612,37.38086917412096,74.85258532003866,32.56117086962398,75.88194757877146,82.41795197585014,82.32913628280605
576.923708912995,633.7760885618746,720.9697932239584,656.2714194459339,814.2454815869645,495.3311687395274,306.4924525339317,440.5803521492735
1.045272656375897,-0.3798049860996149,-0.039824256148353,-0.5598727298528279,1.3861765720084946,2.157717339716036,0.338460463376842,0.2866097350654857
-170.1668535786024,-133.66017016150886,-48.33423751058854,153.438880929191,223.2510175289577,250.36574856402663,-311.3638451508397,466.2160258065567
-0.0024149503960181,0.001191470213576,13255.68022413985,15033.764505785575,14784.756780852174,12419.757932524675,-3450.6390569313776,667.2871402293792
-402.5110552826916,12069.983774442888,-1774.360060243862,-461.61687507035657,-1792.8544783776747,2031.722173547328,-10871.406091805444,462.6589218617569
31.379080194752778,301.70440882794634,-788.3402135865305,1318.203196192145,2097.381991781309,907.9883311037344,464.3498029123168,1188.9320415755903
25.22468331697166,33.039636690355174,23.69561271811177,27.932943135874304,27.00751738027668,22.30348161686564,20.12666392565129,16.22574485409865
44.21756374254047,62.12552063218856,64.62047367988163,52.85774426204901,64.36668288229222,53.05036390891348,77.63981040861404,55.83500594214844
424.2465555210512,561.7406561262994,543.9563727345142,681.1749675088895,545.8262860769016,669.8826179642763,734.572071817573,670.390956453012
0.584905156722524,0.7109388399136723,4.245091130334,0.5265844042371023,-1.4482111578053058,-0.4005635741095705,1.1736719565323488,1.3754333974839086
444.8695377161196,256.94405193840845,-465.2084613943116,570.4730416415132,-1133.2612875237128,939.942915941671,119.3462002389955,-222.06100916003896
0.0013057219020132,0.0031412151609526,21414.038036457816,20063.67992938286,23307.4883641634,14899.27150263339,2724.5528808323093,-166.18943889219577
774.288603521824,-285.32647116499186,3408.101311183029,662.987356259079,-1031.8495648302098,5038.103149704821,1412.9822901580117,563.2776085230898
-218.1751347988758,-236.127480791788,831.2845463019285,1403.9610946259988,-1684.125478075366,583.0012067694975,450.51956841429313,-1035.486643642192
15.139551469938132,26.71444071173028,36.20002099659925,33.714098974719704,26.806224617397444,28.77339866081385,22.027058072031707,26.543829525660325
44.6978664315516,113.31765092705928,77.94628163936946,75.67026620759435,48.42971661355229,57.86422523486083,44.08100552905336,44.17088890175039
705.4846487418781,656.1639432233428,315.3964325509018,331.99372962137454,474.48323199340246,597.6628979676586,480.6373722745628,380.3331142104816
-1.6568206977698134,0.8967019987229825,-0.4922901724725324,3.277145662790965,2.141079693896995,0.0671426964708954,1.518554957439573,-1.012430739368799
-267.2448097934292,320.78123699039736,-825.7591355110396,-64.74544758615139,382.1989967407529,-788.1718630747603,-194.5214238505536,297.00991506200154
0.0003438316908944,-3.3148797286443966e-05,4066.889180748352,6480.715771170308,-15729.846893018646,-15578.558227168542,4113.467831223836,225.5131341525132
-136.12022032132353,-145.74361385320927,421.491345354267,2334.818238756096,11857.004891861814,-1092.9219671011583,-2500.8760424578204,1044.6475861977813
-330.1934672156381,-61.73911067716036,-1388.2532526362604,-1309.8825491042849,-1256.9196383466312,-416.9234132979143,-1478.1092389699916,448.8013356403714
33.591416305506286,24.00296339275564,23.712634492084547,34.497877361496265,25.14127307796253,20.46272886733449,23.75070700214576,27.86033651679556
46.57713432238501,66.46465779840612,37.38086917412096,74.85258532003866,32.56117086962398,75.88194757877146,82.41795197585014,82.32913628280605
576.923708912995,633.7760885618746,720.9697932239584,656.2714194459339,814.2454815869645,495.3311687395274,306.4924525339317,440.5803521492735
1.045272656375897,-0.3798049860996149,-0.039824256148353,-0.5598727298528279,1.3861765720084946,2.157717339716036,0.338460463376842,0.2866097350654857
-170.1668535786024,-133.66017016150886,-48.33423751058854,153.438880929191,223.2510175289577,250.36574856402663,-311.3638451508397,466.2160258065567
-0.0024149503960181,0.001191470213576,13255.68022413985,15033.764505785575,14784.756780852174,12419.757932524675,-3450.6390569313776,667.2871402293792
-402.5110552826916,12069.983774442888,-1774.360060243862,-461.61687507035657,-1792.8544783776747,2031.722173547328,-10871.406091805444,462.6589218617569
31.379080194752778,301.70440882794634,-788.3402135865305,1318.203196192145,2097.381991781309,907.9883311037344,464.3498029123168,1188.9320415755903
25.22468331697166,33.039636690355174,23.69561271811177,27.932943135874304,27.00751738027668,22.30348161686564,20.12666392565129,16.22574485409865
44.21756374254047,62.12552063218856,64.62047367988163,52.85774426204901,64.36668288229222,53.05036390891348,77.63981040861404,55.83500594214844
424.2465555210512,561.7406561262994,543.9563727345142,681.1749675088895,545.8262860769016,669.8826179642763,734.572071817573,670.390956453012
0.584905156722524,0.7109388399136723,4.245091130334,0.5265844042371023,-1.4482111578053058,-0.4005635741095705,1.1736719565323488,1.3754333974839086
444.8695377161196,256.94405193840845,-465.2084613943116,570.4730416415132,-1133.2612875237128,939.942915941671,119.3462002389955,-222.06100916003896
0.0013057219020132,0.0031412151609526,21414.038036457816,20063.67992938286,23307.4883641634,14899.27150263339,2724.5528808323093,-166.18943889219577
774.288603521824,-285.32647116499186,3408.101311183029,662.987356259079,-1031.8495648302098,5038.103149704821,1412.9822901580117,563.2776085230898
-218.1751347988758,-236.127480791788,831.2845463019285,1403.9610946259988,-1684.125478075366,583.0012067694975,450.51956841429313,-1035.486643642192
15.139551469938132,26.71444071173028,36.20002099659925,33.714098974719704,26.806224617397444,28.77339866081385,22.027058072031707,26.543829525660325
44.6978664315516,113.31765092705928,77.94628163936946,75.67026620759435,48.42971661355229,57.86422523486083,44.08100552905336,44.17088890175039
705.4846487418781,656.1639432233428,315.3964325509018,331.99372962137454,474.48323199340246,597.6628979676586,480.6373722745628,380.3331142104816
-1.6568206977698134,0.8967019987229825,-0.4922901724725324,3.277145662790965,2.141079693896995,0.0671426964708954,1.518554957439573,-1.012430739368799
-267.2448097934292,320.78123699039736,-825.7591355110396,-64.74544758615139,382.1989967407529,-788.1718630747603,-194.5214238505536,297.00991506200154
0.0003438316908944,-3.3148797286443966e-05,4066.889180748352,6480.715771170308,-15729.846893018646,-15578.558227168542,4113.467831223836,225.5131341525132
-136.12022032132353,-145.74361385320927,421.491345354267,2334.818238756096,11857.004891861814,-1092.9219671011583,-2500.8760424578204,1044.6475861977813
-330.1934672156381,-61.73911067716036,-1388.2532526362604,-1309.8825491042849,-1256.9196383466312,-416.9234132979143,-1478.1092389699916,448.8013356403714
33.591416305506286,24.00296339275564,23.712634492084547,34.497877361496265,25.14127307796253,20.46272886733449,23.75070700214576,27.86033651679556
46.57713432238501,66.46465779840612,37.38086917412096,74.85258532003866,32.56117086962398,75.88194757877146,82.41795197585014,82.32913628280605
576.923708912995,633.7760885618746,720.9697932239584,656.2714194459339,814.2454815869645,495.3311687395274,306.4924525339317,440.5803521492735
1.045272656375897,-0.3798049860996149,-0.039824256148353,-0.5598727298528279,1.3861765720084946,2.157717339716036,0.338460463376842,0.2866097350654857
-170.1668535786024,-133.66017016150886,-48.33423751058854,153.438880929191,223.2510175289577,250.36574856402663,-311.3638451508397,466.2160258065567
-0.0024149503960181,0.001191470213576,13255.68022413985,15033.764505785575,14784.756780852174,12419.757932524675,-3450.6390569313776,667.2871402293792
-402.5110552826916,12069.983774442888,-1774.360060243862,-461.61687507035657,-1792.8544783776747,2031.722173547328,-10871.406091805444,462.6589218617569
31.379080194752778,301.70440882794634,-788.3402135865305,1318.203196192145,2097.381991781309,907.9883311037344,464.3498029123168,1188.9320415755903
25.22468331697166,33.039636690355174,23.69561271811177,27.932943135874304,27.00751738027668,22.30348161686564,20.12666392565129,16.22574485409865
44.21756374254047,62.12552063218856,64.62047367988163,52.85774426204901,64.36668288229222,53.05036390891348,77.63981040861404,55.83500594214844
424.2465555210512,561.7406561262994,543.9563727345142,681.1749675088895,545.8262860769016,669.8826179642763,734.572071817573,670.390956453012
0.584905156722524,0.7109388399136723,4.245091130334,0.5265844042371023,-1.4482111578053058,-0.4005635741095705,1.1736719565323488,1.3754333974839086
444.8695377161196,256.94405193840845,-465.2084613943116,570.4730416415132,-1133.2612875237128,939.942915941671,119.3462002389955,-222.06100916003896
0.0013057219020132,0.0031412151609526,21414.038036457816,20063.67992938286,23307.4883641634,14899.27150263339,2724.5528808323093,-166.18943889219577
774.288603521824,-285.32647116499186,3408.101311183029,662.987356259079,-1031.8495648302098,5038.103149704821,1412.9822901580117,563.2776085230898
-218.1751347988758,-236.127480791788,831.2845463019285,1403.9610946259988,-1684.125478075366,583.0012067694975,450.51956841429313,-1035.486643642192
15.139551469938132,26.71444071173028,36.20002099659925,33.714098974719704,26.806224617397444,28.77339866081385,22.027058072031707,26.543829525660325
44.6978664315516,113.31765092705928,77.94628163936946,75.67026620759435,48.42971661355229,57.86422523486083,44.08100552905336,44.17088890175039
705.4846487418781,656.1639432233428,315.3964325509018,331.99372962137454,474.48323199340246,597.6628979676586,480.6373722745628,380.3331142104816
-1.6568206977698134,0.8967019987229825,-0.4922901724725324,3.277145662790965,2.141079693896995,0.0671426964708954,1.518554957439573,-1.012430739368799
-267.2448097934292,320.78123699039736,-825.7591355110396,-64.74544758615139,382.1989967407529,-788.1718630747603,-194.5214238505536,297.00991506200154
0.0003438316908944,-3.3148797286443966e-05,4066.889180748352,6480.715771170308,-15729.846893018646,-15578.558227168542,4113.467831223836,225.5131341525132
-136.12022032132353,-145.74361385320927,421.491345354267,2334.818238756096,11857.004891861814,-1092.9219671011583,-2500.8760424578204,1044.6475861977813
-330.1934672156381,-61.73911067716036,-1388.2532526362604,-1309.8825491042849,-1256.9196383466312,-416.9234132979143,-1478.1092389699916,448.8013356403714
33.591416305506286,24.00296339275564,23.712634492084547,34.497877361496265,25.14127307796253,20.46272886733449,23.75070700214576,27.86033651679556
46.57713432238501,66.46465779840612,37.38086917412096,74.85258532003866,32.56117086962398,75.88194757877146,82.41795197585014,82.32913628280605
576.923708912995,633.7760885618746,720.9697932239584,656.2714194459339,814.2454815869645,495.3311687395274,306.4924525339317,440.5803521492735
1.045272656375897,-0.3798049860996149,-0.039824256148353,-0.5598727298528279,1.3861765720084946,2.157717339716036,0.338460463376842,0.2866097350654857
-170.1668535786024,-133.66017016150886,-48.33423751058854,153.438880929191,223.2510175289577,250.36574856402663,-311.3638451508397,466.2160258065567
-0.0024149503960181,0.001191470213576,13255.68022413985,15033.764505785575,14784.756780852174,12419.757932524675,-3450.6390569313776,667.2871402293792
-402.5110552826916,12069.983774442888,-1774.360060243862,-461.61687507035657,-1792.8544783776747,2031.722173547328,-10871.406091805444,462.6589218617569
31.379080194752778,301.70440882794634,-788.3402135865305,1318.203196192145,2097.381991781309,907.9883311037344,464.3498029123168,1188.9320415755903
25.22468331697166,33.039636690355174,23.69561271811177,27.932943135874304,27.00751738027668,22.30348161686564,20.12666392565129,16.22574485409865
44.21756374254047,62.12552063218856,64.62047367988163,52.85774426204901,64.36668288229222,53.05036390891348,77.63981040861404,55.83500594214844
424.2465555210512,561.7406561262994,543.9563727345142,681.1749675088895,545.8262860769016,669.8826179642763,734.572071817573,670.390956453012
0.584905156722524,0.7109388399136723,4.245091130334,0.5265844042371023,-1.4482111578053058,-0.4005635741095705,1.1736719565323488,1.3754333974839086
444.8695377161196,256.94405193840845,-465.2084613943116,570.4730416415132,-1133.2612875237128,939.942915941671,119.3462002389955,-222.06100916003896
0.0013057219020132,0.0031412151609526,21414.038036457816,20063.67992938286,23307.4883641634,14899.27150263339,2724.5528808323093,-166.18943889219577
774.288603521824,-285.32647116499186,3408.101311183029,662.987356259079,-1031.8495648302098,5038.103149704821,1412.9822901580117,563.2776085230898
-218.1751347988758,-236.127480791788,831.2845463019285,1403.9610946259988,-1684.125478075366,583.0012067694975,450.51956841429313,-1035.486643642192
15.139551469938132,26.71444071173028,36.20002099659925,33.714098974719704,26.806224617397444,28.77339866081385,22.027058072031707,26.543829525660325
44.6978664315516,113.31765092705928,77.94628163936946,75.67026620759435,48.42971661355229,57.86422523486083,44.08100552905336,44.17088890175039
705.4846487418781,656.1639432233428,315.3964325509018,331.99372962137454,474.48323199340246,597.6628979676586,480.6373722745628,380.3331142104816
-1.6568206977698134,0.8967019987229825,-0.4922901724725324,3.277145662790965,2.141079693896995,0.0671426964708954,1.518554957439573,-1.012430739368799
-267.2448097934292,320.78123699039736,-825.7591355110396,-64.74544758615139,382.1989967407529,-788.1718630747603,-194.5214238505536,297.00991506200154
0.0003438316908944,-3.3148797286443966e-05,4066.889180748352,6480.715771170308,-15729.846893018646,-15578.558227168542,4113.467831223836,225.5131341525132
-136.12022032132353,-145.74361385320927,421.491345354267,2334.818238756096,11857.004891861814,-1092.9219671011583,-2500.8760424578204,1044.6475861977813
-330.1934672156381,-61.73911067716036,-1388.2532526362604,-1309.8825491042849,-1256.9196383466312,-416.9234132979143,-1478.1092389699916,448.8013356403714
33.591416305506286,24.00296339275564,23.712634492084547,34.497877361496265,25.14127307796253,20.46272886733449,23.75070700214576,27.86033651679556
46.57713432238501,66.46465779840612,37.38086917412096,74.85258532003866,32.56117086962398,75.88194757877146,82.41795197585014,82.32913628280605
576.923708912995,633.7760885618746,720.9697932239584,656.2714194459339,814.2454815869645,495.3311687395274,306.4924525339317,440.5803521492735
1.045272656375897,-0.3798049860996149,-0.039824256148353,-0.5598727298528279,1.3861765720084946,2.157717339716036,0.338460463376842,0.2866097350654857
-170.1668535786024,-133.66017016150886,-48.33423751058854,153.438880929191,223.2510175289577,250.36574856402663,-311.3638451508397,466.2160258065567
-0.0024149503960181,0.001191470213576,13255.68022413985,15033.764505785575,14784.756780852174,12419.757932524675,-3450.6390569313776,667.2871402293792
-402.5110552826916,12069.983774442888,-1774.360060243862,-461.61687507035657,-1792.8544783776747,2031.722173547328,-10871.406091805444,462.6589218617569
31.379080194752778,301.70440882794634,-788.3402135865305,1318.203196192145,2097.381991781309,907.9883311037344,464.3498029123168,1188.9320415755903
25.22468331697166,33.039636690355174,23.69561271811177,27.932943135874304,27.00751738027668,22.30348161686564,20.12666392565129,16.22574485409865
44.21756374254047,62.12552063218856,64.62047367988163,52.85774426204901,64.36668288229222,53.05036390891348,77.63981040861404,55.83500594214844
424.2465555210512,561.7406561262994,543.9563727345142,681.1749675088895,545.8262860769016,669.8826179642763,734.572071817573,670.390956453012
0.584905156722524,0.7109388399136723,4.245091130334,0.5265844042371023,-1.4482111578053058,-0.4005635741095705,1.1736719565323488,1.3754333974839086
444.8695377161196,256.94405193840845,-465.2084613943116,570.4730416415132,-1133.2612875237128,939.942915941671,119.3462002389955,-222.06100916003896
0.0013057219020132,0.0031412151609526,21414.038036457816,20063.67992938286,23307.4883641634,14899.27150263339,2724.5528808323093,-166.18943889219577
774.288603521824,-285.32647116499186,3408.101311183029,662.987356259079,-1031.8495648302098,5038.103149704821,1412.9822901580117,563.2776085230898
-218.1751347988758,-236.127480791788,831.2845463019285,1403.9610946259988,-1684.125478075366,583.0012067694975,450.51956841429313,-1035.486643642192
15.139551469938132,26.71444071173028,36.20002099659925,33.714098974719704,26.806224617397444,28.77339866081385,22.027058072031707,26.543829525660325
44.6978664315516,113.31765092705928,77.94628163936946,75.67026620759435,48.42971661355229,57.86422523486083,44.08100552905336,44.17088890175039
705.4846487418781,656.1639432233428,315.3964325509018,331.99372962137454,474.48323199340246,597.6628979676586,480.6373722745628,380.3331142104816
-1.6568206977698134,0.8967019987229825,-0.4922901724725324,3.277145662790965,2.141079693896995,0.0671426964708954,1.518554957439573,-1.012430739368799
-267.2448097934292,320.78123699039736,-825.7591355110396,-64.74544758615139,382.1989967407529,-788.1718630747603,-194.5214238505536,297.00991506200154
0.0003438316908944,-3.3148797286443966e-05,4066.889180748352,6480.715771170308,-15729.846893018646,-15578.558227168542,4113.467831223836,225.5131341525132
-136.12022032132353,-145.74361385320927,421.491345354267,2334.818238756096,11857.004891861814,-1092.9219671011583,-2500.8760424578204,1044.6475861977813
-330.1934672156381,-61.73911067716036,-1388.2532526362604,-1309.8825491042849,-1256.9196383466312,-416.9234132979143,-1478.1092389699916,448.8013356403714
33.591416305506286,24.00296339275564,23.712634492084547,34.497877361496265,25.14127307796253,20.46272886733449,23.75070700214576,27.86033651679556
46.57713432238501,66.46465779840612,37.38086917412096,74.85258532003866,32.56117086962398,75.88194757877146,82.41795197585014,82.32913628280605
576.923708912995,633.7760885618746,720.9697932239584,656.2714194459339,814.2454815869645,495.3311687395274,306.4924525339317,440.5803521492735
1.045272656375897,-0.3798049860996149,-0.039824256148353,-0.5598727298528279,1.3861765720084946,2.157717339716036,0.338460463376842,0.2866097350654857
-170.1668535786024,-133.66017016150886,-48.33423751058854,153.438880929191,223.2510175289577,250.36574856402663,-311.3638451508397,466.2160258065567
-0.0024149503960181,0.001191470213576,13255.68022413985,15033.764505785575,14784.756780852174,12419.757932524675,-3450.6390569313776,667.2871402293792
-402.5110552826916,12069.983774442888,-1774.360060243862,-461.61687507035657,-1792.8544783776747,2031.722173547328,-10871.406091805444,462.6589218617569
31.379080194752778,301.70440882794634,-788.3402135865305,1318.203196192145,2097.381991781309,907.9883311037344,464.3498029123168,1188.9320415755903
25.22468331697166,33.039636690355174,23.69561271811177,27.932943135874304,27.00751738027668,22.30348161686564,20.12666392565129,16.22574485409865
44.21756374254047,62.12552063218856,64.62047367988163,52.85774426204901,64.36668288229222,53.05036390891348,77.63981040861404,55.83500594214844
424.2465555210512,561.7406561262994,543.9563727345142,681.1749675088895,545.8262860769016,669.8826179642763,734.572071817573,670.390956453012
0.584905156722524,0.7109388399136723,4.245091130334,0.5265844042371023,-1.4482111578053058,-0.4005635741095705,1.1736719565323488,1.3754333974839086
444.8695377161196,256.94405193840845,-465.2084613943116,570.4730416415132,-1133.2612875237128,939.942915941671,119.3462002389955,-222.06100916003896
0.0013057219020132,0.0031412151609526,21414.038036457816,20063.67992938286,23307.4883641634,14899.27150263339,2724.5528808323093,-166.18943889219577
774.288603521824,-285.32647116499186,3408.101311183029,662.987356259079,-1031.8495648302098,5038.103149704821,1412.9822901580117,563.2776085230898
-218.1751347988758,-236.127480791788,831.2845463019285,1403.9610946259988,-1684.125478075366,583.0012067694975,450.51956841429313,-1035.486643642192
