내부온도관측치,내부습도관측치,co2관측치,ec관측치,시간당분무량,시간당백색광량,시간당적색광량,시간당청색광량
20.04068176384156,29.731116680213333,31.74330064271589,30.083856429491973,28.595747231106184,32.98841877299053,31.987172948356623,20.0791943508036
31.15976138190707,73.40000281277148,50.31112890608033,55.94439415642609,35.866353642226215,39.62424916838804,44.14046836265618,39.49240559029055
372.39640176785366,317.8205436160593,392.8881106584611,547.5595969702931,808.6126878583884,590.6664158278705,250.23655864956493,420.802909744936
-0.828194742985829,-0.0291253693912076,-0.4091430113902312,0.6800615901540635,1.441080765781954,0.3662485323584625,-0.1164708814400414,-0.3227774077498964
315.98670512273696,377.8017568490844,1133.7758187286777,71.36248121513756,1175.0647616161882,734.6746852204669,726.3304260769514,1138.5676450691317
0.0009756144712137,0.0012936511619385,1131.0064159587423,-332.61410830457567,14804.805187265698,18451.03508122529,14098.647033189012,704.0898460686735
232.63152818430555,412.0148703879951,-978.5741296287108,1534.531224938753,9382.37172092256,1030.5779369691286,1402.6818758174115,10608.706534665347
-333.3684029564615,138.62252059744614,419.1058982081993,-2329.468835082404,364.7889179610901,2462.4031762177888,-247.5281308544712,664.5539611974261
32.191883090326144,17.6276422007544,21.685466220599057,28.759279871772065,28.16956693980359,23.01658375114689,29.27932652038245,26.867170407174083
45.31537519954257,54.9209435141776,54.756140800885184,30.31894750552908,55.11630915979724,63.11461610246063,72.3009002923382,80.22091952747981
593.4391394255026,514.8692128579262,739.1781231552862,530.4010876043125,428.6753205681037,323.0155020613189,210.82443576531085,345.39985831296764
-0.4265735279084275,1.5210646718761751,-1.0314200441121335,-0.486866611279352,-0.7747057818011764,3.3175331592254893,0.6277875028446431,-0.6626276069223525
-11.782695319027162,349.7508990721379,-298.7239694199167,714.0588354418169,1911.592840056473,-98.81249306485526,248.4165944463817,-128.31761580906343
0.0013357427857138,-0.0015360671241933,-1201.186312656333,21621.349336769043,19233.86294393523,16554.287931818435,-4595.605775814518,634.5073546715281
474.7784990515265,1378.2978759096763,625.697810398812,-27.704377306484275,-1045.5831928176476,-1213.345800290498,7152.728417155596,714.1295700516528
-191.49369744321632,142.17020081185106,-714.0424868375616,1098.8096981451515,-930.4320891434672,1739.937855688515,686.6995446334859,1174.454873896624
14.32321803420219,24.217708246884417,10.873170813962052,24.35901972067521,24.626616260314886,25.876360703996028,24.62976918585421,23.92646311742414
51.35824895047615,75.19217569615479,70.59636356177518,46.906467144364,93.595488200824,39.45312775983116,51.22921735408782,62.74342868675926
375.5966176395031,418.17298333780656,604.8462671362435,722.435668083637,449.4268220548492,727.0040366041113,525.5149350177597,284.3539146308374
1.4422458814027224,0.966561174942162,3.222595864878415,-0.915619247819086,1.214642105861098,2.482241403578074,-0.3724966935423823,3.086743803922708
3274.04492493653,384.1109026500486,764.6425138937545,779.9736619357095,1681.7584326640365,433.7577303275076,2352.3837843882625,57.997878340850775
-0.0006917081438937,0.0014222320882463,11441.104293864511,32834.14689393756,22253.625355676835,12442.750480350838,1772.360295472587,-20.976350432298325
660.2251962983909,699.5050583793969,11781.236693543284,-1633.9494546325072,2066.568140738512,982.9053922546376,2980.1860980813008,2291.173525380413
-122.46010071066212,-15.184387014005695,-818.6087144040188,404.6631505185825,2532.7778013570314,640.1956451984336,-1288.1031695591591,-403.4778296759915
20.04068176384156,29.731116680213333,31.74330064271589,30.083856429491973,28.595747231106184,32.98841877299053,31.987172948356623,20.0791943508036
31.15976138190707,73.40000281277148,50.31112890608033,55.94439415642609,35.866353642226215,39.62424916838804,44.14046836265618,39.49240559029055
372.39640176785366,317.8205436160593,392.8881106584611,547.5595969702931,808.6126878583884,590.6664158278705,250.23655864956493,420.802909744936
-0.828194742985829,-0.0291253693912076,-0.4091430113902312,0.6800615901540635,1.441080765781954,0.3662485323584625,-0.1164708814400414,-0.3227774077498964
315.98670512273696,377.8017568490844,1133.7758187286777,71.36248121513756,1175.0647616161882,734.6746852204669,726.3304260769514,1138.5676450691317
0.0009756144712137,0.0012936511619385,1131.0064159587423,-332.61410830457567,14804.805187265698,18451.03508122529,14098.647033189012,704.0898460686735
232.63152818430555,412.0148703879951,-978.5741296287108,1534.531224938753,9382.37172092256,1030.5779369691286,1402.6818758174115,10608.706534665347
-333.3684029564615,138.62252059744614,419.1058982081993,-2329.468835082404,364.7889179610901,2462.4031762177888,-247.5281308544712,664.5539611974261
32.191883090326144,17.6276422007544,21.685466220599057,28.759279871772065,28.16956693980359,23.01658375114689,29.27932652038245,26.867170407174083
45.31537519954257,54.9209435141776,54.756140800885184,30.31894750552908,55.11630915979724,63.11461610246063,72.3009002923382,80.22091952747981
593.4391394255026,514.8692128579262,739.1781231552862,530.4010876043125,428.6753205681037,323.0155020613189,210.82443576531085,345.39985831296764
-0.4265735279084275,1.5210646718761751,-1.0314200441121335,-0.486866611279352,-0.7747057818011764,3.3175331592254893,0.6277875028446431,-0.6626276069223525
-11.782695319027162,349.7508990721379,-298.7239694199167,714.0588354418169,1911.592840056473,-98.81249306485526,248.4165944463817,-128.31761580906343
0.0013357427857138,-0.0015360671241933,-1201.186312656333,21621.349336769043,19233.86294393523,16554.287931818435,-4595.605775814518,634.5073546715281
474.7784990515265,1378.2978759096763,625.697810398812,-27.704377306484275,-1045.5831928176476,-1213.345800290498,7152.728417155596,714.1295700516528
-191.49369744321632,142.17020081185106,-714.0424868375616,1098.8096981451515,-930.4320891434672,1739.937855688515,686.6995446334859,1174.454873896624
14.32321803420219,24.217708246884417,10.873170813962052,24.35901972067521,24.626616260314886,25.876360703996028,24.62976918585421,23.92646311742414
51.35824895047615,75.19217569615479,70.59636356177518,46.906467144364,93.595488200824,39.45312775983116,51.22921735408782,62.74342868675926
375.5966176395031,418.17298333780656,604.8462671362435,722.435668083637,449.4268220548492,727.0040366041113,525.5149350177597,284.3539146308374
1.4422458814027224,0.966561174942162,3.222595864878415,-0.915619247819086,1.214642105861098,2.482241403578074,-0.3724966935423823,3.086743803922708
3274.04492493653,384.1109026500486,764.6425138937545,779.9736619357095,1681.7584326640365,433.7577303275076,2352.3837843882625,57.997878340850775
-0.0006917081438937,0.0014222320882463,11441.104293864511,32834.14689393756,22253.625355676835,12442.750480350838,1772.360295472587,-20.976350432298325
660.2251962983909,699.5050583793969,11781.236693543284,-1633.9494546325072,2066.568140738512,982.9053922546376,2980.1860980813008,2291.173525380413
-122.46010071066212,-15.184387014005695,-818.6087144040188,404.6631505185825,2532.7778013570314,640.1956451984336,-1288.1031695591591,-403.4778296759915
20.04068176384156,29.731116680213333,31.74330064271589,30.083856429491973,28.595747231106184,32.98841877299053,31.987172948356623,20.0791943508036
31.15976138190707,73.40000281277148,50.31112890608033,55.94439415642609,35.866353642226215,39.62424916838804,44.14046836265618,39.49240559029055
372.39640176785366,317.8205436160593,392.8881106584611,547.5595969702931,808.6126878583884,590.6664158278705,250.23655864956493,420.802909744936
-0.828194742985829,-0.0291253693912076,-0.4091430113902312,0.6800615901540635,1.441080765781954,0.3662485323584625,-0.1164708814400414,-0.3227774077498964
315.98670512273696,377.8017568490844,1133.7758187286777,71.36248121513756,1175.0647616161882,734.6746852204669,726.3304260769514,1138.5676450691317
0.0009756144712137,0.0012936511619385,1131.0064159587423,-332.61410830457567,14804.805187265698,18451.03508122529,14098.647033189012,704.0898460686735
232.63152818430555,412.0148703879951,-978.5741296287108,1534.531224938753,9382.37172092256,1030.5779369691286,1402.6818758174115,10608.706534665347
-333.3684029564615,138.62252059744614,419.1058982081993,-2329.468835082404,364.7889179610901,2462.4031762177888,-247.5281308544712,664.5539611974261
32.191883090326144,17.6276422007544,21.685466220599057,28.759279871772065,28.16956693980359,23.01658375114689,29.27932652038245,26.867170407174083
45.31537519954257,54.9209435141776,54.756140800885184,30.31894750552908,55.11630915979724,63.11461610246063,72.3009002923382,80.22091952747981
593.4391394255026,514.8692128579262,739.1781231552862,530.4010876043125,428.6753205681037,323.0155020613189,210.82443576531085,345.39985831296764
-0.4265735279084275,1.5210646718761751,-1.0314200441121335,-0.486866611279352,-0.7747057818011764,3.3175331592254893,0.6277875028446431,-0.6626276069223525
-11.782695319027162,349.7508990721379,-298.7239694199167,714.0588354418169,1911.592840056473,-98.81249306485526,248.4165944463817,-128.31761580906343
0.0013357427857138,-0.0015360671241933,-1201.186312656333,21621.349336769043,19233.86294393523,16554.287931818435,-4595.605775814518,634.5073546715281
474.7784990515265,1378.2978759096763,625.697810398812,-27.704377306484275,-1045.5831928176476,-1213.345800290498,7152.728417155596,714.1295700516528
-191.49369744321632,142.17020081185106,-714.0424868375616,1098.8096981451515,-930.4320891434672,1739.937855688515,686.6995446334859,1174.454873896624
14.32321803420219,24.217708246884417,10.873170813962052,24.35901972067521,24.626616260314886,25.876360703996028,24.62976918585421,23.92646311742414
51.35824895047615,75.19217569615479,70.59636356177518,46.906467144364,93.595488200824,39.45312775983116,51.22921735408782,62.74342868675926
375.5966176395031,418.17298333780656,604.8462671362435,722.435668083637,449.4268220548492,727.0040366041113,525.5149350177597,284.3539146308374
1.4422458814027224,0.966561174942162,3.222595864878415,-0.915619247819086,1.214642105861098,2.482241403578074,-0.3724966935423823,3.086743803922708
3274.04492493653,384.1109026500486,764.6425138937545,779.9736619357095,1681.7584326640365,433.7577303275076,2352.3837843882625,57.997878340850775
-0.0006917081438937,0.0014222320882463,11441.104293864511,32834.14689393756,22253.625355676835,12442.750480350838,1772.360295472587,-20.976350432298325
660.2251962983909,699.5050583793969,11781.236693543284,-1633.9494546325072,2066.568140738512,982.9053922546376,2980.1860980813008,2291.173525380413
-122.46010071066212,-15.184387014005695,-818.6087144040188,404.6631505185825,2532.7778013570314,640.1956451984336,-1288.1031695591591,-403.4778296759915
20.04068176384156,29.731116680213333,31.74330064271589,30.083856429491973,28.595747231106184,32.98841877299053,31.987172948356623,20.0791943508036
31.15976138190707,73.40000281277148,50.31112890608033,55.94439415642609,35.866353642226215,39.62424916838804,44.14046836265618,39.49240559029055
372.39640176785366,317.8205436160593,392.8881106584611,547.5595969702931,808.6126878583884,590.6664158278705,250.23655864956493,420.802909744936
-0.828194742985829,-0.0291253693912076,-0.4091430113902312,0.6800615901540635,1.441080765781954,0.3662485323584625,-0.1164708814400414,-0.3227774077498964
315.98670512273696,377.8017568490844,1133.7758187286777,71.36248121513756,1175.0647616161882,734.6746852204669,726.3304260769514,1138.5676450691317
0.0009756144712137,0.0012936511619385,1131.0064159587423,-332.61410830457567,14804.805187265698,18451.03508122529,14098.647033189012,704.0898460686735
232.63152818430555,412.0148703879951,-978.5741296287108,1534.531224938753,9382.37172092256,1030.5779369691286,1402.6818758174115,10608.706534665347
-333.3684029564615,138.62252059744614,419.1058982081993,-2329.468835082404,364.7889179610901,2462.4031762177888,-247.5281308544712,664.5539611974261
32.191883090326144,17.6276422007544,21.685466220599057,28.759279871772065,28.16956693980359,23.01658375114689,29.27932652038245,26.867170407174083
45.31537519954257,54.9209435141776,54.756140800885184,30.31894750552908,55.11630915979724,63.11461610246063,72.3009002923382,80.22091952747981
593.4391394255026,514.8692128579262,739.1781231552862,530.4010876043125,428.6753205681037,323.0155020613189,210.82443576531085,345.39985831296764
-0.4265735279084275,1.5210646718761751,-1.0314200441121335,-0.486866611279352,-0.7747057818011764,3.3175331592254893,0.6277875028446431,-0.6626276069223525
-11.782695319027162,349.7508990721379,-298.7239694199167,714.0588354418169,1911.592840056473,-98.81249306485526,248.4165944463817,-128.31761580906343
0.0013357427857138,-0.0015360671241933,-1201.186312656333,21621.349336769043,19233.86294393523,16554.287931818435,-4595.605775814518,634.5073546715281
474.7784990515265,1378.2978759096763,625.697810398812,-27.704377306484275,-1045.5831928176476,-1213.345800290498,7152.728417155596,714.1295700516528
-191.49369744321632,142.17020081185106,-714.0424868375616,1098.8096981451515,-930.4320891434672,1739.937855688515,686.6995446334859,1174.454873896624
14.32321803420219,24.217708246884417,10.873170813962052,24.35901972067521,24.626616260314886,25.876360703996028,24.62976918585421,23.92646311742414
51.35824895047615,75.19217569615479,70.59636356177518,46.906467144364,93.595488200824,39.45312775983116,51.22921735408782,62.74342868675926
375.5966176395031,418.17298333780656,604.8462671362435,722.435668083637,449.4268220548492,727.0040366041113,525.5149350177597,284.3539146308374
1.4422458814027224,0.966561174942162,3.222595864878415,-0.915619247819086,1.214642105861098,2.482241403578074,-0.3724966935423823,3.086743803922708
3274.04492493653,384.1109026500486,764.6425138937545,779.9736619357095,1681.7584326640365,433.7577303275076,2352.3837843882625,57.997878340850775
-0.0006917081438937,0.0014222320882463,11441.104293864511,32834.14689393756,22253.625355676835,12442.750480350838,1772.360295472587,-20.976350432298325
660.2251962983909,699.5050583793969,11781.236693543284,-1633.9494546325072,2066.568140738512,982.9053922546376,2980.1860980813008,2291.173525380413
-122.46010071066212,-15.184387014005695,-818.6087144040188,404.6631505185825,2532.7778013570314,640.1956451984336,-1288.1031695591591,-403.4778296759915
20.04068176384156,29.731116680213333,31.74330064271589,30.083856429491973,28.595747231106184,32.98841877299053,31.987172948356623,20.0791943508036
31.15976138190707,73.40000281277148,50.31112890608033,55.94439415642609,35.866353642226215,39.62424916838804,44.14046836265618,39.49240559029055
372.39640176785366,317.8205436160593,392.8881106584611,547.5595969702931,808.6126878583884,590.6664158278705,250.23655864956493,420.802909744936
-0.828194742985829,-0.0291253693912076,-0.4091430113902312,0.6800615901540635,1.441080765781954,0.3662485323584625,-0.1164708814400414,-0.3227774077498964
315.98670512273696,377.8017568490844,1133.7758187286777,71.36248121513756,1175.0647616161882,734.6746852204669,726.3304260769514,1138.5676450691317
0.0009756144712137,0.0012936511619385,1131.0064159587423,-332.61410830457567,14804.805187265698,18451.03508122529,14098.647033189012,704.0898460686735
232.63152818430555,412.0148703879951,-978.5741296287108,1534.531224938753,9382.37172092256,1030.5779369691286,1402.6818758174115,10608.706534665347
-333.3684029564615,138.62252059744614,419.1058982081993,-2329.468835082404,364.7889179610901,2462.4031762177888,-247.5281308544712,664.5539611974261
32.191883090326144,17.6276422007544,21.685466220599057,28.759279871772065,28.16956693980359,23.01658375114689,29.27932652038245,26.867170407174083
45.31537519954257,54.9209435141776,54.756140800885184,30.31894750552908,55.11630915979724,63.11461610246063,72.3009002923382,80.22091952747981
593.4391394255026,514.8692128579262,739.1781231552862,530.4010876043125,428.6753205681037,323.0155020613189,210.82443576531085,345.39985831296764
-0.4265735279084275,1.5210646718761751,-1.0314200441121335,-0.486866611279352,-0.7747057818011764,3.3175331592254893,0.6277875028446431,-0.6626276069223525
-11.782695319027162,349.7508990721379,-298.7239694199167,714.0588354418169,1911.592840056473,-98.81249306485526,248.4165944463817,-128.31761580906343
0.0013357427857138,-0.0015360671241933,-1201.186312656333,21621.349336769043,19233.86294393523,16554.287931818435,-4595.605775814518,634.5073546715281
474.7784990515265,1378.2978759096763,625.697810398812,-27.704377306484275,-1045.5831928176476,-1213.345800290498,7152.728417155596,714.1295700516528
-191.49369744321632,142.17020081185106,-714.0424868375616,1098.8096981451515,-930.4320891434672,1739.937855688515,686.6995446334859,1174.454873896624
14.32321803420219,24.217708246884417,10.873170813962052,24.35901972067521,24.626616260314886,25.876360703996028,24.62976918585421,23.92646311742414
51.35824895047615,75.19217569615479,70.59636356177518,46.906467144364,93.595488200824,39.45312775983116,51.22921735408782,62.74342868675926
375.5966176395031,418.17298333780656,604.8462671362435,722.435668083637,449.4268220548492,727.0040366041113,525.5149350177597,284.3539146308374
1.4422458814027224,0.966561174942162,3.222595864878415,-0.915619247819086,1.214642105861098,2.482241403578074,-0.3724966935423823,3.086743803922708
3274.04492493653,384.1109026500486,764.6425138937545,779.9736619357095,1681.7584326640365,433.7577303275076,2352.3837843882625,57.997878340850775
-0.0006917081438937,0.0014222320882463,11441.104293864511,32834.14689393756,22253.625355676835,12442.750480350838,1772.360295472587,-20.976350432298325
660.2251962983909,699.5050583793969,11781.236693543284,-1633.9494546325072,2066.568140738512,982.9053922546376,2980.1860980813008,2291.173525380413
-122.46010071066212,-15.184387014005695,-818.6087144040188,404.6631505185825,2532.7778013570314,640.1956451984336,-1288.1031695591591,-403.4778296759915
20.04068176384156,29.731116680213333,31.74330064271589,30.083856429491973,28.595747231106184,32.98841877299053,31.987172948356623,20.0791943508036
31.15976138190707,73.40000281277148,50.31112890608033,55.94439415642609,35.866353642226215,39.62424916838804,44.14046836265618,39.49240559029055
372.39640176785366,317.8205436160593,392.8881106584611,547.5595969702931,808.6126878583884,590.6664158278705,250.23655864956493,420.802909744936
-0.828194742985829,-0.0291253693912076,-0.4091430113902312,0.6800615901540635,1.441080765781954,0.3662485323584625,-0.1164708814400414,-0.3227774077498964
315.98670512273696,377.8017568490844,1133.7758187286777,71.36248121513756,1175.0647616161882,734.6746852204669,726.3304260769514,1138.5676450691317
0.0009756144712137,0.0012936511619385,1131.0064159587423,-332.61410830457567,14804.805187265698,18451.03508122529,14098.647033189012,704.0898460686735
232.63152818430555,412.0148703879951,-978.5741296287108,1534.531224938753,9382.37172092256,1030.5779369691286,1402.6818758174115,10608.706534665347
-333.3684029564615,138.62252059744614,419.1058982081993,-2329.468835082404,364.7889179610901,2462.4031762177888,-247.5281308544712,664.5539611974261
32.191883090326144,17.6276422007544,21.685466220599057,28.759279871772065,28.16956693980359,23.01658375114689,29.27932652038245,26.867170407174083
45.31537519954257,54.9209435141776,54.756140800885184,30.31894750552908,55.11630915979724,63.11461610246063,72.3009002923382,80.22091952747981
593.4391394255026,514.8692128579262,739.1781231552862,530.4010876043125,428.6753205681037,323.0155020613189,210.82443576531085,345.39985831296764
-0.4265735279084275,1.5210646718761751,-1.0314200441121335,-0.486866611279352,-0.7747057818011764,3.3175331592254893,0.6277875028446431,-0.6626276069223525
-11.782695319027162,349.7508990721379,-298.7239694199167,714.0588354418169,1911.592840056473,-98.81249306485526,248.4165944463817,-128.31761580906343
0.0013357427857138,-0.0015360671241933,-1201.186312656333,21621.349336769043,19233.86294393523,16554.287931818435,-4595.605775814518,634.5073546715281
474.7784990515265,1378.2978759096763,625.697810398812,-27.704377306484275,-1045.5831928176476,-1213.345800290498,7152.728417155596,714.1295700516528
-191.49369744321632,142.17020081185106,-714.0424868375616,1098.8096981451515,-930.4320891434672,1739.937855688515,686.6995446334859,1174.454873896624
14.32321803420219,24.217708246884417,10.873170813962052,24.35901972067521,24.626616260314886,25.876360703996028,24.62976918585421,23.92646311742414
51.35824895047615,75.19217569615479,70.59636356177518,46.906467144364,93.595488200824,39.45312775983116,51.22921735408782,62.74342868675926
375.5966176395031,418.17298333780656,604.8462671362435,722.435668083637,449.4268220548492,727.0040366041113,525.5149350177597,284.3539146308374
1.4422458814027224,0.966561174942162,3.222595864878415,-0.915619247819086,1.214642105861098,2.482241403578074,-0.3724966935423823,3.086743803922708
3274.04492493653,384.1109026500486,764.6425138937545,779.9736619357095,1681.7584326640365,433.7577303275076,2352.3837843882625,57.997878340850775
-0.0006917081438937,0.0014222320882463,11441.104293864511,32834.14689393756,22253.625355676835,12442.750480350838,1772.360295472587,-20.976350432298325
660.2251962983909,699.5050583793969,11781.236693543284,-1633.9494546325072,2066.568140738512,982.9053922546376,2980.1860980813008,2291.173525380413
-122.46010071066212,-15.184387014005695,-818.6087144040188,404.6631505185825,2532.7778013570314,640.1956451984336,-1288.1031695591591,-403.4778296759915
20.04068176384156,29.731116680213333,31.74330064271589,30.083856429491973,28.595747231106184,32.98841877299053,31.987172948356623,20.0791943508036
31.15976138190707,73.40000281277148,50.31112890608033,55.94439415642609,35.866353642226215,39.62424916838804,44.14046836265618,39.49240559029055
372.39640176785366,317.8205436160593,392.8881106584611,547.5595969702931,808.6126878583884,590.6664158278705,250.23655864956493,420.802909744936
-0.828194742985829,-0.0291253693912076,-0.4091430113902312,0.6800615901540635,1.441080765781954,0.3662485323584625,-0.1164708814400414,-0.3227774077498964
315.98670512273696,377.8017568490844,1133.7758187286777,71.36248121513756,1175.0647616161882,734.6746852204669,726.3304260769514,1138.5676450691317
0.0009756144712137,0.0012936511619385,1131.0064159587423,-332.61410830457567,14804.805187265698,18451.03508122529,14098.647033189012,704.0898460686735
232.63152818430555,412.0148703879951,-978.5741296287108,1534.531224938753,9382.37172092256,1030.5779369691286,1402.6818758174115,10608.706534665347
-333.3684029564615,138.62252059744614,419.1058982081993,-2329.468835082404,364.7889179610901,2462.4031762177888,-247.5281308544712,664.5539611974261
32.191883090326144,17.6276422007544,21.685466220599057,28.759279871772065,28.16956693980359,23.01658375114689,29.27932652038245,26.867170407174083
45.31537519954257,54.9209435141776,54.756140800885184,30.31894750552908,55.11630915979724,63.11461610246063,72.3009002923382,80.22091952747981
593.4391394255026,514.8692128579262,739.1781231552862,530.4010876043125,428.6753205681037,323.0155020613189,210.82443576531085,345.39985831296764
-0.4265735279084275,1.5210646718761751,-1.0314200441121335,-0.486866611279352,-0.7747057818011764,3.3175331592254893,0.6277875028446431,-0.6626276069223525
-11.782695319027162,349.7508990721379,-298.7239694199167,714.0588354418169,1911.592840056473,-98.81249306485526,248.4165944463817,-128.31761580906343
0.0013357427857138,-0.0015360671241933,-1201.186312656333,21621.349336769043,19233.86294393523,16554.287931818435,-4595.605775814518,634.5073546715281
474.7784990515265,1378.2978759096763,625.697810398812,-27.704377306484275,-1045.5831928176476,-1213.345800290498,7152.728417155596,714.1295700516528
-191.49369744321632,142.17020081185106,-714.0424868375616,1098.8096981451515,-930.4320891434672,1739.937855688515,686.6995446334859,1174.454873896624
14.32321803420219,24.217708246884417,10.873170813962052,24.35901972067521,24.626616260314886,25.876360703996028,24.62976918585421,23.92646311742414
51.35824895047615,75.19217569615479,70.59636356177518,46.906467144364,93.595488200824,39.45312775983116,51.22921735408782,62.74342868675926
375.5966176395031,418.17298333780656,604.8462671362435,722.435668083637,449.4268220548492,727.0040366041113,525.5149350177597,284.3539146308374
1.4422458814027224,0.966561174942162,3.222595864878415,-0.915619247819086,1.214642105861098,2.482241403578074,-0.3724966935423823,3.086743803922708
3274.04492493653,384.1109026500486,764.6425138937545,779.9736619357095,1681.7584326640365,433.7577303275076,2352.3837843882625,57.997878340850775
-0.0006917081438937,0.0014222320882463,11441.104293864511,32834.14689393756,22253.625355676835,12442.750480350838,1772.360295472587,-20.976350432298325
660.2251962983909,699.5050583793969,11781.236693543284,-1633.9494546325072,2066.568140738512,982.9053922546376,2980.1860980813008,2291.173525380413
-122.46010071066212,-15.184387014005695,-818.6087144040188,404.6631505185825,2532.7778013570314,640.1956451984336,-1288.1031695591591,-403.4778296759915
20.04068176384156,29.731116680213333,31.74330064271589,30.083856429491973,28.595747231106184,32.98841877299053,31.987172948356623,20.0791943508036
31.15976138190707,73.40000281277148,50.31112890608033,55.94439415642609,35.866353642226215,39.62424916838804,44.14046836265618,39.49240559029055
372.39640176785366,317.8205436160593,392.8881106584611,547.5595969702931,808.6126878583884,590.6664158278705,250.23655864956493,420.802909744936
-0.828194742985829,-0.0291253693912076,-0.4091430113902312,0.6800615901540635,1.441080765781954,0.3662485323584625,-0.1164708814400414,-0.3227774077498964
315.98670512273696,377.8017568490844,1133.7758187286777,71.36248121513756,1175.0647616161882,734.6746852204669,726.3304260769514,1138.5676450691317
0.0009756144712137,0.0012936511619385,1131.0064159587423,-332.61410830457567,14804.805187265698,18451.03508122529,14098.647033189012,704.0898460686735
232.63152818430555,412.0148703879951,-978.5741296287108,1534.531224938753,9382.37172092256,1030.5779369691286,1402.6818758174115,10608.706534665347
-333.3684029564615,138.62252059744614,419.1058982081993,-2329.468835082404,364.7889179610901,2462.4031762177888,-247.5281308544712,664.5539611974261
32.191883090326144,17.6276422007544,21.685466220599057,28.759279871772065,28.16956693980359,23.01658375114689,29.27932652038245,26.867170407174083
45.31537519954257,54.9209435141776,54.756140800885184,30.31894750552908,55.11630915979724,63.11461610246063,72.3009002923382,80.22091952747981
593.4391394255026,514.8692128579262,739.1781231552862,530.4010876043125,428.6753205681037,323.0155020613189,210.82443576531085,345.39985831296764
-0.4265735279084275,1.5210646718761751,-1.0314200441121335,-0.486866611279352,-0.7747057818011764,3.3175331592254893,0.6277875028446431,-0.6626276069223525
-11.782695319027162,349.7508990721379,-298.7239694199167,714.0588354418169,1911.592840056473,-98.81249306485526,248.4165944463817,-128.31761580906343
0.0013357427857138,-0.0015360671241933,-1201.186312656333,21621.349336769043,19233.86294393523,16554.287931818435,-4595.605775814518,634.5073546715281
474.7784990515265,1378.2978759096763,625.697810398812,-27.704377306484275,-1045.5831928176476,-1213.345800290498,7152.728417155596,714.1295700516528
-191.49369744321632,142.17020081185106,-714.0424868375616,1098.8096981451515,-930.4320891434672,1739.937855688515,686.6995446334859,1174.454873896624
14.32321803420219,24.217708246884417,10.873170813962052,24.35901972067521,24.626616260314886,25.876360703996028,24.62976918585421,23.92646311742414
51.35824895047615,75.19217569615479,70.59636356177518,46.906467144364,93.595488200824,39.45312775983116,51.22921735408782,62.74342868675926
375.5966176395031,418.17298333780656,604.8462671362435,722.435668083637,449.4268220548492,727.0040366041113,525.5149350177597,284.3539146308374
1.4422458814027224,0.966561174942162,3.222595864878415,-0.915619247819086,1.214642105861098,2.482241403578074,-0.3724966935423823,3.086743803922708
3274.04492493653,384.1109026500486,764.6425138937545,779.9736619357095,1681.7584326640365,433.7577303275076,2352.3837843882625,57.997878340850775
-0.0006917081438937,0.0014222320882463,11441.104293864511,32834.14689393756,22253.625355676835,12442.750480350838,1772.360295472587,-20.976350432298325
660.2251962983909,699.5050583793969,11781.236693543284,-1633.9494546325072,2066.568140738512,982.9053922546376,2980.1860980813008,2291.173525380413
-122.46010071066212,-15.184387014005695,-818.6087144040188,404.6631505185825,2532.7778013570314,640.1956451984336,-1288.1031695591591,-403.4778296759915
20.04068176384156,29.731116680213333,31.74330064271589,30.083856429491973,28.595747231106184,32.98841877299053,31.987172948356623,20.0791943508036
31.15976138190707,73.40000281277148,50.31112890608033,55.94439415642609,35.866353642226215,39.62424916838804,44.14046836265618,39.49240559029055
372.39640176785366,317.8205436160593,392.8881106584611,547.5595969702931,808.6126878583884,590.6664158278705,250.23655864956493,420.802909744936
-0.828194742985829,-0.0291253693912076,-0.4091430113902312,0.6800615901540635,1.441080765781954,0.3662485323584625,-0.1164708814400414,-0.3227774077498964
315.98670512273696,377.8017568490844,1133.7758187286777,71.36248121513756,1175.0647616161882,734.6746852204669,726.3304260769514,1138.5676450691317
0.0009756144712137,0.0012936511619385,1131.0064159587423,-332.61410830457567,14804.805187265698,18451.03508122529,14098.647033189012,704.0898460686735
232.63152818430555,412.0148703879951,-978.5741296287108,1534.531224938753,9382.37172092256,1030.5779369691286,1402.6818758174115,10608.706534665347
-333.3684029564615,138.62252059744614,419.1058982081993,-2329.468835082404,364.7889179610901,2462.4031762177888,-247.5281308544712,664.5539611974261
32.191883090326144,17.6276422007544,21.685466220599057,28.759279871772065,28.16956693980359,23.01658375114689,29.27932652038245,26.867170407174083
45.31537519954257,54.9209435141776,54.756140800885184,30.31894750552908,55.11630915979724,63.11461610246063,72.3009002923382,80.22091952747981
593.4391394255026,514.8692128579262,739.1781231552862,530.4010876043125,428.6753205681037,323.0155020613189,210.82443576531085,345.39985831296764
-0.4265735279084275,1.5210646718761751,-1.0314200441121335,-0.486866611279352,-0.7747057818011764,3.3175331592254893,0.6277875028446431,-0.6626276069223525
-11.782695319027162,349.7508990721379,-298.7239694199167,714.0588354418169,1911.592840056473,-98.81249306485526,248.4165944463817,-128.31761580906343
0.0013357427857138,-0.0015360671241933,-1201.186312656333,21621.349336769043,19233.86294393523,16554.287931818435,-4595.605775814518,634.5073546715281
474.7784990515265,1378.2978759096763,625.697810398812,-27.704377306484275,-1045.5831928176476,-1213.345800290498,7152.728417155596,714.1295700516528
-191.49369744321632,142.17020081185106,-714.0424868375616,1098.8096981451515,-930.4320891434672,1739.937855688515,686.6995446334859,1174.454873896624
14.32321803420219,24.217708246884417,10.873170813962052,24.35901972067521,24.626616260314886,25.876360703996028,24.62976918585421,23.92646311742414
51.35824895047615,75.19217569615479,70.59636356177518,46.906467144364,93.595488200824,39.45312775983116,51.22921735408782,62.74342868675926
375.5966176395031,418.17298333780656,604.8462671362435,722.435668083637,449.4268220548492,727.0040366041113,525.5149350177597,284.3539146308374
1.4422458814027224,0.966561174942162,3.222595864878415,-0.915619247819086,1.214642105861098,2.482241403578074,-0.3724966935423823,3.086743803922708
3274.04492493653,384.1109026500486,764.6425138937545,779.9736619357095,1681.7584326640365,433.7577303275076,2352.3837843882625,57.997878340850775
-0.0006917081438937,0.0014222320882463,11441.104293864511,32834.14689393756,22253.625355676835,12442.750480350838,1772.360295472587,-20.976350432298325
660.2251962983909,699.5050583793969,11781.236693543284,-1633.9494546325072,2066.568140738512,982.9053922546376,2980.1860980813008,2291.173525380413
-122.46010071066212,-15.184387014005695,-818.6087144040188,404.6631505185825,2532.7778013570314,640.1956451984336,-1288.1031695591591,-403.4778296759915
20.04068176384156,29.731116680213333,31.74330064271589,30.083856429491973,28.595747231106184,32.98841877299053,31.987172948356623,20.0791943508036
31.15976138190707,73.40000281277148,50.31112890608033,55.94439415642609,35.866353642226215,39.62424916838804,44.14046836265618,39.49240559029055
372.39640176785366,317.8205436160593,392.8881106584611,547.5595969702931,808.6126878583884,590.6664158278705,250.23655864956493,420.802909744936
-0.828194742985829,-0.0291253693912076,-0.4091430113902312,0.6800615901540635,1.441080765781954,0.3662485323584625,-0.1164708814400414,-0.3227774077498964
315.98670512273696,377.8017568490844,1133.7758187286777,71.36248121513756,1175.0647616161882,734.6746852204669,726.3304260769514,1138.5676450691317
0.0009756144712137,0.0012936511619385,1131.0064159587423,-332.61410830457567,14804.805187265698,18451.03508122529,14098.647033189012,704.0898460686735
232.63152818430555,412.0148703879951,-978.5741296287108,1534.531224938753,9382.37172092256,1030.5779369691286,1402.6818758174115,10608.706534665347
-333.3684029564615,138.62252059744614,419.1058982081993,-2329.468835082404,364.7889179610901,2462.4031762177888,-247.5281308544712,664.5539611974261
32.191883090326144,17.6276422007544,21.685466220599057,28.759279871772065,28.16956693980359,23.01658375114689,29.27932652038245,26.867170407174083
45.31537519954257,54.9209435141776,54.756140800885184,30.31894750552908,55.11630915979724,63.11461610246063,72.3009002923382,80.22091952747981
593.4391394255026,514.8692128579262,739.1781231552862,530.4010876043125,428.6753205681037,323.0155020613189,210.82443576531085,345.39985831296764
-0.4265735279084275,1.5210646718761751,-1.0314200441121335,-0.486866611279352,-0.7747057818011764,3.3175331592254893,0.6277875028446431,-0.6626276069223525
-11.782695319027162,349.7508990721379,-298.7239694199167,714.0588354418169,1911.592840056473,-98.81249306485526,248.4165944463817,-128.31761580906343
0.0013357427857138,-0.0015360671241933,-1201.186312656333,21621.349336769043,19233.86294393523,16554.287931818435,-4595.605775814518,634.5073546715281
474.7784990515265,1378.2978759096763,625.697810398812,-27.704377306484275,-1045.5831928176476,-1213.345800290498,7152.728417155596,714.1295700516528
-191.49369744321632,142.17020081185106,-714.0424868375616,1098.8096981451515,-930.4320891434672,1739.937855688515,686.6995446334859,1174.454873896624
14.32321803420219,24.217708246884417,10.873170813962052,24.35901972067521,24.626616260314886,25.876360703996028,24.62976918585421,23.92646311742414
51.35824895047615,75.19217569615479,70.59636356177518,46.906467144364,93.595488200824,39.45312775983116,51.22921735408782,62.74342868675926
375.5966176395031,418.17298333780656,604.8462671362435,722.435668083637,449.4268220548492,727.0040366041113,525.5149350177597,284.3539146308374
1.4422458814027224,0.966561174942162,3.222595864878415,-0.915619247819086,1.214642105861098,2.482241403578074,-0.3724966935423823,3.086743803922708
3274.04492493653,384.1109026500486,764.6425138937545,779.9736619357095,1681.7584326640365,433.7577303275076,2352.3837843882625,57.997878340850775
-0.0006917081438937,0.0014222320882463,11441.104293864511,32834.14689393756,22253.625355676835,12442.750480350838,1772.360295472587,-20.976350432298325
660.2251962983909,699.5050583793969,11781.236693543284,-1633.9494546325072,2066.568140738512,982.9053922546376,2980.1860980813008,2291.173525380413
-122.46010071066212,-15.184387014005695,-818.6087144040188,404.6631505185825,2532.7778013570314,640.1956451984336,-1288.1031695591591,-403.4778296759915
20.04068176384156,29.731116680213333,31.74330064271589,30.083856429491973,28.595747231106184,32.98841877299053,31.987172948356623,20.0791943508036
31.15976138190707,73.40000281277148,50.31112890608033,55.94439415642609,35.866353642226215,39.62424916838804,44.14046836265618,39.49240559029055
372.39640176785366,317.8205436160593,392.8881106584611,547.5595969702931,808.6126878583884,590.6664158278705,250.23655864956493,420.802909744936
-0.828194742985829,-0.0291253693912076,-0.4091430113902312,0.6800615901540635,1.441080765781954,0.3662485323584625,-0.1164708814400414,-0.3227774077498964
315.98670512273696,377.8017568490844,1133.7758187286777,71.36248121513756,1175.0647616161882,734.6746852204669,726.3304260769514,1138.5676450691317
0.0009756144712137,0.0012936511619385,1131.0064159587423,-332.61410830457567,14804.805187265698,18451.03508122529,14098.647033189012,704.0898460686735
232.63152818430555,412.0148703879951,-978.5741296287108,1534.531224938753,9382.37172092256,1030.5779369691286,1402.6818758174115,10608.706534665347
-333.3684029564615,138.62252059744614,419.1058982081993,-2329.468835082404,364.7889179610901,2462.4031762177888,-247.5281308544712,664.5539611974261
32.191883090326144,17.6276422007544,21.685466220599057,28.759279871772065,28.16956693980359,23.01658375114689,29.27932652038245,26.867170407174083
45.31537519954257,54.9209435141776,54.756140800885184,30.31894750552908,55.11630915979724,63.11461610246063,72.3009002923382,80.22091952747981
593.4391394255026,514.8692128579262,739.1781231552862,530.4010876043125,428.6753205681037,323.0155020613189,210.82443576531085,345.39985831296764
-0.4265735279084275,1.5210646718761751,-1.0314200441121335,-0.486866611279352,-0.7747057818011764,3.3175331592254893,0.6277875028446431,-0.6626276069223525
-11.782695319027162,349.7508990721379,-298.7239694199167,714.0588354418169,1911.592840056473,-98.81249306485526,248.4165944463817,-128.31761580906343
0.0013357427857138,-0.0015360671241933,-1201.186312656333,21621.349336769043,19233.86294393523,16554.287931818435,-4595.605775814518,634.5073546715281
474.7784990515265,1378.2978759096763,625.697810398812,-27.704377306484275,-1045.5831928176476,-1213.345800290498,7152.728417155596,714.1295700516528
-191.49369744321632,142.17020081185106,-714.0424868375616,1098.8096981451515,-930.4320891434672,1739.937855688515,686.6995446334859,1174.454873896624
14.32321803420219,24.217708246884417,10.873170813962052,24.35901972067521,24.626616260314886,25.876360703996028,24.62976918585421,23.92646311742414
51.35824895047615,75.19217569615479,70.59636356177518,46.906467144364,93.595488200824,39.45312775983116,51.22921735408782,62.74342868675926
375.5966176395031,418.17298333780656,604.8462671362435,722.435668083637,449.4268220548492,727.0040366041113,525.5149350177597,284.3539146308374
1.4422458814027224,0.966561174942162,3.222595864878415,-0.915619247819086,1.214642105861098,2.482241403578074,-0.3724966935423823,3.086743803922708
3274.04492493653,384.1109026500486,764.6425138937545,779.9736619357095,1681.7584326640365,433.7577303275076,2352.3837843882625,57.997878340850775
-0.0006917081438937,0.0014222320882463,11441.104293864511,32834.14689393756,22253.625355676835,12442.750480350838,1772.360295472587,-20.976350432298325
660.2251962983909,699.5050583793969,11781.236693543284,-1633.9494546325072,2066.568140738512,982.9053922546376,2980.1860980813008,2291.173525380413
-122.46010071066212,-15.184387014005695,-818.6087144040188,404.6631505185825,2532.7778013570314,640.1956451984336,-1288.1031695591591,-403.4778296759915
20.04068176384156,29.731116680213333,31.74330064271589,30.083856429491973,28.595747231106184,32.98841877299053,31.987172948356623,20.0791943508036
31.15976138190707,73.40000281277148,50.31112890608033,55.94439415642609,35.866353642226215,39.62424916838804,44.14046836265618,39.49240559029055
372.39640176785366,317.8205436160593,392.8881106584611,547.5595969702931,808.6126878583884,590.6664158278705,250.23655864956493,420.802909744936
-0.828194742985829,-0.0291253693912076,-0.4091430113902312,0.6800615901540635,1.441080765781954,0.3662485323584625,-0.1164708814400414,-0.3227774077498964
315.98670512273696,377.8017568490844,1133.7758187286777,71.36248121513756,1175.0647616161882,734.6746852204669,726.3304260769514,1138.5676450691317
0.0009756144712137,0.0012936511619385,1131.0064159587423,-332.61410830457567,14804.805187265698,18451.03508122529,14098.647033189012,704.0898460686735
232.63152818430555,412.0148703879951,-978.5741296287108,1534.531224938753,9382.37172092256,1030.5779369691286,1402.6818758174115,10608.706534665347
-333.3684029564615,138.62252059744614,419.1058982081993,-2329.468835082404,364.7889179610901,2462.4031762177888,-247.5281308544712,664.5539611974261
32.191883090326144,17.6276422007544,21.685466220599057,28.759279871772065,28.16956693980359,23.01658375114689,29.27932652038245,26.867170407174083
45.31537519954257,54.9209435141776,54.756140800885184,30.31894750552908,55.11630915979724,63.11461610246063,72.3009002923382,80.22091952747981
593.4391394255026,514.8692128579262,739.1781231552862,530.4010876043125,428.6753205681037,323.0155020613189,210.82443576531085,345.39985831296764
-0.4265735279084275,1.5210646718761751,-1.0314200441121335,-0.486866611279352,-0.7747057818011764,3.3175331592254893,0.6277875028446431,-0.6626276069223525
-11.782695319027162,349.7508990721379,-298.7239694199167,714.0588354418169,1911.592840056473,-98.81249306485526,248.4165944463817,-128.31761580906343
0.0013357427857138,-0.0015360671241933,-1201.186312656333,21621.349336769043,19233.86294393523,16554.287931818435,-4595.605775814518,634.5073546715281
474.7784990515265,1378.2978759096763,625.697810398812,-27.704377306484275,-1045.5831928176476,-1213.345800290498,7152.728417155596,714.1295700516528
-191.49369744321632,142.17020081185106,-714.0424868375616,1098.8096981451515,-930.4320891434672,1739.937855688515,686.6995446334859,1174.454873896624
14.32321803420219,24.217708246884417,10.873170813962052,24.35901972067521,24.626616260314886,25.876360703996028,24.62976918585421,23.92646311742414
51.35824895047615,75.19217569615479,70.59636356177518,46.906467144364,93.595488200824,39.45312775983116,51.22921735408782,62.74342868675926
375.5966176395031,418.17298333780656,604.8462671362435,722.435668083637,449.4268220548492,727.0040366041113,525.5149350177597,284.3539146308374
1.4422458814027224,0.966561174942162,3.222595864878415,-0.915619247819086,1.214642105861098,2.482241403578074,-0.3724966935423823,3.086743803922708
3274.04492493653,384.1109026500486,764.6425138937545,779.9736619357095,1681.7584326640365,433.7577303275076,2352.3837843882625,57.997878340850775
-0.0006917081438937,0.0014222320882463,11441.104293864511,32834.14689393756,22253.625355676835,12442.750480350838,1772.360295472587,-20.976350432298325
660.2251962983909,699.5050583793969,11781.236693543284,-1633.9494546325072,2066.568140738512,982.9053922546376,2980.1860980813008,2291.173525380413
-122.46010071066212,-15.184387014005695,-818.6087144040188,404.6631505185825,2532.7778013570314,640.1956451984336,-1288.1031695591591,-403.4778296759915
20.04068176384156,29.731116680213333,31.74330064271589,30.083856429491973,28.595747231106184,32.98841877299053,31.987172948356623,20.0791943508036
31.15976138190707,73.40000281277148,50.31112890608033,55.94439415642609,35.866353642226215,39.62424916838804,44.14046836265618,39.49240559029055
372.39640176785366,317.8205436160593,392.8881106584611,547.5595969702931,808.6126878583884,590.6664158278705,250.23655864956493,420.802909744936
-0.828194742985829,-0.0291253693912076,-0.4091430113902312,0.6800615901540635,1.441080765781954,0.3662485323584625,-0.1164708814400414,-0.3227774077498964
315.98670512273696,377.8017568490844,1133.7758187286777,71.36248121513756,1175.0647616161882,734.6746852204669,726.3304260769514,1138.5676450691317
0.0009756144712137,0.0012936511619385,1131.0064159587423,-332.61410830457567,14804.805187265698,18451.03508122529,14098.647033189012,704.0898460686735
232.63152818430555,412.0148703879951,-978.5741296287108,1534.531224938753,9382.37172092256,1030.5779369691286,1402.6818758174115,10608.706534665347
-333.3684029564615,138.62252059744614,419.1058982081993,-2329.468835082404,364.7889179610901,2462.4031762177888,-247.5281308544712,664.5539611974261
32.191883090326144,17.6276422007544,21.685466220599057,28.759279871772065,28.16956693980359,23.01658375114689,29.27932652038245,26.867170407174083
45.31537519954257,54.9209435141776,54.756140800885184,30.31894750552908,55.11630915979724,63.11461610246063,72.3009002923382,80.22091952747981
593.4391394255026,514.8692128579262,739.1781231552862,530.4010876043125,428.6753205681037,323.0155020613189,210.82443576531085,345.39985831296764
-0.4265735279084275,1.5210646718761751,-1.0314200441121335,-0.486866611279352,-0.7747057818011764,3.3175331592254893,0.6277875028446431,-0.6626276069223525
-11.782695319027162,349.7508990721379,-298.7239694199167,714.0588354418169,1911.592840056473,-98.81249306485526,248.4165944463817,-128.31761580906343
0.0013357427857138,-0.0015360671241933,-1201.186312656333,21621.349336769043,19233.86294393523,16554.287931818435,-4595.605775814518,634.5073546715281
474.7784990515265,1378.2978759096763,625.697810398812,-27.704377306484275,-1045.5831928176476,-1213.345800290498,7152.728417155596,714.1295700516528
-191.49369744321632,142.17020081185106,-714.0424868375616,1098.8096981451515,-930.4320891434672,1739.937855688515,686.6995446334859,1174.454873896624
14.32321803420219,24.217708246884417,10.873170813962052,24.35901972067521,24.626616260314886,25.876360703996028,24.62976918585421,23.92646311742414
51.35824895047615,75.19217569615479,70.59636356177518,46.906467144364,93.595488200824,39.45312775983116,51.22921735408782,62.74342868675926
375.5966176395031,418.17298333780656,604.8462671362435,722.435668083637,449.4268220548492,727.0040366041113,525.5149350177597,284.3539146308374
1.4422458814027224,0.966561174942162,3.222595864878415,-0.915619247819086,1.214642105861098,2.482241403578074,-0.3724966935423823,3.086743803922708
3274.04492493653,384.1109026500486,764.6425138937545,779.9736619357095,1681.7584326640365,433.7577303275076,2352.3837843882625,57.997878340850775
-0.0006917081438937,0.0014222320882463,11441.104293864511,32834.14689393756,22253.625355676835,12442.750480350838,1772.360295472587,-20.976350432298325
660.2251962983909,699.5050583793969,11781.236693543284,-1633.9494546325072,2066.568140738512,982.9053922546376,2980.1860980813008,2291.173525380413
-122.46010071066212,-15.184387014005695,-818.6087144040188,404.6631505185825,2532.7778013570314,640.1956451984336,-1288.1031695591591,-403.4778296759915
20.04068176384156,29.731116680213333,31.74330064271589,30.083856429491973,28.595747231106184,32.98841877299053,31.987172948356623,20.0791943508036
31.15976138190707,73.40000281277148,50.31112890608033,55.94439415642609,35.866353642226215,39.62424916838804,44.14046836265618,39.49240559029055
372.39640176785366,317.8205436160593,392.8881106584611,547.5595969702931,808.6126878583884,590.6664158278705,250.23655864956493,420.802909744936
-0.828194742985829,-0.0291253693912076,-0.4091430113902312,0.6800615901540635,1.441080765781954,0.3662485323584625,-0.1164708814400414,-0.3227774077498964
315.98670512273696,377.8017568490844,1133.7758187286777,71.36248121513756,1175.0647616161882,734.6746852204669,726.3304260769514,1138.5676450691317
0.0009756144712137,0.0012936511619385,1131.0064159587423,-332.61410830457567,14804.805187265698,18451.03508122529,14098.647033189012,704.0898460686735
232.63152818430555,412.0148703879951,-978.5741296287108,1534.531224938753,9382.37172092256,1030.5779369691286,1402.6818758174115,10608.706534665347
-333.3684029564615,138.62252059744614,419.1058982081993,-2329.468835082404,364.7889179610901,2462.4031762177888,-247.5281308544712,664.5539611974261
32.191883090326144,17.6276422007544,21.685466220599057,28.759279871772065,28.16956693980359,23.01658375114689,29.27932652038245,26.867170407174083
45.31537519954257,54.9209435141776,54.756140800885184,30.31894750552908,55.11630915979724,63.11461610246063,72.3009002923382,80.22091952747981
593.4391394255026,514.8692128579262,739.1781231552862,530.4010876043125,428.6753205681037,323.0155020613189,210.82443576531085,345.39985831296764
-0.4265735279084275,1.5210646718761751,-1.0314200441121335,-0.486866611279352,-0.7747057818011764,3.3175331592254893,0.6277875028446431,-0.6626276069223525
-11.782695319027162,349.7508990721379,-298.7239694199167,714.0588354418169,1911.592840056473,-98.81249306485526,248.4165944463817,-128.31761580906343
0.0013357427857138,-0.0015360671241933,-1201.186312656333,21621.349336769043,19233.86294393523,16554.287931818435,-4595.605775814518,634.5073546715281
474.7784990515265,1378.2978759096763,625.697810398812,-27.704377306484275,-1045.5831928176476,-1213.345800290498,7152.728417155596,714.1295700516528
-191.49369744321632,142.17020081185106,-714.0424868375616,1098.8096981451515,-930.4320891434672,1739.937855688515,686.6995446334859,1174.454873896624
14.32321803420219,24.217708246884417,10.873170813962052,24.35901972067521,24.626616260314886,25.876360703996028,24.62976918585421,23.92646311742414
51.35824895047615,75.19217569615479,70.59636356177518,46.906467144364,93.595488200824,39.45312775983116,51.22921735408782,62.74342868675926
375.5966176395031,418.17298333780656,604.8462671362435,722.435668083637,449.4268220548492,727.0040366041113,525.5149350177597,284.3539146308374
1.4422458814027224,0.966561174942162,3.222595864878415,-0.915619247819086,1.214642105861098,2.482241403578074,-0.3724966935423823,3.086743803922708
3274.04492493653,384.1109026500486,764.6425138937545,779.9736619357095,1681.7584326640365,433.7577303275076,2352.3837843882625,57.997878340850775
-0.0006917081438937,0.0014222320882463,11441.104293864511,32834.14689393756,22253.625355676835,12442.750480350838,1772.360295472587,-20.976350432298325
660.2251962983909,699.5050583793969,11781.236693543284,-1633.9494546325072,2066.568140738512,982.9053922546376,2980.1860980813008,2291.173525380413
-122.46010071066212,-15.184387014005695,-818.6087144040188,404.6631505185825,2532.7778013570314,640.1956451984336,-1288.1031695591591,-403.4778296759915
20.04068176384156,29.731116680213333,31.74330064271589,30.083856429491973,28.595747231106184,32.98841877299053,31.987172948356623,20.0791943508036
31.15976138190707,73.40000281277148,50.31112890608033,55.94439415642609,35.866353642226215,39.62424916838804,44.14046836265618,39.49240559029055
372.39640176785366,317.8205436160593,392.8881106584611,547.5595969702931,808.6126878583884,590.6664158278705,250.23655864956493,420.802909744936
-0.828194742985829,-0.0291253693912076,-0.4091430113902312,0.6800615901540635,1.441080765781954,0.3662485323584625,-0.1164708814400414,-0.3227774077498964
315.98670512273696,377.8017568490844,1133.7758187286777,71.36248121513756,1175.0647616161882,734.6746852204669,726.3304260769514,1138.5676450691317
0.0009756144712137,0.0012936511619385,1131.0064159587423,-332.61410830457567,14804.805187265698,18451.03508122529,14098.647033189012,704.0898460686735
232.63152818430555,412.0148703879951,-978.5741296287108,1534.531224938753,9382.37172092256,1030.5779369691286,1402.6818758174115,10608.706534665347
-333.3684029564615,138.62252059744614,419.1058982081993,-2329.468835082404,364.7889179610901,2462.4031762177888,-247.5281308544712,664.5539611974261
32.191883090326144,17.6276422007544,21.685466220599057,28.759279871772065,28.16956693980359,23.01658375114689,29.27932652038245,26.867170407174083
45.31537519954257,54.9209435141776,54.756140800885184,30.31894750552908,55.11630915979724,63.11461610246063,72.3009002923382,80.22091952747981
593.4391394255026,514.8692128579262,739.1781231552862,530.4010876043125,428.6753205681037,323.0155020613189,210.82443576531085,345.39985831296764
-0.4265735279084275,1.5210646718761751,-1.0314200441121335,-0.486866611279352,-0.7747057818011764,3.3175331592254893,0.6277875028446431,-0.6626276069223525
-11.782695319027162,349.7508990721379,-298.7239694199167,714.0588354418169,1911.592840056473,-98.81249306485526,248.4165944463817,-128.31761580906343
0.0013357427857138,-0.0015360671241933,-1201.186312656333,21621.349336769043,19233.86294393523,16554.287931818435,-4595.605775814518,634.5073546715281
474.7784990515265,1378.2978759096763,625.697810398812,-27.704377306484275,-1045.5831928176476,-1213.345800290498,7152.728417155596,714.1295700516528
-191.49369744321632,142.17020081185106,-714.0424868375616,1098.8096981451515,-930.4320891434672,1739.937855688515,686.6995446334859,1174.454873896624
14.32321803420219,24.217708246884417,10.873170813962052,24.35901972067521,24.626616260314886,25.876360703996028,24.62976918585421,23.92646311742414
51.35824895047615,75.19217569615479,70.59636356177518,46.906467144364,93.595488200824,39.45312775983116,51.22921735408782,62.74342868675926
375.5966176395031,418.17298333780656,604.8462671362435,722.435668083637,449.4268220548492,727.0040366041113,525.5149350177597,284.3539146308374
1.4422458814027224,0.966561174942162,3.222595864878415,-0.915619247819086,1.214642105861098,2.482241403578074,-0.3724966935423823,3.086743803922708
3274.04492493653,384.1109026500486,764.6425138937545,779.9736619357095,1681.7584326640365,433.7577303275076,2352.3837843882625,57.997878340850775
-0.0006917081438937,0.0014222320882463,11441.104293864511,32834.14689393756,22253.625355676835,12442.750480350838,1772.360295472587,-20.976350432298325
660.2251962983909,699.5050583793969,11781.236693543284,-1633.9494546325072,2066.568140738512,982.9053922546376,2980.1860980813008,2291.173525380413
-122.46010071066212,-15.184387014005695,-818.6087144040188,404.6631505185825,2532.7778013570314,640.1956451984336,-1288.1031695591591,-403.4778296759915
20.04068176384156,29.731116680213333,31.74330064271589,30.083856429491973,28.595747231106184,32.98841877299053,31.987172948356623,20.0791943508036
31.15976138190707,73.40000281277148,50.31112890608033,55.94439415642609,35.866353642226215,39.62424916838804,44.14046836265618,39.49240559029055
372.39640176785366,317.8205436160593,392.8881106584611,547.5595969702931,808.6126878583884,590.6664158278705,250.23655864956493,420.802909744936
-0.828194742985829,-0.0291253693912076,-0.4091430113902312,0.6800615901540635,1.441080765781954,0.3662485323584625,-0.1164708814400414,-0.3227774077498964
315.98670512273696,377.8017568490844,1133.7758187286777,71.36248121513756,1175.0647616161882,734.6746852204669,726.3304260769514,1138.5676450691317
0.0009756144712137,0.0012936511619385,1131.0064159587423,-332.61410830457567,14804.805187265698,18451.03508122529,14098.647033189012,704.0898460686735
232.63152818430555,412.0148703879951,-978.5741296287108,1534.531224938753,9382.37172092256,1030.5779369691286,1402.6818758174115,10608.706534665347
-333.3684029564615,138.62252059744614,419.1058982081993,-2329.468835082404,364.7889179610901,2462.4031762177888,-247.5281308544712,664.5539611974261
32.191883090326144,17.6276422007544,21.685466220599057,28.759279871772065,28.16956693980359,23.01658375114689,29.27932652038245,26.867170407174083
45.31537519954257,54.9209435141776,54.756140800885184,30.31894750552908,55.11630915979724,63.11461610246063,72.3009002923382,80.22091952747981
593.4391394255026,514.8692128579262,739.1781231552862,530.4010876043125,428.6753205681037,323.0155020613189,210.82443576531085,345.39985831296764
-0.4265735279084275,1.5210646718761751,-1.0314200441121335,-0.486866611279352,-0.7747057818011764,3.3175331592254893,0.6277875028446431,-0.6626276069223525
-11.782695319027162,349.7508990721379,-298.7239694199167,714.0588354418169,1911.592840056473,-98.81249306485526,248.4165944463817,-128.31761580906343
0.0013357427857138,-0.0015360671241933,-1201.186312656333,21621.349336769043,19233.86294393523,16554.287931818435,-4595.605775814518,634.5073546715281
474.7784990515265,1378.2978759096763,625.697810398812,-27.704377306484275,-1045.5831928176476,-1213.345800290498,7152.728417155596,714.1295700516528
-191.49369744321632,142.17020081185106,-714.0424868375616,1098.8096981451515,-930.4320891434672,1739.937855688515,686.6995446334859,1174.454873896624
14.32321803420219,24.217708246884417,10.873170813962052,24.35901972067521,24.626616260314886,25.876360703996028,24.62976918585421,23.92646311742414
51.35824895047615,75.19217569615479,70.59636356177518,46.906467144364,93.595488200824,39.45312775983116,51.22921735408782,62.74342868675926
375.5966176395031,418.17298333780656,604.8462671362435,722.435668083637,449.4268220548492,727.0040366041113,525.5149350177597,284.3539146308374
1.4422458814027224,0.966561174942162,3.222595864878415,-0.915619247819086,1.214642105861098,2.482241403578074,-0.3724966935423823,3.086743803922708
3274.04492493653,384.1109026500486,764.6425138937545,779.9736619357095,1681.7584326640365,433.7577303275076,2352.3837843882625,57.997878340850775
-0.0006917081438937,0.0014222320882463,11441.104293864511,32834.14689393756,22253.625355676835,12442.750480350838,1772.360295472587,-20.976350432298325
660.2251962983909,699.5050583793969,11781.236693543284,-1633.9494546325072,2066.568140738512,982.9053922546376,2980.1860980813008,2291.173525380413
-122.46010071066212,-15.184387014005695,-818.6087144040188,404.6631505185825,2532.7778013570314,640.1956451984336,-1288.1031695591591,-403.4778296759915
20.04068176384156,29.731116680213333,31.74330064271589,30.083856429491973,28.595747231106184,32.98841877299053,31.987172948356623,20.0791943508036
31.15976138190707,73.40000281277148,50.31112890608033,55.94439415642609,35.866353642226215,39.62424916838804,44.14046836265618,39.49240559029055
372.39640176785366,317.8205436160593,392.8881106584611,547.5595969702931,808.6126878583884,590.6664158278705,250.23655864956493,420.802909744936
-0.828194742985829,-0.0291253693912076,-0.4091430113902312,0.6800615901540635,1.441080765781954,0.3662485323584625,-0.1164708814400414,-0.3227774077498964
315.98670512273696,377.8017568490844,1133.7758187286777,71.36248121513756,1175.0647616161882,734.6746852204669,726.3304260769514,1138.5676450691317
0.0009756144712137,0.0012936511619385,1131.0064159587423,-332.61410830457567,14804.805187265698,18451.03508122529,14098.647033189012,704.0898460686735
232.63152818430555,412.0148703879951,-978.5741296287108,1534.531224938753,9382.37172092256,1030.5779369691286,1402.6818758174115,10608.706534665347
-333.3684029564615,138.62252059744614,419.1058982081993,-2329.468835082404,364.7889179610901,2462.4031762177888,-247.5281308544712,664.5539611974261
32.191883090326144,17.6276422007544,21.685466220599057,28.759279871772065,28.16956693980359,23.01658375114689,29.27932652038245,26.867170407174083
45.31537519954257,54.9209435141776,54.756140800885184,30.31894750552908,55.11630915979724,63.11461610246063,72.3009002923382,80.22091952747981
593.4391394255026,514.8692128579262,739.1781231552862,530.4010876043125,428.6753205681037,323.0155020613189,210.82443576531085,345.39985831296764
-0.4265735279084275,1.5210646718761751,-1.0314200441121335,-0.486866611279352,-0.7747057818011764,3.3175331592254893,0.6277875028446431,-0.6626276069223525
-11.782695319027162,349.7508990721379,-298.7239694199167,714.0588354418169,1911.592840056473,-98.81249306485526,248.4165944463817,-128.31761580906343
0.0013357427857138,-0.0015360671241933,-1201.186312656333,21621.349336769043,19233.86294393523,16554.287931818435,-4595.605775814518,634.5073546715281
474.7784990515265,1378.2978759096763,625.697810398812,-27.704377306484275,-1045.5831928176476,-1213.345800290498,7152.728417155596,714.1295700516528
-191.49369744321632,142.17020081185106,-714.0424868375616,1098.8096981451515,-930.4320891434672,1739.937855688515,686.6995446334859,1174.454873896624
14.32321803420219,24.217708246884417,10.873170813962052,24.35901972067521,24.626616260314886,25.876360703996028,24.62976918585421,23.92646311742414
51.35824895047615,75.19217569615479,70.59636356177518,46.906467144364,93.595488200824,39.45312775983116,51.22921735408782,62.74342868675926
375.5966176395031,418.17298333780656,604.8462671362435,722.435668083637,449.4268220548492,727.0040366041113,525.5149350177597,284.3539146308374
1.4422458814027224,0.966561174942162,3.222595864878415,-0.915619247819086,1.214642105861098,2.482241403578074,-0.3724966935423823,3.086743803922708
3274.04492493653,384.1109026500486,764.6425138937545,779.9736619357095,1681.7584326640365,433.7577303275076,2352.3837843882625,57.997878340850775
-0.0006917081438937,0.0014222320882463,11441.104293864511,32834.14689393756,22253.625355676835,12442.750480350838,1772.360295472587,-20.976350432298325
660.2251962983909,699.5050583793969,11781.236693543284,-1633.9494546325072,2066.568140738512,982.9053922546376,2980.1860980813008,2291.173525380413
-122.46010071066212,-15.184387014005695,-818.6087144040188,404.6631505185825,2532.7778013570314,640.1956451984336,-1288.1031695591591,-403.4778296759915
20.04068176384156,29.731116680213333,31.74330064271589,30.083856429491973,28.595747231106184,32.98841877299053,31.987172948356623,20.0791943508036
31.15976138190707,73.40000281277148,50.31112890608033,55.94439415642609,35.866353642226215,39.62424916838804,44.14046836265618,39.49240559029055
372.39640176785366,317.8205436160593,392.8881106584611,547.5595969702931,808.6126878583884,590.6664158278705,250.23655864956493,420.802909744936
-0.828194742985829,-0.0291253693912076,-0.4091430113902312,0.6800615901540635,1.441080765781954,0.3662485323584625,-0.1164708814400414,-0.3227774077498964
315.98670512273696,377.8017568490844,1133.7758187286777,71.36248121513756,1175.0647616161882,734.6746852204669,726.3304260769514,1138.5676450691317
0.0009756144712137,0.0012936511619385,1131.0064159587423,-332.61410830457567,14804.805187265698,18451.03508122529,14098.647033189012,704.0898460686735
232.63152818430555,412.0148703879951,-978.5741296287108,1534.531224938753,9382.37172092256,1030.5779369691286,1402.6818758174115,10608.706534665347
-333.3684029564615,138.62252059744614,419.1058982081993,-2329.468835082404,364.7889179610901,2462.4031762177888,-247.5281308544712,664.5539611974261
32.191883090326144,17.6276422007544,21.685466220599057,28.759279871772065,28.16956693980359,23.01658375114689,29.27932652038245,26.867170407174083
45.31537519954257,54.9209435141776,54.756140800885184,30.31894750552908,55.11630915979724,63.11461610246063,72.3009002923382,80.22091952747981
593.4391394255026,514.8692128579262,739.1781231552862,530.4010876043125,428.6753205681037,323.0155020613189,210.82443576531085,345.39985831296764
-0.4265735279084275,1.5210646718761751,-1.0314200441121335,-0.486866611279352,-0.7747057818011764,3.3175331592254893,0.6277875028446431,-0.6626276069223525
-11.782695319027162,349.7508990721379,-298.7239694199167,714.0588354418169,1911.592840056473,-98.81249306485526,248.4165944463817,-128.31761580906343
0.0013357427857138,-0.0015360671241933,-1201.186312656333,21621.349336769043,19233.86294393523,16554.287931818435,-4595.605775814518,634.5073546715281
474.7784990515265,1378.2978759096763,625.697810398812,-27.704377306484275,-1045.5831928176476,-1213.345800290498,7152.728417155596,714.1295700516528
-191.49369744321632,142.17020081185106,-714.0424868375616,1098.8096981451515,-930.4320891434672,1739.937855688515,686.6995446334859,1174.454873896624
14.32321803420219,24.217708246884417,10.873170813962052,24.35901972067521,24.626616260314886,25.876360703996028,24.62976918585421,23.92646311742414
51.35824895047615,75.19217569615479,70.59636356177518,46.906467144364,93.595488200824,39.45312775983116,51.22921735408782,62.74342868675926
375.5966176395031,418.17298333780656,604.8462671362435,722.435668083637,449.4268220548492,727.0040366041113,525.5149350177597,284.3539146308374
1.4422458814027224,0.966561174942162,3.222595864878415,-0.915619247819086,1.214642105861098,2.482241403578074,-0.3724966935423823,3.086743803922708
3274.04492493653,384.1109026500486,764.6425138937545,779.9736619357095,1681.7584326640365,433.7577303275076,2352.3837843882625,57.997878340850775
-0.0006917081438937,0.0014222320882463,11441.104293864511,32834.14689393756,22253.625355676835,12442.750480350838,1772.360295472587,-20.976350432298325
660.2251962983909,699.5050583793969,11781.236693543284,-1633.9494546325072,2066.568140738512,982.9053922546376,2980.1860980813008,2291.173525380413
-122.46010071066212,-15.184387014005695,-818.6087144040188,404.6631505185825,2532.7778013570314,640.1956451984336,-1288.1031695591591,-403.4778296759915
20.04068176384156,29.731116680213333,31.74330064271589,30.083856429491973,28.595747231106184,32.98841877299053,31.987172948356623,20.0791943508036
31.15976138190707,73.40000281277148,50.31112890608033,55.94439415642609,35.866353642226215,39.62424916838804,44.14046836265618,39.49240559029055
372.39640176785366,317.8205436160593,392.8881106584611,547.5595969702931,808.6126878583884,590.6664158278705,250.23655864956493,420.802909744936
-0.828194742985829,-0.0291253693912076,-0.4091430113902312,0.6800615901540635,1.441080765781954,0.3662485323584625,-0.1164708814400414,-0.3227774077498964
315.98670512273696,377.8017568490844,1133.7758187286777,71.36248121513756,1175.0647616161882,734.6746852204669,726.3304260769514,1138.5676450691317
0.0009756144712137,0.0012936511619385,1131.0064159587423,-332.61410830457567,14804.805187265698,18451.03508122529,14098.647033189012,704.0898460686735
232.63152818430555,412.0148703879951,-978.5741296287108,1534.531224938753,9382.37172092256,1030.5779369691286,1402.6818758174115,10608.706534665347
-333.3684029564615,138.62252059744614,419.1058982081993,-2329.468835082404,364.7889179610901,2462.4031762177888,-247.5281308544712,664.5539611974261
32.191883090326144,17.6276422007544,21.685466220599057,28.759279871772065,28.16956693980359,23.01658375114689,29.27932652038245,26.867170407174083
45.31537519954257,54.9209435141776,54.756140800885184,30.31894750552908,55.11630915979724,63.11461610246063,72.3009002923382,80.22091952747981
593.4391394255026,514.8692128579262,739.1781231552862,530.4010876043125,428.6753205681037,323.0155020613189,210.82443576531085,345.39985831296764
-0.4265735279084275,1.5210646718761751,-1.0314200441121335,-0.486866611279352,-0.7747057818011764,3.3175331592254893,0.6277875028446431,-0.6626276069223525
-11.782695319027162,349.7508990721379,-298.7239694199167,714.0588354418169,1911.592840056473,-98.81249306485526,248.4165944463817,-128.31761580906343
0.0013357427857138,-0.0015360671241933,-1201.186312656333,21621.349336769043,19233.86294393523,16554.287931818435,-4595.605775814518,634.5073546715281
474.7784990515265,1378.2978759096763,625.697810398812,-27.704377306484275,-1045.5831928176476,-1213.345800290498,7152.728417155596,714.1295700516528
-191.49369744321632,142.17020081185106,-714.0424868375616,1098.8096981451515,-930.4320891434672,1739.937855688515,686.6995446334859,1174.454873896624
14.32321803420219,24.217708246884417,10.873170813962052,24.35901972067521,24.626616260314886,25.876360703996028,24.62976918585421,23.92646311742414
51.35824895047615,75.19217569615479,70.59636356177518,46.906467144364,93.595488200824,39.45312775983116,51.22921735408782,62.74342868675926
375.5966176395031,418.17298333780656,604.8462671362435,722.435668083637,449.4268220548492,727.0040366041113,525.5149350177597,284.3539146308374
1.4422458814027224,0.966561174942162,3.222595864878415,-0.915619247819086,1.214642105861098,2.482241403578074,-0.3724966935423823,3.086743803922708
3274.04492493653,384.1109026500486,764.6425138937545,779.9736619357095,1681.7584326640365,433.7577303275076,2352.3837843882625,57.997878340850775
-0.0006917081438937,0.0014222320882463,11441.104293864511,32834.14689393756,22253.625355676835,12442.750480350838,1772.360295472587,-20.976350432298325
660.2251962983909,699.5050583793969,11781.236693543284,-1633.9494546325072,2066.568140738512,982.9053922546376,2980.1860980813008,2291.173525380413
-122.46010071066212,-15.184387014005695,-818.6087144040188,404.6631505185825,2532.7778013570314,640.1956451984336,-1288.1031695591591,-403.4778296759915
20.04068176384156,29.731116680213333,31.74330064271589,30.083856429491973,28.595747231106184,32.98841877299053,31.987172948356623,20.0791943508036
31.15976138190707,73.40000281277148,50.31112890608033,55.94439415642609,35.866353642226215,39.62424916838804,44.14046836265618,39.49240559029055
372.39640176785366,317.8205436160593,392.8881106584611,547.5595969702931,808.6126878583884,590.6664158278705,250.23655864956493,420.802909744936
-0.828194742985829,-0.0291253693912076,-0.4091430113902312,0.6800615901540635,1.441080765781954,0.3662485323584625,-0.1164708814400414,-0.3227774077498964
315.98670512273696,377.8017568490844,1133.7758187286777,71.36248121513756,1175.0647616161882,734.6746852204669,726.3304260769514,1138.5676450691317
0.0009756144712137,0.0012936511619385,1131.0064159587423,-332.61410830457567,14804.805187265698,18451.03508122529,14098.647033189012,704.0898460686735
232.63152818430555,412.0148703879951,-978.5741296287108,1534.531224938753,9382.37172092256,1030.5779369691286,1402.6818758174115,10608.706534665347
-333.3684029564615,138.62252059744614,419.1058982081993,-2329.468835082404,364.7889179610901,2462.4031762177888,-247.5281308544712,664.5539611974261
32.191883090326144,17.6276422007544,21.685466220599057,28.759279871772065,28.16956693980359,23.01658375114689,29.27932652038245,26.867170407174083
45.31537519954257,54.9209435141776,54.756140800885184,30.31894750552908,55.11630915979724,63.11461610246063,72.3009002923382,80.22091952747981
593.4391394255026,514.8692128579262,739.1781231552862,530.4010876043125,428.6753205681037,323.0155020613189,210.82443576531085,345.39985831296764
-0.4265735279084275,1.5210646718761751,-1.0314200441121335,-0.486866611279352,-0.7747057818011764,3.3175331592254893,0.6277875028446431,-0.6626276069223525
-11.782695319027162,349.7508990721379,-298.7239694199167,714.0588354418169,1911.592840056473,-98.81249306485526,248.4165944463817,-128.31761580906343
0.0013357427857138,-0.0015360671241933,-1201.186312656333,21621.349336769043,19233.86294393523,16554.287931818435,-4595.605775814518,634.5073546715281
474.7784990515265,1378.2978759096763,625.697810398812,-27.704377306484275,-1045.5831928176476,-1213.345800290498,7152.728417155596,714.1295700516528
-191.49369744321632,142.17020081185106,-714.0424868375616,1098.8096981451515,-930.4320891434672,1739.937855688515,686.6995446334859,1174.454873896624
14.32321803420219,24.217708246884417,10.873170813962052,24.35901972067521,24.626616260314886,25.876360703996028,24.62976918585421,23.92646311742414
51.35824895047615,75.19217569615479,70.59636356177518,46.906467144364,93.595488200824,39.45312775983116,51.22921735408782,62.74342868675926
375.5966176395031,418.17298333780656,604.8462671362435,722.435668083637,449.4268220548492,727.0040366041113,525.5149350177597,284.3539146308374
1.4422458814027224,0.966561174942162,3.222595864878415,-0.915619247819086,1.214642105861098,2.482241403578074,-0.3724966935423823,3.086743803922708
3274.04492493653,384.1109026500486,764.6425138937545,779.9736619357095,1681.7584326640365,433.7577303275076,2352.3837843882625,57.997878340850775
-0.0006917081438937,0.0014222320882463,11441.104293864511,32834.14689393756,22253.625355676835,12442.750480350838,1772.360295472587,-20.976350432298325
660.2251962983909,699.5050583793969,11781.236693543284,-1633.9494546325072,2066.568140738512,982.9053922546376,2980.1860980813008,2291.173525380413
-122.46010071066212,-15.184387014005695,-818.6087144040188,404.6631505185825,2532.7778013570314,640.1956451984336,-1288.1031695591591,-403.4778296759915
20.04068176384156,29.731116680213333,31.74330064271589,30.083856429491973,28.595747231106184,32.98841877299053,31.987172948356623,20.0791943508036
31.15976138190707,73.40000281277148,50.31112890608033,55.94439415642609,35.866353642226215,39.62424916838804,44.14046836265618,39.49240559029055
372.39640176785366,317.8205436160593,392.8881106584611,547.5595969702931,808.6126878583884,590.6664158278705,250.23655864956493,420.802909744936
-0.828194742985829,-0.0291253693912076,-0.4091430113902312,0.6800615901540635,1.441080765781954,0.3662485323584625,-0.1164708814400414,-0.3227774077498964
315.98670512273696,377.8017568490844,1133.7758187286777,71.36248121513756,1175.0647616161882,734.6746852204669,726.3304260769514,1138.5676450691317
0.0009756144712137,0.0012936511619385,1131.0064159587423,-332.61410830457567,14804.805187265698,18451.03508122529,14098.647033189012,704.0898460686735
232.63152818430555,412.0148703879951,-978.5741296287108,1534.531224938753,9382.37172092256,1030.5779369691286,1402.6818758174115,10608.706534665347
-333.3684029564615,138.62252059744614,419.1058982081993,-2329.468835082404,364.7889179610901,2462.4031762177888,-247.5281308544712,664.5539611974261
32.191883090326144,17.6276422007544,21.685466220599057,28.759279871772065,28.16956693980359,23.01658375114689,29.27932652038245,26.867170407174083
45.31537519954257,54.9209435141776,54.756140800885184,30.31894750552908,55.11630915979724,63.11461610246063,72.3009002923382,80.22091952747981
593.4391394255026,514.8692128579262,739.1781231552862,530.4010876043125,428.6753205681037,323.0155020613189,210.82443576531085,345.39985831296764
-0.4265735279084275,1.5210646718761751,-1.0314200441121335,-0.486866611279352,-0.7747057818011764,3.3175331592254893,0.6277875028446431,-0.6626276069223525
-11.782695319027162,349.7508990721379,-298.7239694199167,714.0588354418169,1911.592840056473,-98.81249306485526,248.4165944463817,-128.31761580906343
0.0013357427857138,-0.0015360671241933,-1201.186312656333,21621.349336769043,19233.86294393523,16554.287931818435,-4595.605775814518,634.5073546715281
474.7784990515265,1378.2978759096763,625.697810398812,-27.704377306484275,-1045.5831928176476,-1213.345800290498,7152.728417155596,714.1295700516528
-191.49369744321632,142.17020081185106,-714.0424868375616,1098.8096981451515,-930.4320891434672,1739.937855688515,686.6995446334859,1174.454873896624
14.32321803420219,24.217708246884417,10.873170813962052,24.35901972067521,24.626616260314886,25.876360703996028,24.62976918585421,23.92646311742414
51.35824895047615,75.19217569615479,70.59636356177518,46.906467144364,93.595488200824,39.45312775983116,51.22921735408782,62.74342868675926
375.5966176395031,418.17298333780656,604.8462671362435,722.435668083637,449.4268220548492,727.0040366041113,525.5149350177597,284.3539146308374
1.4422458814027224,0.966561174942162,3.222595864878415,-0.915619247819086,1.214642105861098,2.482241403578074,-0.3724966935423823,3.086743803922708
3274.04492493653,384.1109026500486,764.6425138937545,779.9736619357095,1681.7584326640365,433.7577303275076,2352.3837843882625,57.997878340850775
-0.0006917081438937,0.0014222320882463,11441.104293864511,32834.14689393756,22253.625355676835,12442.750480350838,1772.360295472587,-20.976350432298325
660.2251962983909,699.5050583793969,11781.236693543284,-1633.9494546325072,2066.568140738512,982.9053922546376,2980.1860980813008,2291.173525380413
-122.46010071066212,-15.184387014005695,-818.6087144040188,404.6631505185825,2532.7778013570314,640.1956451984336,-1288.1031695591591,-403.4778296759915
20.04068176384156,29.731116680213333,31.74330064271589,30.083856429491973,28.595747231106184,32.98841877299053,31.987172948356623,20.0791943508036
31.15976138190707,73.40000281277148,50.31112890608033,55.94439415642609,35.866353642226215,39.62424916838804,44.14046836265618,39.49240559029055
372.39640176785366,317.8205436160593,392.8881106584611,547.5595969702931,808.6126878583884,590.6664158278705,250.23655864956493,420.802909744936
-0.828194742985829,-0.0291253693912076,-0.4091430113902312,0.6800615901540635,1.441080765781954,0.3662485323584625,-0.1164708814400414,-0.3227774077498964
315.98670512273696,377.8017568490844,1133.7758187286777,71.36248121513756,1175.0647616161882,734.6746852204669,726.3304260769514,1138.5676450691317
0.0009756144712137,0.0012936511619385,1131.0064159587423,-332.61410830457567,14804.805187265698,18451.03508122529,14098.647033189012,704.0898460686735
232.63152818430555,412.0148703879951,-978.5741296287108,1534.531224938753,9382.37172092256,1030.5779369691286,1402.6818758174115,10608.706534665347
-333.3684029564615,138.62252059744614,419.1058982081993,-2329.468835082404,364.7889179610901,2462.4031762177888,-247.5281308544712,664.5539611974261
32.191883090326144,17.6276422007544,21.685466220599057,28.759279871772065,28.16956693980359,23.01658375114689,29.27932652038245,26.867170407174083
45.31537519954257,54.9209435141776,54.756140800885184,30.31894750552908,55.11630915979724,63.11461610246063,72.3009002923382,80.22091952747981
593.4391394255026,514.8692128579262,739.1781231552862,530.4010876043125,428.6753205681037,323.0155020613189,210.82443576531085,345.39985831296764
-0.4265735279084275,1.5210646718761751,-1.0314200441121335,-0.486866611279352,-0.7747057818011764,3.3175331592254893,0.6277875028446431,-0.6626276069223525
-11.782695319027162,349.7508990721379,-298.7239694199167,714.0588354418169,1911.592840056473,-98.81249306485526,248.4165944463817,-128.31761580906343
0.0013357427857138,-0.0015360671241933,-1201.186312656333,21621.349336769043,19233.86294393523,16554.287931818435,-4595.605775814518,634.5073546715281
474.7784990515265,1378.2978759096763,625.697810398812,-27.704377306484275,-1045.5831928176476,-1213.345800290498,7152.728417155596,714.1295700516528
-191.49369744321632,142.17020081185106,-714.0424868375616,1098.8096981451515,-930.4320891434672,1739.937855688515,686.6995446334859,1174.454873896624
14.32321803420219,24.217708246884417,10.873170813962052,24.35901972067521,24.626616260314886,25.876360703996028,24.62976918585421,23.92646311742414
51.35824895047615,75.19217569615479,70.59636356177518,46.906467144364,93.595488200824,39.45312775983116,51.22921735408782,62.74342868675926
375.5966176395031,418.17298333780656,604.8462671362435,722.435668083637,449.4268220548492,727.0040366041113,525.5149350177597,284.3539146308374
1.4422458814027224,0.966561174942162,3.222595864878415,-0.915619247819086,1.214642105861098,2.482241403578074,-0.3724966935423823,3.086743803922708
3274.04492493653,384.1109026500486,764.6425138937545,779.9736619357095,1681.7584326640365,433.7577303275076,2352.3837843882625,57.997878340850775
-0.0006917081438937,0.0014222320882463,11441.104293864511,32834.14689393756,22253.625355676835,12442.750480350838,1772.360295472587,-20.976350432298325
660.2251962983909,699.5050583793969,11781.236693543284,-1633.9494546325072,2066.568140738512,982.9053922546376,2980.1860980813008,2291.173525380413
-122.46010071066212,-15.184387014005695,-818.6087144040188,404.6631505185825,2532.7778013570314,640.1956451984336,-1288.1031695591591,-403.4778296759915
20.04068176384156,29.731116680213333,31.74330064271589,30.083856429491973,28.595747231106184,32.98841877299053,31.987172948356623,20.0791943508036
31.15976138190707,73.40000281277148,50.31112890608033,55.94439415642609,35.866353642226215,39.62424916838804,44.14046836265618,39.49240559029055
372.39640176785366,317.8205436160593,392.8881106584611,547.5595969702931,808.6126878583884,590.6664158278705,250.23655864956493,420.802909744936
-0.828194742985829,-0.0291253693912076,-0.4091430113902312,0.6800615901540635,1.441080765781954,0.3662485323584625,-0.1164708814400414,-0.3227774077498964
315.98670512273696,377.8017568490844,1133.7758187286777,71.36248121513756,1175.0647616161882,734.6746852204669,726.3304260769514,1138.5676450691317
0.0009756144712137,0.0012936511619385,1131.0064159587423,-332.61410830457567,14804.805187265698,18451.03508122529,14098.647033189012,704.0898460686735
232.63152818430555,412.0148703879951,-978.5741296287108,1534.531224938753,9382.37172092256,1030.5779369691286,1402.6818758174115,10608.706534665347
-333.3684029564615,138.62252059744614,419.1058982081993,-2329.468835082404,364.7889179610901,2462.4031762177888,-247.5281308544712,664.5539611974261
32.191883090326144,17.6276422007544,21.685466220599057,28.759279871772065,28.16956693980359,23.01658375114689,29.27932652038245,26.867170407174083
45.31537519954257,54.9209435141776,54.756140800885184,30.31894750552908,55.11630915979724,63.11461610246063,72.3009002923382,80.22091952747981
593.4391394255026,514.8692128579262,739.1781231552862,530.4010876043125,428.6753205681037,323.0155020613189,210.82443576531085,345.39985831296764
-0.4265735279084275,1.5210646718761751,-1.0314200441121335,-0.486866611279352,-0.7747057818011764,3.3175331592254893,0.6277875028446431,-0.6626276069223525
-11.782695319027162,349.7508990721379,-298.7239694199167,714.0588354418169,1911.592840056473,-98.81249306485526,248.4165944463817,-128.31761580906343
0.0013357427857138,-0.0015360671241933,-1201.186312656333,21621.349336769043,19233.86294393523,16554.287931818435,-4595.605775814518,634.5073546715281
474.7784990515265,1378.2978759096763,625.697810398812,-27.704377306484275,-1045.5831928176476,-1213.345800290498,7152.728417155596,714.1295700516528
-191.49369744321632,142.17020081185106,-714.0424868375616,1098.8096981451515,-930.4320891434672,1739.937855688515,686.6995446334859,1174.454873896624
14.32321803420219,24.217708246884417,10.873170813962052,24.35901972067521,24.626616260314886,25.876360703996028,24.62976918585421,23.92646311742414
51.35824895047615,75.19217569615479,70.59636356177518,46.906467144364,93.595488200824,39.45312775983116,51.22921735408782,62.74342868675926
375.5966176395031,418.17298333780656,604.8462671362435,722.435668083637,449.4268220548492,727.0040366041113,525.5149350177597,284.3539146308374
1.4422458814027224,0.966561174942162,3.222595864878415,-0.915619247819086,1.214642105861098,2.482241403578074,-0.3724966935423823,3.086743803922708
3274.04492493653,384.1109026500486,764.6425138937545,779.9736619357095,1681.7584326640365,433.7577303275076,2352.3837843882625,57.997878340850775
-0.0006917081438937,0.0014222320882463,11441.104293864511,32834.14689393756,22253.625355676835,12442.750480350838,1772.360295472587,-20.976350432298325
660.2251962983909,699.5050583793969,11781.236693543284,-1633.9494546325072,2066.568140738512,982.9053922546376,2980.1860980813008,2291.173525380413
-122.46010071066212,-15.184387014005695,-818.6087144040188,404.6631505185825,2532.7778013570314,640.1956451984336,-1288.1031695591591,-403.4778296759915
20.04068176384156,29.731116680213333,31.74330064271589,30.083856429491973,28.595747231106184,32.98841877299053,31.987172948356623,20.0791943508036
31.15976138190707,73.40000281277148,50.31112890608033,55.94439415642609,35.866353642226215,39.62424916838804,44.14046836265618,39.49240559029055
372.39640176785366,317.8205436160593,392.8881106584611,547.5595969702931,808.6126878583884,590.6664158278705,250.23655864956493,420.802909744936
-0.828194742985829,-0.0291253693912076,-0.4091430113902312,0.6800615901540635,1.441080765781954,0.3662485323584625,-0.1164708814400414,-0.3227774077498964
315.98670512273696,377.8017568490844,1133.7758187286777,71.36248121513756,1175.0647616161882,734.6746852204669,726.3304260769514,1138.5676450691317
0.0009756144712137,0.0012936511619385,1131.0064159587423,-332.61410830457567,14804.805187265698,18451.03508122529,14098.647033189012,704.0898460686735
232.63152818430555,412.0148703879951,-978.5741296287108,1534.531224938753,9382.37172092256,1030.5779369691286,1402.6818758174115,10608.706534665347
-333.3684029564615,138.62252059744614,419.1058982081993,-2329.468835082404,364.7889179610901,2462.4031762177888,-247.5281308544712,664.5539611974261
32.191883090326144,17.6276422007544,21.685466220599057,28.759279871772065,28.16956693980359,23.01658375114689,29.27932652038245,26.867170407174083
45.31537519954257,54.9209435141776,54.756140800885184,30.31894750552908,55.11630915979724,63.11461610246063,72.3009002923382,80.22091952747981
593.4391394255026,514.8692128579262,739.1781231552862,530.4010876043125,428.6753205681037,323.0155020613189,210.82443576531085,345.39985831296764
-0.4265735279084275,1.5210646718761751,-1.0314200441121335,-0.486866611279352,-0.7747057818011764,3.3175331592254893,0.6277875028446431,-0.6626276069223525
-11.782695319027162,349.7508990721379,-298.7239694199167,714.0588354418169,1911.592840056473,-98.81249306485526,248.4165944463817,-128.31761580906343
0.0013357427857138,-0.0015360671241933,-1201.186312656333,21621.349336769043,19233.86294393523,16554.287931818435,-4595.605775814518,634.5073546715281
474.7784990515265,1378.2978759096763,625.697810398812,-27.704377306484275,-1045.5831928176476,-1213.345800290498,7152.728417155596,714.1295700516528
-191.49369744321632,142.17020081185106,-714.0424868375616,1098.8096981451515,-930.4320891434672,1739.937855688515,686.6995446334859,1174.454873896624
14.32321803420219,24.217708246884417,10.873170813962052,24.35901972067521,24.626616260314886,25.876360703996028,24.62976918585421,23.92646311742414
51.35824895047615,75.19217569615479,70.59636356177518,46.906467144364,93.595488200824,39.45312775983116,51.22921735408782,62.74342868675926
375.5966176395031,418.17298333780656,604.8462671362435,722.435668083637,449.4268220548492,727.0040366041113,525.5149350177597,284.3539146308374
1.4422458814027224,0.966561174942162,3.222595864878415,-0.915619247819086,1.214642105861098,2.482241403578074,-0.3724966935423823,3.086743803922708
3274.04492493653,384.1109026500486,764.6425138937545,779.9736619357095,1681.7584326640365,433.7577303275076,2352.3837843882625,57.997878340850775
-0.0006917081438937,0.0014222320882463,11441.104293864511,32834.14689393756,22253.625355676835,12442.750480350838,1772.360295472587,-20.976350432298325
660.2251962983909,699.5050583793969,11781.236693543284,-1633.9494546325072,2066.568140738512,982.9053922546376,2980.1860980813008,2291.173525380413
-122.46010071066212,-15.184387014005695,-818.6087144040188,404.6631505185825,2532.7778013570314,640.1956451984336,-1288.1031695591591,-403.4778296759915
20.04068176384156,29.731116680213333,31.74330064271589,30.083856429491973,28.595747231106184,32.98841877299053,31.987172948356623,20.0791943508036
31.15976138190707,73.40000281277148,50.31112890608033,55.94439415642609,35.866353642226215,39.62424916838804,44.14046836265618,39.49240559029055
372.39640176785366,317.8205436160593,392.8881106584611,547.5595969702931,808.6126878583884,590.6664158278705,250.23655864956493,420.802909744936
-0.828194742985829,-0.0291253693912076,-0.4091430113902312,0.6800615901540635,1.441080765781954,0.3662485323584625,-0.1164708814400414,-0.3227774077498964
315.98670512273696,377.8017568490844,1133.7758187286777,71.36248121513756,1175.0647616161882,734.6746852204669,726.3304260769514,1138.5676450691317
0.0009756144712137,0.0012936511619385,1131.0064159587423,-332.61410830457567,14804.805187265698,18451.03508122529,14098.647033189012,704.0898460686735
232.63152818430555,412.0148703879951,-978.5741296287108,1534.531224938753,9382.37172092256,1030.5779369691286,1402.6818758174115,10608.706534665347
-333.3684029564615,138.62252059744614,419.1058982081993,-2329.468835082404,364.7889179610901,2462.4031762177888,-247.5281308544712,664.5539611974261
32.191883090326144,17.6276422007544,21.685466220599057,28.759279871772065,28.16956693980359,23.01658375114689,29.27932652038245,26.867170407174083
45.31537519954257,54.9209435141776,54.756140800885184,30.31894750552908,55.11630915979724,63.11461610246063,72.3009002923382,80.22091952747981
593.4391394255026,514.8692128579262,739.1781231552862,530.4010876043125,428.6753205681037,323.0155020613189,210.82443576531085,345.39985831296764
-0.4265735279084275,1.5210646718761751,-1.0314200441121335,-0.486866611279352,-0.7747057818011764,3.3175331592254893,0.6277875028446431,-0.6626276069223525
-11.782695319027162,349.7508990721379,-298.7239694199167,714.0588354418169,1911.592840056473,-98.81249306485526,248.4165944463817,-128.31761580906343
0.0013357427857138,-0.0015360671241933,-1201.186312656333,21621.349336769043,19233.86294393523,16554.287931818435,-4595.605775814518,634.5073546715281
474.7784990515265,1378.2978759096763,625.697810398812,-27.704377306484275,-1045.5831928176476,-1213.345800290498,7152.728417155596,714.1295700516528
-191.49369744321632,142.17020081185106,-714.0424868375616,1098.8096981451515,-930.4320891434672,1739.937855688515,686.6995446334859,1174.454873896624
14.32321803420219,24.217708246884417,10.873170813962052,24.35901972067521,24.626616260314886,25.876360703996028,24.62976918585421,23.92646311742414
51.35824895047615,75.19217569615479,70.59636356177518,46.906467144364,93.595488200824,39.45312775983116,51.22921735408782,62.74342868675926
375.5966176395031,418.17298333780656,604.8462671362435,722.435668083637,449.4268220548492,727.0040366041113,525.5149350177597,284.3539146308374
1.4422458814027224,0.966561174942162,3.222595864878415,-0.915619247819086,1.214642105861098,2.482241403578074,-0.3724966935423823,3.086743803922708
3274.04492493653,384.1109026500486,764.6425138937545,779.9736619357095,1681.7584326640365,433.7577303275076,2352.3837843882625,57.997878340850775
-0.0006917081438937,0.0014222320882463,11441.104293864511,32834.14689393756,22253.625355676835,12442.750480350838,1772.360295472587,-20.976350432298325
660.2251962983909,699.5050583793969,11781.236693543284,-1633.9494546325072,2066.568140738512,982.9053922546376,2980.1860980813008,2291.173525380413
-122.46010071066212,-15.184387014005695,-818.6087144040188,404.6631505185825,2532.7778013570314,640.1956451984336,-1288.1031695591591,-403.4778296759915
20.04068176384156,29.731116680213333,31.74330064271589,30.083856429491973,28.595747231106184,32.98841877299053,31.987172948356623,20.0791943508036
31.15976138190707,73.40000281277148,50.31112890608033,55.94439415642609,35.866353642226215,39.62424916838804,44.14046836265618,39.49240559029055
372.39640176785366,317.8205436160593,392.8881106584611,547.5595969702931,808.6126878583884,590.6664158278705,250.23655864956493,420.802909744936
-0.828194742985829,-0.0291253693912076,-0.4091430113902312,0.6800615901540635,1.441080765781954,0.3662485323584625,-0.1164708814400414,-0.3227774077498964
315.98670512273696,377.8017568490844,1133.7758187286777,71.36248121513756,1175.0647616161882,734.6746852204669,726.3304260769514,1138.5676450691317
0.0009756144712137,0.0012936511619385,1131.0064159587423,-332.61410830457567,14804.805187265698,18451.03508122529,14098.647033189012,704.0898460686735
232.63152818430555,412.0148703879951,-978.5741296287108,1534.531224938753,9382.37172092256,1030.5779369691286,1402.6818758174115,10608.706534665347
-333.3684029564615,138.62252059744614,419.1058982081993,-2329.468835082404,364.7889179610901,2462.4031762177888,-247.5281308544712,664.5539611974261
32.191883090326144,17.6276422007544,21.685466220599057,28.759279871772065,28.16956693980359,23.01658375114689,29.27932652038245,26.867170407174083
45.31537519954257,54.9209435141776,54.756140800885184,30.31894750552908,55.11630915979724,63.11461610246063,72.3009002923382,80.22091952747981
593.4391394255026,514.8692128579262,739.1781231552862,530.4010876043125,428.6753205681037,323.0155020613189,210.82443576531085,345.39985831296764
-0.4265735279084275,1.5210646718761751,-1.0314200441121335,-0.486866611279352,-0.7747057818011764,3.3175331592254893,0.6277875028446431,-0.6626276069223525
-11.782695319027162,349.7508990721379,-298.7239694199167,714.0588354418169,1911.592840056473,-98.81249306485526,248.4165944463817,-128.31761580906343
0.0013357427857138,-0.0015360671241933,-1201.186312656333,21621.349336769043,19233.86294393523,16554.287931818435,-4595.605775814518,634.5073546715281
474.7784990515265,1378.2978759096763,625.697810398812,-27.704377306484275,-1045.5831928176476,-1213.345800290498,7152.728417155596,714.1295700516528
-191.49369744321632,142.17020081185106,-714.0424868375616,1098.8096981451515,-930.4320891434672,1739.937855688515,686.6995446334859,1174.454873896624
14.32321803420219,24.217708246884417,10.873170813962052,24.35901972067521,24.626616260314886,25.876360703996028,24.62976918585421,23.92646311742414
51.35824895047615,75.19217569615479,70.59636356177518,46.906467144364,93.595488200824,39.45312775983116,51.22921735408782,62.74342868675926
375.5966176395031,418.17298333780656,604.8462671362435,722.435668083637,449.4268220548492,727.0040366041113,525.5149350177597,284.3539146308374
1.4422458814027224,0.966561174942162,3.222595864878415,-0.915619247819086,1.214642105861098,2.482241403578074,-0.3724966935423823,3.086743803922708
3274.04492493653,384.1109026500486,764.6425138937545,779.9736619357095,1681.7584326640365,433.7577303275076,2352.3837843882625,57.997878340850775
-0.0006917081438937,0.0014222320882463,11441.104293864511,32834.14689393756,22253.625355676835,12442.750480350838,1772.360295472587,-20.976350432298325
660.2251962983909,699.5050583793969,11781.236693543284,-1633.9494546325072,2066.568140738512,982.9053922546376,2980.1860980813008,2291.173525380413
-122.46010071066212,-15.184387014005695,-818.6087144040188,404.6631505185825,2532.7778013570314,640.1956451984336,-1288.1031695591591,-403.4778296759915
20.04068176384156,29.731116680213333,31.74330064271589,30.083856429491973,28.595747231106184,32.98841877299053,31.987172948356623,20.0791943508036
31.15976138190707,73.40000281277148,50.31112890608033,55.94439415642609,35.866353642226215,39.62424916838804,44.14046836265618,39.49240559029055
372.39640176785366,317.8205436160593,392.8881106584611,547.5595969702931,808.6126878583884,590.6664158278705,250.23655864956493,420.802909744936
-0.828194742985829,-0.0291253693912076,-0.4091430113902312,0.6800615901540635,1.441080765781954,0.3662485323584625,-0.1164708814400414,-0.3227774077498964
315.98670512273696,377.8017568490844,1133.7758187286777,71.36248121513756,1175.0647616161882,734.6746852204669,726.3304260769514,1138.5676450691317
0.0009756144712137,0.0012936511619385,1131.0064159587423,-332.61410830457567,14804.805187265698,18451.03508122529,14098.647033189012,704.0898460686735
232.63152818430555,412.0148703879951,-978.5741296287108,1534.531224938753,9382.37172092256,1030.5779369691286,1402.6818758174115,10608.706534665347
-333.3684029564615,138.62252059744614,419.1058982081993,-2329.468835082404,364.7889179610901,2462.4031762177888,-247.5281308544712,664.5539611974261
32.191883090326144,17.6276422007544,21.685466220599057,28.759279871772065,28.16956693980359,23.01658375114689,29.27932652038245,26.867170407174083
45.31537519954257,54.9209435141776,54.756140800885184,30.31894750552908,55.11630915979724,63.11461610246063,72.3009002923382,80.22091952747981
593.4391394255026,514.8692128579262,739.1781231552862,530.4010876043125,428.6753205681037,323.0155020613189,210.82443576531085,345.39985831296764
-0.4265735279084275,1.5210646718761751,-1.0314200441121335,-0.486866611279352,-0.7747057818011764,3.3175331592254893,0.6277875028446431,-0.6626276069223525
-11.782695319027162,349.7508990721379,-298.7239694199167,714.0588354418169,1911.592840056473,-98.81249306485526,248.4165944463817,-128.31761580906343
0.0013357427857138,-0.0015360671241933,-1201.186312656333,21621.349336769043,19233.86294393523,16554.287931818435,-4595.605775814518,634.5073546715281
474.7784990515265,1378.2978759096763,625.697810398812,-27.704377306484275,-1045.5831928176476,-1213.345800290498,7152.728417155596,714.1295700516528
-191.49369744321632,142.17020081185106,-714.0424868375616,1098.8096981451515,-930.4320891434672,1739.937855688515,686.6995446334859,1174.454873896624
14.32321803420219,24.217708246884417,10.873170813962052,24.35901972067521,24.626616260314886,25.876360703996028,24.62976918585421,23.92646311742414
51.35824895047615,75.19217569615479,70.59636356177518,46.906467144364,93.595488200824,39.45312775983116,51.22921735408782,62.74342868675926
375.5966176395031,418.17298333780656,604.8462671362435,722.435668083637,449.4268220548492,727.0040366041113,525.5149350177597,284.3539146308374
1.4422458814027224,0.966561174942162,3.222595864878415,-0.915619247819086,1.214642105861098,2.482241403578074,-0.3724966935423823,3.086743803922708
3274.04492493653,384.1109026500486,764.6425138937545,779.9736619357095,1681.7584326640365,433.7577303275076,2352.3837843882625,57.997878340850775
-0.0006917081438937,0.0014222320882463,11441.104293864511,32834.14689393756,22253.625355676835,12442.750480350838,1772.360295472587,-20.976350432298325
660.2251962983909,699.5050583793969,11781.236693543284,-1633.9494546325072,2066.568140738512,982.9053922546376,2980.1860980813008,2291.173525380413
-122.46010071066212,-15.184387014005695,-818.6087144040188,404.6631505185825,2532.7778013570314,640.1956451984336,-1288.1031695591591,-403.4778296759915
20.04068176384156,29.731116680213333,31.74330064271589,30.083856429491973,28.595747231106184,32.98841877299053,31.987172948356623,20.0791943508036
31.15976138190707,73.40000281277148,50.31112890608033,55.94439415642609,35.866353642226215,39.62424916838804,44.14046836265618,39.49240559029055
372.39640176785366,317.8205436160593,392.8881106584611,547.5595969702931,808.6126878583884,590.6664158278705,250.23655864956493,420.802909744936
-0.828194742985829,-0.0291253693912076,-0.4091430113902312,0.6800615901540635,1.441080765781954,0.3662485323584625,-0.1164708814400414,-0.3227774077498964
315.98670512273696,377.8017568490844,1133.7758187286777,71.36248121513756,1175.0647616161882,734.6746852204669,726.3304260769514,1138.5676450691317
0.0009756144712137,0.0012936511619385,1131.0064159587423,-332.61410830457567,14804.805187265698,18451.03508122529,14098.647033189012,704.0898460686735
232.63152818430555,412.0148703879951,-978.5741296287108,1534.531224938753,9382.37172092256,1030.5779369691286,1402.6818758174115,10608.706534665347
-333.3684029564615,138.62252059744614,419.1058982081993,-2329.468835082404,364.7889179610901,2462.4031762177888,-247.5281308544712,664.5539611974261
32.191883090326144,17.6276422007544,21.685466220599057,28.759279871772065,28.16956693980359,23.01658375114689,29.27932652038245,26.867170407174083
45.31537519954257,54.9209435141776,54.756140800885184,30.31894750552908,55.11630915979724,63.11461610246063,72.3009002923382,80.22091952747981
593.4391394255026,514.8692128579262,739.1781231552862,530.4010876043125,428.6753205681037,323.0155020613189,210.82443576531085,345.39985831296764
-0.4265735279084275,1.5210646718761751,-1.0314200441121335,-0.486866611279352,-0.7747057818011764,3.3175331592254893,0.6277875028446431,-0.6626276069223525
-11.782695319027162,349.7508990721379,-298.7239694199167,714.0588354418169,1911.592840056473,-98.81249306485526,248.4165944463817,-128.31761580906343
0.0013357427857138,-0.0015360671241933,-1201.186312656333,21621.349336769043,19233.86294393523,16554.287931818435,-4595.605775814518,634.5073546715281
474.7784990515265,1378.2978759096763,625.697810398812,-27.704377306484275,-1045.5831928176476,-1213.345800290498,7152.728417155596,714.1295700516528
-191.49369744321632,142.17020081185106,-714.0424868375616,1098.8096981451515,-930.4320891434672,1739.937855688515,686.6995446334859,1174.454873896624
14.32321803420219,24.217708246884417,10.873170813962052,24.35901972067521,24.626616260314886,25.876360703996028,24.62976918585421,23.92646311742414
51.35824895047615,75.19217569615479,70.59636356177518,46.906467144364,93.595488200824,39.45312775983116,51.22921735408782,62.74342868675926
375.5966176395031,418.17298333780656,604.8462671362435,722.435668083637,449.4268220548492,727.0040366041113,525.5149350177597,284.3539146308374
1.4422458814027224,0.966561174942162,3.222595864878415,-0.915619247819086,1.214642105861098,2.482241403578074,-0.3724966935423823,3.086743803922708
3274.04492493653,384.1109026500486,764.6425138937545,779.9736619357095,1681.7584326640365,433.7577303275076,2352.3837843882625,57.997878340850775
-0.0006917081438937,0.0014222320882463,11441.104293864511,32834.14689393756,22253.625355676835,12442.750480350838,1772.360295472587,-20.976350432298325
660.2251962983909,699.5050583793969,11781.236693543284,-1633.9494546325072,2066.568140738512,982.9053922546376,2980.1860980813008,2291.173525380413
-122.46010071066212,-15.184387014005695,-818.6087144040188,404.6631505185825,2532.7778013570314,640.1956451984336,-1288.1031695591591,-403.4778296759915
