내부온도관측치,내부습도관측치,co2관측치,ec관측치,시간당분무량,시간당백색광량,시간당적색광량,시간당청색광량
22.392161668517712,24.90030020690302,31.67710314866355,27.319686931723894,28.185522212875,38.53717114292469,23.63923301800607,23.41233666058709
63.25429446170272,64.98882310551082,70.07306504466371,88.76596625329108,46.76091508034425,43.57280198677877,60.87268229942265,39.7988301241759
630.882073393034,516.896784913037,387.9367219475204,401.6272044841856,547.3215784243145,404.25665576622976,251.74601950772,533.5305653857737
0.3755021355544989,0.8798695208352465,0.2025538516931753,2.473322711887009,1.638504473255176,1.038653869553534,-1.0357918951139038,-0.3703222958202126
-109.28154872763054,800.8398456805639,-75.89481845169735,-28.99005679325625,369.3587990230236,-523.4122251058391,39.23366691149401,1539.924473108657
0.0010627894874591,0.002138231529139,-2212.934587379619,12277.97665185307,14999.410580371585,16549.84069094918,10635.050754666672,768.644091193569
190.2167383360637,843.1192166600915,-719.7562236789124,786.5899582062727,7654.800725268446,1405.1614116341657,840.1651228426696,248.38540499445185
48.61390461196156,46.19582734278512,-309.7803680556759,1511.7664649355188,-993.2145533166812,62.051062460518125,-1445.226042601679,872.6588889668053
30.15738818944676,34.14337299658098,34.78480763459395,34.451520886959464,24.126906750519385,20.58151451148492,26.76328924297192,35.20215738501438
91.52376696334896,60.71084831706447,59.92547875501285,78.88656202198072,28.36138963805548,34.57744913371975,85.0746128077831,46.5155277768348
633.7137008874607,562.5219535113774,582.059020918491,685.2692195891157,616.848911026085,461.3655874916178,523.0929535269844,325.4376600007753
2.642487441487878,3.0900845918968134,-0.8535334245100048,-0.6854591607989893,4.521886288298922,2.7242551722673287,0.7870624334080891,1.0898433200959337
-137.58433959473643,513.5702197390893,75.9314537279912,-271.92285273898653,1923.3851779691693,-398.8016232088856,919.5496408978464,689.9022050441793
0.0005552728437483,0.003111499650612,10098.392812367993,11043.34841634048,16918.32194123368,20740.53716030564,-17.71953098033967,164.80355912845698
629.805333670994,8185.204361132214,-1388.7539612419373,148.82403867356166,-2589.0359663962045,-1864.1958763607613,-4261.699191101577,-1651.5778588303983
341.2256164320019,440.6585729144341,-64.6459116628416,1701.3645494683246,2537.7333032439656,887.3293589169709,824.2962081019957,1288.6213026742073
16.907037653519613,33.00372143452147,13.847502546908832,19.65492380990624,25.964660035878307,24.3091709835372,23.11229812389901,17.152793635368468
29.921103220045804,51.7403509594779,34.030402208427304,41.56936099519311,42.30155021331106,33.040816456001565,75.20180623773173,53.92933349525504
425.71746314649647,486.0693825690844,399.8460733479892,765.1840057534763,387.356618737514,738.0862035503849,549.5502230966337,541.2507735169895
1.862326980477583,-0.753865166628535,1.8676893547528644,-1.0410050519246576,-0.3016165930776147,1.1152359217851469,0.8043911393191335,4.477533575218151
-109.08669324394523,2088.9007605098764,540.2852331244915,578.4615452739191,1817.291616464433,-379.69279916219534,684.5892785110188,573.6915439990405
-0.0023937309886877,0.0012096567375014,23094.846374952947,20220.34229453305,14625.607824842373,15986.45793456354,2538.907476570725,-192.9292570187292
702.0690740723711,-1337.5230228065332,260.1794652948205,3057.611157250901,2481.351784418601,2113.6405502724965,2280.368977659424,1527.071730954487
-336.6262880621384,344.3236554557714,5087.362767627958,1928.5263049075584,104.49340265002502,-273.1593891878361,-189.30440939668932,-1103.3486124732217
22.392161668517712,24.90030020690302,31.67710314866355,27.319686931723894,28.185522212875,38.53717114292469,23.63923301800607,23.41233666058709
63.25429446170272,64.98882310551082,70.07306504466371,88.76596625329108,46.76091508034425,43.57280198677877,60.87268229942265,39.7988301241759
630.882073393034,516.896784913037,387.9367219475204,401.6272044841856,547.3215784243145,404.25665576622976,251.74601950772,533.5305653857737
0.3755021355544989,0.8798695208352465,0.2025538516931753,2.473322711887009,1.638504473255176,1.038653869553534,-1.0357918951139038,-0.3703222958202126
-109.28154872763054,800.8398456805639,-75.89481845169735,-28.99005679325625,369.3587990230236,-523.4122251058391,39.23366691149401,1539.924473108657
0.0010627894874591,0.002138231529139,-2212.934587379619,12277.97665185307,14999.410580371585,16549.84069094918,10635.050754666672,768.644091193569
190.2167383360637,843.1192166600915,-719.7562236789124,786.5899582062727,7654.800725268446,1405.1614116341657,840.1651228426696,248.38540499445185
48.61390461196156,46.19582734278512,-309.7803680556759,1511.7664649355188,-993.2145533166812,62.051062460518125,-1445.226042601679,872.6588889668053
30.15738818944676,34.14337299658098,34.78480763459395,34.451520886959464,24.126906750519385,20.58151451148492,26.76328924297192,35.20215738501438
91.52376696334896,60.71084831706447,59.92547875501285,78.88656202198072,28.36138963805548,34.57744913371975,85.0746128077831,46.5155277768348
633.7137008874607,562.5219535113774,582.059020918491,685.2692195891157,616.848911026085,461.3655874916178,523.0929535269844,325.4376600007753
2.642487441487878,3.0900845918968134,-0.8535334245100048,-0.6854591607989893,4.521886288298922,2.7242551722673287,0.7870624334080891,1.0898433200959337
-137.58433959473643,513.5702197390893,75.9314537279912,-271.92285273898653,1923.3851779691693,-398.8016232088856,919.5496408978464,689.9022050441793
0.0005552728437483,0.003111499650612,10098.392812367993,11043.34841634048,16918.32194123368,20740.53716030564,-17.71953098033967,164.80355912845698
629.805333670994,8185.204361132214,-1388.7539612419373,148.82403867356166,-2589.0359663962045,-1864.1958763607613,-4261.699191101577,-1651.5778588303983
341.2256164320019,440.6585729144341,-64.6459116628416,1701.3645494683246,2537.7333032439656,887.3293589169709,824.2962081019957,1288.6213026742073
16.907037653519613,33.00372143452147,13.847502546908832,19.65492380990624,25.964660035878307,24.3091709835372,23.11229812389901,17.152793635368468
29.921103220045804,51.7403509594779,34.030402208427304,41.56936099519311,42.30155021331106,33.040816456001565,75.20180623773173,53.92933349525504
425.71746314649647,486.0693825690844,399.8460733479892,765.1840057534763,387.356618737514,738.0862035503849,549.5502230966337,541.2507735169895
1.862326980477583,-0.753865166628535,1.8676893547528644,-1.0410050519246576,-0.3016165930776147,1.1152359217851469,0.8043911393191335,4.477533575218151
-109.08669324394523,2088.9007605098764,540.2852331244915,578.4615452739191,1817.291616464433,-379.69279916219534,684.5892785110188,573.6915439990405
-0.0023937309886877,0.0012096567375014,23094.846374952947,20220.34229453305,14625.607824842373,15986.45793456354,2538.907476570725,-192.9292570187292
702.0690740723711,-1337.5230228065332,260.1794652948205,3057.611157250901,2481.351784418601,2113.6405502724965,2280.368977659424,1527.071730954487
-336.6262880621384,344.3236554557714,5087.362767627958,1928.5263049075584,104.49340265002502,-273.1593891878361,-189.30440939668932,-1103.3486124732217
22.392161668517712,24.90030020690302,31.67710314866355,27.319686931723894,28.185522212875,38.53717114292469,23.63923301800607,23.41233666058709
63.25429446170272,64.98882310551082,70.07306504466371,88.76596625329108,46.76091508034425,43.57280198677877,60.87268229942265,39.7988301241759
630.882073393034,516.896784913037,387.9367219475204,401.6272044841856,547.3215784243145,404.25665576622976,251.74601950772,533.5305653857737
0.3755021355544989,0.8798695208352465,0.2025538516931753,2.473322711887009,1.638504473255176,1.038653869553534,-1.0357918951139038,-0.3703222958202126
-109.28154872763054,800.8398456805639,-75.89481845169735,-28.99005679325625,369.3587990230236,-523.4122251058391,39.23366691149401,1539.924473108657
0.0010627894874591,0.002138231529139,-2212.934587379619,12277.97665185307,14999.410580371585,16549.84069094918,10635.050754666672,768.644091193569
190.2167383360637,843.1192166600915,-719.7562236789124,786.5899582062727,7654.800725268446,1405.1614116341657,840.1651228426696,248.38540499445185
48.61390461196156,46.19582734278512,-309.7803680556759,1511.7664649355188,-993.2145533166812,62.051062460518125,-1445.226042601679,872.6588889668053
30.15738818944676,34.14337299658098,34.78480763459395,34.451520886959464,24.126906750519385,20.58151451148492,26.76328924297192,35.20215738501438
91.52376696334896,60.71084831706447,59.92547875501285,78.88656202198072,28.36138963805548,34.57744913371975,85.0746128077831,46.5155277768348
633.7137008874607,562.5219535113774,582.059020918491,685.2692195891157,616.848911026085,461.3655874916178,523.0929535269844,325.4376600007753
2.642487441487878,3.0900845918968134,-0.8535334245100048,-0.6854591607989893,4.521886288298922,2.7242551722673287,0.7870624334080891,1.0898433200959337
-137.58433959473643,513.5702197390893,75.9314537279912,-271.92285273898653,1923.3851779691693,-398.8016232088856,919.5496408978464,689.9022050441793
0.0005552728437483,0.003111499650612,10098.392812367993,11043.34841634048,16918.32194123368,20740.53716030564,-17.71953098033967,164.80355912845698
629.805333670994,8185.204361132214,-1388.7539612419373,148.82403867356166,-2589.0359663962045,-1864.1958763607613,-4261.699191101577,-1651.5778588303983
341.2256164320019,440.6585729144341,-64.6459116628416,1701.3645494683246,2537.7333032439656,887.3293589169709,824.2962081019957,1288.6213026742073
16.907037653519613,33.00372143452147,13.847502546908832,19.65492380990624,25.964660035878307,24.3091709835372,23.11229812389901,17.152793635368468
29.921103220045804,51.7403509594779,34.030402208427304,41.56936099519311,42.30155021331106,33.040816456001565,75.20180623773173,53.92933349525504
425.71746314649647,486.0693825690844,399.8460733479892,765.1840057534763,387.356618737514,738.0862035503849,549.5502230966337,541.2507735169895
1.862326980477583,-0.753865166628535,1.8676893547528644,-1.0410050519246576,-0.3016165930776147,1.1152359217851469,0.8043911393191335,4.477533575218151
-109.08669324394523,2088.9007605098764,540.2852331244915,578.4615452739191,1817.291616464433,-379.69279916219534,684.5892785110188,573.6915439990405
-0.0023937309886877,0.0012096567375014,23094.846374952947,20220.34229453305,14625.607824842373,15986.45793456354,2538.907476570725,-192.9292570187292
702.0690740723711,-1337.5230228065332,260.1794652948205,3057.611157250901,2481.351784418601,2113.6405502724965,2280.368977659424,1527.071730954487
-336.6262880621384,344.3236554557714,5087.362767627958,1928.5263049075584,104.49340265002502,-273.1593891878361,-189.30440939668932,-1103.3486124732217
22.392161668517712,24.90030020690302,31.67710314866355,27.319686931723894,28.185522212875,38.53717114292469,23.63923301800607,23.41233666058709
63.25429446170272,64.98882310551082,70.07306504466371,88.76596625329108,46.76091508034425,43.57280198677877,60.87268229942265,39.7988301241759
630.882073393034,516.896784913037,387.9367219475204,401.6272044841856,547.3215784243145,404.25665576622976,251.74601950772,533.5305653857737
0.3755021355544989,0.8798695208352465,0.2025538516931753,2.473322711887009,1.638504473255176,1.038653869553534,-1.0357918951139038,-0.3703222958202126
-109.28154872763054,800.8398456805639,-75.89481845169735,-28.99005679325625,369.3587990230236,-523.4122251058391,39.23366691149401,1539.924473108657
0.0010627894874591,0.002138231529139,-2212.934587379619,12277.97665185307,14999.410580371585,16549.84069094918,10635.050754666672,768.644091193569
190.2167383360637,843.1192166600915,-719.7562236789124,786.5899582062727,7654.800725268446,1405.1614116341657,840.1651228426696,248.38540499445185
48.61390461196156,46.19582734278512,-309.7803680556759,1511.7664649355188,-993.2145533166812,62.051062460518125,-1445.226042601679,872.6588889668053
30.15738818944676,34.14337299658098,34.78480763459395,34.451520886959464,24.126906750519385,20.58151451148492,26.76328924297192,35.20215738501438
91.52376696334896,60.71084831706447,59.92547875501285,78.88656202198072,28.36138963805548,34.57744913371975,85.0746128077831,46.5155277768348
633.7137008874607,562.5219535113774,582.059020918491,685.2692195891157,616.848911026085,461.3655874916178,523.0929535269844,325.4376600007753
2.642487441487878,3.0900845918968134,-0.8535334245100048,-0.6854591607989893,4.521886288298922,2.7242551722673287,0.7870624334080891,1.0898433200959337
-137.58433959473643,513.5702197390893,75.9314537279912,-271.92285273898653,1923.3851779691693,-398.8016232088856,919.5496408978464,689.9022050441793
0.0005552728437483,0.003111499650612,10098.392812367993,11043.34841634048,16918.32194123368,20740.53716030564,-17.71953098033967,164.80355912845698
629.805333670994,8185.204361132214,-1388.7539612419373,148.82403867356166,-2589.0359663962045,-1864.1958763607613,-4261.699191101577,-1651.5778588303983
341.2256164320019,440.6585729144341,-64.6459116628416,1701.3645494683246,2537.7333032439656,887.3293589169709,824.2962081019957,1288.6213026742073
16.907037653519613,33.00372143452147,13.847502546908832,19.65492380990624,25.964660035878307,24.3091709835372,23.11229812389901,17.152793635368468
29.921103220045804,51.7403509594779,34.030402208427304,41.56936099519311,42.30155021331106,33.040816456001565,75.20180623773173,53.92933349525504
425.71746314649647,486.0693825690844,399.8460733479892,765.1840057534763,387.356618737514,738.0862035503849,549.5502230966337,541.2507735169895
1.862326980477583,-0.753865166628535,1.8676893547528644,-1.0410050519246576,-0.3016165930776147,1.1152359217851469,0.8043911393191335,4.477533575218151
-109.08669324394523,2088.9007605098764,540.2852331244915,578.4615452739191,1817.291616464433,-379.69279916219534,684.5892785110188,573.6915439990405
-0.0023937309886877,0.0012096567375014,23094.846374952947,20220.34229453305,14625.607824842373,15986.45793456354,2538.907476570725,-192.9292570187292
702.0690740723711,-1337.5230228065332,260.1794652948205,3057.611157250901,2481.351784418601,2113.6405502724965,2280.368977659424,1527.071730954487
-336.6262880621384,344.3236554557714,5087.362767627958,1928.5263049075584,104.49340265002502,-273.1593891878361,-189.30440939668932,-1103.3486124732217
22.392161668517712,24.90030020690302,31.67710314866355,27.319686931723894,28.185522212875,38.53717114292469,23.63923301800607,23.41233666058709
63.25429446170272,64.98882310551082,70.07306504466371,88.76596625329108,46.76091508034425,43.57280198677877,60.87268229942265,39.7988301241759
630.882073393034,516.896784913037,387.9367219475204,401.6272044841856,547.3215784243145,404.25665576622976,251.74601950772,533.5305653857737
0.3755021355544989,0.8798695208352465,0.2025538516931753,2.473322711887009,1.638504473255176,1.038653869553534,-1.0357918951139038,-0.3703222958202126
-109.28154872763054,800.8398456805639,-75.89481845169735,-28.99005679325625,369.3587990230236,-523.4122251058391,39.23366691149401,1539.924473108657
0.0010627894874591,0.002138231529139,-2212.934587379619,12277.97665185307,14999.410580371585,16549.84069094918,10635.050754666672,768.644091193569
190.2167383360637,843.1192166600915,-719.7562236789124,786.5899582062727,7654.800725268446,1405.1614116341657,840.1651228426696,248.38540499445185
48.61390461196156,46.19582734278512,-309.7803680556759,1511.7664649355188,-993.2145533166812,62.051062460518125,-1445.226042601679,872.6588889668053
30.15738818944676,34.14337299658098,34.78480763459395,34.451520886959464,24.126906750519385,20.58151451148492,26.76328924297192,35.20215738501438
91.52376696334896,60.71084831706447,59.92547875501285,78.88656202198072,28.36138963805548,34.57744913371975,85.0746128077831,46.5155277768348
633.7137008874607,562.5219535113774,582.059020918491,685.2692195891157,616.848911026085,461.3655874916178,523.0929535269844,325.4376600007753
2.642487441487878,3.0900845918968134,-0.8535334245100048,-0.6854591607989893,4.521886288298922,2.7242551722673287,0.7870624334080891,1.0898433200959337
-137.58433959473643,513.5702197390893,75.9314537279912,-271.92285273898653,1923.3851779691693,-398.8016232088856,919.5496408978464,689.9022050441793
0.0005552728437483,0.003111499650612,10098.392812367993,11043.34841634048,16918.32194123368,20740.53716030564,-17.71953098033967,164.80355912845698
629.805333670994,8185.204361132214,-1388.7539612419373,148.82403867356166,-2589.0359663962045,-1864.1958763607613,-4261.699191101577,-1651.5778588303983
341.2256164320019,440.6585729144341,-64.6459116628416,1701.3645494683246,2537.7333032439656,887.3293589169709,824.2962081019957,1288.6213026742073
16.907037653519613,33.00372143452147,13.847502546908832,19.65492380990624,25.964660035878307,24.3091709835372,23.11229812389901,17.152793635368468
29.921103220045804,51.7403509594779,34.030402208427304,41.56936099519311,42.30155021331106,33.040816456001565,75.20180623773173,53.92933349525504
425.71746314649647,486.0693825690844,399.8460733479892,765.1840057534763,387.356618737514,738.0862035503849,549.5502230966337,541.2507735169895
1.862326980477583,-0.753865166628535,1.8676893547528644,-1.0410050519246576,-0.3016165930776147,1.1152359217851469,0.8043911393191335,4.477533575218151
-109.08669324394523,2088.9007605098764,540.2852331244915,578.4615452739191,1817.291616464433,-379.69279916219534,684.5892785110188,573.6915439990405
-0.0023937309886877,0.0012096567375014,23094.846374952947,20220.34229453305,14625.607824842373,15986.45793456354,2538.907476570725,-192.9292570187292
702.0690740723711,-1337.5230228065332,260.1794652948205,3057.611157250901,2481.351784418601,2113.6405502724965,2280.368977659424,1527.071730954487
-336.6262880621384,344.3236554557714,5087.362767627958,1928.5263049075584,104.49340265002502,-273.1593891878361,-189.30440939668932,-1103.3486124732217
22.392161668517712,24.90030020690302,31.67710314866355,27.319686931723894,28.185522212875,38.53717114292469,23.63923301800607,23.41233666058709
63.25429446170272,64.98882310551082,70.07306504466371,88.76596625329108,46.76091508034425,43.57280198677877,60.87268229942265,39.7988301241759
630.882073393034,516.896784913037,387.9367219475204,401.6272044841856,547.3215784243145,404.25665576622976,251.74601950772,533.5305653857737
0.3755021355544989,0.8798695208352465,0.2025538516931753,2.473322711887009,1.638504473255176,1.038653869553534,-1.0357918951139038,-0.3703222958202126
-109.28154872763054,800.8398456805639,-75.89481845169735,-28.99005679325625,369.3587990230236,-523.4122251058391,39.23366691149401,1539.924473108657
0.0010627894874591,0.002138231529139,-2212.934587379619,12277.97665185307,14999.410580371585,16549.84069094918,10635.050754666672,768.644091193569
190.2167383360637,843.1192166600915,-719.7562236789124,786.5899582062727,7654.800725268446,1405.1614116341657,840.1651228426696,248.38540499445185
48.61390461196156,46.19582734278512,-309.7803680556759,1511.7664649355188,-993.2145533166812,62.051062460518125,-1445.226042601679,872.6588889668053
30.15738818944676,34.14337299658098,34.78480763459395,34.451520886959464,24.126906750519385,20.58151451148492,26.76328924297192,35.20215738501438
91.52376696334896,60.71084831706447,59.92547875501285,78.88656202198072,28.36138963805548,34.57744913371975,85.0746128077831,46.5155277768348
633.7137008874607,562.5219535113774,582.059020918491,685.2692195891157,616.848911026085,461.3655874916178,523.0929535269844,325.4376600007753
2.642487441487878,3.0900845918968134,-0.8535334245100048,-0.6854591607989893,4.521886288298922,2.7242551722673287,0.7870624334080891,1.0898433200959337
-137.58433959473643,513.5702197390893,75.9314537279912,-271.92285273898653,1923.3851779691693,-398.8016232088856,919.5496408978464,689.9022050441793
0.0005552728437483,0.003111499650612,10098.392812367993,11043.34841634048,16918.32194123368,20740.53716030564,-17.71953098033967,164.80355912845698
629.805333670994,8185.204361132214,-1388.7539612419373,148.82403867356166,-2589.0359663962045,-1864.1958763607613,-4261.699191101577,-1651.5778588303983
341.2256164320019,440.6585729144341,-64.6459116628416,1701.3645494683246,2537.7333032439656,887.3293589169709,824.2962081019957,1288.6213026742073
16.907037653519613,33.00372143452147,13.847502546908832,19.65492380990624,25.964660035878307,24.3091709835372,23.11229812389901,17.152793635368468
29.921103220045804,51.7403509594779,34.030402208427304,41.56936099519311,42.30155021331106,33.040816456001565,75.20180623773173,53.92933349525504
425.71746314649647,486.0693825690844,399.8460733479892,765.1840057534763,387.356618737514,738.0862035503849,549.5502230966337,541.2507735169895
1.862326980477583,-0.753865166628535,1.8676893547528644,-1.0410050519246576,-0.3016165930776147,1.1152359217851469,0.8043911393191335,4.477533575218151
-109.08669324394523,2088.9007605098764,540.2852331244915,578.4615452739191,1817.291616464433,-379.69279916219534,684.5892785110188,573.6915439990405
-0.0023937309886877,0.0012096567375014,23094.846374952947,20220.34229453305,14625.607824842373,15986.45793456354,2538.907476570725,-192.9292570187292
702.0690740723711,-1337.5230228065332,260.1794652948205,3057.611157250901,2481.351784418601,2113.6405502724965,2280.368977659424,1527.071730954487
-336.6262880621384,344.3236554557714,5087.362767627958,1928.5263049075584,104.49340265002502,-273.1593891878361,-189.30440939668932,-1103.3486124732217
22.392161668517712,24.90030020690302,31.67710314866355,27.319686931723894,28.185522212875,38.53717114292469,23.63923301800607,23.41233666058709
63.25429446170272,64.98882310551082,70.07306504466371,88.76596625329108,46.76091508034425,43.57280198677877,60.87268229942265,39.7988301241759
630.882073393034,516.896784913037,387.9367219475204,401.6272044841856,547.3215784243145,404.25665576622976,251.74601950772,533.5305653857737
0.3755021355544989,0.8798695208352465,0.2025538516931753,2.473322711887009,1.638504473255176,1.038653869553534,-1.0357918951139038,-0.3703222958202126
-109.28154872763054,800.8398456805639,-75.89481845169735,-28.99005679325625,369.3587990230236,-523.4122251058391,39.23366691149401,1539.924473108657
0.0010627894874591,0.002138231529139,-2212.934587379619,12277.97665185307,14999.410580371585,16549.84069094918,10635.050754666672,768.644091193569
190.2167383360637,843.1192166600915,-719.7562236789124,786.5899582062727,7654.800725268446,1405.1614116341657,840.1651228426696,248.38540499445185
48.61390461196156,46.19582734278512,-309.7803680556759,1511.7664649355188,-993.2145533166812,62.051062460518125,-1445.226042601679,872.6588889668053
30.15738818944676,34.14337299658098,34.78480763459395,34.451520886959464,24.126906750519385,20.58151451148492,26.76328924297192,35.20215738501438
91.52376696334896,60.71084831706447,59.92547875501285,78.88656202198072,28.36138963805548,34.57744913371975,85.0746128077831,46.5155277768348
633.7137008874607,562.5219535113774,582.059020918491,685.2692195891157,616.848911026085,461.3655874916178,523.0929535269844,325.4376600007753
2.642487441487878,3.0900845918968134,-0.8535334245100048,-0.6854591607989893,4.521886288298922,2.7242551722673287,0.7870624334080891,1.0898433200959337
-137.58433959473643,513.5702197390893,75.9314537279912,-271.92285273898653,1923.3851779691693,-398.8016232088856,919.5496408978464,689.9022050441793
0.0005552728437483,0.003111499650612,10098.392812367993,11043.34841634048,16918.32194123368,20740.53716030564,-17.71953098033967,164.80355912845698
629.805333670994,8185.204361132214,-1388.7539612419373,148.82403867356166,-2589.0359663962045,-1864.1958763607613,-4261.699191101577,-1651.5778588303983
341.2256164320019,440.6585729144341,-64.6459116628416,1701.3645494683246,2537.7333032439656,887.3293589169709,824.2962081019957,1288.6213026742073
16.907037653519613,33.00372143452147,13.847502546908832,19.65492380990624,25.964660035878307,24.3091709835372,23.11229812389901,17.152793635368468
29.921103220045804,51.7403509594779,34.030402208427304,41.56936099519311,42.30155021331106,33.040816456001565,75.20180623773173,53.92933349525504
425.71746314649647,486.0693825690844,399.8460733479892,765.1840057534763,387.356618737514,738.0862035503849,549.5502230966337,541.2507735169895
1.862326980477583,-0.753865166628535,1.8676893547528644,-1.0410050519246576,-0.3016165930776147,1.1152359217851469,0.8043911393191335,4.477533575218151
-109.08669324394523,2088.9007605098764,540.2852331244915,578.4615452739191,1817.291616464433,-379.69279916219534,684.5892785110188,573.6915439990405
-0.0023937309886877,0.0012096567375014,23094.846374952947,20220.34229453305,14625.607824842373,15986.45793456354,2538.907476570725,-192.9292570187292
702.0690740723711,-1337.5230228065332,260.1794652948205,3057.611157250901,2481.351784418601,2113.6405502724965,2280.368977659424,1527.071730954487
-336.6262880621384,344.3236554557714,5087.362767627958,1928.5263049075584,104.49340265002502,-273.1593891878361,-189.30440939668932,-1103.3486124732217
22.392161668517712,24.90030020690302,31.67710314866355,27.319686931723894,28.185522212875,38.53717114292469,23.63923301800607,23.41233666058709
63.25429446170272,64.98882310551082,70.07306504466371,88.76596625329108,46.76091508034425,43.57280198677877,60.87268229942265,39.7988301241759
630.882073393034,516.896784913037,387.9367219475204,401.6272044841856,547.3215784243145,404.25665576622976,251.74601950772,533.5305653857737
0.3755021355544989,0.8798695208352465,0.2025538516931753,2.473322711887009,1.638504473255176,1.038653869553534,-1.0357918951139038,-0.3703222958202126
-109.28154872763054,800.8398456805639,-75.89481845169735,-28.99005679325625,369.3587990230236,-523.4122251058391,39.23366691149401,1539.924473108657
0.0010627894874591,0.002138231529139,-2212.934587379619,12277.97665185307,14999.410580371585,16549.84069094918,10635.050754666672,768.644091193569
190.2167383360637,843.1192166600915,-719.7562236789124,786.5899582062727,7654.800725268446,1405.1614116341657,840.1651228426696,248.38540499445185
48.61390461196156,46.19582734278512,-309.7803680556759,1511.7664649355188,-993.2145533166812,62.051062460518125,-1445.226042601679,872.6588889668053
30.15738818944676,34.14337299658098,34.78480763459395,34.451520886959464,24.126906750519385,20.58151451148492,26.76328924297192,35.20215738501438
91.52376696334896,60.71084831706447,59.92547875501285,78.88656202198072,28.36138963805548,34.57744913371975,85.0746128077831,46.5155277768348
633.7137008874607,562.5219535113774,582.059020918491,685.2692195891157,616.848911026085,461.3655874916178,523.0929535269844,325.4376600007753
2.642487441487878,3.0900845918968134,-0.8535334245100048,-0.6854591607989893,4.521886288298922,2.7242551722673287,0.7870624334080891,1.0898433200959337
-137.58433959473643,513.5702197390893,75.9314537279912,-271.92285273898653,1923.3851779691693,-398.8016232088856,919.5496408978464,689.9022050441793
0.0005552728437483,0.003111499650612,10098.392812367993,11043.34841634048,16918.32194123368,20740.53716030564,-17.71953098033967,164.80355912845698
629.805333670994,8185.204361132214,-1388.7539612419373,148.82403867356166,-2589.0359663962045,-1864.1958763607613,-4261.699191101577,-1651.5778588303983
341.2256164320019,440.6585729144341,-64.6459116628416,1701.3645494683246,2537.7333032439656,887.3293589169709,824.2962081019957,1288.6213026742073
16.907037653519613,33.00372143452147,13.847502546908832,19.65492380990624,25.964660035878307,24.3091709835372,23.11229812389901,17.152793635368468
29.921103220045804,51.7403509594779,34.030402208427304,41.56936099519311,42.30155021331106,33.040816456001565,75.20180623773173,53.92933349525504
425.71746314649647,486.0693825690844,399.8460733479892,765.1840057534763,387.356618737514,738.0862035503849,549.5502230966337,541.2507735169895
1.862326980477583,-0.753865166628535,1.8676893547528644,-1.0410050519246576,-0.3016165930776147,1.1152359217851469,0.8043911393191335,4.477533575218151
-109.08669324394523,2088.9007605098764,540.2852331244915,578.4615452739191,1817.291616464433,-379.69279916219534,684.5892785110188,573.6915439990405
-0.0023937309886877,0.0012096567375014,23094.846374952947,20220.34229453305,14625.607824842373,15986.45793456354,2538.907476570725,-192.9292570187292
702.0690740723711,-1337.5230228065332,260.1794652948205,3057.611157250901,2481.351784418601,2113.6405502724965,2280.368977659424,1527.071730954487
-336.6262880621384,344.3236554557714,5087.362767627958,1928.5263049075584,104.49340265002502,-273.1593891878361,-189.30440939668932,-1103.3486124732217
22.392161668517712,24.90030020690302,31.67710314866355,27.319686931723894,28.185522212875,38.53717114292469,23.63923301800607,23.41233666058709
63.25429446170272,64.98882310551082,70.07306504466371,88.76596625329108,46.76091508034425,43.57280198677877,60.87268229942265,39.7988301241759
630.882073393034,516.896784913037,387.9367219475204,401.6272044841856,547.3215784243145,404.25665576622976,251.74601950772,533.5305653857737
0.3755021355544989,0.8798695208352465,0.2025538516931753,2.473322711887009,1.638504473255176,1.038653869553534,-1.0357918951139038,-0.3703222958202126
-109.28154872763054,800.8398456805639,-75.89481845169735,-28.99005679325625,369.3587990230236,-523.4122251058391,39.23366691149401,1539.924473108657
0.0010627894874591,0.002138231529139,-2212.934587379619,12277.97665185307,14999.410580371585,16549.84069094918,10635.050754666672,768.644091193569
190.2167383360637,843.1192166600915,-719.7562236789124,786.5899582062727,7654.800725268446,1405.1614116341657,840.1651228426696,248.38540499445185
48.61390461196156,46.19582734278512,-309.7803680556759,1511.7664649355188,-993.2145533166812,62.051062460518125,-1445.226042601679,872.6588889668053
30.15738818944676,34.14337299658098,34.78480763459395,34.451520886959464,24.126906750519385,20.58151451148492,26.76328924297192,35.20215738501438
91.52376696334896,60.71084831706447,59.92547875501285,78.88656202198072,28.36138963805548,34.57744913371975,85.0746128077831,46.5155277768348
633.7137008874607,562.5219535113774,582.059020918491,685.2692195891157,616.848911026085,461.3655874916178,523.0929535269844,325.4376600007753
2.642487441487878,3.0900845918968134,-0.8535334245100048,-0.6854591607989893,4.521886288298922,2.7242551722673287,0.7870624334080891,1.0898433200959337
-137.58433959473643,513.5702197390893,75.9314537279912,-271.92285273898653,1923.3851779691693,-398.8016232088856,919.5496408978464,689.9022050441793
0.0005552728437483,0.003111499650612,10098.392812367993,11043.34841634048,16918.32194123368,20740.53716030564,-17.71953098033967,164.80355912845698
629.805333670994,8185.204361132214,-1388.7539612419373,148.82403867356166,-2589.0359663962045,-1864.1958763607613,-4261.699191101577,-1651.5778588303983
341.2256164320019,440.6585729144341,-64.6459116628416,1701.3645494683246,2537.7333032439656,887.3293589169709,824.2962081019957,1288.6213026742073
16.907037653519613,33.00372143452147,13.847502546908832,19.65492380990624,25.964660035878307,24.3091709835372,23.11229812389901,17.152793635368468
29.921103220045804,51.7403509594779,34.030402208427304,41.56936099519311,42.30155021331106,33.040816456001565,75.20180623773173,53.92933349525504
425.71746314649647,486.0693825690844,399.8460733479892,765.1840057534763,387.356618737514,738.0862035503849,549.5502230966337,541.2507735169895
1.862326980477583,-0.753865166628535,1.8676893547528644,-1.0410050519246576,-0.3016165930776147,1.1152359217851469,0.8043911393191335,4.477533575218151
-109.08669324394523,2088.9007605098764,540.2852331244915,578.4615452739191,1817.291616464433,-379.69279916219534,684.5892785110188,573.6915439990405
-0.0023937309886877,0.0012096567375014,23094.846374952947,20220.34229453305,14625.607824842373,15986.45793456354,2538.907476570725,-192.9292570187292
702.0690740723711,-1337.5230228065332,260.1794652948205,3057.611157250901,2481.351784418601,2113.6405502724965,2280.368977659424,1527.071730954487
-336.6262880621384,344.3236554557714,5087.362767627958,1928.5263049075584,104.49340265002502,-273.1593891878361,-189.30440939668932,-1103.3486124732217
22.392161668517712,24.90030020690302,31.67710314866355,27.319686931723894,28.185522212875,38.53717114292469,23.63923301800607,23.41233666058709
63.25429446170272,64.98882310551082,70.07306504466371,88.76596625329108,46.76091508034425,43.57280198677877,60.87268229942265,39.7988301241759
630.882073393034,516.896784913037,387.9367219475204,401.6272044841856,547.3215784243145,404.25665576622976,251.74601950772,533.5305653857737
0.3755021355544989,0.8798695208352465,0.2025538516931753,2.473322711887009,1.638504473255176,1.038653869553534,-1.0357918951139038,-0.3703222958202126
-109.28154872763054,800.8398456805639,-75.89481845169735,-28.99005679325625,369.3587990230236,-523.4122251058391,39.23366691149401,1539.924473108657
0.0010627894874591,0.002138231529139,-2212.934587379619,12277.97665185307,14999.410580371585,16549.84069094918,10635.050754666672,768.644091193569
190.2167383360637,843.1192166600915,-719.7562236789124,786.5899582062727,7654.800725268446,1405.1614116341657,840.1651228426696,248.38540499445185
48.61390461196156,46.19582734278512,-309.7803680556759,1511.7664649355188,-993.2145533166812,62.051062460518125,-1445.226042601679,872.6588889668053
30.15738818944676,34.14337299658098,34.78480763459395,34.451520886959464,24.126906750519385,20.58151451148492,26.76328924297192,35.20215738501438
91.52376696334896,60.71084831706447,59.92547875501285,78.88656202198072,28.36138963805548,34.57744913371975,85.0746128077831,46.5155277768348
633.7137008874607,562.5219535113774,582.059020918491,685.2692195891157,616.848911026085,461.3655874916178,523.0929535269844,325.4376600007753
2.642487441487878,3.0900845918968134,-0.8535334245100048,-0.6854591607989893,4.521886288298922,2.7242551722673287,0.7870624334080891,1.0898433200959337
-137.58433959473643,513.5702197390893,75.9314537279912,-271.92285273898653,1923.3851779691693,-398.8016232088856,919.5496408978464,689.9022050441793
0.0005552728437483,0.003111499650612,10098.392812367993,11043.34841634048,16918.32194123368,20740.53716030564,-17.71953098033967,164.80355912845698
629.805333670994,8185.204361132214,-1388.7539612419373,148.82403867356166,-2589.0359663962045,-1864.1958763607613,-4261.699191101577,-1651.5778588303983
341.2256164320019,440.6585729144341,-64.6459116628416,1701.3645494683246,2537.7333032439656,887.3293589169709,824.2962081019957,1288.6213026742073
16.907037653519613,33.00372143452147,13.847502546908832,19.65492380990624,25.964660035878307,24.3091709835372,23.11229812389901,17.152793635368468
29.921103220045804,51.7403509594779,34.030402208427304,41.56936099519311,42.30155021331106,33.040816456001565,75.20180623773173,53.92933349525504
425.71746314649647,486.0693825690844,399.8460733479892,765.1840057534763,387.356618737514,738.0862035503849,549.5502230966337,541.2507735169895
1.862326980477583,-0.753865166628535,1.8676893547528644,-1.0410050519246576,-0.3016165930776147,1.1152359217851469,0.8043911393191335,4.477533575218151
-109.08669324394523,2088.9007605098764,540.2852331244915,578.4615452739191,1817.291616464433,-379.69279916219534,684.5892785110188,573.6915439990405
-0.0023937309886877,0.0012096567375014,23094.846374952947,20220.34229453305,14625.607824842373,15986.45793456354,2538.907476570725,-192.9292570187292
702.0690740723711,-1337.5230228065332,260.1794652948205,3057.611157250901,2481.351784418601,2113.6405502724965,2280.368977659424,1527.071730954487
-336.6262880621384,344.3236554557714,5087.362767627958,1928.5263049075584,104.49340265002502,-273.1593891878361,-189.30440939668932,-1103.3486124732217
22.392161668517712,24.90030020690302,31.67710314866355,27.319686931723894,28.185522212875,38.53717114292469,23.63923301800607,23.41233666058709
63.25429446170272,64.98882310551082,70.07306504466371,88.76596625329108,46.76091508034425,43.57280198677877,60.87268229942265,39.7988301241759
630.882073393034,516.896784913037,387.9367219475204,401.6272044841856,547.3215784243145,404.25665576622976,251.74601950772,533.5305653857737
0.3755021355544989,0.8798695208352465,0.2025538516931753,2.473322711887009,1.638504473255176,1.038653869553534,-1.0357918951139038,-0.3703222958202126
-109.28154872763054,800.8398456805639,-75.89481845169735,-28.99005679325625,369.3587990230236,-523.4122251058391,39.23366691149401,1539.924473108657
0.0010627894874591,0.002138231529139,-2212.934587379619,12277.97665185307,14999.410580371585,16549.84069094918,10635.050754666672,768.644091193569
190.2167383360637,843.1192166600915,-719.7562236789124,786.5899582062727,7654.800725268446,1405.1614116341657,840.1651228426696,248.38540499445185
48.61390461196156,46.19582734278512,-309.7803680556759,1511.7664649355188,-993.2145533166812,62.051062460518125,-1445.226042601679,872.6588889668053
30.15738818944676,34.14337299658098,34.78480763459395,34.451520886959464,24.126906750519385,20.58151451148492,26.76328924297192,35.20215738501438
91.52376696334896,60.71084831706447,59.92547875501285,78.88656202198072,28.36138963805548,34.57744913371975,85.0746128077831,46.5155277768348
633.7137008874607,562.5219535113774,582.059020918491,685.2692195891157,616.848911026085,461.3655874916178,523.0929535269844,325.4376600007753
2.642487441487878,3.0900845918968134,-0.8535334245100048,-0.6854591607989893,4.521886288298922,2.7242551722673287,0.7870624334080891,1.0898433200959337
-137.58433959473643,513.5702197390893,75.9314537279912,-271.92285273898653,1923.3851779691693,-398.8016232088856,919.5496408978464,689.9022050441793
0.0005552728437483,0.003111499650612,10098.392812367993,11043.34841634048,16918.32194123368,20740.53716030564,-17.71953098033967,164.80355912845698
629.805333670994,8185.204361132214,-1388.7539612419373,148.82403867356166,-2589.0359663962045,-1864.1958763607613,-4261.699191101577,-1651.5778588303983
341.2256164320019,440.6585729144341,-64.6459116628416,1701.3645494683246,2537.7333032439656,887.3293589169709,824.2962081019957,1288.6213026742073
16.907037653519613,33.00372143452147,13.847502546908832,19.65492380990624,25.964660035878307,24.3091709835372,23.11229812389901,17.152793635368468
29.921103220045804,51.7403509594779,34.030402208427304,41.56936099519311,42.30155021331106,33.040816456001565,75.20180623773173,53.92933349525504
425.71746314649647,486.0693825690844,399.8460733479892,765.1840057534763,387.356618737514,738.0862035503849,549.5502230966337,541.2507735169895
1.862326980477583,-0.753865166628535,1.8676893547528644,-1.0410050519246576,-0.3016165930776147,1.1152359217851469,0.8043911393191335,4.477533575218151
-109.08669324394523,2088.9007605098764,540.2852331244915,578.4615452739191,1817.291616464433,-379.69279916219534,684.5892785110188,573.6915439990405
-0.0023937309886877,0.0012096567375014,23094.846374952947,20220.34229453305,14625.607824842373,15986.45793456354,2538.907476570725,-192.9292570187292
702.0690740723711,-1337.5230228065332,260.1794652948205,3057.611157250901,2481.351784418601,2113.6405502724965,2280.368977659424,1527.071730954487
-336.6262880621384,344.3236554557714,5087.362767627958,1928.5263049075584,104.49340265002502,-273.1593891878361,-189.30440939668932,-1103.3486124732217
22.392161668517712,24.90030020690302,31.67710314866355,27.319686931723894,28.185522212875,38.53717114292469,23.63923301800607,23.41233666058709
63.25429446170272,64.98882310551082,70.07306504466371,88.76596625329108,46.76091508034425,43.57280198677877,60.87268229942265,39.7988301241759
630.882073393034,516.896784913037,387.9367219475204,401.6272044841856,547.3215784243145,404.25665576622976,251.74601950772,533.5305653857737
0.3755021355544989,0.8798695208352465,0.2025538516931753,2.473322711887009,1.638504473255176,1.038653869553534,-1.0357918951139038,-0.3703222958202126
-109.28154872763054,800.8398456805639,-75.89481845169735,-28.99005679325625,369.3587990230236,-523.4122251058391,39.23366691149401,1539.924473108657
0.0010627894874591,0.002138231529139,-2212.934587379619,12277.97665185307,14999.410580371585,16549.84069094918,10635.050754666672,768.644091193569
190.2167383360637,843.1192166600915,-719.7562236789124,786.5899582062727,7654.800725268446,1405.1614116341657,840.1651228426696,248.38540499445185
48.61390461196156,46.19582734278512,-309.7803680556759,1511.7664649355188,-993.2145533166812,62.051062460518125,-1445.226042601679,872.6588889668053
30.15738818944676,34.14337299658098,34.78480763459395,34.451520886959464,24.126906750519385,20.58151451148492,26.76328924297192,35.20215738501438
91.52376696334896,60.71084831706447,59.92547875501285,78.88656202198072,28.36138963805548,34.57744913371975,85.0746128077831,46.5155277768348
633.7137008874607,562.5219535113774,582.059020918491,685.2692195891157,616.848911026085,461.3655874916178,523.0929535269844,325.4376600007753
2.642487441487878,3.0900845918968134,-0.8535334245100048,-0.6854591607989893,4.521886288298922,2.7242551722673287,0.7870624334080891,1.0898433200959337
-137.58433959473643,513.5702197390893,75.9314537279912,-271.92285273898653,1923.3851779691693,-398.8016232088856,919.5496408978464,689.9022050441793
0.0005552728437483,0.003111499650612,10098.392812367993,11043.34841634048,16918.32194123368,20740.53716030564,-17.71953098033967,164.80355912845698
629.805333670994,8185.204361132214,-1388.7539612419373,148.82403867356166,-2589.0359663962045,-1864.1958763607613,-4261.699191101577,-1651.5778588303983
341.2256164320019,440.6585729144341,-64.6459116628416,1701.3645494683246,2537.7333032439656,887.3293589169709,824.2962081019957,1288.6213026742073
16.907037653519613,33.00372143452147,13.847502546908832,19.65492380990624,25.964660035878307,24.3091709835372,23.11229812389901,17.152793635368468
29.921103220045804,51.7403509594779,34.030402208427304,41.56936099519311,42.30155021331106,33.040816456001565,75.20180623773173,53.92933349525504
425.71746314649647,486.0693825690844,399.8460733479892,765.1840057534763,387.356618737514,738.0862035503849,549.5502230966337,541.2507735169895
1.862326980477583,-0.753865166628535,1.8676893547528644,-1.0410050519246576,-0.3016165930776147,1.1152359217851469,0.8043911393191335,4.477533575218151
-109.08669324394523,2088.9007605098764,540.2852331244915,578.4615452739191,1817.291616464433,-379.69279916219534,684.5892785110188,573.6915439990405
-0.0023937309886877,0.0012096567375014,23094.846374952947,20220.34229453305,14625.607824842373,15986.45793456354,2538.907476570725,-192.9292570187292
702.0690740723711,-1337.5230228065332,260.1794652948205,3057.611157250901,2481.351784418601,2113.6405502724965,2280.368977659424,1527.071730954487
-336.6262880621384,344.3236554557714,5087.362767627958,1928.5263049075584,104.49340265002502,-273.1593891878361,-189.30440939668932,-1103.3486124732217
22.392161668517712,24.90030020690302,31.67710314866355,27.319686931723894,28.185522212875,38.53717114292469,23.63923301800607,23.41233666058709
63.25429446170272,64.98882310551082,70.07306504466371,88.76596625329108,46.76091508034425,43.57280198677877,60.87268229942265,39.7988301241759
630.882073393034,516.896784913037,387.9367219475204,401.6272044841856,547.3215784243145,404.25665576622976,251.74601950772,533.5305653857737
0.3755021355544989,0.8798695208352465,0.2025538516931753,2.473322711887009,1.638504473255176,1.038653869553534,-1.0357918951139038,-0.3703222958202126
-109.28154872763054,800.8398456805639,-75.89481845169735,-28.99005679325625,369.3587990230236,-523.4122251058391,39.23366691149401,1539.924473108657
0.0010627894874591,0.002138231529139,-2212.934587379619,12277.97665185307,14999.410580371585,16549.84069094918,10635.050754666672,768.644091193569
190.2167383360637,843.1192166600915,-719.7562236789124,786.5899582062727,7654.800725268446,1405.1614116341657,840.1651228426696,248.38540499445185
48.61390461196156,46.19582734278512,-309.7803680556759,1511.7664649355188,-993.2145533166812,62.051062460518125,-1445.226042601679,872.6588889668053
30.15738818944676,34.14337299658098,34.78480763459395,34.451520886959464,24.126906750519385,20.58151451148492,26.76328924297192,35.20215738501438
91.52376696334896,60.71084831706447,59.92547875501285,78.88656202198072,28.36138963805548,34.57744913371975,85.0746128077831,46.5155277768348
633.7137008874607,562.5219535113774,582.059020918491,685.2692195891157,616.848911026085,461.3655874916178,523.0929535269844,325.4376600007753
2.642487441487878,3.0900845918968134,-0.8535334245100048,-0.6854591607989893,4.521886288298922,2.7242551722673287,0.7870624334080891,1.0898433200959337
-137.58433959473643,513.5702197390893,75.9314537279912,-271.92285273898653,1923.3851779691693,-398.8016232088856,919.5496408978464,689.9022050441793
0.0005552728437483,0.003111499650612,10098.392812367993,11043.34841634048,16918.32194123368,20740.53716030564,-17.71953098033967,164.80355912845698
629.805333670994,8185.204361132214,-1388.7539612419373,148.82403867356166,-2589.0359663962045,-1864.1958763607613,-4261.699191101577,-1651.5778588303983
341.2256164320019,440.6585729144341,-64.6459116628416,1701.3645494683246,2537.7333032439656,887.3293589169709,824.2962081019957,1288.6213026742073
16.907037653519613,33.00372143452147,13.847502546908832,19.65492380990624,25.964660035878307,24.3091709835372,23.11229812389901,17.152793635368468
29.921103220045804,51.7403509594779,34.030402208427304,41.56936099519311,42.30155021331106,33.040816456001565,75.20180623773173,53.92933349525504
425.71746314649647,486.0693825690844,399.8460733479892,765.1840057534763,387.356618737514,738.0862035503849,549.5502230966337,541.2507735169895
1.862326980477583,-0.753865166628535,1.8676893547528644,-1.0410050519246576,-0.3016165930776147,1.1152359217851469,0.8043911393191335,4.477533575218151
-109.08669324394523,2088.9007605098764,540.2852331244915,578.4615452739191,1817.291616464433,-379.69279916219534,684.5892785110188,573.6915439990405
-0.0023937309886877,0.0012096567375014,23094.846374952947,20220.34229453305,14625.607824842373,15986.45793456354,2538.907476570725,-192.9292570187292
702.0690740723711,-1337.5230228065332,260.1794652948205,3057.611157250901,2481.351784418601,2113.6405502724965,2280.368977659424,1527.071730954487
-336.6262880621384,344.3236554557714,5087.362767627958,1928.5263049075584,104.49340265002502,-273.1593891878361,-189.30440939668932,-1103.3486124732217
22.392161668517712,24.90030020690302,31.67710314866355,27.319686931723894,28.185522212875,38.53717114292469,23.63923301800607,23.41233666058709
63.25429446170272,64.98882310551082,70.07306504466371,88.76596625329108,46.76091508034425,43.57280198677877,60.87268229942265,39.7988301241759
630.882073393034,516.896784913037,387.9367219475204,401.6272044841856,547.3215784243145,404.25665576622976,251.74601950772,533.5305653857737
0.3755021355544989,0.8798695208352465,0.2025538516931753,2.473322711887009,1.638504473255176,1.038653869553534,-1.0357918951139038,-0.3703222958202126
-109.28154872763054,800.8398456805639,-75.89481845169735,-28.99005679325625,369.3587990230236,-523.4122251058391,39.23366691149401,1539.924473108657
0.0010627894874591,0.002138231529139,-2212.934587379619,12277.97665185307,14999.410580371585,16549.84069094918,10635.050754666672,768.644091193569
190.2167383360637,843.1192166600915,-719.7562236789124,786.5899582062727,7654.800725268446,1405.1614116341657,840.1651228426696,248.38540499445185
48.61390461196156,46.19582734278512,-309.7803680556759,1511.7664649355188,-993.2145533166812,62.051062460518125,-1445.226042601679,872.6588889668053
30.15738818944676,34.14337299658098,34.78480763459395,34.451520886959464,24.126906750519385,20.58151451148492,26.76328924297192,35.20215738501438
91.52376696334896,60.71084831706447,59.92547875501285,78.88656202198072,28.36138963805548,34.57744913371975,85.0746128077831,46.5155277768348
633.7137008874607,562.5219535113774,582.059020918491,685.2692195891157,616.848911026085,461.3655874916178,523.0929535269844,325.4376600007753
2.642487441487878,3.0900845918968134,-0.8535334245100048,-0.6854591607989893,4.521886288298922,2.7242551722673287,0.7870624334080891,1.0898433200959337
-137.58433959473643,513.5702197390893,75.9314537279912,-271.92285273898653,1923.3851779691693,-398.8016232088856,919.5496408978464,689.9022050441793
0.0005552728437483,0.003111499650612,10098.392812367993,11043.34841634048,16918.32194123368,20740.53716030564,-17.71953098033967,164.80355912845698
629.805333670994,8185.204361132214,-1388.7539612419373,148.82403867356166,-2589.0359663962045,-1864.1958763607613,-4261.699191101577,-1651.5778588303983
341.2256164320019,440.6585729144341,-64.6459116628416,1701.3645494683246,2537.7333032439656,887.3293589169709,824.2962081019957,1288.6213026742073
16.907037653519613,33.00372143452147,13.847502546908832,19.65492380990624,25.964660035878307,24.3091709835372,23.11229812389901,17.152793635368468
29.921103220045804,51.7403509594779,34.030402208427304,41.56936099519311,42.30155021331106,33.040816456001565,75.20180623773173,53.92933349525504
425.71746314649647,486.0693825690844,399.8460733479892,765.1840057534763,387.356618737514,738.0862035503849,549.5502230966337,541.2507735169895
1.862326980477583,-0.753865166628535,1.8676893547528644,-1.0410050519246576,-0.3016165930776147,1.1152359217851469,0.8043911393191335,4.477533575218151
-109.08669324394523,2088.9007605098764,540.2852331244915,578.4615452739191,1817.291616464433,-379.69279916219534,684.5892785110188,573.6915439990405
-0.0023937309886877,0.0012096567375014,23094.846374952947,20220.34229453305,14625.607824842373,15986.45793456354,2538.907476570725,-192.9292570187292
702.0690740723711,-1337.5230228065332,260.1794652948205,3057.611157250901,2481.351784418601,2113.6405502724965,2280.368977659424,1527.071730954487
-336.6262880621384,344.3236554557714,5087.362767627958,1928.5263049075584,104.49340265002502,-273.1593891878361,-189.30440939668932,-1103.3486124732217
22.392161668517712,24.90030020690302,31.67710314866355,27.319686931723894,28.185522212875,38.53717114292469,23.63923301800607,23.41233666058709
63.25429446170272,64.98882310551082,70.07306504466371,88.76596625329108,46.76091508034425,43.57280198677877,60.87268229942265,39.7988301241759
630.882073393034,516.896784913037,387.9367219475204,401.6272044841856,547.3215784243145,404.25665576622976,251.74601950772,533.5305653857737
0.3755021355544989,0.8798695208352465,0.2025538516931753,2.473322711887009,1.638504473255176,1.038653869553534,-1.0357918951139038,-0.3703222958202126
-109.28154872763054,800.8398456805639,-75.89481845169735,-28.99005679325625,369.3587990230236,-523.4122251058391,39.23366691149401,1539.924473108657
0.0010627894874591,0.002138231529139,-2212.934587379619,12277.97665185307,14999.410580371585,16549.84069094918,10635.050754666672,768.644091193569
190.2167383360637,843.1192166600915,-719.7562236789124,786.5899582062727,7654.800725268446,1405.1614116341657,840.1651228426696,248.38540499445185
48.61390461196156,46.19582734278512,-309.7803680556759,1511.7664649355188,-993.2145533166812,62.051062460518125,-1445.226042601679,872.6588889668053
30.15738818944676,34.14337299658098,34.78480763459395,34.451520886959464,24.126906750519385,20.58151451148492,26.76328924297192,35.20215738501438
91.52376696334896,60.71084831706447,59.92547875501285,78.88656202198072,28.36138963805548,34.57744913371975,85.0746128077831,46.5155277768348
633.7137008874607,562.5219535113774,582.059020918491,685.2692195891157,616.848911026085,461.3655874916178,523.0929535269844,325.4376600007753
2.642487441487878,3.0900845918968134,-0.8535334245100048,-0.6854591607989893,4.521886288298922,2.7242551722673287,0.7870624334080891,1.0898433200959337
-137.58433959473643,513.5702197390893,75.9314537279912,-271.92285273898653,1923.3851779691693,-398.8016232088856,919.5496408978464,689.9022050441793
0.0005552728437483,0.003111499650612,10098.392812367993,11043.34841634048,16918.32194123368,20740.53716030564,-17.71953098033967,164.80355912845698
629.805333670994,8185.204361132214,-1388.7539612419373,148.82403867356166,-2589.0359663962045,-1864.1958763607613,-4261.699191101577,-1651.5778588303983
341.2256164320019,440.6585729144341,-64.6459116628416,1701.3645494683246,2537.7333032439656,887.3293589169709,824.2962081019957,1288.6213026742073
16.907037653519613,33.00372143452147,13.847502546908832,19.65492380990624,25.964660035878307,24.3091709835372,23.11229812389901,17.152793635368468
29.921103220045804,51.7403509594779,34.030402208427304,41.56936099519311,42.30155021331106,33.040816456001565,75.20180623773173,53.92933349525504
425.71746314649647,486.0693825690844,399.8460733479892,765.1840057534763,387.356618737514,738.0862035503849,549.5502230966337,541.2507735169895
1.862326980477583,-0.753865166628535,1.8676893547528644,-1.0410050519246576,-0.3016165930776147,1.1152359217851469,0.8043911393191335,4.477533575218151
-109.08669324394523,2088.9007605098764,540.2852331244915,578.4615452739191,1817.291616464433,-379.69279916219534,684.5892785110188,573.6915439990405
-0.0023937309886877,0.0012096567375014,23094.846374952947,20220.34229453305,14625.607824842373,15986.45793456354,2538.907476570725,-192.9292570187292
702.0690740723711,-1337.5230228065332,260.1794652948205,3057.611157250901,2481.351784418601,2113.6405502724965,2280.368977659424,1527.071730954487
-336.6262880621384,344.3236554557714,5087.362767627958,1928.5263049075584,104.49340265002502,-273.1593891878361,-189.30440939668932,-1103.3486124732217
22.392161668517712,24.90030020690302,31.67710314866355,27.319686931723894,28.185522212875,38.53717114292469,23.63923301800607,23.41233666058709
63.25429446170272,64.98882310551082,70.07306504466371,88.76596625329108,46.76091508034425,43.57280198677877,60.87268229942265,39.7988301241759
630.882073393034,516.896784913037,387.9367219475204,401.6272044841856,547.3215784243145,404.25665576622976,251.74601950772,533.5305653857737
0.3755021355544989,0.8798695208352465,0.2025538516931753,2.473322711887009,1.638504473255176,1.038653869553534,-1.0357918951139038,-0.3703222958202126
-109.28154872763054,800.8398456805639,-75.89481845169735,-28.99005679325625,369.3587990230236,-523.4122251058391,39.23366691149401,1539.924473108657
0.0010627894874591,0.002138231529139,-2212.934587379619,12277.97665185307,14999.410580371585,16549.84069094918,10635.050754666672,768.644091193569
190.2167383360637,843.1192166600915,-719.7562236789124,786.5899582062727,7654.800725268446,1405.1614116341657,840.1651228426696,248.38540499445185
48.61390461196156,46.19582734278512,-309.7803680556759,1511.7664649355188,-993.2145533166812,62.051062460518125,-1445.226042601679,872.6588889668053
30.15738818944676,34.14337299658098,34.78480763459395,34.451520886959464,24.126906750519385,20.58151451148492,26.76328924297192,35.20215738501438
91.52376696334896,60.71084831706447,59.92547875501285,78.88656202198072,28.36138963805548,34.57744913371975,85.0746128077831,46.5155277768348
633.7137008874607,562.5219535113774,582.059020918491,685.2692195891157,616.848911026085,461.3655874916178,523.0929535269844,325.4376600007753
2.642487441487878,3.0900845918968134,-0.8535334245100048,-0.6854591607989893,4.521886288298922,2.7242551722673287,0.7870624334080891,1.0898433200959337
-137.58433959473643,513.5702197390893,75.9314537279912,-271.92285273898653,1923.3851779691693,-398.8016232088856,919.5496408978464,689.9022050441793
0.0005552728437483,0.003111499650612,10098.392812367993,11043.34841634048,16918.32194123368,20740.53716030564,-17.71953098033967,164.80355912845698
629.805333670994,8185.204361132214,-1388.7539612419373,148.82403867356166,-2589.0359663962045,-1864.1958763607613,-4261.699191101577,-1651.5778588303983
341.2256164320019,440.6585729144341,-64.6459116628416,1701.3645494683246,2537.7333032439656,887.3293589169709,824.2962081019957,1288.6213026742073
16.907037653519613,33.00372143452147,13.847502546908832,19.65492380990624,25.964660035878307,24.3091709835372,23.11229812389901,17.152793635368468
29.921103220045804,51.7403509594779,34.030402208427304,41.56936099519311,42.30155021331106,33.040816456001565,75.20180623773173,53.92933349525504
425.71746314649647,486.0693825690844,399.8460733479892,765.1840057534763,387.356618737514,738.0862035503849,549.5502230966337,541.2507735169895
1.862326980477583,-0.753865166628535,1.8676893547528644,-1.0410050519246576,-0.3016165930776147,1.1152359217851469,0.8043911393191335,4.477533575218151
-109.08669324394523,2088.9007605098764,540.2852331244915,578.4615452739191,1817.291616464433,-379.69279916219534,684.5892785110188,573.6915439990405
-0.0023937309886877,0.0012096567375014,23094.846374952947,20220.34229453305,14625.607824842373,15986.45793456354,2538.907476570725,-192.9292570187292
702.0690740723711,-1337.5230228065332,260.1794652948205,3057.611157250901,2481.351784418601,2113.6405502724965,2280.368977659424,1527.071730954487
-336.6262880621384,344.3236554557714,5087.362767627958,1928.5263049075584,104.49340265002502,-273.1593891878361,-189.30440939668932,-1103.3486124732217
22.392161668517712,24.90030020690302,31.67710314866355,27.319686931723894,28.185522212875,38.53717114292469,23.63923301800607,23.41233666058709
63.25429446170272,64.98882310551082,70.07306504466371,88.76596625329108,46.76091508034425,43.57280198677877,60.87268229942265,39.7988301241759
630.882073393034,516.896784913037,387.9367219475204,401.6272044841856,547.3215784243145,404.25665576622976,251.74601950772,533.5305653857737
0.3755021355544989,0.8798695208352465,0.2025538516931753,2.473322711887009,1.638504473255176,1.038653869553534,-1.0357918951139038,-0.3703222958202126
-109.28154872763054,800.8398456805639,-75.89481845169735,-28.99005679325625,369.3587990230236,-523.4122251058391,39.23366691149401,1539.924473108657
0.0010627894874591,0.002138231529139,-2212.934587379619,12277.97665185307,14999.410580371585,16549.84069094918,10635.050754666672,768.644091193569
190.2167383360637,843.1192166600915,-719.7562236789124,786.5899582062727,7654.800725268446,1405.1614116341657,840.1651228426696,248.38540499445185
48.61390461196156,46.19582734278512,-309.7803680556759,1511.7664649355188,-993.2145533166812,62.051062460518125,-1445.226042601679,872.6588889668053
30.15738818944676,34.14337299658098,34.78480763459395,34.451520886959464,24.126906750519385,20.58151451148492,26.76328924297192,35.20215738501438
91.52376696334896,60.71084831706447,59.92547875501285,78.88656202198072,28.36138963805548,34.57744913371975,85.0746128077831,46.5155277768348
633.7137008874607,562.5219535113774,582.059020918491,685.2692195891157,616.848911026085,461.3655874916178,523.0929535269844,325.4376600007753
2.642487441487878,3.0900845918968134,-0.8535334245100048,-0.6854591607989893,4.521886288298922,2.7242551722673287,0.7870624334080891,1.0898433200959337
-137.58433959473643,513.5702197390893,75.9314537279912,-271.92285273898653,1923.3851779691693,-398.8016232088856,919.5496408978464,689.9022050441793
0.0005552728437483,0.003111499650612,10098.392812367993,11043.34841634048,16918.32194123368,20740.53716030564,-17.71953098033967,164.80355912845698
629.805333670994,8185.204361132214,-1388.7539612419373,148.82403867356166,-2589.0359663962045,-1864.1958763607613,-4261.699191101577,-1651.5778588303983
341.2256164320019,440.6585729144341,-64.6459116628416,1701.3645494683246,2537.7333032439656,887.3293589169709,824.2962081019957,1288.6213026742073
16.907037653519613,33.00372143452147,13.847502546908832,19.65492380990624,25.964660035878307,24.3091709835372,23.11229812389901,17.152793635368468
29.921103220045804,51.7403509594779,34.030402208427304,41.56936099519311,42.30155021331106,33.040816456001565,75.20180623773173,53.92933349525504
425.71746314649647,486.0693825690844,399.8460733479892,765.1840057534763,387.356618737514,738.0862035503849,549.5502230966337,541.2507735169895
1.862326980477583,-0.753865166628535,1.8676893547528644,-1.0410050519246576,-0.3016165930776147,1.1152359217851469,0.8043911393191335,4.477533575218151
-109.08669324394523,2088.9007605098764,540.2852331244915,578.4615452739191,1817.291616464433,-379.69279916219534,684.5892785110188,573.6915439990405
-0.0023937309886877,0.0012096567375014,23094.846374952947,20220.34229453305,14625.607824842373,15986.45793456354,2538.907476570725,-192.9292570187292
702.0690740723711,-1337.5230228065332,260.1794652948205,3057.611157250901,2481.351784418601,2113.6405502724965,2280.368977659424,1527.071730954487
-336.6262880621384,344.3236554557714,5087.362767627958,1928.5263049075584,104.49340265002502,-273.1593891878361,-189.30440939668932,-1103.3486124732217
22.392161668517712,24.90030020690302,31.67710314866355,27.319686931723894,28.185522212875,38.53717114292469,23.63923301800607,23.41233666058709
63.25429446170272,64.98882310551082,70.07306504466371,88.76596625329108,46.76091508034425,43.57280198677877,60.87268229942265,39.7988301241759
630.882073393034,516.896784913037,387.9367219475204,401.6272044841856,547.3215784243145,404.25665576622976,251.74601950772,533.5305653857737
0.3755021355544989,0.8798695208352465,0.2025538516931753,2.473322711887009,1.638504473255176,1.038653869553534,-1.0357918951139038,-0.3703222958202126
-109.28154872763054,800.8398456805639,-75.89481845169735,-28.99005679325625,369.3587990230236,-523.4122251058391,39.23366691149401,1539.924473108657
0.0010627894874591,0.002138231529139,-2212.934587379619,12277.97665185307,14999.410580371585,16549.84069094918,10635.050754666672,768.644091193569
190.2167383360637,843.1192166600915,-719.7562236789124,786.5899582062727,7654.800725268446,1405.1614116341657,840.1651228426696,248.38540499445185
48.61390461196156,46.19582734278512,-309.7803680556759,1511.7664649355188,-993.2145533166812,62.051062460518125,-1445.226042601679,872.6588889668053
30.15738818944676,34.14337299658098,34.78480763459395,34.451520886959464,24.126906750519385,20.58151451148492,26.76328924297192,35.20215738501438
91.52376696334896,60.71084831706447,59.92547875501285,78.88656202198072,28.36138963805548,34.57744913371975,85.0746128077831,46.5155277768348
633.7137008874607,562.5219535113774,582.059020918491,685.2692195891157,616.848911026085,461.3655874916178,523.0929535269844,325.4376600007753
2.642487441487878,3.0900845918968134,-0.8535334245100048,-0.6854591607989893,4.521886288298922,2.7242551722673287,0.7870624334080891,1.0898433200959337
-137.58433959473643,513.5702197390893,75.9314537279912,-271.92285273898653,1923.3851779691693,-398.8016232088856,919.5496408978464,689.9022050441793
0.0005552728437483,0.003111499650612,10098.392812367993,11043.34841634048,16918.32194123368,20740.53716030564,-17.71953098033967,164.80355912845698
629.805333670994,8185.204361132214,-1388.7539612419373,148.82403867356166,-2589.0359663962045,-1864.1958763607613,-4261.699191101577,-1651.5778588303983
341.2256164320019,440.6585729144341,-64.6459116628416,1701.3645494683246,2537.7333032439656,887.3293589169709,824.2962081019957,1288.6213026742073
16.907037653519613,33.00372143452147,13.847502546908832,19.65492380990624,25.964660035878307,24.3091709835372,23.11229812389901,17.152793635368468
29.921103220045804,51.7403509594779,34.030402208427304,41.56936099519311,42.30155021331106,33.040816456001565,75.20180623773173,53.92933349525504
425.71746314649647,486.0693825690844,399.8460733479892,765.1840057534763,387.356618737514,738.0862035503849,549.5502230966337,541.2507735169895
1.862326980477583,-0.753865166628535,1.8676893547528644,-1.0410050519246576,-0.3016165930776147,1.1152359217851469,0.8043911393191335,4.477533575218151
-109.08669324394523,2088.9007605098764,540.2852331244915,578.4615452739191,1817.291616464433,-379.69279916219534,684.5892785110188,573.6915439990405
-0.0023937309886877,0.0012096567375014,23094.846374952947,20220.34229453305,14625.607824842373,15986.45793456354,2538.907476570725,-192.9292570187292
702.0690740723711,-1337.5230228065332,260.1794652948205,3057.611157250901,2481.351784418601,2113.6405502724965,2280.368977659424,1527.071730954487
-336.6262880621384,344.3236554557714,5087.362767627958,1928.5263049075584,104.49340265002502,-273.1593891878361,-189.30440939668932,-1103.3486124732217
22.392161668517712,24.90030020690302,31.67710314866355,27.319686931723894,28.185522212875,38.53717114292469,23.63923301800607,23.41233666058709
63.25429446170272,64.98882310551082,70.07306504466371,88.76596625329108,46.76091508034425,43.57280198677877,60.87268229942265,39.7988301241759
630.882073393034,516.896784913037,387.9367219475204,401.6272044841856,547.3215784243145,404.25665576622976,251.74601950772,533.5305653857737
0.3755021355544989,0.8798695208352465,0.2025538516931753,2.473322711887009,1.638504473255176,1.038653869553534,-1.0357918951139038,-0.3703222958202126
-109.28154872763054,800.8398456805639,-75.89481845169735,-28.99005679325625,369.3587990230236,-523.4122251058391,39.23366691149401,1539.924473108657
0.0010627894874591,0.002138231529139,-2212.934587379619,12277.97665185307,14999.410580371585,16549.84069094918,10635.050754666672,768.644091193569
190.2167383360637,843.1192166600915,-719.7562236789124,786.5899582062727,7654.800725268446,1405.1614116341657,840.1651228426696,248.38540499445185
48.61390461196156,46.19582734278512,-309.7803680556759,1511.7664649355188,-993.2145533166812,62.051062460518125,-1445.226042601679,872.6588889668053
30.15738818944676,34.14337299658098,34.78480763459395,34.451520886959464,24.126906750519385,20.58151451148492,26.76328924297192,35.20215738501438
91.52376696334896,60.71084831706447,59.92547875501285,78.88656202198072,28.36138963805548,34.57744913371975,85.0746128077831,46.5155277768348
633.7137008874607,562.5219535113774,582.059020918491,685.2692195891157,616.848911026085,461.3655874916178,523.0929535269844,325.4376600007753
2.642487441487878,3.0900845918968134,-0.8535334245100048,-0.6854591607989893,4.521886288298922,2.7242551722673287,0.7870624334080891,1.0898433200959337
-137.58433959473643,513.5702197390893,75.9314537279912,-271.92285273898653,1923.3851779691693,-398.8016232088856,919.5496408978464,689.9022050441793
0.0005552728437483,0.003111499650612,10098.392812367993,11043.34841634048,16918.32194123368,20740.53716030564,-17.71953098033967,164.80355912845698
629.805333670994,8185.204361132214,-1388.7539612419373,148.82403867356166,-2589.0359663962045,-1864.1958763607613,-4261.699191101577,-1651.5778588303983
341.2256164320019,440.6585729144341,-64.6459116628416,1701.3645494683246,2537.7333032439656,887.3293589169709,824.2962081019957,1288.6213026742073
16.907037653519613,33.00372143452147,13.847502546908832,19.65492380990624,25.964660035878307,24.3091709835372,23.11229812389901,17.152793635368468
29.921103220045804,51.7403509594779,34.030402208427304,41.56936099519311,42.30155021331106,33.040816456001565,75.20180623773173,53.92933349525504
425.71746314649647,486.0693825690844,399.8460733479892,765.1840057534763,387.356618737514,738.0862035503849,549.5502230966337,541.2507735169895
1.862326980477583,-0.753865166628535,1.8676893547528644,-1.0410050519246576,-0.3016165930776147,1.1152359217851469,0.8043911393191335,4.477533575218151
-109.08669324394523,2088.9007605098764,540.2852331244915,578.4615452739191,1817.291616464433,-379.69279916219534,684.5892785110188,573.6915439990405
-0.0023937309886877,0.0012096567375014,23094.846374952947,20220.34229453305,14625.607824842373,15986.45793456354,2538.907476570725,-192.9292570187292
702.0690740723711,-1337.5230228065332,260.1794652948205,3057.611157250901,2481.351784418601,2113.6405502724965,2280.368977659424,1527.071730954487
-336.6262880621384,344.3236554557714,5087.362767627958,1928.5263049075584,104.49340265002502,-273.1593891878361,-189.30440939668932,-1103.3486124732217
22.392161668517712,24.90030020690302,31.67710314866355,27.319686931723894,28.185522212875,38.53717114292469,23.63923301800607,23.41233666058709
63.25429446170272,64.98882310551082,70.07306504466371,88.76596625329108,46.76091508034425,43.57280198677877,60.87268229942265,39.7988301241759
630.882073393034,516.896784913037,387.9367219475204,401.6272044841856,547.3215784243145,404.25665576622976,251.74601950772,533.5305653857737
0.3755021355544989,0.8798695208352465,0.2025538516931753,2.473322711887009,1.638504473255176,1.038653869553534,-1.0357918951139038,-0.3703222958202126
-109.28154872763054,800.8398456805639,-75.89481845169735,-28.99005679325625,369.3587990230236,-523.4122251058391,39.23366691149401,1539.924473108657
0.0010627894874591,0.002138231529139,-2212.934587379619,12277.97665185307,14999.410580371585,16549.84069094918,10635.050754666672,768.644091193569
190.2167383360637,843.1192166600915,-719.7562236789124,786.5899582062727,7654.800725268446,1405.1614116341657,840.1651228426696,248.38540499445185
48.61390461196156,46.19582734278512,-309.7803680556759,1511.7664649355188,-993.2145533166812,62.051062460518125,-1445.226042601679,872.6588889668053
30.15738818944676,34.14337299658098,34.78480763459395,34.451520886959464,24.126906750519385,20.58151451148492,26.76328924297192,35.20215738501438
91.52376696334896,60.71084831706447,59.92547875501285,78.88656202198072,28.36138963805548,34.57744913371975,85.0746128077831,46.5155277768348
633.7137008874607,562.5219535113774,582.059020918491,685.2692195891157,616.848911026085,461.3655874916178,523.0929535269844,325.4376600007753
2.642487441487878,3.0900845918968134,-0.8535334245100048,-0.6854591607989893,4.521886288298922,2.7242551722673287,0.7870624334080891,1.0898433200959337
-137.58433959473643,513.5702197390893,75.9314537279912,-271.92285273898653,1923.3851779691693,-398.8016232088856,919.5496408978464,689.9022050441793
0.0005552728437483,0.003111499650612,10098.392812367993,11043.34841634048,16918.32194123368,20740.53716030564,-17.71953098033967,164.80355912845698
629.805333670994,8185.204361132214,-1388.7539612419373,148.82403867356166,-2589.0359663962045,-1864.1958763607613,-4261.699191101577,-1651.5778588303983
341.2256164320019,440.6585729144341,-64.6459116628416,1701.3645494683246,2537.7333032439656,887.3293589169709,824.2962081019957,1288.6213026742073
16.907037653519613,33.00372143452147,13.847502546908832,19.65492380990624,25.964660035878307,24.3091709835372,23.11229812389901,17.152793635368468
29.921103220045804,51.7403509594779,34.030402208427304,41.56936099519311,42.30155021331106,33.040816456001565,75.20180623773173,53.92933349525504
425.71746314649647,486.0693825690844,399.8460733479892,765.1840057534763,387.356618737514,738.0862035503849,549.5502230966337,541.2507735169895
1.862326980477583,-0.753865166628535,1.8676893547528644,-1.0410050519246576,-0.3016165930776147,1.1152359217851469,0.8043911393191335,4.477533575218151
-109.08669324394523,2088.9007605098764,540.2852331244915,578.4615452739191,1817.291616464433,-379.69279916219534,684.5892785110188,573.6915439990405
-0.0023937309886877,0.0012096567375014,23094.846374952947,20220.34229453305,14625.607824842373,15986.45793456354,2538.907476570725,-192.9292570187292
702.0690740723711,-1337.5230228065332,260.1794652948205,3057.611157250901,2481.351784418601,2113.6405502724965,2280.368977659424,1527.071730954487
-336.6262880621384,344.3236554557714,5087.362767627958,1928.5263049075584,104.49340265002502,-273.1593891878361,-189.30440939668932,-1103.3486124732217
22.392161668517712,24.90030020690302,31.67710314866355,27.319686931723894,28.185522212875,38.53717114292469,23.63923301800607,23.41233666058709
63.25429446170272,64.98882310551082,70.07306504466371,88.76596625329108,46.76091508034425,43.57280198677877,60.87268229942265,39.7988301241759
630.882073393034,516.896784913037,387.9367219475204,401.6272044841856,547.3215784243145,404.25665576622976,251.74601950772,533.5305653857737
0.3755021355544989,0.8798695208352465,0.2025538516931753,2.473322711887009,1.638504473255176,1.038653869553534,-1.0357918951139038,-0.3703222958202126
-109.28154872763054,800.8398456805639,-75.89481845169735,-28.99005679325625,369.3587990230236,-523.4122251058391,39.23366691149401,1539.924473108657
0.0010627894874591,0.002138231529139,-2212.934587379619,12277.97665185307,14999.410580371585,16549.84069094918,10635.050754666672,768.644091193569
190.2167383360637,843.1192166600915,-719.7562236789124,786.5899582062727,7654.800725268446,1405.1614116341657,840.1651228426696,248.38540499445185
48.61390461196156,46.19582734278512,-309.7803680556759,1511.7664649355188,-993.2145533166812,62.051062460518125,-1445.226042601679,872.6588889668053
30.15738818944676,34.14337299658098,34.78480763459395,34.451520886959464,24.126906750519385,20.58151451148492,26.76328924297192,35.20215738501438
91.52376696334896,60.71084831706447,59.92547875501285,78.88656202198072,28.36138963805548,34.57744913371975,85.0746128077831,46.5155277768348
633.7137008874607,562.5219535113774,582.059020918491,685.2692195891157,616.848911026085,461.3655874916178,523.0929535269844,325.4376600007753
2.642487441487878,3.0900845918968134,-0.8535334245100048,-0.6854591607989893,4.521886288298922,2.7242551722673287,0.7870624334080891,1.0898433200959337
-137.58433959473643,513.5702197390893,75.9314537279912,-271.92285273898653,1923.3851779691693,-398.8016232088856,919.5496408978464,689.9022050441793
0.0005552728437483,0.003111499650612,10098.392812367993,11043.34841634048,16918.32194123368,20740.53716030564,-17.71953098033967,164.80355912845698
629.805333670994,8185.204361132214,-1388.7539612419373,148.82403867356166,-2589.0359663962045,-1864.1958763607613,-4261.699191101577,-1651.5778588303983
341.2256164320019,440.6585729144341,-64.6459116628416,1701.3645494683246,2537.7333032439656,887.3293589169709,824.2962081019957,1288.6213026742073
16.907037653519613,33.00372143452147,13.847502546908832,19.65492380990624,25.964660035878307,24.3091709835372,23.11229812389901,17.152793635368468
29.921103220045804,51.7403509594779,34.030402208427304,41.56936099519311,42.30155021331106,33.040816456001565,75.20180623773173,53.92933349525504
425.71746314649647,486.0693825690844,399.8460733479892,765.1840057534763,387.356618737514,738.0862035503849,549.5502230966337,541.2507735169895
1.862326980477583,-0.753865166628535,1.8676893547528644,-1.0410050519246576,-0.3016165930776147,1.1152359217851469,0.8043911393191335,4.477533575218151
-109.08669324394523,2088.9007605098764,540.2852331244915,578.4615452739191,1817.291616464433,-379.69279916219534,684.5892785110188,573.6915439990405
-0.0023937309886877,0.0012096567375014,23094.846374952947,20220.34229453305,14625.607824842373,15986.45793456354,2538.907476570725,-192.9292570187292
702.0690740723711,-1337.5230228065332,260.1794652948205,3057.611157250901,2481.351784418601,2113.6405502724965,2280.368977659424,1527.071730954487
-336.6262880621384,344.3236554557714,5087.362767627958,1928.5263049075584,104.49340265002502,-273.1593891878361,-189.30440939668932,-1103.3486124732217
22.392161668517712,24.90030020690302,31.67710314866355,27.319686931723894,28.185522212875,38.53717114292469,23.63923301800607,23.41233666058709
63.25429446170272,64.98882310551082,70.07306504466371,88.76596625329108,46.76091508034425,43.57280198677877,60.87268229942265,39.7988301241759
630.882073393034,516.896784913037,387.9367219475204,401.6272044841856,547.3215784243145,404.25665576622976,251.74601950772,533.5305653857737
0.3755021355544989,0.8798695208352465,0.2025538516931753,2.473322711887009,1.638504473255176,1.038653869553534,-1.0357918951139038,-0.3703222958202126
-109.28154872763054,800.8398456805639,-75.89481845169735,-28.99005679325625,369.3587990230236,-523.4122251058391,39.23366691149401,1539.924473108657
0.0010627894874591,0.002138231529139,-2212.934587379619,12277.97665185307,14999.410580371585,16549.84069094918,10635.050754666672,768.644091193569
190.2167383360637,843.1192166600915,-719.7562236789124,786.5899582062727,7654.800725268446,1405.1614116341657,840.1651228426696,248.38540499445185
48.61390461196156,46.19582734278512,-309.7803680556759,1511.7664649355188,-993.2145533166812,62.051062460518125,-1445.226042601679,872.6588889668053
30.15738818944676,34.14337299658098,34.78480763459395,34.451520886959464,24.126906750519385,20.58151451148492,26.76328924297192,35.20215738501438
91.52376696334896,60.71084831706447,59.92547875501285,78.88656202198072,28.36138963805548,34.57744913371975,85.0746128077831,46.5155277768348
633.7137008874607,562.5219535113774,582.059020918491,685.2692195891157,616.848911026085,461.3655874916178,523.0929535269844,325.4376600007753
2.642487441487878,3.0900845918968134,-0.8535334245100048,-0.6854591607989893,4.521886288298922,2.7242551722673287,0.7870624334080891,1.0898433200959337
-137.58433959473643,513.5702197390893,75.9314537279912,-271.92285273898653,1923.3851779691693,-398.8016232088856,919.5496408978464,689.9022050441793
0.0005552728437483,0.003111499650612,10098.392812367993,11043.34841634048,16918.32194123368,20740.53716030564,-17.71953098033967,164.80355912845698
629.805333670994,8185.204361132214,-1388.7539612419373,148.82403867356166,-2589.0359663962045,-1864.1958763607613,-4261.699191101577,-1651.5778588303983
341.2256164320019,440.6585729144341,-64.6459116628416,1701.3645494683246,2537.7333032439656,887.3293589169709,824.2962081019957,1288.6213026742073
16.907037653519613,33.00372143452147,13.847502546908832,19.65492380990624,25.964660035878307,24.3091709835372,23.11229812389901,17.152793635368468
29.921103220045804,51.7403509594779,34.030402208427304,41.56936099519311,42.30155021331106,33.040816456001565,75.20180623773173,53.92933349525504
425.71746314649647,486.0693825690844,399.8460733479892,765.1840057534763,387.356618737514,738.0862035503849,549.5502230966337,541.2507735169895
1.862326980477583,-0.753865166628535,1.8676893547528644,-1.0410050519246576,-0.3016165930776147,1.1152359217851469,0.8043911393191335,4.477533575218151
-109.08669324394523,2088.9007605098764,540.2852331244915,578.4615452739191,1817.291616464433,-379.69279916219534,684.5892785110188,573.6915439990405
-0.0023937309886877,0.0012096567375014,23094.846374952947,20220.34229453305,14625.607824842373,15986.45793456354,2538.907476570725,-192.9292570187292
702.0690740723711,-1337.5230228065332,260.1794652948205,3057.611157250901,2481.351784418601,2113.6405502724965,2280.368977659424,1527.071730954487
-336.6262880621384,344.3236554557714,5087.362767627958,1928.5263049075584,104.49340265002502,-273.1593891878361,-189.30440939668932,-1103.3486124732217
22.392161668517712,24.90030020690302,31.67710314866355,27.319686931723894,28.185522212875,38.53717114292469,23.63923301800607,23.41233666058709
63.25429446170272,64.98882310551082,70.07306504466371,88.76596625329108,46.76091508034425,43.57280198677877,60.87268229942265,39.7988301241759
630.882073393034,516.896784913037,387.9367219475204,401.6272044841856,547.3215784243145,404.25665576622976,251.74601950772,533.5305653857737
0.3755021355544989,0.8798695208352465,0.2025538516931753,2.473322711887009,1.638504473255176,1.038653869553534,-1.0357918951139038,-0.3703222958202126
-109.28154872763054,800.8398456805639,-75.89481845169735,-28.99005679325625,369.3587990230236,-523.4122251058391,39.23366691149401,1539.924473108657
0.0010627894874591,0.002138231529139,-2212.934587379619,12277.97665185307,14999.410580371585,16549.84069094918,10635.050754666672,768.644091193569
190.2167383360637,843.1192166600915,-719.7562236789124,786.5899582062727,7654.800725268446,1405.1614116341657,840.1651228426696,248.38540499445185
48.61390461196156,46.19582734278512,-309.7803680556759,1511.7664649355188,-993.2145533166812,62.051062460518125,-1445.226042601679,872.6588889668053
30.15738818944676,34.14337299658098,34.78480763459395,34.451520886959464,24.126906750519385,20.58151451148492,26.76328924297192,35.20215738501438
91.52376696334896,60.71084831706447,59.92547875501285,78.88656202198072,28.36138963805548,34.57744913371975,85.0746128077831,46.5155277768348
633.7137008874607,562.5219535113774,582.059020918491,685.2692195891157,616.848911026085,461.3655874916178,523.0929535269844,325.4376600007753
2.642487441487878,3.0900845918968134,-0.8535334245100048,-0.6854591607989893,4.521886288298922,2.7242551722673287,0.7870624334080891,1.0898433200959337
-137.58433959473643,513.5702197390893,75.9314537279912,-271.92285273898653,1923.3851779691693,-398.8016232088856,919.5496408978464,689.9022050441793
0.0005552728437483,0.003111499650612,10098.392812367993,11043.34841634048,16918.32194123368,20740.53716030564,-17.71953098033967,164.80355912845698
629.805333670994,8185.204361132214,-1388.7539612419373,148.82403867356166,-2589.0359663962045,-1864.1958763607613,-4261.699191101577,-1651.5778588303983
341.2256164320019,440.6585729144341,-64.6459116628416,1701.3645494683246,2537.7333032439656,887.3293589169709,824.2962081019957,1288.6213026742073
16.907037653519613,33.00372143452147,13.847502546908832,19.65492380990624,25.964660035878307,24.3091709835372,23.11229812389901,17.152793635368468
29.921103220045804,51.7403509594779,34.030402208427304,41.56936099519311,42.30155021331106,33.040816456001565,75.20180623773173,53.92933349525504
425.71746314649647,486.0693825690844,399.8460733479892,765.1840057534763,387.356618737514,738.0862035503849,549.5502230966337,541.2507735169895
1.862326980477583,-0.753865166628535,1.8676893547528644,-1.0410050519246576,-0.3016165930776147,1.1152359217851469,0.8043911393191335,4.477533575218151
-109.08669324394523,2088.9007605098764,540.2852331244915,578.4615452739191,1817.291616464433,-379.69279916219534,684.5892785110188,573.6915439990405
-0.0023937309886877,0.0012096567375014,23094.846374952947,20220.34229453305,14625.607824842373,15986.45793456354,2538.907476570725,-192.9292570187292
702.0690740723711,-1337.5230228065332,260.1794652948205,3057.611157250901,2481.351784418601,2113.6405502724965,2280.368977659424,1527.071730954487
-336.6262880621384,344.3236554557714,5087.362767627958,1928.5263049075584,104.49340265002502,-273.1593891878361,-189.30440939668932,-1103.3486124732217
22.392161668517712,24.90030020690302,31.67710314866355,27.319686931723894,28.185522212875,38.53717114292469,23.63923301800607,23.41233666058709
63.25429446170272,64.98882310551082,70.07306504466371,88.76596625329108,46.76091508034425,43.57280198677877,60.87268229942265,39.7988301241759
630.882073393034,516.896784913037,387.9367219475204,401.6272044841856,547.3215784243145,404.25665576622976,251.74601950772,533.5305653857737
0.3755021355544989,0.8798695208352465,0.2025538516931753,2.473322711887009,1.638504473255176,1.038653869553534,-1.0357918951139038,-0.3703222958202126
-109.28154872763054,800.8398456805639,-75.89481845169735,-28.99005679325625,369.3587990230236,-523.4122251058391,39.23366691149401,1539.924473108657
0.0010627894874591,0.002138231529139,-2212.934587379619,12277.97665185307,14999.410580371585,16549.84069094918,10635.050754666672,768.644091193569
190.2167383360637,843.1192166600915,-719.7562236789124,786.5899582062727,7654.800725268446,1405.1614116341657,840.1651228426696,248.38540499445185
48.61390461196156,46.19582734278512,-309.7803680556759,1511.7664649355188,-993.2145533166812,62.051062460518125,-1445.226042601679,872.6588889668053
30.15738818944676,34.14337299658098,34.78480763459395,34.451520886959464,24.126906750519385,20.58151451148492,26.76328924297192,35.20215738501438
91.52376696334896,60.71084831706447,59.92547875501285,78.88656202198072,28.36138963805548,34.57744913371975,85.0746128077831,46.5155277768348
633.7137008874607,562.5219535113774,582.059020918491,685.2692195891157,616.848911026085,461.3655874916178,523.0929535269844,325.4376600007753
2.642487441487878,3.0900845918968134,-0.8535334245100048,-0.6854591607989893,4.521886288298922,2.7242551722673287,0.7870624334080891,1.0898433200959337
-137.58433959473643,513.5702197390893,75.9314537279912,-271.92285273898653,1923.3851779691693,-398.8016232088856,919.5496408978464,689.9022050441793
0.0005552728437483,0.003111499650612,10098.392812367993,11043.34841634048,16918.32194123368,20740.53716030564,-17.71953098033967,164.80355912845698
629.805333670994,8185.204361132214,-1388.7539612419373,148.82403867356166,-2589.0359663962045,-1864.1958763607613,-4261.699191101577,-1651.5778588303983
341.2256164320019,440.6585729144341,-64.6459116628416,1701.3645494683246,2537.7333032439656,887.3293589169709,824.2962081019957,1288.6213026742073
16.907037653519613,33.00372143452147,13.847502546908832,19.65492380990624,25.964660035878307,24.3091709835372,23.11229812389901,17.152793635368468
29.921103220045804,51.7403509594779,34.030402208427304,41.56936099519311,42.30155021331106,33.040816456001565,75.20180623773173,53.92933349525504
425.71746314649647,486.0693825690844,399.8460733479892,765.1840057534763,387.356618737514,738.0862035503849,549.5502230966337,541.2507735169895
1.862326980477583,-0.753865166628535,1.8676893547528644,-1.0410050519246576,-0.3016165930776147,1.1152359217851469,0.8043911393191335,4.477533575218151
-109.08669324394523,2088.9007605098764,540.2852331244915,578.4615452739191,1817.291616464433,-379.69279916219534,684.5892785110188,573.6915439990405
-0.0023937309886877,0.0012096567375014,23094.846374952947,20220.34229453305,14625.607824842373,15986.45793456354,2538.907476570725,-192.9292570187292
702.0690740723711,-1337.5230228065332,260.1794652948205,3057.611157250901,2481.351784418601,2113.6405502724965,2280.368977659424,1527.071730954487
-336.6262880621384,344.3236554557714,5087.362767627958,1928.5263049075584,104.49340265002502,-273.1593891878361,-189.30440939668932,-1103.3486124732217
22.392161668517712,24.90030020690302,31.67710314866355,27.319686931723894,28.185522212875,38.53717114292469,23.63923301800607,23.41233666058709
63.25429446170272,64.98882310551082,70.07306504466371,88.76596625329108,46.76091508034425,43.57280198677877,60.87268229942265,39.7988301241759
630.882073393034,516.896784913037,387.9367219475204,401.6272044841856,547.3215784243145,404.25665576622976,251.74601950772,533.5305653857737
0.3755021355544989,0.8798695208352465,0.2025538516931753,2.473322711887009,1.638504473255176,1.038653869553534,-1.0357918951139038,-0.3703222958202126
-109.28154872763054,800.8398456805639,-75.89481845169735,-28.99005679325625,369.3587990230236,-523.4122251058391,39.23366691149401,1539.924473108657
0.0010627894874591,0.002138231529139,-2212.934587379619,12277.97665185307,14999.410580371585,16549.84069094918,10635.050754666672,768.644091193569
190.2167383360637,843.1192166600915,-719.7562236789124,786.5899582062727,7654.800725268446,1405.1614116341657,840.1651228426696,248.38540499445185
48.61390461196156,46.19582734278512,-309.7803680556759,1511.7664649355188,-993.2145533166812,62.051062460518125,-1445.226042601679,872.6588889668053
30.15738818944676,34.14337299658098,34.78480763459395,34.451520886959464,24.126906750519385,20.58151451148492,26.76328924297192,35.20215738501438
91.52376696334896,60.71084831706447,59.92547875501285,78.88656202198072,28.36138963805548,34.57744913371975,85.0746128077831,46.5155277768348
633.7137008874607,562.5219535113774,582.059020918491,685.2692195891157,616.848911026085,461.3655874916178,523.0929535269844,325.4376600007753
2.642487441487878,3.0900845918968134,-0.8535334245100048,-0.6854591607989893,4.521886288298922,2.7242551722673287,0.7870624334080891,1.0898433200959337
-137.58433959473643,513.5702197390893,75.9314537279912,-271.92285273898653,1923.3851779691693,-398.8016232088856,919.5496408978464,689.9022050441793
0.0005552728437483,0.003111499650612,10098.392812367993,11043.34841634048,16918.32194123368,20740.53716030564,-17.71953098033967,164.80355912845698
629.805333670994,8185.204361132214,-1388.7539612419373,148.82403867356166,-2589.0359663962045,-1864.1958763607613,-4261.699191101577,-1651.5778588303983
341.2256164320019,440.6585729144341,-64.6459116628416,1701.3645494683246,2537.7333032439656,887.3293589169709,824.2962081019957,1288.6213026742073
16.907037653519613,33.00372143452147,13.847502546908832,19.65492380990624,25.964660035878307,24.3091709835372,23.11229812389901,17.152793635368468
29.921103220045804,51.7403509594779,34.030402208427304,41.56936099519311,42.30155021331106,33.040816456001565,75.20180623773173,53.92933349525504
425.71746314649647,486.0693825690844,399.8460733479892,765.1840057534763,387.356618737514,738.0862035503849,549.5502230966337,541.2507735169895
1.862326980477583,-0.753865166628535,1.8676893547528644,-1.0410050519246576,-0.3016165930776147,1.1152359217851469,0.8043911393191335,4.477533575218151
-109.08669324394523,2088.9007605098764,540.2852331244915,578.4615452739191,1817.291616464433,-379.69279916219534,684.5892785110188,573.6915439990405
-0.0023937309886877,0.0012096567375014,23094.846374952947,20220.34229453305,14625.607824842373,15986.45793456354,2538.907476570725,-192.9292570187292
702.0690740723711,-1337.5230228065332,260.1794652948205,3057.611157250901,2481.351784418601,2113.6405502724965,2280.368977659424,1527.071730954487
-336.6262880621384,344.3236554557714,5087.362767627958,1928.5263049075584,104.49340265002502,-273.1593891878361,-189.30440939668932,-1103.3486124732217
22.392161668517712,24.90030020690302,31.67710314866355,27.319686931723894,28.185522212875,38.53717114292469,23.63923301800607,23.41233666058709
63.25429446170272,64.98882310551082,70.07306504466371,88.76596625329108,46.76091508034425,43.57280198677877,60.87268229942265,39.7988301241759
630.882073393034,516.896784913037,387.9367219475204,401.6272044841856,547.3215784243145,404.25665576622976,251.74601950772,533.5305653857737
0.3755021355544989,0.8798695208352465,0.2025538516931753,2.473322711887009,1.638504473255176,1.038653869553534,-1.0357918951139038,-0.3703222958202126
-109.28154872763054,800.8398456805639,-75.89481845169735,-28.99005679325625,369.3587990230236,-523.4122251058391,39.23366691149401,1539.924473108657
0.0010627894874591,0.002138231529139,-2212.934587379619,12277.97665185307,14999.410580371585,16549.84069094918,10635.050754666672,768.644091193569
190.2167383360637,843.1192166600915,-719.7562236789124,786.5899582062727,7654.800725268446,1405.1614116341657,840.1651228426696,248.38540499445185
48.61390461196156,46.19582734278512,-309.7803680556759,1511.7664649355188,-993.2145533166812,62.051062460518125,-1445.226042601679,872.6588889668053
30.15738818944676,34.14337299658098,34.78480763459395,34.451520886959464,24.126906750519385,20.58151451148492,26.76328924297192,35.20215738501438
91.52376696334896,60.71084831706447,59.92547875501285,78.88656202198072,28.36138963805548,34.57744913371975,85.0746128077831,46.5155277768348
633.7137008874607,562.5219535113774,582.059020918491,685.2692195891157,616.848911026085,461.3655874916178,523.0929535269844,325.4376600007753
2.642487441487878,3.0900845918968134,-0.8535334245100048,-0.6854591607989893,4.521886288298922,2.7242551722673287,0.7870624334080891,1.0898433200959337
-137.58433959473643,513.5702197390893,75.9314537279912,-271.92285273898653,1923.3851779691693,-398.8016232088856,919.5496408978464,689.9022050441793
0.0005552728437483,0.003111499650612,10098.392812367993,11043.34841634048,16918.32194123368,20740.53716030564,-17.71953098033967,164.80355912845698
629.805333670994,8185.204361132214,-1388.7539612419373,148.82403867356166,-2589.0359663962045,-1864.1958763607613,-4261.699191101577,-1651.5778588303983
341.2256164320019,440.6585729144341,-64.6459116628416,1701.3645494683246,2537.7333032439656,887.3293589169709,824.2962081019957,1288.6213026742073
16.907037653519613,33.00372143452147,13.847502546908832,19.65492380990624,25.964660035878307,24.3091709835372,23.11229812389901,17.152793635368468
29.921103220045804,51.7403509594779,34.030402208427304,41.56936099519311,42.30155021331106,33.040816456001565,75.20180623773173,53.92933349525504
425.71746314649647,486.0693825690844,399.8460733479892,765.1840057534763,387.356618737514,738.0862035503849,549.5502230966337,541.2507735169895
1.862326980477583,-0.753865166628535,1.8676893547528644,-1.0410050519246576,-0.3016165930776147,1.1152359217851469,0.8043911393191335,4.477533575218151
-109.08669324394523,2088.9007605098764,540.2852331244915,578.4615452739191,1817.291616464433,-379.69279916219534,684.5892785110188,573.6915439990405
-0.0023937309886877,0.0012096567375014,23094.846374952947,20220.34229453305,14625.607824842373,15986.45793456354,2538.907476570725,-192.9292570187292
702.0690740723711,-1337.5230228065332,260.1794652948205,3057.611157250901,2481.351784418601,2113.6405502724965,2280.368977659424,1527.071730954487
-336.6262880621384,344.3236554557714,5087.362767627958,1928.5263049075584,104.49340265002502,-273.1593891878361,-189.30440939668932,-1103.3486124732217
22.392161668517712,24.90030020690302,31.67710314866355,27.319686931723894,28.185522212875,38.53717114292469,23.63923301800607,23.41233666058709
63.25429446170272,64.98882310551082,70.07306504466371,88.76596625329108,46.76091508034425,43.57280198677877,60.87268229942265,39.7988301241759
630.882073393034,516.896784913037,387.9367219475204,401.6272044841856,547.3215784243145,404.25665576622976,251.74601950772,533.5305653857737
0.3755021355544989,0.8798695208352465,0.2025538516931753,2.473322711887009,1.638504473255176,1.038653869553534,-1.0357918951139038,-0.3703222958202126
-109.28154872763054,800.8398456805639,-75.89481845169735,-28.99005679325625,369.3587990230236,-523.4122251058391,39.23366691149401,1539.924473108657
0.0010627894874591,0.002138231529139,-2212.934587379619,12277.97665185307,14999.410580371585,16549.84069094918,10635.050754666672,768.644091193569
190.2167383360637,843.1192166600915,-719.7562236789124,786.5899582062727,7654.800725268446,1405.1614116341657,840.1651228426696,248.38540499445185
48.61390461196156,46.19582734278512,-309.7803680556759,1511.7664649355188,-993.2145533166812,62.051062460518125,-1445.226042601679,872.6588889668053
30.15738818944676,34.14337299658098,34.78480763459395,34.451520886959464,24.126906750519385,20.58151451148492,26.76328924297192,35.20215738501438
91.52376696334896,60.71084831706447,59.92547875501285,78.88656202198072,28.36138963805548,34.57744913371975,85.0746128077831,46.5155277768348
633.7137008874607,562.5219535113774,582.059020918491,685.2692195891157,616.848911026085,461.3655874916178,523.0929535269844,325.4376600007753
2.642487441487878,3.0900845918968134,-0.8535334245100048,-0.6854591607989893,4.521886288298922,2.7242551722673287,0.7870624334080891,1.0898433200959337
-137.58433959473643,513.5702197390893,75.9314537279912,-271.92285273898653,1923.3851779691693,-398.8016232088856,919.5496408978464,689.9022050441793
0.0005552728437483,0.003111499650612,10098.392812367993,11043.34841634048,16918.32194123368,20740.53716030564,-17.71953098033967,164.80355912845698
629.805333670994,8185.204361132214,-1388.7539612419373,148.82403867356166,-2589.0359663962045,-1864.1958763607613,-4261.699191101577,-1651.5778588303983
341.2256164320019,440.6585729144341,-64.6459116628416,1701.3645494683246,2537.7333032439656,887.3293589169709,824.2962081019957,1288.6213026742073
16.907037653519613,33.00372143452147,13.847502546908832,19.65492380990624,25.964660035878307,24.3091709835372,23.11229812389901,17.152793635368468
29.921103220045804,51.7403509594779,34.030402208427304,41.56936099519311,42.30155021331106,33.040816456001565,75.20180623773173,53.92933349525504
425.71746314649647,486.0693825690844,399.8460733479892,765.1840057534763,387.356618737514,738.0862035503849,549.5502230966337,541.2507735169895
1.862326980477583,-0.753865166628535,1.8676893547528644,-1.0410050519246576,-0.3016165930776147,1.1152359217851469,0.8043911393191335,4.477533575218151
-109.08669324394523,2088.9007605098764,540.2852331244915,578.4615452739191,1817.291616464433,-379.69279916219534,684.5892785110188,573.6915439990405
-0.0023937309886877,0.0012096567375014,23094.846374952947,20220.34229453305,14625.607824842373,15986.45793456354,2538.907476570725,-192.9292570187292
702.0690740723711,-1337.5230228065332,260.1794652948205,3057.611157250901,2481.351784418601,2113.6405502724965,2280.368977659424,1527.071730954487
-336.6262880621384,344.3236554557714,5087.362767627958,1928.5263049075584,104.49340265002502,-273.1593891878361,-189.30440939668932,-1103.3486124732217
22.392161668517712,24.90030020690302,31.67710314866355,27.319686931723894,28.185522212875,38.53717114292469,23.63923301800607,23.41233666058709
63.25429446170272,64.98882310551082,70.07306504466371,88.76596625329108,46.76091508034425,43.57280198677877,60.87268229942265,39.7988301241759
630.882073393034,516.896784913037,387.9367219475204,401.6272044841856,547.3215784243145,404.25665576622976,251.74601950772,533.5305653857737
0.3755021355544989,0.8798695208352465,0.2025538516931753,2.473322711887009,1.638504473255176,1.038653869553534,-1.0357918951139038,-0.3703222958202126
-109.28154872763054,800.8398456805639,-75.89481845169735,-28.99005679325625,369.3587990230236,-523.4122251058391,39.23366691149401,1539.924473108657
0.0010627894874591,0.002138231529139,-2212.934587379619,12277.97665185307,14999.410580371585,16549.84069094918,10635.050754666672,768.644091193569
190.2167383360637,843.1192166600915,-719.7562236789124,786.5899582062727,7654.800725268446,1405.1614116341657,840.1651228426696,248.38540499445185
48.61390461196156,46.19582734278512,-309.7803680556759,1511.7664649355188,-993.2145533166812,62.051062460518125,-1445.226042601679,872.6588889668053
30.15738818944676,34.14337299658098,34.78480763459395,34.451520886959464,24.126906750519385,20.58151451148492,26.76328924297192,35.20215738501438
91.52376696334896,60.71084831706447,59.92547875501285,78.88656202198072,28.36138963805548,34.57744913371975,85.0746128077831,46.5155277768348
633.7137008874607,562.5219535113774,582.059020918491,685.2692195891157,616.848911026085,461.3655874916178,523.0929535269844,325.4376600007753
2.642487441487878,3.0900845918968134,-0.8535334245100048,-0.6854591607989893,4.521886288298922,2.7242551722673287,0.7870624334080891,1.0898433200959337
-137.58433959473643,513.5702197390893,75.9314537279912,-271.92285273898653,1923.3851779691693,-398.8016232088856,919.5496408978464,689.9022050441793
0.0005552728437483,0.003111499650612,10098.392812367993,11043.34841634048,16918.32194123368,20740.53716030564,-17.71953098033967,164.80355912845698
629.805333670994,8185.204361132214,-1388.7539612419373,148.82403867356166,-2589.0359663962045,-1864.1958763607613,-4261.699191101577,-1651.5778588303983
341.2256164320019,440.6585729144341,-64.6459116628416,1701.3645494683246,2537.7333032439656,887.3293589169709,824.2962081019957,1288.6213026742073
16.907037653519613,33.00372143452147,13.847502546908832,19.65492380990624,25.964660035878307,24.3091709835372,23.11229812389901,17.152793635368468
29.921103220045804,51.7403509594779,34.030402208427304,41.56936099519311,42.30155021331106,33.040816456001565,75.20180623773173,53.92933349525504
425.71746314649647,486.0693825690844,399.8460733479892,765.1840057534763,387.356618737514,738.0862035503849,549.5502230966337,541.2507735169895
1.862326980477583,-0.753865166628535,1.8676893547528644,-1.0410050519246576,-0.3016165930776147,1.1152359217851469,0.8043911393191335,4.477533575218151
-109.08669324394523,2088.9007605098764,540.2852331244915,578.4615452739191,1817.291616464433,-379.69279916219534,684.5892785110188,573.6915439990405
-0.0023937309886877,0.0012096567375014,23094.846374952947,20220.34229453305,14625.607824842373,15986.45793456354,2538.907476570725,-192.9292570187292
702.0690740723711,-1337.5230228065332,260.1794652948205,3057.611157250901,2481.351784418601,2113.6405502724965,2280.368977659424,1527.071730954487
-336.6262880621384,344.3236554557714,5087.362767627958,1928.5263049075584,104.49340265002502,-273.1593891878361,-189.30440939668932,-1103.3486124732217
