내부온도관측치,내부습도관측치,co2관측치,ec관측치,시간당분무량,시간당백색광량,시간당적색광량,시간당청색광량
9.972590619524922,15.592602283386348,25.00787097109049,26.840491454770245,27.18912367571348,37.13439251908413,31.64801213421629,32.38060010270408
26.547141686600668,101.79169321513255,71.5192582694145,59.97801656439257,53.670197792823714,82.88751940375903,60.56718727855323,31.391639478187304
392.2758939334097,593.9123823928885,290.92527036807417,351.2698147967308,597.8023201174614,575.0964708327774,246.02292689335565,524.7656346371433
-1.4654861997630488,1.777702283458983,1.1582908458037011,0.901085921257087,2.2146488073286528,1.304190372323301,0.7720996001189467,0.1393371476376266
352.06748847030303,-129.64018062405648,-396.5668675173816,1474.5732626228175,608.0180957404018,-803.3638422131564,817.4967807194372,276.0241147684628
0.0009459959494201,-0.000332415857784,2522.6645214231453,4944.154260488633,13116.888457302344,10119.949646952433,8375.712036098437,-392.2539624882528
-124.90913509804552,7659.761985625873,-2064.260747633999,1707.458263741869,5433.322766753252,2131.376236558341,68.57069648682807,1033.9037360955383
-116.00343308851322,304.1020508755605,-732.4174652089084,-1478.70449717464,2167.31486697297,528.1867030307203,-24.283364564455724,230.1809857614621
24.429562999373555,18.028230483850503,38.614435879571936,24.97215375771116,27.128215007367565,19.035562952421447,27.086182212273915,16.532856350585995
88.33448456398419,55.55790954392924,42.62662702742721,49.31464134887084,52.12587323767481,56.11475029794629,74.67107636463518,58.608026144381576
712.624386101342,535.819163618193,610.1117170733962,797.8366985658888,409.8587968816853,338.57203154645816,414.9196980821083,423.8497456998794
2.4483244042102346,1.7408290740396242,-0.9605884663628872,-0.602958499569145,3.5568800419620192,2.0997503878377226,-0.5875723302480724,-1.437605181350725
143.3889392450203,288.67971702315083,83.23710608223848,865.4342634328983,810.7332200602607,-313.65911572454274,-118.90532342226896,297.7586054945415
0.0005825628790299,-0.002077411744915,-612.4867385197457,15077.022874831711,20760.90290013072,3238.1816080852605,-1596.4942071607404,664.218105418825
670.536319333081,779.6649667275589,171.7548233989392,516.6849263475356,-1468.2501842883798,-1032.5204872159557,1045.2660642846947,794.165944793307
-425.5233030068081,-223.39985907362788,93.28595963639948,14015.886913966491,-779.3849321320765,-1462.6898125180005,-138.19452367087516,941.8247737180644
14.596171548036066,31.76723089198257,32.25221435651698,28.264707849946603,27.550091349382125,26.7580980882131,15.071399747639322,18.966238080111427
51.96348784025239,55.75960909657327,53.85660858748973,55.96855309443181,93.38639362504752,46.76468094999113,65.06900497604057,67.31809425266098
334.2790765608792,445.6942198886763,686.3018973130124,805.6962148976095,315.6824127666276,618.3877492013577,497.1020416952297,396.70308165709855
3.512077819371316,0.8913421489820713,2.606815184969788,1.6059595185506057,1.837766982766456,1.313301412640185,-1.3810270670951423,2.3208391940177737
232.2289227020695,141.17024650684223,-43.2020158433636,570.6533319983996,152.8815157532243,207.258153686008,-312.2853190290831,-33.372031202392776
-0.0008135354812317,0.0026625722302478,12484.074015715498,22430.131902445883,19219.40237516287,19718.427821425703,1336.9552815962963,-51.57758364998608
12865.983084295072,-1167.618595851172,12482.602110706386,-1214.1339373777778,2260.158562030387,4335.762701439483,2479.3638610933035,505.6748397701195
-319.7447604467192,3573.617373061617,-1584.5678687379686,4675.336920278707,-1630.2233499711208,3902.4071740857,-662.00753981669,383.36143659761245
9.972590619524922,15.592602283386348,25.00787097109049,26.840491454770245,27.18912367571348,37.13439251908413,31.64801213421629,32.38060010270408
26.547141686600668,101.79169321513255,71.5192582694145,59.97801656439257,53.670197792823714,82.88751940375903,60.56718727855323,31.391639478187304
392.2758939334097,593.9123823928885,290.92527036807417,351.2698147967308,597.8023201174614,575.0964708327774,246.02292689335565,524.7656346371433
-1.4654861997630488,1.777702283458983,1.1582908458037011,0.901085921257087,2.2146488073286528,1.304190372323301,0.7720996001189467,0.1393371476376266
352.06748847030303,-129.64018062405648,-396.5668675173816,1474.5732626228175,608.0180957404018,-803.3638422131564,817.4967807194372,276.0241147684628
0.0009459959494201,-0.000332415857784,2522.6645214231453,4944.154260488633,13116.888457302344,10119.949646952433,8375.712036098437,-392.2539624882528
-124.90913509804552,7659.761985625873,-2064.260747633999,1707.458263741869,5433.322766753252,2131.376236558341,68.57069648682807,1033.9037360955383
-116.00343308851322,304.1020508755605,-732.4174652089084,-1478.70449717464,2167.31486697297,528.1867030307203,-24.283364564455724,230.1809857614621
24.429562999373555,18.028230483850503,38.614435879571936,24.97215375771116,27.128215007367565,19.035562952421447,27.086182212273915,16.532856350585995
88.33448456398419,55.55790954392924,42.62662702742721,49.31464134887084,52.12587323767481,56.11475029794629,74.67107636463518,58.608026144381576
712.624386101342,535.819163618193,610.1117170733962,797.8366985658888,409.8587968816853,338.57203154645816,414.9196980821083,423.8497456998794
2.4483244042102346,1.7408290740396242,-0.9605884663628872,-0.602958499569145,3.5568800419620192,2.0997503878377226,-0.5875723302480724,-1.437605181350725
143.3889392450203,288.67971702315083,83.23710608223848,865.4342634328983,810.7332200602607,-313.65911572454274,-118.90532342226896,297.7586054945415
0.0005825628790299,-0.002077411744915,-612.4867385197457,15077.022874831711,20760.90290013072,3238.1816080852605,-1596.4942071607404,664.218105418825
670.536319333081,779.6649667275589,171.7548233989392,516.6849263475356,-1468.2501842883798,-1032.5204872159557,1045.2660642846947,794.165944793307
-425.5233030068081,-223.39985907362788,93.28595963639948,14015.886913966491,-779.3849321320765,-1462.6898125180005,-138.19452367087516,941.8247737180644
14.596171548036066,31.76723089198257,32.25221435651698,28.264707849946603,27.550091349382125,26.7580980882131,15.071399747639322,18.966238080111427
51.96348784025239,55.75960909657327,53.85660858748973,55.96855309443181,93.38639362504752,46.76468094999113,65.06900497604057,67.31809425266098
334.2790765608792,445.6942198886763,686.3018973130124,805.6962148976095,315.6824127666276,618.3877492013577,497.1020416952297,396.70308165709855
3.512077819371316,0.8913421489820713,2.606815184969788,1.6059595185506057,1.837766982766456,1.313301412640185,-1.3810270670951423,2.3208391940177737
232.2289227020695,141.17024650684223,-43.2020158433636,570.6533319983996,152.8815157532243,207.258153686008,-312.2853190290831,-33.372031202392776
-0.0008135354812317,0.0026625722302478,12484.074015715498,22430.131902445883,19219.40237516287,19718.427821425703,1336.9552815962963,-51.57758364998608
12865.983084295072,-1167.618595851172,12482.602110706386,-1214.1339373777778,2260.158562030387,4335.762701439483,2479.3638610933035,505.6748397701195
-319.7447604467192,3573.617373061617,-1584.5678687379686,4675.336920278707,-1630.2233499711208,3902.4071740857,-662.00753981669,383.36143659761245
9.972590619524922,15.592602283386348,25.00787097109049,26.840491454770245,27.18912367571348,37.13439251908413,31.64801213421629,32.38060010270408
26.547141686600668,101.79169321513255,71.5192582694145,59.97801656439257,53.670197792823714,82.88751940375903,60.56718727855323,31.391639478187304
392.2758939334097,593.9123823928885,290.92527036807417,351.2698147967308,597.8023201174614,575.0964708327774,246.02292689335565,524.7656346371433
-1.4654861997630488,1.777702283458983,1.1582908458037011,0.901085921257087,2.2146488073286528,1.304190372323301,0.7720996001189467,0.1393371476376266
352.06748847030303,-129.64018062405648,-396.5668675173816,1474.5732626228175,608.0180957404018,-803.3638422131564,817.4967807194372,276.0241147684628
0.0009459959494201,-0.000332415857784,2522.6645214231453,4944.154260488633,13116.888457302344,10119.949646952433,8375.712036098437,-392.2539624882528
-124.90913509804552,7659.761985625873,-2064.260747633999,1707.458263741869,5433.322766753252,2131.376236558341,68.57069648682807,1033.9037360955383
-116.00343308851322,304.1020508755605,-732.4174652089084,-1478.70449717464,2167.31486697297,528.1867030307203,-24.283364564455724,230.1809857614621
24.429562999373555,18.028230483850503,38.614435879571936,24.97215375771116,27.128215007367565,19.035562952421447,27.086182212273915,16.532856350585995
88.33448456398419,55.55790954392924,42.62662702742721,49.31464134887084,52.12587323767481,56.11475029794629,74.67107636463518,58.608026144381576
712.624386101342,535.819163618193,610.1117170733962,797.8366985658888,409.8587968816853,338.57203154645816,414.9196980821083,423.8497456998794
2.4483244042102346,1.7408290740396242,-0.9605884663628872,-0.602958499569145,3.5568800419620192,2.0997503878377226,-0.5875723302480724,-1.437605181350725
143.3889392450203,288.67971702315083,83.23710608223848,865.4342634328983,810.7332200602607,-313.65911572454274,-118.90532342226896,297.7586054945415
0.0005825628790299,-0.002077411744915,-612.4867385197457,15077.022874831711,20760.90290013072,3238.1816080852605,-1596.4942071607404,664.218105418825
670.536319333081,779.6649667275589,171.7548233989392,516.6849263475356,-1468.2501842883798,-1032.5204872159557,1045.2660642846947,794.165944793307
-425.5233030068081,-223.39985907362788,93.28595963639948,14015.886913966491,-779.3849321320765,-1462.6898125180005,-138.19452367087516,941.8247737180644
14.596171548036066,31.76723089198257,32.25221435651698,28.264707849946603,27.550091349382125,26.7580980882131,15.071399747639322,18.966238080111427
51.96348784025239,55.75960909657327,53.85660858748973,55.96855309443181,93.38639362504752,46.76468094999113,65.06900497604057,67.31809425266098
334.2790765608792,445.6942198886763,686.3018973130124,805.6962148976095,315.6824127666276,618.3877492013577,497.1020416952297,396.70308165709855
3.512077819371316,0.8913421489820713,2.606815184969788,1.6059595185506057,1.837766982766456,1.313301412640185,-1.3810270670951423,2.3208391940177737
232.2289227020695,141.17024650684223,-43.2020158433636,570.6533319983996,152.8815157532243,207.258153686008,-312.2853190290831,-33.372031202392776
-0.0008135354812317,0.0026625722302478,12484.074015715498,22430.131902445883,19219.40237516287,19718.427821425703,1336.9552815962963,-51.57758364998608
12865.983084295072,-1167.618595851172,12482.602110706386,-1214.1339373777778,2260.158562030387,4335.762701439483,2479.3638610933035,505.6748397701195
-319.7447604467192,3573.617373061617,-1584.5678687379686,4675.336920278707,-1630.2233499711208,3902.4071740857,-662.00753981669,383.36143659761245
9.972590619524922,15.592602283386348,25.00787097109049,26.840491454770245,27.18912367571348,37.13439251908413,31.64801213421629,32.38060010270408
26.547141686600668,101.79169321513255,71.5192582694145,59.97801656439257,53.670197792823714,82.88751940375903,60.56718727855323,31.391639478187304
392.2758939334097,593.9123823928885,290.92527036807417,351.2698147967308,597.8023201174614,575.0964708327774,246.02292689335565,524.7656346371433
-1.4654861997630488,1.777702283458983,1.1582908458037011,0.901085921257087,2.2146488073286528,1.304190372323301,0.7720996001189467,0.1393371476376266
352.06748847030303,-129.64018062405648,-396.5668675173816,1474.5732626228175,608.0180957404018,-803.3638422131564,817.4967807194372,276.0241147684628
0.0009459959494201,-0.000332415857784,2522.6645214231453,4944.154260488633,13116.888457302344,10119.949646952433,8375.712036098437,-392.2539624882528
-124.90913509804552,7659.761985625873,-2064.260747633999,1707.458263741869,5433.322766753252,2131.376236558341,68.57069648682807,1033.9037360955383
-116.00343308851322,304.1020508755605,-732.4174652089084,-1478.70449717464,2167.31486697297,528.1867030307203,-24.283364564455724,230.1809857614621
24.429562999373555,18.028230483850503,38.614435879571936,24.97215375771116,27.128215007367565,19.035562952421447,27.086182212273915,16.532856350585995
88.33448456398419,55.55790954392924,42.62662702742721,49.31464134887084,52.12587323767481,56.11475029794629,74.67107636463518,58.608026144381576
712.624386101342,535.819163618193,610.1117170733962,797.8366985658888,409.8587968816853,338.57203154645816,414.9196980821083,423.8497456998794
2.4483244042102346,1.7408290740396242,-0.9605884663628872,-0.602958499569145,3.5568800419620192,2.0997503878377226,-0.5875723302480724,-1.437605181350725
143.3889392450203,288.67971702315083,83.23710608223848,865.4342634328983,810.7332200602607,-313.65911572454274,-118.90532342226896,297.7586054945415
0.0005825628790299,-0.002077411744915,-612.4867385197457,15077.022874831711,20760.90290013072,3238.1816080852605,-1596.4942071607404,664.218105418825
670.536319333081,779.6649667275589,171.7548233989392,516.6849263475356,-1468.2501842883798,-1032.5204872159557,1045.2660642846947,794.165944793307
-425.5233030068081,-223.39985907362788,93.28595963639948,14015.886913966491,-779.3849321320765,-1462.6898125180005,-138.19452367087516,941.8247737180644
14.596171548036066,31.76723089198257,32.25221435651698,28.264707849946603,27.550091349382125,26.7580980882131,15.071399747639322,18.966238080111427
51.96348784025239,55.75960909657327,53.85660858748973,55.96855309443181,93.38639362504752,46.76468094999113,65.06900497604057,67.31809425266098
334.2790765608792,445.6942198886763,686.3018973130124,805.6962148976095,315.6824127666276,618.3877492013577,497.1020416952297,396.70308165709855
3.512077819371316,0.8913421489820713,2.606815184969788,1.6059595185506057,1.837766982766456,1.313301412640185,-1.3810270670951423,2.3208391940177737
232.2289227020695,141.17024650684223,-43.2020158433636,570.6533319983996,152.8815157532243,207.258153686008,-312.2853190290831,-33.372031202392776
-0.0008135354812317,0.0026625722302478,12484.074015715498,22430.131902445883,19219.40237516287,19718.427821425703,1336.9552815962963,-51.57758364998608
12865.983084295072,-1167.618595851172,12482.602110706386,-1214.1339373777778,2260.158562030387,4335.762701439483,2479.3638610933035,505.6748397701195
-319.7447604467192,3573.617373061617,-1584.5678687379686,4675.336920278707,-1630.2233499711208,3902.4071740857,-662.00753981669,383.36143659761245
9.972590619524922,15.592602283386348,25.00787097109049,26.840491454770245,27.18912367571348,37.13439251908413,31.64801213421629,32.38060010270408
26.547141686600668,101.79169321513255,71.5192582694145,59.97801656439257,53.670197792823714,82.88751940375903,60.56718727855323,31.391639478187304
392.2758939334097,593.9123823928885,290.92527036807417,351.2698147967308,597.8023201174614,575.0964708327774,246.02292689335565,524.7656346371433
-1.4654861997630488,1.777702283458983,1.1582908458037011,0.901085921257087,2.2146488073286528,1.304190372323301,0.7720996001189467,0.1393371476376266
352.06748847030303,-129.64018062405648,-396.5668675173816,1474.5732626228175,608.0180957404018,-803.3638422131564,817.4967807194372,276.0241147684628
0.0009459959494201,-0.000332415857784,2522.6645214231453,4944.154260488633,13116.888457302344,10119.949646952433,8375.712036098437,-392.2539624882528
-124.90913509804552,7659.761985625873,-2064.260747633999,1707.458263741869,5433.322766753252,2131.376236558341,68.57069648682807,1033.9037360955383
-116.00343308851322,304.1020508755605,-732.4174652089084,-1478.70449717464,2167.31486697297,528.1867030307203,-24.283364564455724,230.1809857614621
24.429562999373555,18.028230483850503,38.614435879571936,24.97215375771116,27.128215007367565,19.035562952421447,27.086182212273915,16.532856350585995
88.33448456398419,55.55790954392924,42.62662702742721,49.31464134887084,52.12587323767481,56.11475029794629,74.67107636463518,58.608026144381576
712.624386101342,535.819163618193,610.1117170733962,797.8366985658888,409.8587968816853,338.57203154645816,414.9196980821083,423.8497456998794
2.4483244042102346,1.7408290740396242,-0.9605884663628872,-0.602958499569145,3.5568800419620192,2.0997503878377226,-0.5875723302480724,-1.437605181350725
143.3889392450203,288.67971702315083,83.23710608223848,865.4342634328983,810.7332200602607,-313.65911572454274,-118.90532342226896,297.7586054945415
0.0005825628790299,-0.002077411744915,-612.4867385197457,15077.022874831711,20760.90290013072,3238.1816080852605,-1596.4942071607404,664.218105418825
670.536319333081,779.6649667275589,171.7548233989392,516.6849263475356,-1468.2501842883798,-1032.5204872159557,1045.2660642846947,794.165944793307
-425.5233030068081,-223.39985907362788,93.28595963639948,14015.886913966491,-779.3849321320765,-1462.6898125180005,-138.19452367087516,941.8247737180644
14.596171548036066,31.76723089198257,32.25221435651698,28.264707849946603,27.550091349382125,26.7580980882131,15.071399747639322,18.966238080111427
51.96348784025239,55.75960909657327,53.85660858748973,55.96855309443181,93.38639362504752,46.76468094999113,65.06900497604057,67.31809425266098
334.2790765608792,445.6942198886763,686.3018973130124,805.6962148976095,315.6824127666276,618.3877492013577,497.1020416952297,396.70308165709855
3.512077819371316,0.8913421489820713,2.606815184969788,1.6059595185506057,1.837766982766456,1.313301412640185,-1.3810270670951423,2.3208391940177737
232.2289227020695,141.17024650684223,-43.2020158433636,570.6533319983996,152.8815157532243,207.258153686008,-312.2853190290831,-33.372031202392776
-0.0008135354812317,0.0026625722302478,12484.074015715498,22430.131902445883,19219.40237516287,19718.427821425703,1336.9552815962963,-51.57758364998608
12865.983084295072,-1167.618595851172,12482.602110706386,-1214.1339373777778,2260.158562030387,4335.762701439483,2479.3638610933035,505.6748397701195
-319.7447604467192,3573.617373061617,-1584.5678687379686,4675.336920278707,-1630.2233499711208,3902.4071740857,-662.00753981669,383.36143659761245
9.972590619524922,15.592602283386348,25.00787097109049,26.840491454770245,27.18912367571348,37.13439251908413,31.64801213421629,32.38060010270408
26.547141686600668,101.79169321513255,71.5192582694145,59.97801656439257,53.670197792823714,82.88751940375903,60.56718727855323,31.391639478187304
392.2758939334097,593.9123823928885,290.92527036807417,351.2698147967308,597.8023201174614,575.0964708327774,246.02292689335565,524.7656346371433
-1.4654861997630488,1.777702283458983,1.1582908458037011,0.901085921257087,2.2146488073286528,1.304190372323301,0.7720996001189467,0.1393371476376266
352.06748847030303,-129.64018062405648,-396.5668675173816,1474.5732626228175,608.0180957404018,-803.3638422131564,817.4967807194372,276.0241147684628
0.0009459959494201,-0.000332415857784,2522.6645214231453,4944.154260488633,13116.888457302344,10119.949646952433,8375.712036098437,-392.2539624882528
-124.90913509804552,7659.761985625873,-2064.260747633999,1707.458263741869,5433.322766753252,2131.376236558341,68.57069648682807,1033.9037360955383
-116.00343308851322,304.1020508755605,-732.4174652089084,-1478.70449717464,2167.31486697297,528.1867030307203,-24.283364564455724,230.1809857614621
24.429562999373555,18.028230483850503,38.614435879571936,24.97215375771116,27.128215007367565,19.035562952421447,27.086182212273915,16.532856350585995
88.33448456398419,55.55790954392924,42.62662702742721,49.31464134887084,52.12587323767481,56.11475029794629,74.67107636463518,58.608026144381576
712.624386101342,535.819163618193,610.1117170733962,797.8366985658888,409.8587968816853,338.57203154645816,414.9196980821083,423.8497456998794
2.4483244042102346,1.7408290740396242,-0.9605884663628872,-0.602958499569145,3.5568800419620192,2.0997503878377226,-0.5875723302480724,-1.437605181350725
143.3889392450203,288.67971702315083,83.23710608223848,865.4342634328983,810.7332200602607,-313.65911572454274,-118.90532342226896,297.7586054945415
0.0005825628790299,-0.002077411744915,-612.4867385197457,15077.022874831711,20760.90290013072,3238.1816080852605,-1596.4942071607404,664.218105418825
670.536319333081,779.6649667275589,171.7548233989392,516.6849263475356,-1468.2501842883798,-1032.5204872159557,1045.2660642846947,794.165944793307
-425.5233030068081,-223.39985907362788,93.28595963639948,14015.886913966491,-779.3849321320765,-1462.6898125180005,-138.19452367087516,941.8247737180644
14.596171548036066,31.76723089198257,32.25221435651698,28.264707849946603,27.550091349382125,26.7580980882131,15.071399747639322,18.966238080111427
51.96348784025239,55.75960909657327,53.85660858748973,55.96855309443181,93.38639362504752,46.76468094999113,65.06900497604057,67.31809425266098
334.2790765608792,445.6942198886763,686.3018973130124,805.6962148976095,315.6824127666276,618.3877492013577,497.1020416952297,396.70308165709855
3.512077819371316,0.8913421489820713,2.606815184969788,1.6059595185506057,1.837766982766456,1.313301412640185,-1.3810270670951423,2.3208391940177737
232.2289227020695,141.17024650684223,-43.2020158433636,570.6533319983996,152.8815157532243,207.258153686008,-312.2853190290831,-33.372031202392776
-0.0008135354812317,0.0026625722302478,12484.074015715498,22430.131902445883,19219.40237516287,19718.427821425703,1336.9552815962963,-51.57758364998608
12865.983084295072,-1167.618595851172,12482.602110706386,-1214.1339373777778,2260.158562030387,4335.762701439483,2479.3638610933035,505.6748397701195
-319.7447604467192,3573.617373061617,-1584.5678687379686,4675.336920278707,-1630.2233499711208,3902.4071740857,-662.00753981669,383.36143659761245
9.972590619524922,15.592602283386348,25.00787097109049,26.840491454770245,27.18912367571348,37.13439251908413,31.64801213421629,32.38060010270408
26.547141686600668,101.79169321513255,71.5192582694145,59.97801656439257,53.670197792823714,82.88751940375903,60.56718727855323,31.391639478187304
392.2758939334097,593.9123823928885,290.92527036807417,351.2698147967308,597.8023201174614,575.0964708327774,246.02292689335565,524.7656346371433
-1.4654861997630488,1.777702283458983,1.1582908458037011,0.901085921257087,2.2146488073286528,1.304190372323301,0.7720996001189467,0.1393371476376266
352.06748847030303,-129.64018062405648,-396.5668675173816,1474.5732626228175,608.0180957404018,-803.3638422131564,817.4967807194372,276.0241147684628
0.0009459959494201,-0.000332415857784,2522.6645214231453,4944.154260488633,13116.888457302344,10119.949646952433,8375.712036098437,-392.2539624882528
-124.90913509804552,7659.761985625873,-2064.260747633999,1707.458263741869,5433.322766753252,2131.376236558341,68.57069648682807,1033.9037360955383
-116.00343308851322,304.1020508755605,-732.4174652089084,-1478.70449717464,2167.31486697297,528.1867030307203,-24.283364564455724,230.1809857614621
24.429562999373555,18.028230483850503,38.614435879571936,24.97215375771116,27.128215007367565,19.035562952421447,27.086182212273915,16.532856350585995
88.33448456398419,55.55790954392924,42.62662702742721,49.31464134887084,52.12587323767481,56.11475029794629,74.67107636463518,58.608026144381576
712.624386101342,535.819163618193,610.1117170733962,797.8366985658888,409.8587968816853,338.57203154645816,414.9196980821083,423.8497456998794
2.4483244042102346,1.7408290740396242,-0.9605884663628872,-0.602958499569145,3.5568800419620192,2.0997503878377226,-0.5875723302480724,-1.437605181350725
143.3889392450203,288.67971702315083,83.23710608223848,865.4342634328983,810.7332200602607,-313.65911572454274,-118.90532342226896,297.7586054945415
0.0005825628790299,-0.002077411744915,-612.4867385197457,15077.022874831711,20760.90290013072,3238.1816080852605,-1596.4942071607404,664.218105418825
670.536319333081,779.6649667275589,171.7548233989392,516.6849263475356,-1468.2501842883798,-1032.5204872159557,1045.2660642846947,794.165944793307
-425.5233030068081,-223.39985907362788,93.28595963639948,14015.886913966491,-779.3849321320765,-1462.6898125180005,-138.19452367087516,941.8247737180644
14.596171548036066,31.76723089198257,32.25221435651698,28.264707849946603,27.550091349382125,26.7580980882131,15.071399747639322,18.966238080111427
51.96348784025239,55.75960909657327,53.85660858748973,55.96855309443181,93.38639362504752,46.76468094999113,65.06900497604057,67.31809425266098
334.2790765608792,445.6942198886763,686.3018973130124,805.6962148976095,315.6824127666276,618.3877492013577,497.1020416952297,396.70308165709855
3.512077819371316,0.8913421489820713,2.606815184969788,1.6059595185506057,1.837766982766456,1.313301412640185,-1.3810270670951423,2.3208391940177737
232.2289227020695,141.17024650684223,-43.2020158433636,570.6533319983996,152.8815157532243,207.258153686008,-312.2853190290831,-33.372031202392776
-0.0008135354812317,0.0026625722302478,12484.074015715498,22430.131902445883,19219.40237516287,19718.427821425703,1336.9552815962963,-51.57758364998608
12865.983084295072,-1167.618595851172,12482.602110706386,-1214.1339373777778,2260.158562030387,4335.762701439483,2479.3638610933035,505.6748397701195
-319.7447604467192,3573.617373061617,-1584.5678687379686,4675.336920278707,-1630.2233499711208,3902.4071740857,-662.00753981669,383.36143659761245
9.972590619524922,15.592602283386348,25.00787097109049,26.840491454770245,27.18912367571348,37.13439251908413,31.64801213421629,32.38060010270408
26.547141686600668,101.79169321513255,71.5192582694145,59.97801656439257,53.670197792823714,82.88751940375903,60.56718727855323,31.391639478187304
392.2758939334097,593.9123823928885,290.92527036807417,351.2698147967308,597.8023201174614,575.0964708327774,246.02292689335565,524.7656346371433
-1.4654861997630488,1.777702283458983,1.1582908458037011,0.901085921257087,2.2146488073286528,1.304190372323301,0.7720996001189467,0.1393371476376266
352.06748847030303,-129.64018062405648,-396.5668675173816,1474.5732626228175,608.0180957404018,-803.3638422131564,817.4967807194372,276.0241147684628
0.0009459959494201,-0.000332415857784,2522.6645214231453,4944.154260488633,13116.888457302344,10119.949646952433,8375.712036098437,-392.2539624882528
-124.90913509804552,7659.761985625873,-2064.260747633999,1707.458263741869,5433.322766753252,2131.376236558341,68.57069648682807,1033.9037360955383
-116.00343308851322,304.1020508755605,-732.4174652089084,-1478.70449717464,2167.31486697297,528.1867030307203,-24.283364564455724,230.1809857614621
24.429562999373555,18.028230483850503,38.614435879571936,24.97215375771116,27.128215007367565,19.035562952421447,27.086182212273915,16.532856350585995
88.33448456398419,55.55790954392924,42.62662702742721,49.31464134887084,52.12587323767481,56.11475029794629,74.67107636463518,58.608026144381576
712.624386101342,535.819163618193,610.1117170733962,797.8366985658888,409.8587968816853,338.57203154645816,414.9196980821083,423.8497456998794
2.4483244042102346,1.7408290740396242,-0.9605884663628872,-0.602958499569145,3.5568800419620192,2.0997503878377226,-0.5875723302480724,-1.437605181350725
143.3889392450203,288.67971702315083,83.23710608223848,865.4342634328983,810.7332200602607,-313.65911572454274,-118.90532342226896,297.7586054945415
0.0005825628790299,-0.002077411744915,-612.4867385197457,15077.022874831711,20760.90290013072,3238.1816080852605,-1596.4942071607404,664.218105418825
670.536319333081,779.6649667275589,171.7548233989392,516.6849263475356,-1468.2501842883798,-1032.5204872159557,1045.2660642846947,794.165944793307
-425.5233030068081,-223.39985907362788,93.28595963639948,14015.886913966491,-779.3849321320765,-1462.6898125180005,-138.19452367087516,941.8247737180644
14.596171548036066,31.76723089198257,32.25221435651698,28.264707849946603,27.550091349382125,26.7580980882131,15.071399747639322,18.966238080111427
51.96348784025239,55.75960909657327,53.85660858748973,55.96855309443181,93.38639362504752,46.76468094999113,65.06900497604057,67.31809425266098
334.2790765608792,445.6942198886763,686.3018973130124,805.6962148976095,315.6824127666276,618.3877492013577,497.1020416952297,396.70308165709855
3.512077819371316,0.8913421489820713,2.606815184969788,1.6059595185506057,1.837766982766456,1.313301412640185,-1.3810270670951423,2.3208391940177737
232.2289227020695,141.17024650684223,-43.2020158433636,570.6533319983996,152.8815157532243,207.258153686008,-312.2853190290831,-33.372031202392776
-0.0008135354812317,0.0026625722302478,12484.074015715498,22430.131902445883,19219.40237516287,19718.427821425703,1336.9552815962963,-51.57758364998608
12865.983084295072,-1167.618595851172,12482.602110706386,-1214.1339373777778,2260.158562030387,4335.762701439483,2479.3638610933035,505.6748397701195
-319.7447604467192,3573.617373061617,-1584.5678687379686,4675.336920278707,-1630.2233499711208,3902.4071740857,-662.00753981669,383.36143659761245
9.972590619524922,15.592602283386348,25.00787097109049,26.840491454770245,27.18912367571348,37.13439251908413,31.64801213421629,32.38060010270408
26.547141686600668,101.79169321513255,71.5192582694145,59.97801656439257,53.670197792823714,82.88751940375903,60.56718727855323,31.391639478187304
392.2758939334097,593.9123823928885,290.92527036807417,351.2698147967308,597.8023201174614,575.0964708327774,246.02292689335565,524.7656346371433
-1.4654861997630488,1.777702283458983,1.1582908458037011,0.901085921257087,2.2146488073286528,1.304190372323301,0.7720996001189467,0.1393371476376266
352.06748847030303,-129.64018062405648,-396.5668675173816,1474.5732626228175,608.0180957404018,-803.3638422131564,817.4967807194372,276.0241147684628
0.0009459959494201,-0.000332415857784,2522.6645214231453,4944.154260488633,13116.888457302344,10119.949646952433,8375.712036098437,-392.2539624882528
-124.90913509804552,7659.761985625873,-2064.260747633999,1707.458263741869,5433.322766753252,2131.376236558341,68.57069648682807,1033.9037360955383
-116.00343308851322,304.1020508755605,-732.4174652089084,-1478.70449717464,2167.31486697297,528.1867030307203,-24.283364564455724,230.1809857614621
24.429562999373555,18.028230483850503,38.614435879571936,24.97215375771116,27.128215007367565,19.035562952421447,27.086182212273915,16.532856350585995
88.33448456398419,55.55790954392924,42.62662702742721,49.31464134887084,52.12587323767481,56.11475029794629,74.67107636463518,58.608026144381576
712.624386101342,535.819163618193,610.1117170733962,797.8366985658888,409.8587968816853,338.57203154645816,414.9196980821083,423.8497456998794
2.4483244042102346,1.7408290740396242,-0.9605884663628872,-0.602958499569145,3.5568800419620192,2.0997503878377226,-0.5875723302480724,-1.437605181350725
143.3889392450203,288.67971702315083,83.23710608223848,865.4342634328983,810.7332200602607,-313.65911572454274,-118.90532342226896,297.7586054945415
0.0005825628790299,-0.002077411744915,-612.4867385197457,15077.022874831711,20760.90290013072,3238.1816080852605,-1596.4942071607404,664.218105418825
670.536319333081,779.6649667275589,171.7548233989392,516.6849263475356,-1468.2501842883798,-1032.5204872159557,1045.2660642846947,794.165944793307
-425.5233030068081,-223.39985907362788,93.28595963639948,14015.886913966491,-779.3849321320765,-1462.6898125180005,-138.19452367087516,941.8247737180644
14.596171548036066,31.76723089198257,32.25221435651698,28.264707849946603,27.550091349382125,26.7580980882131,15.071399747639322,18.966238080111427
51.96348784025239,55.75960909657327,53.85660858748973,55.96855309443181,93.38639362504752,46.76468094999113,65.06900497604057,67.31809425266098
334.2790765608792,445.6942198886763,686.3018973130124,805.6962148976095,315.6824127666276,618.3877492013577,497.1020416952297,396.70308165709855
3.512077819371316,0.8913421489820713,2.606815184969788,1.6059595185506057,1.837766982766456,1.313301412640185,-1.3810270670951423,2.3208391940177737
232.2289227020695,141.17024650684223,-43.2020158433636,570.6533319983996,152.8815157532243,207.258153686008,-312.2853190290831,-33.372031202392776
-0.0008135354812317,0.0026625722302478,12484.074015715498,22430.131902445883,19219.40237516287,19718.427821425703,1336.9552815962963,-51.57758364998608
12865.983084295072,-1167.618595851172,12482.602110706386,-1214.1339373777778,2260.158562030387,4335.762701439483,2479.3638610933035,505.6748397701195
-319.7447604467192,3573.617373061617,-1584.5678687379686,4675.336920278707,-1630.2233499711208,3902.4071740857,-662.00753981669,383.36143659761245
9.972590619524922,15.592602283386348,25.00787097109049,26.840491454770245,27.18912367571348,37.13439251908413,31.64801213421629,32.38060010270408
26.547141686600668,101.79169321513255,71.5192582694145,59.97801656439257,53.670197792823714,82.88751940375903,60.56718727855323,31.391639478187304
392.2758939334097,593.9123823928885,290.92527036807417,351.2698147967308,597.8023201174614,575.0964708327774,246.02292689335565,524.7656346371433
-1.4654861997630488,1.777702283458983,1.1582908458037011,0.901085921257087,2.2146488073286528,1.304190372323301,0.7720996001189467,0.1393371476376266
352.06748847030303,-129.64018062405648,-396.5668675173816,1474.5732626228175,608.0180957404018,-803.3638422131564,817.4967807194372,276.0241147684628
0.0009459959494201,-0.000332415857784,2522.6645214231453,4944.154260488633,13116.888457302344,10119.949646952433,8375.712036098437,-392.2539624882528
-124.90913509804552,7659.761985625873,-2064.260747633999,1707.458263741869,5433.322766753252,2131.376236558341,68.57069648682807,1033.9037360955383
-116.00343308851322,304.1020508755605,-732.4174652089084,-1478.70449717464,2167.31486697297,528.1867030307203,-24.283364564455724,230.1809857614621
24.429562999373555,18.028230483850503,38.614435879571936,24.97215375771116,27.128215007367565,19.035562952421447,27.086182212273915,16.532856350585995
88.33448456398419,55.55790954392924,42.62662702742721,49.31464134887084,52.12587323767481,56.11475029794629,74.67107636463518,58.608026144381576
712.624386101342,535.819163618193,610.1117170733962,797.8366985658888,409.8587968816853,338.57203154645816,414.9196980821083,423.8497456998794
2.4483244042102346,1.7408290740396242,-0.9605884663628872,-0.602958499569145,3.5568800419620192,2.0997503878377226,-0.5875723302480724,-1.437605181350725
143.3889392450203,288.67971702315083,83.23710608223848,865.4342634328983,810.7332200602607,-313.65911572454274,-118.90532342226896,297.7586054945415
0.0005825628790299,-0.002077411744915,-612.4867385197457,15077.022874831711,20760.90290013072,3238.1816080852605,-1596.4942071607404,664.218105418825
670.536319333081,779.6649667275589,171.7548233989392,516.6849263475356,-1468.2501842883798,-1032.5204872159557,1045.2660642846947,794.165944793307
-425.5233030068081,-223.39985907362788,93.28595963639948,14015.886913966491,-779.3849321320765,-1462.6898125180005,-138.19452367087516,941.8247737180644
14.596171548036066,31.76723089198257,32.25221435651698,28.264707849946603,27.550091349382125,26.7580980882131,15.071399747639322,18.966238080111427
51.96348784025239,55.75960909657327,53.85660858748973,55.96855309443181,93.38639362504752,46.76468094999113,65.06900497604057,67.31809425266098
334.2790765608792,445.6942198886763,686.3018973130124,805.6962148976095,315.6824127666276,618.3877492013577,497.1020416952297,396.70308165709855
3.512077819371316,0.8913421489820713,2.606815184969788,1.6059595185506057,1.837766982766456,1.313301412640185,-1.3810270670951423,2.3208391940177737
232.2289227020695,141.17024650684223,-43.2020158433636,570.6533319983996,152.8815157532243,207.258153686008,-312.2853190290831,-33.372031202392776
-0.0008135354812317,0.0026625722302478,12484.074015715498,22430.131902445883,19219.40237516287,19718.427821425703,1336.9552815962963,-51.57758364998608
12865.983084295072,-1167.618595851172,12482.602110706386,-1214.1339373777778,2260.158562030387,4335.762701439483,2479.3638610933035,505.6748397701195
-319.7447604467192,3573.617373061617,-1584.5678687379686,4675.336920278707,-1630.2233499711208,3902.4071740857,-662.00753981669,383.36143659761245
9.972590619524922,15.592602283386348,25.00787097109049,26.840491454770245,27.18912367571348,37.13439251908413,31.64801213421629,32.38060010270408
26.547141686600668,101.79169321513255,71.5192582694145,59.97801656439257,53.670197792823714,82.88751940375903,60.56718727855323,31.391639478187304
392.2758939334097,593.9123823928885,290.92527036807417,351.2698147967308,597.8023201174614,575.0964708327774,246.02292689335565,524.7656346371433
-1.4654861997630488,1.777702283458983,1.1582908458037011,0.901085921257087,2.2146488073286528,1.304190372323301,0.7720996001189467,0.1393371476376266
352.06748847030303,-129.64018062405648,-396.5668675173816,1474.5732626228175,608.0180957404018,-803.3638422131564,817.4967807194372,276.0241147684628
0.0009459959494201,-0.000332415857784,2522.6645214231453,4944.154260488633,13116.888457302344,10119.949646952433,8375.712036098437,-392.2539624882528
-124.90913509804552,7659.761985625873,-2064.260747633999,1707.458263741869,5433.322766753252,2131.376236558341,68.57069648682807,1033.9037360955383
-116.00343308851322,304.1020508755605,-732.4174652089084,-1478.70449717464,2167.31486697297,528.1867030307203,-24.283364564455724,230.1809857614621
24.429562999373555,18.028230483850503,38.614435879571936,24.97215375771116,27.128215007367565,19.035562952421447,27.086182212273915,16.532856350585995
88.33448456398419,55.55790954392924,42.62662702742721,49.31464134887084,52.12587323767481,56.11475029794629,74.67107636463518,58.608026144381576
712.624386101342,535.819163618193,610.1117170733962,797.8366985658888,409.8587968816853,338.57203154645816,414.9196980821083,423.8497456998794
2.4483244042102346,1.7408290740396242,-0.9605884663628872,-0.602958499569145,3.5568800419620192,2.0997503878377226,-0.5875723302480724,-1.437605181350725
143.3889392450203,288.67971702315083,83.23710608223848,865.4342634328983,810.7332200602607,-313.65911572454274,-118.90532342226896,297.7586054945415
0.0005825628790299,-0.002077411744915,-612.4867385197457,15077.022874831711,20760.90290013072,3238.1816080852605,-1596.4942071607404,664.218105418825
670.536319333081,779.6649667275589,171.7548233989392,516.6849263475356,-1468.2501842883798,-1032.5204872159557,1045.2660642846947,794.165944793307
-425.5233030068081,-223.39985907362788,93.28595963639948,14015.886913966491,-779.3849321320765,-1462.6898125180005,-138.19452367087516,941.8247737180644
14.596171548036066,31.76723089198257,32.25221435651698,28.264707849946603,27.550091349382125,26.7580980882131,15.071399747639322,18.966238080111427
51.96348784025239,55.75960909657327,53.85660858748973,55.96855309443181,93.38639362504752,46.76468094999113,65.06900497604057,67.31809425266098
334.2790765608792,445.6942198886763,686.3018973130124,805.6962148976095,315.6824127666276,618.3877492013577,497.1020416952297,396.70308165709855
3.512077819371316,0.8913421489820713,2.606815184969788,1.6059595185506057,1.837766982766456,1.313301412640185,-1.3810270670951423,2.3208391940177737
232.2289227020695,141.17024650684223,-43.2020158433636,570.6533319983996,152.8815157532243,207.258153686008,-312.2853190290831,-33.372031202392776
-0.0008135354812317,0.0026625722302478,12484.074015715498,22430.131902445883,19219.40237516287,19718.427821425703,1336.9552815962963,-51.57758364998608
12865.983084295072,-1167.618595851172,12482.602110706386,-1214.1339373777778,2260.158562030387,4335.762701439483,2479.3638610933035,505.6748397701195
-319.7447604467192,3573.617373061617,-1584.5678687379686,4675.336920278707,-1630.2233499711208,3902.4071740857,-662.00753981669,383.36143659761245
9.972590619524922,15.592602283386348,25.00787097109049,26.840491454770245,27.18912367571348,37.13439251908413,31.64801213421629,32.38060010270408
26.547141686600668,101.79169321513255,71.5192582694145,59.97801656439257,53.670197792823714,82.88751940375903,60.56718727855323,31.391639478187304
392.2758939334097,593.9123823928885,290.92527036807417,351.2698147967308,597.8023201174614,575.0964708327774,246.02292689335565,524.7656346371433
-1.4654861997630488,1.777702283458983,1.1582908458037011,0.901085921257087,2.2146488073286528,1.304190372323301,0.7720996001189467,0.1393371476376266
352.06748847030303,-129.64018062405648,-396.5668675173816,1474.5732626228175,608.0180957404018,-803.3638422131564,817.4967807194372,276.0241147684628
0.0009459959494201,-0.000332415857784,2522.6645214231453,4944.154260488633,13116.888457302344,10119.949646952433,8375.712036098437,-392.2539624882528
-124.90913509804552,7659.761985625873,-2064.260747633999,1707.458263741869,5433.322766753252,2131.376236558341,68.57069648682807,1033.9037360955383
-116.00343308851322,304.1020508755605,-732.4174652089084,-1478.70449717464,2167.31486697297,528.1867030307203,-24.283364564455724,230.1809857614621
24.429562999373555,18.028230483850503,38.614435879571936,24.97215375771116,27.128215007367565,19.035562952421447,27.086182212273915,16.532856350585995
88.33448456398419,55.55790954392924,42.62662702742721,49.31464134887084,52.12587323767481,56.11475029794629,74.67107636463518,58.608026144381576
712.624386101342,535.819163618193,610.1117170733962,797.8366985658888,409.8587968816853,338.57203154645816,414.9196980821083,423.8497456998794
2.4483244042102346,1.7408290740396242,-0.9605884663628872,-0.602958499569145,3.5568800419620192,2.0997503878377226,-0.5875723302480724,-1.437605181350725
143.3889392450203,288.67971702315083,83.23710608223848,865.4342634328983,810.7332200602607,-313.65911572454274,-118.90532342226896,297.7586054945415
0.0005825628790299,-0.002077411744915,-612.4867385197457,15077.022874831711,20760.90290013072,3238.1816080852605,-1596.4942071607404,664.218105418825
670.536319333081,779.6649667275589,171.7548233989392,516.6849263475356,-1468.2501842883798,-1032.5204872159557,1045.2660642846947,794.165944793307
-425.5233030068081,-223.39985907362788,93.28595963639948,14015.886913966491,-779.3849321320765,-1462.6898125180005,-138.19452367087516,941.8247737180644
14.596171548036066,31.76723089198257,32.25221435651698,28.264707849946603,27.550091349382125,26.7580980882131,15.071399747639322,18.966238080111427
51.96348784025239,55.75960909657327,53.85660858748973,55.96855309443181,93.38639362504752,46.76468094999113,65.06900497604057,67.31809425266098
334.2790765608792,445.6942198886763,686.3018973130124,805.6962148976095,315.6824127666276,618.3877492013577,497.1020416952297,396.70308165709855
3.512077819371316,0.8913421489820713,2.606815184969788,1.6059595185506057,1.837766982766456,1.313301412640185,-1.3810270670951423,2.3208391940177737
232.2289227020695,141.17024650684223,-43.2020158433636,570.6533319983996,152.8815157532243,207.258153686008,-312.2853190290831,-33.372031202392776
-0.0008135354812317,0.0026625722302478,12484.074015715498,22430.131902445883,19219.40237516287,19718.427821425703,1336.9552815962963,-51.57758364998608
12865.983084295072,-1167.618595851172,12482.602110706386,-1214.1339373777778,2260.158562030387,4335.762701439483,2479.3638610933035,505.6748397701195
-319.7447604467192,3573.617373061617,-1584.5678687379686,4675.336920278707,-1630.2233499711208,3902.4071740857,-662.00753981669,383.36143659761245
9.972590619524922,15.592602283386348,25.00787097109049,26.840491454770245,27.18912367571348,37.13439251908413,31.64801213421629,32.38060010270408
26.547141686600668,101.79169321513255,71.5192582694145,59.97801656439257,53.670197792823714,82.88751940375903,60.56718727855323,31.391639478187304
392.2758939334097,593.9123823928885,290.92527036807417,351.2698147967308,597.8023201174614,575.0964708327774,246.02292689335565,524.7656346371433
-1.4654861997630488,1.777702283458983,1.1582908458037011,0.901085921257087,2.2146488073286528,1.304190372323301,0.7720996001189467,0.1393371476376266
352.06748847030303,-129.64018062405648,-396.5668675173816,1474.5732626228175,608.0180957404018,-803.3638422131564,817.4967807194372,276.0241147684628
0.0009459959494201,-0.000332415857784,2522.6645214231453,4944.154260488633,13116.888457302344,10119.949646952433,8375.712036098437,-392.2539624882528
-124.90913509804552,7659.761985625873,-2064.260747633999,1707.458263741869,5433.322766753252,2131.376236558341,68.57069648682807,1033.9037360955383
-116.00343308851322,304.1020508755605,-732.4174652089084,-1478.70449717464,2167.31486697297,528.1867030307203,-24.283364564455724,230.1809857614621
24.429562999373555,18.028230483850503,38.614435879571936,24.97215375771116,27.128215007367565,19.035562952421447,27.086182212273915,16.532856350585995
88.33448456398419,55.55790954392924,42.62662702742721,49.31464134887084,52.12587323767481,56.11475029794629,74.67107636463518,58.608026144381576
712.624386101342,535.819163618193,610.1117170733962,797.8366985658888,409.8587968816853,338.57203154645816,414.9196980821083,423.8497456998794
2.4483244042102346,1.7408290740396242,-0.9605884663628872,-0.602958499569145,3.5568800419620192,2.0997503878377226,-0.5875723302480724,-1.437605181350725
143.3889392450203,288.67971702315083,83.23710608223848,865.4342634328983,810.7332200602607,-313.65911572454274,-118.90532342226896,297.7586054945415
0.0005825628790299,-0.002077411744915,-612.4867385197457,15077.022874831711,20760.90290013072,3238.1816080852605,-1596.4942071607404,664.218105418825
670.536319333081,779.6649667275589,171.7548233989392,516.6849263475356,-1468.2501842883798,-1032.5204872159557,1045.2660642846947,794.165944793307
-425.5233030068081,-223.39985907362788,93.28595963639948,14015.886913966491,-779.3849321320765,-1462.6898125180005,-138.19452367087516,941.8247737180644
14.596171548036066,31.76723089198257,32.25221435651698,28.264707849946603,27.550091349382125,26.7580980882131,15.071399747639322,18.966238080111427
51.96348784025239,55.75960909657327,53.85660858748973,55.96855309443181,93.38639362504752,46.76468094999113,65.06900497604057,67.31809425266098
334.2790765608792,445.6942198886763,686.3018973130124,805.6962148976095,315.6824127666276,618.3877492013577,497.1020416952297,396.70308165709855
3.512077819371316,0.8913421489820713,2.606815184969788,1.6059595185506057,1.837766982766456,1.313301412640185,-1.3810270670951423,2.3208391940177737
232.2289227020695,141.17024650684223,-43.2020158433636,570.6533319983996,152.8815157532243,207.258153686008,-312.2853190290831,-33.372031202392776
-0.0008135354812317,0.0026625722302478,12484.074015715498,22430.131902445883,19219.40237516287,19718.427821425703,1336.9552815962963,-51.57758364998608
12865.983084295072,-1167.618595851172,12482.602110706386,-1214.1339373777778,2260.158562030387,4335.762701439483,2479.3638610933035,505.6748397701195
-319.7447604467192,3573.617373061617,-1584.5678687379686,4675.336920278707,-1630.2233499711208,3902.4071740857,-662.00753981669,383.36143659761245
9.972590619524922,15.592602283386348,25.00787097109049,26.840491454770245,27.18912367571348,37.13439251908413,31.64801213421629,32.38060010270408
26.547141686600668,101.79169321513255,71.5192582694145,59.97801656439257,53.670197792823714,82.88751940375903,60.56718727855323,31.391639478187304
392.2758939334097,593.9123823928885,290.92527036807417,351.2698147967308,597.8023201174614,575.0964708327774,246.02292689335565,524.7656346371433
-1.4654861997630488,1.777702283458983,1.1582908458037011,0.901085921257087,2.2146488073286528,1.304190372323301,0.7720996001189467,0.1393371476376266
352.06748847030303,-129.64018062405648,-396.5668675173816,1474.5732626228175,608.0180957404018,-803.3638422131564,817.4967807194372,276.0241147684628
0.0009459959494201,-0.000332415857784,2522.6645214231453,4944.154260488633,13116.888457302344,10119.949646952433,8375.712036098437,-392.2539624882528
-124.90913509804552,7659.761985625873,-2064.260747633999,1707.458263741869,5433.322766753252,2131.376236558341,68.57069648682807,1033.9037360955383
-116.00343308851322,304.1020508755605,-732.4174652089084,-1478.70449717464,2167.31486697297,528.1867030307203,-24.283364564455724,230.1809857614621
24.429562999373555,18.028230483850503,38.614435879571936,24.97215375771116,27.128215007367565,19.035562952421447,27.086182212273915,16.532856350585995
88.33448456398419,55.55790954392924,42.62662702742721,49.31464134887084,52.12587323767481,56.11475029794629,74.67107636463518,58.608026144381576
712.624386101342,535.819163618193,610.1117170733962,797.8366985658888,409.8587968816853,338.57203154645816,414.9196980821083,423.8497456998794
2.4483244042102346,1.7408290740396242,-0.9605884663628872,-0.602958499569145,3.5568800419620192,2.0997503878377226,-0.5875723302480724,-1.437605181350725
143.3889392450203,288.67971702315083,83.23710608223848,865.4342634328983,810.7332200602607,-313.65911572454274,-118.90532342226896,297.7586054945415
0.0005825628790299,-0.002077411744915,-612.4867385197457,15077.022874831711,20760.90290013072,3238.1816080852605,-1596.4942071607404,664.218105418825
670.536319333081,779.6649667275589,171.7548233989392,516.6849263475356,-1468.2501842883798,-1032.5204872159557,1045.2660642846947,794.165944793307
-425.5233030068081,-223.39985907362788,93.28595963639948,14015.886913966491,-779.3849321320765,-1462.6898125180005,-138.19452367087516,941.8247737180644
14.596171548036066,31.76723089198257,32.25221435651698,28.264707849946603,27.550091349382125,26.7580980882131,15.071399747639322,18.966238080111427
51.96348784025239,55.75960909657327,53.85660858748973,55.96855309443181,93.38639362504752,46.76468094999113,65.06900497604057,67.31809425266098
334.2790765608792,445.6942198886763,686.3018973130124,805.6962148976095,315.6824127666276,618.3877492013577,497.1020416952297,396.70308165709855
3.512077819371316,0.8913421489820713,2.606815184969788,1.6059595185506057,1.837766982766456,1.313301412640185,-1.3810270670951423,2.3208391940177737
232.2289227020695,141.17024650684223,-43.2020158433636,570.6533319983996,152.8815157532243,207.258153686008,-312.2853190290831,-33.372031202392776
-0.0008135354812317,0.0026625722302478,12484.074015715498,22430.131902445883,19219.40237516287,19718.427821425703,1336.9552815962963,-51.57758364998608
12865.983084295072,-1167.618595851172,12482.602110706386,-1214.1339373777778,2260.158562030387,4335.762701439483,2479.3638610933035,505.6748397701195
-319.7447604467192,3573.617373061617,-1584.5678687379686,4675.336920278707,-1630.2233499711208,3902.4071740857,-662.00753981669,383.36143659761245
9.972590619524922,15.592602283386348,25.00787097109049,26.840491454770245,27.18912367571348,37.13439251908413,31.64801213421629,32.38060010270408
26.547141686600668,101.79169321513255,71.5192582694145,59.97801656439257,53.670197792823714,82.88751940375903,60.56718727855323,31.391639478187304
392.2758939334097,593.9123823928885,290.92527036807417,351.2698147967308,597.8023201174614,575.0964708327774,246.02292689335565,524.7656346371433
-1.4654861997630488,1.777702283458983,1.1582908458037011,0.901085921257087,2.2146488073286528,1.304190372323301,0.7720996001189467,0.1393371476376266
352.06748847030303,-129.64018062405648,-396.5668675173816,1474.5732626228175,608.0180957404018,-803.3638422131564,817.4967807194372,276.0241147684628
0.0009459959494201,-0.000332415857784,2522.6645214231453,4944.154260488633,13116.888457302344,10119.949646952433,8375.712036098437,-392.2539624882528
-124.90913509804552,7659.761985625873,-2064.260747633999,1707.458263741869,5433.322766753252,2131.376236558341,68.57069648682807,1033.9037360955383
-116.00343308851322,304.1020508755605,-732.4174652089084,-1478.70449717464,2167.31486697297,528.1867030307203,-24.283364564455724,230.1809857614621
24.429562999373555,18.028230483850503,38.614435879571936,24.97215375771116,27.128215007367565,19.035562952421447,27.086182212273915,16.532856350585995
88.33448456398419,55.55790954392924,42.62662702742721,49.31464134887084,52.12587323767481,56.11475029794629,74.67107636463518,58.608026144381576
712.624386101342,535.819163618193,610.1117170733962,797.8366985658888,409.8587968816853,338.57203154645816,414.9196980821083,423.8497456998794
2.4483244042102346,1.7408290740396242,-0.9605884663628872,-0.602958499569145,3.5568800419620192,2.0997503878377226,-0.5875723302480724,-1.437605181350725
143.3889392450203,288.67971702315083,83.23710608223848,865.4342634328983,810.7332200602607,-313.65911572454274,-118.90532342226896,297.7586054945415
0.0005825628790299,-0.002077411744915,-612.4867385197457,15077.022874831711,20760.90290013072,3238.1816080852605,-1596.4942071607404,664.218105418825
670.536319333081,779.6649667275589,171.7548233989392,516.6849263475356,-1468.2501842883798,-1032.5204872159557,1045.2660642846947,794.165944793307
-425.5233030068081,-223.39985907362788,93.28595963639948,14015.886913966491,-779.3849321320765,-1462.6898125180005,-138.19452367087516,941.8247737180644
14.596171548036066,31.76723089198257,32.25221435651698,28.264707849946603,27.550091349382125,26.7580980882131,15.071399747639322,18.966238080111427
51.96348784025239,55.75960909657327,53.85660858748973,55.96855309443181,93.38639362504752,46.76468094999113,65.06900497604057,67.31809425266098
334.2790765608792,445.6942198886763,686.3018973130124,805.6962148976095,315.6824127666276,618.3877492013577,497.1020416952297,396.70308165709855
3.512077819371316,0.8913421489820713,2.606815184969788,1.6059595185506057,1.837766982766456,1.313301412640185,-1.3810270670951423,2.3208391940177737
232.2289227020695,141.17024650684223,-43.2020158433636,570.6533319983996,152.8815157532243,207.258153686008,-312.2853190290831,-33.372031202392776
-0.0008135354812317,0.0026625722302478,12484.074015715498,22430.131902445883,19219.40237516287,19718.427821425703,1336.9552815962963,-51.57758364998608
12865.983084295072,-1167.618595851172,12482.602110706386,-1214.1339373777778,2260.158562030387,4335.762701439483,2479.3638610933035,505.6748397701195
-319.7447604467192,3573.617373061617,-1584.5678687379686,4675.336920278707,-1630.2233499711208,3902.4071740857,-662.00753981669,383.36143659761245
9.972590619524922,15.592602283386348,25.00787097109049,26.840491454770245,27.18912367571348,37.13439251908413,31.64801213421629,32.38060010270408
26.547141686600668,101.79169321513255,71.5192582694145,59.97801656439257,53.670197792823714,82.88751940375903,60.56718727855323,31.391639478187304
392.2758939334097,593.9123823928885,290.92527036807417,351.2698147967308,597.8023201174614,575.0964708327774,246.02292689335565,524.7656346371433
-1.4654861997630488,1.777702283458983,1.1582908458037011,0.901085921257087,2.2146488073286528,1.304190372323301,0.7720996001189467,0.1393371476376266
352.06748847030303,-129.64018062405648,-396.5668675173816,1474.5732626228175,608.0180957404018,-803.3638422131564,817.4967807194372,276.0241147684628
0.0009459959494201,-0.000332415857784,2522.6645214231453,4944.154260488633,13116.888457302344,10119.949646952433,8375.712036098437,-392.2539624882528
-124.90913509804552,7659.761985625873,-2064.260747633999,1707.458263741869,5433.322766753252,2131.376236558341,68.57069648682807,1033.9037360955383
-116.00343308851322,304.1020508755605,-732.4174652089084,-1478.70449717464,2167.31486697297,528.1867030307203,-24.283364564455724,230.1809857614621
24.429562999373555,18.028230483850503,38.614435879571936,24.97215375771116,27.128215007367565,19.035562952421447,27.086182212273915,16.532856350585995
88.33448456398419,55.55790954392924,42.62662702742721,49.31464134887084,52.12587323767481,56.11475029794629,74.67107636463518,58.608026144381576
712.624386101342,535.819163618193,610.1117170733962,797.8366985658888,409.8587968816853,338.57203154645816,414.9196980821083,423.8497456998794
2.4483244042102346,1.7408290740396242,-0.9605884663628872,-0.602958499569145,3.5568800419620192,2.0997503878377226,-0.5875723302480724,-1.437605181350725
143.3889392450203,288.67971702315083,83.23710608223848,865.4342634328983,810.7332200602607,-313.65911572454274,-118.90532342226896,297.7586054945415
0.0005825628790299,-0.002077411744915,-612.4867385197457,15077.022874831711,20760.90290013072,3238.1816080852605,-1596.4942071607404,664.218105418825
670.536319333081,779.6649667275589,171.7548233989392,516.6849263475356,-1468.2501842883798,-1032.5204872159557,1045.2660642846947,794.165944793307
-425.5233030068081,-223.39985907362788,93.28595963639948,14015.886913966491,-779.3849321320765,-1462.6898125180005,-138.19452367087516,941.8247737180644
14.596171548036066,31.76723089198257,32.25221435651698,28.264707849946603,27.550091349382125,26.7580980882131,15.071399747639322,18.966238080111427
51.96348784025239,55.75960909657327,53.85660858748973,55.96855309443181,93.38639362504752,46.76468094999113,65.06900497604057,67.31809425266098
334.2790765608792,445.6942198886763,686.3018973130124,805.6962148976095,315.6824127666276,618.3877492013577,497.1020416952297,396.70308165709855
3.512077819371316,0.8913421489820713,2.606815184969788,1.6059595185506057,1.837766982766456,1.313301412640185,-1.3810270670951423,2.3208391940177737
232.2289227020695,141.17024650684223,-43.2020158433636,570.6533319983996,152.8815157532243,207.258153686008,-312.2853190290831,-33.372031202392776
-0.0008135354812317,0.0026625722302478,12484.074015715498,22430.131902445883,19219.40237516287,19718.427821425703,1336.9552815962963,-51.57758364998608
12865.983084295072,-1167.618595851172,12482.602110706386,-1214.1339373777778,2260.158562030387,4335.762701439483,2479.3638610933035,505.6748397701195
-319.7447604467192,3573.617373061617,-1584.5678687379686,4675.336920278707,-1630.2233499711208,3902.4071740857,-662.00753981669,383.36143659761245
9.972590619524922,15.592602283386348,25.00787097109049,26.840491454770245,27.18912367571348,37.13439251908413,31.64801213421629,32.38060010270408
26.547141686600668,101.79169321513255,71.5192582694145,59.97801656439257,53.670197792823714,82.88751940375903,60.56718727855323,31.391639478187304
392.2758939334097,593.9123823928885,290.92527036807417,351.2698147967308,597.8023201174614,575.0964708327774,246.02292689335565,524.7656346371433
-1.4654861997630488,1.777702283458983,1.1582908458037011,0.901085921257087,2.2146488073286528,1.304190372323301,0.7720996001189467,0.1393371476376266
352.06748847030303,-129.64018062405648,-396.5668675173816,1474.5732626228175,608.0180957404018,-803.3638422131564,817.4967807194372,276.0241147684628
0.0009459959494201,-0.000332415857784,2522.6645214231453,4944.154260488633,13116.888457302344,10119.949646952433,8375.712036098437,-392.2539624882528
-124.90913509804552,7659.761985625873,-2064.260747633999,1707.458263741869,5433.322766753252,2131.376236558341,68.57069648682807,1033.9037360955383
-116.00343308851322,304.1020508755605,-732.4174652089084,-1478.70449717464,2167.31486697297,528.1867030307203,-24.283364564455724,230.1809857614621
24.429562999373555,18.028230483850503,38.614435879571936,24.97215375771116,27.128215007367565,19.035562952421447,27.086182212273915,16.532856350585995
88.33448456398419,55.55790954392924,42.62662702742721,49.31464134887084,52.12587323767481,56.11475029794629,74.67107636463518,58.608026144381576
712.624386101342,535.819163618193,610.1117170733962,797.8366985658888,409.8587968816853,338.57203154645816,414.9196980821083,423.8497456998794
2.4483244042102346,1.7408290740396242,-0.9605884663628872,-0.602958499569145,3.5568800419620192,2.0997503878377226,-0.5875723302480724,-1.437605181350725
143.3889392450203,288.67971702315083,83.23710608223848,865.4342634328983,810.7332200602607,-313.65911572454274,-118.90532342226896,297.7586054945415
0.0005825628790299,-0.002077411744915,-612.4867385197457,15077.022874831711,20760.90290013072,3238.1816080852605,-1596.4942071607404,664.218105418825
670.536319333081,779.6649667275589,171.7548233989392,516.6849263475356,-1468.2501842883798,-1032.5204872159557,1045.2660642846947,794.165944793307
-425.5233030068081,-223.39985907362788,93.28595963639948,14015.886913966491,-779.3849321320765,-1462.6898125180005,-138.19452367087516,941.8247737180644
14.596171548036066,31.76723089198257,32.25221435651698,28.264707849946603,27.550091349382125,26.7580980882131,15.071399747639322,18.966238080111427
51.96348784025239,55.75960909657327,53.85660858748973,55.96855309443181,93.38639362504752,46.76468094999113,65.06900497604057,67.31809425266098
334.2790765608792,445.6942198886763,686.3018973130124,805.6962148976095,315.6824127666276,618.3877492013577,497.1020416952297,396.70308165709855
3.512077819371316,0.8913421489820713,2.606815184969788,1.6059595185506057,1.837766982766456,1.313301412640185,-1.3810270670951423,2.3208391940177737
232.2289227020695,141.17024650684223,-43.2020158433636,570.6533319983996,152.8815157532243,207.258153686008,-312.2853190290831,-33.372031202392776
-0.0008135354812317,0.0026625722302478,12484.074015715498,22430.131902445883,19219.40237516287,19718.427821425703,1336.9552815962963,-51.57758364998608
12865.983084295072,-1167.618595851172,12482.602110706386,-1214.1339373777778,2260.158562030387,4335.762701439483,2479.3638610933035,505.6748397701195
-319.7447604467192,3573.617373061617,-1584.5678687379686,4675.336920278707,-1630.2233499711208,3902.4071740857,-662.00753981669,383.36143659761245
9.972590619524922,15.592602283386348,25.00787097109049,26.840491454770245,27.18912367571348,37.13439251908413,31.64801213421629,32.38060010270408
26.547141686600668,101.79169321513255,71.5192582694145,59.97801656439257,53.670197792823714,82.88751940375903,60.56718727855323,31.391639478187304
392.2758939334097,593.9123823928885,290.92527036807417,351.2698147967308,597.8023201174614,575.0964708327774,246.02292689335565,524.7656346371433
-1.4654861997630488,1.777702283458983,1.1582908458037011,0.901085921257087,2.2146488073286528,1.304190372323301,0.7720996001189467,0.1393371476376266
352.06748847030303,-129.64018062405648,-396.5668675173816,1474.5732626228175,608.0180957404018,-803.3638422131564,817.4967807194372,276.0241147684628
0.0009459959494201,-0.000332415857784,2522.6645214231453,4944.154260488633,13116.888457302344,10119.949646952433,8375.712036098437,-392.2539624882528
-124.90913509804552,7659.761985625873,-2064.260747633999,1707.458263741869,5433.322766753252,2131.376236558341,68.57069648682807,1033.9037360955383
-116.00343308851322,304.1020508755605,-732.4174652089084,-1478.70449717464,2167.31486697297,528.1867030307203,-24.283364564455724,230.1809857614621
24.429562999373555,18.028230483850503,38.614435879571936,24.97215375771116,27.128215007367565,19.035562952421447,27.086182212273915,16.532856350585995
88.33448456398419,55.55790954392924,42.62662702742721,49.31464134887084,52.12587323767481,56.11475029794629,74.67107636463518,58.608026144381576
712.624386101342,535.819163618193,610.1117170733962,797.8366985658888,409.8587968816853,338.57203154645816,414.9196980821083,423.8497456998794
2.4483244042102346,1.7408290740396242,-0.9605884663628872,-0.602958499569145,3.5568800419620192,2.0997503878377226,-0.5875723302480724,-1.437605181350725
143.3889392450203,288.67971702315083,83.23710608223848,865.4342634328983,810.7332200602607,-313.65911572454274,-118.90532342226896,297.7586054945415
0.0005825628790299,-0.002077411744915,-612.4867385197457,15077.022874831711,20760.90290013072,3238.1816080852605,-1596.4942071607404,664.218105418825
670.536319333081,779.6649667275589,171.7548233989392,516.6849263475356,-1468.2501842883798,-1032.5204872159557,1045.2660642846947,794.165944793307
-425.5233030068081,-223.39985907362788,93.28595963639948,14015.886913966491,-779.3849321320765,-1462.6898125180005,-138.19452367087516,941.8247737180644
14.596171548036066,31.76723089198257,32.25221435651698,28.264707849946603,27.550091349382125,26.7580980882131,15.071399747639322,18.966238080111427
51.96348784025239,55.75960909657327,53.85660858748973,55.96855309443181,93.38639362504752,46.76468094999113,65.06900497604057,67.31809425266098
334.2790765608792,445.6942198886763,686.3018973130124,805.6962148976095,315.6824127666276,618.3877492013577,497.1020416952297,396.70308165709855
3.512077819371316,0.8913421489820713,2.606815184969788,1.6059595185506057,1.837766982766456,1.313301412640185,-1.3810270670951423,2.3208391940177737
232.2289227020695,141.17024650684223,-43.2020158433636,570.6533319983996,152.8815157532243,207.258153686008,-312.2853190290831,-33.372031202392776
-0.0008135354812317,0.0026625722302478,12484.074015715498,22430.131902445883,19219.40237516287,19718.427821425703,1336.9552815962963,-51.57758364998608
12865.983084295072,-1167.618595851172,12482.602110706386,-1214.1339373777778,2260.158562030387,4335.762701439483,2479.3638610933035,505.6748397701195
-319.7447604467192,3573.617373061617,-1584.5678687379686,4675.336920278707,-1630.2233499711208,3902.4071740857,-662.00753981669,383.36143659761245
9.972590619524922,15.592602283386348,25.00787097109049,26.840491454770245,27.18912367571348,37.13439251908413,31.64801213421629,32.38060010270408
26.547141686600668,101.79169321513255,71.5192582694145,59.97801656439257,53.670197792823714,82.88751940375903,60.56718727855323,31.391639478187304
392.2758939334097,593.9123823928885,290.92527036807417,351.2698147967308,597.8023201174614,575.0964708327774,246.02292689335565,524.7656346371433
-1.4654861997630488,1.777702283458983,1.1582908458037011,0.901085921257087,2.2146488073286528,1.304190372323301,0.7720996001189467,0.1393371476376266
352.06748847030303,-129.64018062405648,-396.5668675173816,1474.5732626228175,608.0180957404018,-803.3638422131564,817.4967807194372,276.0241147684628
0.0009459959494201,-0.000332415857784,2522.6645214231453,4944.154260488633,13116.888457302344,10119.949646952433,8375.712036098437,-392.2539624882528
-124.90913509804552,7659.761985625873,-2064.260747633999,1707.458263741869,5433.322766753252,2131.376236558341,68.57069648682807,1033.9037360955383
-116.00343308851322,304.1020508755605,-732.4174652089084,-1478.70449717464,2167.31486697297,528.1867030307203,-24.283364564455724,230.1809857614621
24.429562999373555,18.028230483850503,38.614435879571936,24.97215375771116,27.128215007367565,19.035562952421447,27.086182212273915,16.532856350585995
88.33448456398419,55.55790954392924,42.62662702742721,49.31464134887084,52.12587323767481,56.11475029794629,74.67107636463518,58.608026144381576
712.624386101342,535.819163618193,610.1117170733962,797.8366985658888,409.8587968816853,338.57203154645816,414.9196980821083,423.8497456998794
2.4483244042102346,1.7408290740396242,-0.9605884663628872,-0.602958499569145,3.5568800419620192,2.0997503878377226,-0.5875723302480724,-1.437605181350725
143.3889392450203,288.67971702315083,83.23710608223848,865.4342634328983,810.7332200602607,-313.65911572454274,-118.90532342226896,297.7586054945415
0.0005825628790299,-0.002077411744915,-612.4867385197457,15077.022874831711,20760.90290013072,3238.1816080852605,-1596.4942071607404,664.218105418825
670.536319333081,779.6649667275589,171.7548233989392,516.6849263475356,-1468.2501842883798,-1032.5204872159557,1045.2660642846947,794.165944793307
-425.5233030068081,-223.39985907362788,93.28595963639948,14015.886913966491,-779.3849321320765,-1462.6898125180005,-138.19452367087516,941.8247737180644
14.596171548036066,31.76723089198257,32.25221435651698,28.264707849946603,27.550091349382125,26.7580980882131,15.071399747639322,18.966238080111427
51.96348784025239,55.75960909657327,53.85660858748973,55.96855309443181,93.38639362504752,46.76468094999113,65.06900497604057,67.31809425266098
334.2790765608792,445.6942198886763,686.3018973130124,805.6962148976095,315.6824127666276,618.3877492013577,497.1020416952297,396.70308165709855
3.512077819371316,0.8913421489820713,2.606815184969788,1.6059595185506057,1.837766982766456,1.313301412640185,-1.3810270670951423,2.3208391940177737
232.2289227020695,141.17024650684223,-43.2020158433636,570.6533319983996,152.8815157532243,207.258153686008,-312.2853190290831,-33.372031202392776
-0.0008135354812317,0.0026625722302478,12484.074015715498,22430.131902445883,19219.40237516287,19718.427821425703,1336.9552815962963,-51.57758364998608
12865.983084295072,-1167.618595851172,12482.602110706386,-1214.1339373777778,2260.158562030387,4335.762701439483,2479.3638610933035,505.6748397701195
-319.7447604467192,3573.617373061617,-1584.5678687379686,4675.336920278707,-1630.2233499711208,3902.4071740857,-662.00753981669,383.36143659761245
9.972590619524922,15.592602283386348,25.00787097109049,26.840491454770245,27.18912367571348,37.13439251908413,31.64801213421629,32.38060010270408
26.547141686600668,101.79169321513255,71.5192582694145,59.97801656439257,53.670197792823714,82.88751940375903,60.56718727855323,31.391639478187304
392.2758939334097,593.9123823928885,290.92527036807417,351.2698147967308,597.8023201174614,575.0964708327774,246.02292689335565,524.7656346371433
-1.4654861997630488,1.777702283458983,1.1582908458037011,0.901085921257087,2.2146488073286528,1.304190372323301,0.7720996001189467,0.1393371476376266
352.06748847030303,-129.64018062405648,-396.5668675173816,1474.5732626228175,608.0180957404018,-803.3638422131564,817.4967807194372,276.0241147684628
0.0009459959494201,-0.000332415857784,2522.6645214231453,4944.154260488633,13116.888457302344,10119.949646952433,8375.712036098437,-392.2539624882528
-124.90913509804552,7659.761985625873,-2064.260747633999,1707.458263741869,5433.322766753252,2131.376236558341,68.57069648682807,1033.9037360955383
-116.00343308851322,304.1020508755605,-732.4174652089084,-1478.70449717464,2167.31486697297,528.1867030307203,-24.283364564455724,230.1809857614621
24.429562999373555,18.028230483850503,38.614435879571936,24.97215375771116,27.128215007367565,19.035562952421447,27.086182212273915,16.532856350585995
88.33448456398419,55.55790954392924,42.62662702742721,49.31464134887084,52.12587323767481,56.11475029794629,74.67107636463518,58.608026144381576
712.624386101342,535.819163618193,610.1117170733962,797.8366985658888,409.8587968816853,338.57203154645816,414.9196980821083,423.8497456998794
2.4483244042102346,1.7408290740396242,-0.9605884663628872,-0.602958499569145,3.5568800419620192,2.0997503878377226,-0.5875723302480724,-1.437605181350725
143.3889392450203,288.67971702315083,83.23710608223848,865.4342634328983,810.7332200602607,-313.65911572454274,-118.90532342226896,297.7586054945415
0.0005825628790299,-0.002077411744915,-612.4867385197457,15077.022874831711,20760.90290013072,3238.1816080852605,-1596.4942071607404,664.218105418825
670.536319333081,779.6649667275589,171.7548233989392,516.6849263475356,-1468.2501842883798,-1032.5204872159557,1045.2660642846947,794.165944793307
-425.5233030068081,-223.39985907362788,93.28595963639948,14015.886913966491,-779.3849321320765,-1462.6898125180005,-138.19452367087516,941.8247737180644
14.596171548036066,31.76723089198257,32.25221435651698,28.264707849946603,27.550091349382125,26.7580980882131,15.071399747639322,18.966238080111427
51.96348784025239,55.75960909657327,53.85660858748973,55.96855309443181,93.38639362504752,46.76468094999113,65.06900497604057,67.31809425266098
334.2790765608792,445.6942198886763,686.3018973130124,805.6962148976095,315.6824127666276,618.3877492013577,497.1020416952297,396.70308165709855
3.512077819371316,0.8913421489820713,2.606815184969788,1.6059595185506057,1.837766982766456,1.313301412640185,-1.3810270670951423,2.3208391940177737
232.2289227020695,141.17024650684223,-43.2020158433636,570.6533319983996,152.8815157532243,207.258153686008,-312.2853190290831,-33.372031202392776
-0.0008135354812317,0.0026625722302478,12484.074015715498,22430.131902445883,19219.40237516287,19718.427821425703,1336.9552815962963,-51.57758364998608
12865.983084295072,-1167.618595851172,12482.602110706386,-1214.1339373777778,2260.158562030387,4335.762701439483,2479.3638610933035,505.6748397701195
-319.7447604467192,3573.617373061617,-1584.5678687379686,4675.336920278707,-1630.2233499711208,3902.4071740857,-662.00753981669,383.36143659761245
9.972590619524922,15.592602283386348,25.00787097109049,26.840491454770245,27.18912367571348,37.13439251908413,31.64801213421629,32.38060010270408
26.547141686600668,101.79169321513255,71.5192582694145,59.97801656439257,53.670197792823714,82.88751940375903,60.56718727855323,31.391639478187304
392.2758939334097,593.9123823928885,290.92527036807417,351.2698147967308,597.8023201174614,575.0964708327774,246.02292689335565,524.7656346371433
-1.4654861997630488,1.777702283458983,1.1582908458037011,0.901085921257087,2.2146488073286528,1.304190372323301,0.7720996001189467,0.1393371476376266
352.06748847030303,-129.64018062405648,-396.5668675173816,1474.5732626228175,608.0180957404018,-803.3638422131564,817.4967807194372,276.0241147684628
0.0009459959494201,-0.000332415857784,2522.6645214231453,4944.154260488633,13116.888457302344,10119.949646952433,8375.712036098437,-392.2539624882528
-124.90913509804552,7659.761985625873,-2064.260747633999,1707.458263741869,5433.322766753252,2131.376236558341,68.57069648682807,1033.9037360955383
-116.00343308851322,304.1020508755605,-732.4174652089084,-1478.70449717464,2167.31486697297,528.1867030307203,-24.283364564455724,230.1809857614621
24.429562999373555,18.028230483850503,38.614435879571936,24.97215375771116,27.128215007367565,19.035562952421447,27.086182212273915,16.532856350585995
88.33448456398419,55.55790954392924,42.62662702742721,49.31464134887084,52.12587323767481,56.11475029794629,74.67107636463518,58.608026144381576
712.624386101342,535.819163618193,610.1117170733962,797.8366985658888,409.8587968816853,338.57203154645816,414.9196980821083,423.8497456998794
2.4483244042102346,1.7408290740396242,-0.9605884663628872,-0.602958499569145,3.5568800419620192,2.0997503878377226,-0.5875723302480724,-1.437605181350725
143.3889392450203,288.67971702315083,83.23710608223848,865.4342634328983,810.7332200602607,-313.65911572454274,-118.90532342226896,297.7586054945415
0.0005825628790299,-0.002077411744915,-612.4867385197457,15077.022874831711,20760.90290013072,3238.1816080852605,-1596.4942071607404,664.218105418825
670.536319333081,779.6649667275589,171.7548233989392,516.6849263475356,-1468.2501842883798,-1032.5204872159557,1045.2660642846947,794.165944793307
-425.5233030068081,-223.39985907362788,93.28595963639948,14015.886913966491,-779.3849321320765,-1462.6898125180005,-138.19452367087516,941.8247737180644
14.596171548036066,31.76723089198257,32.25221435651698,28.264707849946603,27.550091349382125,26.7580980882131,15.071399747639322,18.966238080111427
51.96348784025239,55.75960909657327,53.85660858748973,55.96855309443181,93.38639362504752,46.76468094999113,65.06900497604057,67.31809425266098
334.2790765608792,445.6942198886763,686.3018973130124,805.6962148976095,315.6824127666276,618.3877492013577,497.1020416952297,396.70308165709855
3.512077819371316,0.8913421489820713,2.606815184969788,1.6059595185506057,1.837766982766456,1.313301412640185,-1.3810270670951423,2.3208391940177737
232.2289227020695,141.17024650684223,-43.2020158433636,570.6533319983996,152.8815157532243,207.258153686008,-312.2853190290831,-33.372031202392776
-0.0008135354812317,0.0026625722302478,12484.074015715498,22430.131902445883,19219.40237516287,19718.427821425703,1336.9552815962963,-51.57758364998608
12865.983084295072,-1167.618595851172,12482.602110706386,-1214.1339373777778,2260.158562030387,4335.762701439483,2479.3638610933035,505.6748397701195
-319.7447604467192,3573.617373061617,-1584.5678687379686,4675.336920278707,-1630.2233499711208,3902.4071740857,-662.00753981669,383.36143659761245
9.972590619524922,15.592602283386348,25.00787097109049,26.840491454770245,27.18912367571348,37.13439251908413,31.64801213421629,32.38060010270408
26.547141686600668,101.79169321513255,71.5192582694145,59.97801656439257,53.670197792823714,82.88751940375903,60.56718727855323,31.391639478187304
392.2758939334097,593.9123823928885,290.92527036807417,351.2698147967308,597.8023201174614,575.0964708327774,246.02292689335565,524.7656346371433
-1.4654861997630488,1.777702283458983,1.1582908458037011,0.901085921257087,2.2146488073286528,1.304190372323301,0.7720996001189467,0.1393371476376266
352.06748847030303,-129.64018062405648,-396.5668675173816,1474.5732626228175,608.0180957404018,-803.3638422131564,817.4967807194372,276.0241147684628
0.0009459959494201,-0.000332415857784,2522.6645214231453,4944.154260488633,13116.888457302344,10119.949646952433,8375.712036098437,-392.2539624882528
-124.90913509804552,7659.761985625873,-2064.260747633999,1707.458263741869,5433.322766753252,2131.376236558341,68.57069648682807,1033.9037360955383
-116.00343308851322,304.1020508755605,-732.4174652089084,-1478.70449717464,2167.31486697297,528.1867030307203,-24.283364564455724,230.1809857614621
24.429562999373555,18.028230483850503,38.614435879571936,24.97215375771116,27.128215007367565,19.035562952421447,27.086182212273915,16.532856350585995
88.33448456398419,55.55790954392924,42.62662702742721,49.31464134887084,52.12587323767481,56.11475029794629,74.67107636463518,58.608026144381576
712.624386101342,535.819163618193,610.1117170733962,797.8366985658888,409.8587968816853,338.57203154645816,414.9196980821083,423.8497456998794
2.4483244042102346,1.7408290740396242,-0.9605884663628872,-0.602958499569145,3.5568800419620192,2.0997503878377226,-0.5875723302480724,-1.437605181350725
143.3889392450203,288.67971702315083,83.23710608223848,865.4342634328983,810.7332200602607,-313.65911572454274,-118.90532342226896,297.7586054945415
0.0005825628790299,-0.002077411744915,-612.4867385197457,15077.022874831711,20760.90290013072,3238.1816080852605,-1596.4942071607404,664.218105418825
670.536319333081,779.6649667275589,171.7548233989392,516.6849263475356,-1468.2501842883798,-1032.5204872159557,1045.2660642846947,794.165944793307
-425.5233030068081,-223.39985907362788,93.28595963639948,14015.886913966491,-779.3849321320765,-1462.6898125180005,-138.19452367087516,941.8247737180644
14.596171548036066,31.76723089198257,32.25221435651698,28.264707849946603,27.550091349382125,26.7580980882131,15.071399747639322,18.966238080111427
51.96348784025239,55.75960909657327,53.85660858748973,55.96855309443181,93.38639362504752,46.76468094999113,65.06900497604057,67.31809425266098
334.2790765608792,445.6942198886763,686.3018973130124,805.6962148976095,315.6824127666276,618.3877492013577,497.1020416952297,396.70308165709855
3.512077819371316,0.8913421489820713,2.606815184969788,1.6059595185506057,1.837766982766456,1.313301412640185,-1.3810270670951423,2.3208391940177737
232.2289227020695,141.17024650684223,-43.2020158433636,570.6533319983996,152.8815157532243,207.258153686008,-312.2853190290831,-33.372031202392776
-0.0008135354812317,0.0026625722302478,12484.074015715498,22430.131902445883,19219.40237516287,19718.427821425703,1336.9552815962963,-51.57758364998608
12865.983084295072,-1167.618595851172,12482.602110706386,-1214.1339373777778,2260.158562030387,4335.762701439483,2479.3638610933035,505.6748397701195
-319.7447604467192,3573.617373061617,-1584.5678687379686,4675.336920278707,-1630.2233499711208,3902.4071740857,-662.00753981669,383.36143659761245
9.972590619524922,15.592602283386348,25.00787097109049,26.840491454770245,27.18912367571348,37.13439251908413,31.64801213421629,32.38060010270408
26.547141686600668,101.79169321513255,71.5192582694145,59.97801656439257,53.670197792823714,82.88751940375903,60.56718727855323,31.391639478187304
392.2758939334097,593.9123823928885,290.92527036807417,351.2698147967308,597.8023201174614,575.0964708327774,246.02292689335565,524.7656346371433
-1.4654861997630488,1.777702283458983,1.1582908458037011,0.901085921257087,2.2146488073286528,1.304190372323301,0.7720996001189467,0.1393371476376266
352.06748847030303,-129.64018062405648,-396.5668675173816,1474.5732626228175,608.0180957404018,-803.3638422131564,817.4967807194372,276.0241147684628
0.0009459959494201,-0.000332415857784,2522.6645214231453,4944.154260488633,13116.888457302344,10119.949646952433,8375.712036098437,-392.2539624882528
-124.90913509804552,7659.761985625873,-2064.260747633999,1707.458263741869,5433.322766753252,2131.376236558341,68.57069648682807,1033.9037360955383
-116.00343308851322,304.1020508755605,-732.4174652089084,-1478.70449717464,2167.31486697297,528.1867030307203,-24.283364564455724,230.1809857614621
24.429562999373555,18.028230483850503,38.614435879571936,24.97215375771116,27.128215007367565,19.035562952421447,27.086182212273915,16.532856350585995
88.33448456398419,55.55790954392924,42.62662702742721,49.31464134887084,52.12587323767481,56.11475029794629,74.67107636463518,58.608026144381576
712.624386101342,535.819163618193,610.1117170733962,797.8366985658888,409.8587968816853,338.57203154645816,414.9196980821083,423.8497456998794
2.4483244042102346,1.7408290740396242,-0.9605884663628872,-0.602958499569145,3.5568800419620192,2.0997503878377226,-0.5875723302480724,-1.437605181350725
143.3889392450203,288.67971702315083,83.23710608223848,865.4342634328983,810.7332200602607,-313.65911572454274,-118.90532342226896,297.7586054945415
0.0005825628790299,-0.002077411744915,-612.4867385197457,15077.022874831711,20760.90290013072,3238.1816080852605,-1596.4942071607404,664.218105418825
670.536319333081,779.6649667275589,171.7548233989392,516.6849263475356,-1468.2501842883798,-1032.5204872159557,1045.2660642846947,794.165944793307
-425.5233030068081,-223.39985907362788,93.28595963639948,14015.886913966491,-779.3849321320765,-1462.6898125180005,-138.19452367087516,941.8247737180644
14.596171548036066,31.76723089198257,32.25221435651698,28.264707849946603,27.550091349382125,26.7580980882131,15.071399747639322,18.966238080111427
51.96348784025239,55.75960909657327,53.85660858748973,55.96855309443181,93.38639362504752,46.76468094999113,65.06900497604057,67.31809425266098
334.2790765608792,445.6942198886763,686.3018973130124,805.6962148976095,315.6824127666276,618.3877492013577,497.1020416952297,396.70308165709855
3.512077819371316,0.8913421489820713,2.606815184969788,1.6059595185506057,1.837766982766456,1.313301412640185,-1.3810270670951423,2.3208391940177737
232.2289227020695,141.17024650684223,-43.2020158433636,570.6533319983996,152.8815157532243,207.258153686008,-312.2853190290831,-33.372031202392776
-0.0008135354812317,0.0026625722302478,12484.074015715498,22430.131902445883,19219.40237516287,19718.427821425703,1336.9552815962963,-51.57758364998608
12865.983084295072,-1167.618595851172,12482.602110706386,-1214.1339373777778,2260.158562030387,4335.762701439483,2479.3638610933035,505.6748397701195
-319.7447604467192,3573.617373061617,-1584.5678687379686,4675.336920278707,-1630.2233499711208,3902.4071740857,-662.00753981669,383.36143659761245
9.972590619524922,15.592602283386348,25.00787097109049,26.840491454770245,27.18912367571348,37.13439251908413,31.64801213421629,32.38060010270408
26.547141686600668,101.79169321513255,71.5192582694145,59.97801656439257,53.670197792823714,82.88751940375903,60.56718727855323,31.391639478187304
392.2758939334097,593.9123823928885,290.92527036807417,351.2698147967308,597.8023201174614,575.0964708327774,246.02292689335565,524.7656346371433
-1.4654861997630488,1.777702283458983,1.1582908458037011,0.901085921257087,2.2146488073286528,1.304190372323301,0.7720996001189467,0.1393371476376266
352.06748847030303,-129.64018062405648,-396.5668675173816,1474.5732626228175,608.0180957404018,-803.3638422131564,817.4967807194372,276.0241147684628
0.0009459959494201,-0.000332415857784,2522.6645214231453,4944.154260488633,13116.888457302344,10119.949646952433,8375.712036098437,-392.2539624882528
-124.90913509804552,7659.761985625873,-2064.260747633999,1707.458263741869,5433.322766753252,2131.376236558341,68.57069648682807,1033.9037360955383
-116.00343308851322,304.1020508755605,-732.4174652089084,-1478.70449717464,2167.31486697297,528.1867030307203,-24.283364564455724,230.1809857614621
24.429562999373555,18.028230483850503,38.614435879571936,24.97215375771116,27.128215007367565,19.035562952421447,27.086182212273915,16.532856350585995
88.33448456398419,55.55790954392924,42.62662702742721,49.31464134887084,52.12587323767481,56.11475029794629,74.67107636463518,58.608026144381576
712.624386101342,535.819163618193,610.1117170733962,797.8366985658888,409.8587968816853,338.57203154645816,414.9196980821083,423.8497456998794
2.4483244042102346,1.7408290740396242,-0.9605884663628872,-0.602958499569145,3.5568800419620192,2.0997503878377226,-0.5875723302480724,-1.437605181350725
143.3889392450203,288.67971702315083,83.23710608223848,865.4342634328983,810.7332200602607,-313.65911572454274,-118.90532342226896,297.7586054945415
0.0005825628790299,-0.002077411744915,-612.4867385197457,15077.022874831711,20760.90290013072,3238.1816080852605,-1596.4942071607404,664.218105418825
670.536319333081,779.6649667275589,171.7548233989392,516.6849263475356,-1468.2501842883798,-1032.5204872159557,1045.2660642846947,794.165944793307
-425.5233030068081,-223.39985907362788,93.28595963639948,14015.886913966491,-779.3849321320765,-1462.6898125180005,-138.19452367087516,941.8247737180644
14.596171548036066,31.76723089198257,32.25221435651698,28.264707849946603,27.550091349382125,26.7580980882131,15.071399747639322,18.966238080111427
51.96348784025239,55.75960909657327,53.85660858748973,55.96855309443181,93.38639362504752,46.76468094999113,65.06900497604057,67.31809425266098
334.2790765608792,445.6942198886763,686.3018973130124,805.6962148976095,315.6824127666276,618.3877492013577,497.1020416952297,396.70308165709855
3.512077819371316,0.8913421489820713,2.606815184969788,1.6059595185506057,1.837766982766456,1.313301412640185,-1.3810270670951423,2.3208391940177737
232.2289227020695,141.17024650684223,-43.2020158433636,570.6533319983996,152.8815157532243,207.258153686008,-312.2853190290831,-33.372031202392776
-0.0008135354812317,0.0026625722302478,12484.074015715498,22430.131902445883,19219.40237516287,19718.427821425703,1336.9552815962963,-51.57758364998608
12865.983084295072,-1167.618595851172,12482.602110706386,-1214.1339373777778,2260.158562030387,4335.762701439483,2479.3638610933035,505.6748397701195
-319.7447604467192,3573.617373061617,-1584.5678687379686,4675.336920278707,-1630.2233499711208,3902.4071740857,-662.00753981669,383.36143659761245
9.972590619524922,15.592602283386348,25.00787097109049,26.840491454770245,27.18912367571348,37.13439251908413,31.64801213421629,32.38060010270408
26.547141686600668,101.79169321513255,71.5192582694145,59.97801656439257,53.670197792823714,82.88751940375903,60.56718727855323,31.391639478187304
392.2758939334097,593.9123823928885,290.92527036807417,351.2698147967308,597.8023201174614,575.0964708327774,246.02292689335565,524.7656346371433
-1.4654861997630488,1.777702283458983,1.1582908458037011,0.901085921257087,2.2146488073286528,1.304190372323301,0.7720996001189467,0.1393371476376266
352.06748847030303,-129.64018062405648,-396.5668675173816,1474.5732626228175,608.0180957404018,-803.3638422131564,817.4967807194372,276.0241147684628
0.0009459959494201,-0.000332415857784,2522.6645214231453,4944.154260488633,13116.888457302344,10119.949646952433,8375.712036098437,-392.2539624882528
-124.90913509804552,7659.761985625873,-2064.260747633999,1707.458263741869,5433.322766753252,2131.376236558341,68.57069648682807,1033.9037360955383
-116.00343308851322,304.1020508755605,-732.4174652089084,-1478.70449717464,2167.31486697297,528.1867030307203,-24.283364564455724,230.1809857614621
24.429562999373555,18.028230483850503,38.614435879571936,24.97215375771116,27.128215007367565,19.035562952421447,27.086182212273915,16.532856350585995
88.33448456398419,55.55790954392924,42.62662702742721,49.31464134887084,52.12587323767481,56.11475029794629,74.67107636463518,58.608026144381576
712.624386101342,535.819163618193,610.1117170733962,797.8366985658888,409.8587968816853,338.57203154645816,414.9196980821083,423.8497456998794
2.4483244042102346,1.7408290740396242,-0.9605884663628872,-0.602958499569145,3.5568800419620192,2.0997503878377226,-0.5875723302480724,-1.437605181350725
143.3889392450203,288.67971702315083,83.23710608223848,865.4342634328983,810.7332200602607,-313.65911572454274,-118.90532342226896,297.7586054945415
0.0005825628790299,-0.002077411744915,-612.4867385197457,15077.022874831711,20760.90290013072,3238.1816080852605,-1596.4942071607404,664.218105418825
670.536319333081,779.6649667275589,171.7548233989392,516.6849263475356,-1468.2501842883798,-1032.5204872159557,1045.2660642846947,794.165944793307
-425.5233030068081,-223.39985907362788,93.28595963639948,14015.886913966491,-779.3849321320765,-1462.6898125180005,-138.19452367087516,941.8247737180644
14.596171548036066,31.76723089198257,32.25221435651698,28.264707849946603,27.550091349382125,26.7580980882131,15.071399747639322,18.966238080111427
51.96348784025239,55.75960909657327,53.85660858748973,55.96855309443181,93.38639362504752,46.76468094999113,65.06900497604057,67.31809425266098
334.2790765608792,445.6942198886763,686.3018973130124,805.6962148976095,315.6824127666276,618.3877492013577,497.1020416952297,396.70308165709855
3.512077819371316,0.8913421489820713,2.606815184969788,1.6059595185506057,1.837766982766456,1.313301412640185,-1.3810270670951423,2.3208391940177737
232.2289227020695,141.17024650684223,-43.2020158433636,570.6533319983996,152.8815157532243,207.258153686008,-312.2853190290831,-33.372031202392776
-0.0008135354812317,0.0026625722302478,12484.074015715498,22430.131902445883,19219.40237516287,19718.427821425703,1336.9552815962963,-51.57758364998608
12865.983084295072,-1167.618595851172,12482.602110706386,-1214.1339373777778,2260.158562030387,4335.762701439483,2479.3638610933035,505.6748397701195
-319.7447604467192,3573.617373061617,-1584.5678687379686,4675.336920278707,-1630.2233499711208,3902.4071740857,-662.00753981669,383.36143659761245
9.972590619524922,15.592602283386348,25.00787097109049,26.840491454770245,27.18912367571348,37.13439251908413,31.64801213421629,32.38060010270408
26.547141686600668,101.79169321513255,71.5192582694145,59.97801656439257,53.670197792823714,82.88751940375903,60.56718727855323,31.391639478187304
392.2758939334097,593.9123823928885,290.92527036807417,351.2698147967308,597.8023201174614,575.0964708327774,246.02292689335565,524.7656346371433
-1.4654861997630488,1.777702283458983,1.1582908458037011,0.901085921257087,2.2146488073286528,1.304190372323301,0.7720996001189467,0.1393371476376266
352.06748847030303,-129.64018062405648,-396.5668675173816,1474.5732626228175,608.0180957404018,-803.3638422131564,817.4967807194372,276.0241147684628
0.0009459959494201,-0.000332415857784,2522.6645214231453,4944.154260488633,13116.888457302344,10119.949646952433,8375.712036098437,-392.2539624882528
-124.90913509804552,7659.761985625873,-2064.260747633999,1707.458263741869,5433.322766753252,2131.376236558341,68.57069648682807,1033.9037360955383
-116.00343308851322,304.1020508755605,-732.4174652089084,-1478.70449717464,2167.31486697297,528.1867030307203,-24.283364564455724,230.1809857614621
24.429562999373555,18.028230483850503,38.614435879571936,24.97215375771116,27.128215007367565,19.035562952421447,27.086182212273915,16.532856350585995
88.33448456398419,55.55790954392924,42.62662702742721,49.31464134887084,52.12587323767481,56.11475029794629,74.67107636463518,58.608026144381576
712.624386101342,535.819163618193,610.1117170733962,797.8366985658888,409.8587968816853,338.57203154645816,414.9196980821083,423.8497456998794
2.4483244042102346,1.7408290740396242,-0.9605884663628872,-0.602958499569145,3.5568800419620192,2.0997503878377226,-0.5875723302480724,-1.437605181350725
143.3889392450203,288.67971702315083,83.23710608223848,865.4342634328983,810.7332200602607,-313.65911572454274,-118.90532342226896,297.7586054945415
0.0005825628790299,-0.002077411744915,-612.4867385197457,15077.022874831711,20760.90290013072,3238.1816080852605,-1596.4942071607404,664.218105418825
670.536319333081,779.6649667275589,171.7548233989392,516.6849263475356,-1468.2501842883798,-1032.5204872159557,1045.2660642846947,794.165944793307
-425.5233030068081,-223.39985907362788,93.28595963639948,14015.886913966491,-779.3849321320765,-1462.6898125180005,-138.19452367087516,941.8247737180644
14.596171548036066,31.76723089198257,32.25221435651698,28.264707849946603,27.550091349382125,26.7580980882131,15.071399747639322,18.966238080111427
51.96348784025239,55.75960909657327,53.85660858748973,55.96855309443181,93.38639362504752,46.76468094999113,65.06900497604057,67.31809425266098
334.2790765608792,445.6942198886763,686.3018973130124,805.6962148976095,315.6824127666276,618.3877492013577,497.1020416952297,396.70308165709855
3.512077819371316,0.8913421489820713,2.606815184969788,1.6059595185506057,1.837766982766456,1.313301412640185,-1.3810270670951423,2.3208391940177737
232.2289227020695,141.17024650684223,-43.2020158433636,570.6533319983996,152.8815157532243,207.258153686008,-312.2853190290831,-33.372031202392776
-0.0008135354812317,0.0026625722302478,12484.074015715498,22430.131902445883,19219.40237516287,19718.427821425703,1336.9552815962963,-51.57758364998608
12865.983084295072,-1167.618595851172,12482.602110706386,-1214.1339373777778,2260.158562030387,4335.762701439483,2479.3638610933035,505.6748397701195
-319.7447604467192,3573.617373061617,-1584.5678687379686,4675.336920278707,-1630.2233499711208,3902.4071740857,-662.00753981669,383.36143659761245
9.972590619524922,15.592602283386348,25.00787097109049,26.840491454770245,27.18912367571348,37.13439251908413,31.64801213421629,32.38060010270408
26.547141686600668,101.79169321513255,71.5192582694145,59.97801656439257,53.670197792823714,82.88751940375903,60.56718727855323,31.391639478187304
392.2758939334097,593.9123823928885,290.92527036807417,351.2698147967308,597.8023201174614,575.0964708327774,246.02292689335565,524.7656346371433
-1.4654861997630488,1.777702283458983,1.1582908458037011,0.901085921257087,2.2146488073286528,1.304190372323301,0.7720996001189467,0.1393371476376266
352.06748847030303,-129.64018062405648,-396.5668675173816,1474.5732626228175,608.0180957404018,-803.3638422131564,817.4967807194372,276.0241147684628
0.0009459959494201,-0.000332415857784,2522.6645214231453,4944.154260488633,13116.888457302344,10119.949646952433,8375.712036098437,-392.2539624882528
-124.90913509804552,7659.761985625873,-2064.260747633999,1707.458263741869,5433.322766753252,2131.376236558341,68.57069648682807,1033.9037360955383
-116.00343308851322,304.1020508755605,-732.4174652089084,-1478.70449717464,2167.31486697297,528.1867030307203,-24.283364564455724,230.1809857614621
24.429562999373555,18.028230483850503,38.614435879571936,24.97215375771116,27.128215007367565,19.035562952421447,27.086182212273915,16.532856350585995
88.33448456398419,55.55790954392924,42.62662702742721,49.31464134887084,52.12587323767481,56.11475029794629,74.67107636463518,58.608026144381576
712.624386101342,535.819163618193,610.1117170733962,797.8366985658888,409.8587968816853,338.57203154645816,414.9196980821083,423.8497456998794
2.4483244042102346,1.7408290740396242,-0.9605884663628872,-0.602958499569145,3.5568800419620192,2.0997503878377226,-0.5875723302480724,-1.437605181350725
143.3889392450203,288.67971702315083,83.23710608223848,865.4342634328983,810.7332200602607,-313.65911572454274,-118.90532342226896,297.7586054945415
0.0005825628790299,-0.002077411744915,-612.4867385197457,15077.022874831711,20760.90290013072,3238.1816080852605,-1596.4942071607404,664.218105418825
670.536319333081,779.6649667275589,171.7548233989392,516.6849263475356,-1468.2501842883798,-1032.5204872159557,1045.2660642846947,794.165944793307
-425.5233030068081,-223.39985907362788,93.28595963639948,14015.886913966491,-779.3849321320765,-1462.6898125180005,-138.19452367087516,941.8247737180644
14.596171548036066,31.76723089198257,32.25221435651698,28.264707849946603,27.550091349382125,26.7580980882131,15.071399747639322,18.966238080111427
51.96348784025239,55.75960909657327,53.85660858748973,55.96855309443181,93.38639362504752,46.76468094999113,65.06900497604057,67.31809425266098
334.2790765608792,445.6942198886763,686.3018973130124,805.6962148976095,315.6824127666276,618.3877492013577,497.1020416952297,396.70308165709855
3.512077819371316,0.8913421489820713,2.606815184969788,1.6059595185506057,1.837766982766456,1.313301412640185,-1.3810270670951423,2.3208391940177737
232.2289227020695,141.17024650684223,-43.2020158433636,570.6533319983996,152.8815157532243,207.258153686008,-312.2853190290831,-33.372031202392776
-0.0008135354812317,0.0026625722302478,12484.074015715498,22430.131902445883,19219.40237516287,19718.427821425703,1336.9552815962963,-51.57758364998608
12865.983084295072,-1167.618595851172,12482.602110706386,-1214.1339373777778,2260.158562030387,4335.762701439483,2479.3638610933035,505.6748397701195
-319.7447604467192,3573.617373061617,-1584.5678687379686,4675.336920278707,-1630.2233499711208,3902.4071740857,-662.00753981669,383.36143659761245
9.972590619524922,15.592602283386348,25.00787097109049,26.840491454770245,27.18912367571348,37.13439251908413,31.64801213421629,32.38060010270408
26.547141686600668,101.79169321513255,71.5192582694145,59.97801656439257,53.670197792823714,82.88751940375903,60.56718727855323,31.391639478187304
392.2758939334097,593.9123823928885,290.92527036807417,351.2698147967308,597.8023201174614,575.0964708327774,246.02292689335565,524.7656346371433
-1.4654861997630488,1.777702283458983,1.1582908458037011,0.901085921257087,2.2146488073286528,1.304190372323301,0.7720996001189467,0.1393371476376266
352.06748847030303,-129.64018062405648,-396.5668675173816,1474.5732626228175,608.0180957404018,-803.3638422131564,817.4967807194372,276.0241147684628
0.0009459959494201,-0.000332415857784,2522.6645214231453,4944.154260488633,13116.888457302344,10119.949646952433,8375.712036098437,-392.2539624882528
-124.90913509804552,7659.761985625873,-2064.260747633999,1707.458263741869,5433.322766753252,2131.376236558341,68.57069648682807,1033.9037360955383
-116.00343308851322,304.1020508755605,-732.4174652089084,-1478.70449717464,2167.31486697297,528.1867030307203,-24.283364564455724,230.1809857614621
24.429562999373555,18.028230483850503,38.614435879571936,24.97215375771116,27.128215007367565,19.035562952421447,27.086182212273915,16.532856350585995
88.33448456398419,55.55790954392924,42.62662702742721,49.31464134887084,52.12587323767481,56.11475029794629,74.67107636463518,58.608026144381576
712.624386101342,535.819163618193,610.1117170733962,797.8366985658888,409.8587968816853,338.57203154645816,414.9196980821083,423.8497456998794
2.4483244042102346,1.7408290740396242,-0.9605884663628872,-0.602958499569145,3.5568800419620192,2.0997503878377226,-0.5875723302480724,-1.437605181350725
143.3889392450203,288.67971702315083,83.23710608223848,865.4342634328983,810.7332200602607,-313.65911572454274,-118.90532342226896,297.7586054945415
0.0005825628790299,-0.002077411744915,-612.4867385197457,15077.022874831711,20760.90290013072,3238.1816080852605,-1596.4942071607404,664.218105418825
670.536319333081,779.6649667275589,171.7548233989392,516.6849263475356,-1468.2501842883798,-1032.5204872159557,1045.2660642846947,794.165944793307
-425.5233030068081,-223.39985907362788,93.28595963639948,14015.886913966491,-779.3849321320765,-1462.6898125180005,-138.19452367087516,941.8247737180644
14.596171548036066,31.76723089198257,32.25221435651698,28.264707849946603,27.550091349382125,26.7580980882131,15.071399747639322,18.966238080111427
51.96348784025239,55.75960909657327,53.85660858748973,55.96855309443181,93.38639362504752,46.76468094999113,65.06900497604057,67.31809425266098
334.2790765608792,445.6942198886763,686.3018973130124,805.6962148976095,315.6824127666276,618.3877492013577,497.1020416952297,396.70308165709855
3.512077819371316,0.8913421489820713,2.606815184969788,1.6059595185506057,1.837766982766456,1.313301412640185,-1.3810270670951423,2.3208391940177737
232.2289227020695,141.17024650684223,-43.2020158433636,570.6533319983996,152.8815157532243,207.258153686008,-312.2853190290831,-33.372031202392776
-0.0008135354812317,0.0026625722302478,12484.074015715498,22430.131902445883,19219.40237516287,19718.427821425703,1336.9552815962963,-51.57758364998608
12865.983084295072,-1167.618595851172,12482.602110706386,-1214.1339373777778,2260.158562030387,4335.762701439483,2479.3638610933035,505.6748397701195
-319.7447604467192,3573.617373061617,-1584.5678687379686,4675.336920278707,-1630.2233499711208,3902.4071740857,-662.00753981669,383.36143659761245
