내부온도관측치,내부습도관측치,co2관측치,ec관측치,시간당분무량,시간당백색광량,시간당적색광량,시간당청색광량
15.611607748664742,17.10591392828568,41.922643317191095,35.94051905255246,26.08151905698749,28.2845972520875,25.417508763538443,29.765219986284134
61.94920599739048,70.24915083231339,79.35798472159918,45.48446509425916,61.87792317559658,5.065808196277281,68.12943185070753,34.96925646075072
673.6231616708827,291.1490846165407,344.5041690363952,416.80077099440734,449.46341923727874,313.45764255870444,407.3071283145552,580.6167438031813
0.1564633496452443,2.384343391157276,2.064849976544804,0.1520583601016445,1.4141231190922288,0.2278752742691299,-0.9579030031191827,0.7158663222407835
806.6691307898635,24.66674839933387,595.2935867128316,-576.640885803592,73.58926950890239,180.9418503594573,535.3152030404167,80.56007229341589
0.0011346929073064,0.0007013374198553,234.8048119868581,-3276.4450867352075,13188.203208307212,13398.348802010492,7821.5904921816145,959.1968675618168
511.39152546976896,937.783966706578,-2238.858832992766,3792.73224872245,2684.0648890774805,3413.762651911694,-1615.5367375190235,1933.026851646261
-51.80615015775544,314.7536837801372,-908.6599557210652,-1485.563862687792,-2494.2039807261112,3846.388900902143,-1143.3687731941818,967.3320817879572
24.19697963221962,12.055373521296737,35.8880492318119,27.8001446228482,26.09803806243842,27.48214690708872,14.677400618807289,18.84327555938512
60.93462604767033,59.7516853051013,36.756776513177726,44.26610288670938,58.151567825285305,47.10682377844812,83.83703296017457,72.26814803169876
648.8951420734003,380.6353219836047,467.81454429511234,635.692029230856,564.9452879308155,417.517992753514,608.0294618022504,531.8175212055343
1.447443591106448,-0.8458231978667163,0.4969735970545913,-0.5030778136551821,3.956804532467483,0.5198393124563583,4.0145952731652,0.6539217373129904
-221.5610975150722,-65.26875777626918,470.8386975596902,1122.0382420367312,402.8582226191669,757.7200552960785,-1.3555915089012274,1137.3480617596215
0.0017730949509719,0.0006468268108965,-1991.157604709399,17483.123811714555,19839.07066692796,-13041.33678442866,83.26328576385369,436.90099773974725
539.1568632427321,337.68894073185413,-2105.5804056018533,-1085.7518039221602,-5250.320511518108,2070.05754012574,1160.504678440412,2003.229810857511
-179.09720729212393,-133.7084099938037,725.899199337993,150.38859063218663,-80.99086302088426,166.8844090322067,1324.0192331902506,73.97601348081933
18.546588506454725,13.699944751746823,39.92160655250814,27.10172116454056,27.305946937842847,22.031058935981143,24.37626965465256,26.94012401593202
34.68624907461961,32.17181699384794,46.547168936978125,52.55775518221118,74.79965292764514,31.84989840003499,66.67369538417475,51.33051488503229
428.2783383203991,407.3632175349839,609.6362871427084,583.068259464407,354.16160090684593,629.4157458963726,440.36955422103614,386.4418164465794
1.2977845751078378,1.505606590679946,3.777169342714988,-0.5834671945736767,-0.3621650964401757,2.397540716522858,1.706766192568818,4.060156352504402
95.21236275530896,2485.0805894528,234.5101348348078,340.5253227633941,843.2993486175053,-330.193219754801,2018.1015928789168,1113.7825770194802
-0.0012540360259183,-5.513410153184989e-05,22293.898182696896,30411.23440047676,19813.990019698664,11347.714096309895,2745.039161681848,-162.14386981831817
-514.8791213670617,-1395.9793688060947,-1057.066318837788,-1872.739062249725,11464.973753727982,2716.761161730747,1994.296452703633,-838.982733461653
-397.0714852011926,497.5062372757072,93.76413203521818,1504.2390669937392,-751.2582515993923,668.8939714797059,-1518.8825299035502,-1176.5649161002211
15.611607748664742,17.10591392828568,41.922643317191095,35.94051905255246,26.08151905698749,28.2845972520875,25.417508763538443,29.765219986284134
61.94920599739048,70.24915083231339,79.35798472159918,45.48446509425916,61.87792317559658,5.065808196277281,68.12943185070753,34.96925646075072
673.6231616708827,291.1490846165407,344.5041690363952,416.80077099440734,449.46341923727874,313.45764255870444,407.3071283145552,580.6167438031813
0.1564633496452443,2.384343391157276,2.064849976544804,0.1520583601016445,1.4141231190922288,0.2278752742691299,-0.9579030031191827,0.7158663222407835
806.6691307898635,24.66674839933387,595.2935867128316,-576.640885803592,73.58926950890239,180.9418503594573,535.3152030404167,80.56007229341589
0.0011346929073064,0.0007013374198553,234.8048119868581,-3276.4450867352075,13188.203208307212,13398.348802010492,7821.5904921816145,959.1968675618168
511.39152546976896,937.783966706578,-2238.858832992766,3792.73224872245,2684.0648890774805,3413.762651911694,-1615.5367375190235,1933.026851646261
-51.80615015775544,314.7536837801372,-908.6599557210652,-1485.563862687792,-2494.2039807261112,3846.388900902143,-1143.3687731941818,967.3320817879572
24.19697963221962,12.055373521296737,35.8880492318119,27.8001446228482,26.09803806243842,27.48214690708872,14.677400618807289,18.84327555938512
60.93462604767033,59.7516853051013,36.756776513177726,44.26610288670938,58.151567825285305,47.10682377844812,83.83703296017457,72.26814803169876
648.8951420734003,380.6353219836047,467.81454429511234,635.692029230856,564.9452879308155,417.517992753514,608.0294618022504,531.8175212055343
1.447443591106448,-0.8458231978667163,0.4969735970545913,-0.5030778136551821,3.956804532467483,0.5198393124563583,4.0145952731652,0.6539217373129904
-221.5610975150722,-65.26875777626918,470.8386975596902,1122.0382420367312,402.8582226191669,757.7200552960785,-1.3555915089012274,1137.3480617596215
0.0017730949509719,0.0006468268108965,-1991.157604709399,17483.123811714555,19839.07066692796,-13041.33678442866,83.26328576385369,436.90099773974725
539.1568632427321,337.68894073185413,-2105.5804056018533,-1085.7518039221602,-5250.320511518108,2070.05754012574,1160.504678440412,2003.229810857511
-179.09720729212393,-133.7084099938037,725.899199337993,150.38859063218663,-80.99086302088426,166.8844090322067,1324.0192331902506,73.97601348081933
18.546588506454725,13.699944751746823,39.92160655250814,27.10172116454056,27.305946937842847,22.031058935981143,24.37626965465256,26.94012401593202
34.68624907461961,32.17181699384794,46.547168936978125,52.55775518221118,74.79965292764514,31.84989840003499,66.67369538417475,51.33051488503229
428.2783383203991,407.3632175349839,609.6362871427084,583.068259464407,354.16160090684593,629.4157458963726,440.36955422103614,386.4418164465794
1.2977845751078378,1.505606590679946,3.777169342714988,-0.5834671945736767,-0.3621650964401757,2.397540716522858,1.706766192568818,4.060156352504402
95.21236275530896,2485.0805894528,234.5101348348078,340.5253227633941,843.2993486175053,-330.193219754801,2018.1015928789168,1113.7825770194802
-0.0012540360259183,-5.513410153184989e-05,22293.898182696896,30411.23440047676,19813.990019698664,11347.714096309895,2745.039161681848,-162.14386981831817
-514.8791213670617,-1395.9793688060947,-1057.066318837788,-1872.739062249725,11464.973753727982,2716.761161730747,1994.296452703633,-838.982733461653
-397.0714852011926,497.5062372757072,93.76413203521818,1504.2390669937392,-751.2582515993923,668.8939714797059,-1518.8825299035502,-1176.5649161002211
15.611607748664742,17.10591392828568,41.922643317191095,35.94051905255246,26.08151905698749,28.2845972520875,25.417508763538443,29.765219986284134
61.94920599739048,70.24915083231339,79.35798472159918,45.48446509425916,61.87792317559658,5.065808196277281,68.12943185070753,34.96925646075072
673.6231616708827,291.1490846165407,344.5041690363952,416.80077099440734,449.46341923727874,313.45764255870444,407.3071283145552,580.6167438031813
0.1564633496452443,2.384343391157276,2.064849976544804,0.1520583601016445,1.4141231190922288,0.2278752742691299,-0.9579030031191827,0.7158663222407835
806.6691307898635,24.66674839933387,595.2935867128316,-576.640885803592,73.58926950890239,180.9418503594573,535.3152030404167,80.56007229341589
0.0011346929073064,0.0007013374198553,234.8048119868581,-3276.4450867352075,13188.203208307212,13398.348802010492,7821.5904921816145,959.1968675618168
511.39152546976896,937.783966706578,-2238.858832992766,3792.73224872245,2684.0648890774805,3413.762651911694,-1615.5367375190235,1933.026851646261
-51.80615015775544,314.7536837801372,-908.6599557210652,-1485.563862687792,-2494.2039807261112,3846.388900902143,-1143.3687731941818,967.3320817879572
24.19697963221962,12.055373521296737,35.8880492318119,27.8001446228482,26.09803806243842,27.48214690708872,14.677400618807289,18.84327555938512
60.93462604767033,59.7516853051013,36.756776513177726,44.26610288670938,58.151567825285305,47.10682377844812,83.83703296017457,72.26814803169876
648.8951420734003,380.6353219836047,467.81454429511234,635.692029230856,564.9452879308155,417.517992753514,608.0294618022504,531.8175212055343
1.447443591106448,-0.8458231978667163,0.4969735970545913,-0.5030778136551821,3.956804532467483,0.5198393124563583,4.0145952731652,0.6539217373129904
-221.5610975150722,-65.26875777626918,470.8386975596902,1122.0382420367312,402.8582226191669,757.7200552960785,-1.3555915089012274,1137.3480617596215
0.0017730949509719,0.0006468268108965,-1991.157604709399,17483.123811714555,19839.07066692796,-13041.33678442866,83.26328576385369,436.90099773974725
539.1568632427321,337.68894073185413,-2105.5804056018533,-1085.7518039221602,-5250.320511518108,2070.05754012574,1160.504678440412,2003.229810857511
-179.09720729212393,-133.7084099938037,725.899199337993,150.38859063218663,-80.99086302088426,166.8844090322067,1324.0192331902506,73.97601348081933
18.546588506454725,13.699944751746823,39.92160655250814,27.10172116454056,27.305946937842847,22.031058935981143,24.37626965465256,26.94012401593202
34.68624907461961,32.17181699384794,46.547168936978125,52.55775518221118,74.79965292764514,31.84989840003499,66.67369538417475,51.33051488503229
428.2783383203991,407.3632175349839,609.6362871427084,583.068259464407,354.16160090684593,629.4157458963726,440.36955422103614,386.4418164465794
1.2977845751078378,1.505606590679946,3.777169342714988,-0.5834671945736767,-0.3621650964401757,2.397540716522858,1.706766192568818,4.060156352504402
95.21236275530896,2485.0805894528,234.5101348348078,340.5253227633941,843.2993486175053,-330.193219754801,2018.1015928789168,1113.7825770194802
-0.0012540360259183,-5.513410153184989e-05,22293.898182696896,30411.23440047676,19813.990019698664,11347.714096309895,2745.039161681848,-162.14386981831817
-514.8791213670617,-1395.9793688060947,-1057.066318837788,-1872.739062249725,11464.973753727982,2716.761161730747,1994.296452703633,-838.982733461653
-397.0714852011926,497.5062372757072,93.76413203521818,1504.2390669937392,-751.2582515993923,668.8939714797059,-1518.8825299035502,-1176.5649161002211
15.611607748664742,17.10591392828568,41.922643317191095,35.94051905255246,26.08151905698749,28.2845972520875,25.417508763538443,29.765219986284134
61.94920599739048,70.24915083231339,79.35798472159918,45.48446509425916,61.87792317559658,5.065808196277281,68.12943185070753,34.96925646075072
673.6231616708827,291.1490846165407,344.5041690363952,416.80077099440734,449.46341923727874,313.45764255870444,407.3071283145552,580.6167438031813
0.1564633496452443,2.384343391157276,2.064849976544804,0.1520583601016445,1.4141231190922288,0.2278752742691299,-0.9579030031191827,0.7158663222407835
806.6691307898635,24.66674839933387,595.2935867128316,-576.640885803592,73.58926950890239,180.9418503594573,535.3152030404167,80.56007229341589
0.0011346929073064,0.0007013374198553,234.8048119868581,-3276.4450867352075,13188.203208307212,13398.348802010492,7821.5904921816145,959.1968675618168
511.39152546976896,937.783966706578,-2238.858832992766,3792.73224872245,2684.0648890774805,3413.762651911694,-1615.5367375190235,1933.026851646261
-51.80615015775544,314.7536837801372,-908.6599557210652,-1485.563862687792,-2494.2039807261112,3846.388900902143,-1143.3687731941818,967.3320817879572
24.19697963221962,12.055373521296737,35.8880492318119,27.8001446228482,26.09803806243842,27.48214690708872,14.677400618807289,18.84327555938512
60.93462604767033,59.7516853051013,36.756776513177726,44.26610288670938,58.151567825285305,47.10682377844812,83.83703296017457,72.26814803169876
648.8951420734003,380.6353219836047,467.81454429511234,635.692029230856,564.9452879308155,417.517992753514,608.0294618022504,531.8175212055343
1.447443591106448,-0.8458231978667163,0.4969735970545913,-0.5030778136551821,3.956804532467483,0.5198393124563583,4.0145952731652,0.6539217373129904
-221.5610975150722,-65.26875777626918,470.8386975596902,1122.0382420367312,402.8582226191669,757.7200552960785,-1.3555915089012274,1137.3480617596215
0.0017730949509719,0.0006468268108965,-1991.157604709399,17483.123811714555,19839.07066692796,-13041.33678442866,83.26328576385369,436.90099773974725
539.1568632427321,337.68894073185413,-2105.5804056018533,-1085.7518039221602,-5250.320511518108,2070.05754012574,1160.504678440412,2003.229810857511
-179.09720729212393,-133.7084099938037,725.899199337993,150.38859063218663,-80.99086302088426,166.8844090322067,1324.0192331902506,73.97601348081933
18.546588506454725,13.699944751746823,39.92160655250814,27.10172116454056,27.305946937842847,22.031058935981143,24.37626965465256,26.94012401593202
34.68624907461961,32.17181699384794,46.547168936978125,52.55775518221118,74.79965292764514,31.84989840003499,66.67369538417475,51.33051488503229
428.2783383203991,407.3632175349839,609.6362871427084,583.068259464407,354.16160090684593,629.4157458963726,440.36955422103614,386.4418164465794
1.2977845751078378,1.505606590679946,3.777169342714988,-0.5834671945736767,-0.3621650964401757,2.397540716522858,1.706766192568818,4.060156352504402
95.21236275530896,2485.0805894528,234.5101348348078,340.5253227633941,843.2993486175053,-330.193219754801,2018.1015928789168,1113.7825770194802
-0.0012540360259183,-5.513410153184989e-05,22293.898182696896,30411.23440047676,19813.990019698664,11347.714096309895,2745.039161681848,-162.14386981831817
-514.8791213670617,-1395.9793688060947,-1057.066318837788,-1872.739062249725,11464.973753727982,2716.761161730747,1994.296452703633,-838.982733461653
-397.0714852011926,497.5062372757072,93.76413203521818,1504.2390669937392,-751.2582515993923,668.8939714797059,-1518.8825299035502,-1176.5649161002211
15.611607748664742,17.10591392828568,41.922643317191095,35.94051905255246,26.08151905698749,28.2845972520875,25.417508763538443,29.765219986284134
61.94920599739048,70.24915083231339,79.35798472159918,45.48446509425916,61.87792317559658,5.065808196277281,68.12943185070753,34.96925646075072
673.6231616708827,291.1490846165407,344.5041690363952,416.80077099440734,449.46341923727874,313.45764255870444,407.3071283145552,580.6167438031813
0.1564633496452443,2.384343391157276,2.064849976544804,0.1520583601016445,1.4141231190922288,0.2278752742691299,-0.9579030031191827,0.7158663222407835
806.6691307898635,24.66674839933387,595.2935867128316,-576.640885803592,73.58926950890239,180.9418503594573,535.3152030404167,80.56007229341589
0.0011346929073064,0.0007013374198553,234.8048119868581,-3276.4450867352075,13188.203208307212,13398.348802010492,7821.5904921816145,959.1968675618168
511.39152546976896,937.783966706578,-2238.858832992766,3792.73224872245,2684.0648890774805,3413.762651911694,-1615.5367375190235,1933.026851646261
-51.80615015775544,314.7536837801372,-908.6599557210652,-1485.563862687792,-2494.2039807261112,3846.388900902143,-1143.3687731941818,967.3320817879572
24.19697963221962,12.055373521296737,35.8880492318119,27.8001446228482,26.09803806243842,27.48214690708872,14.677400618807289,18.84327555938512
60.93462604767033,59.7516853051013,36.756776513177726,44.26610288670938,58.151567825285305,47.10682377844812,83.83703296017457,72.26814803169876
648.8951420734003,380.6353219836047,467.81454429511234,635.692029230856,564.9452879308155,417.517992753514,608.0294618022504,531.8175212055343
1.447443591106448,-0.8458231978667163,0.4969735970545913,-0.5030778136551821,3.956804532467483,0.5198393124563583,4.0145952731652,0.6539217373129904
-221.5610975150722,-65.26875777626918,470.8386975596902,1122.0382420367312,402.8582226191669,757.7200552960785,-1.3555915089012274,1137.3480617596215
0.0017730949509719,0.0006468268108965,-1991.157604709399,17483.123811714555,19839.07066692796,-13041.33678442866,83.26328576385369,436.90099773974725
539.1568632427321,337.68894073185413,-2105.5804056018533,-1085.7518039221602,-5250.320511518108,2070.05754012574,1160.504678440412,2003.229810857511
-179.09720729212393,-133.7084099938037,725.899199337993,150.38859063218663,-80.99086302088426,166.8844090322067,1324.0192331902506,73.97601348081933
18.546588506454725,13.699944751746823,39.92160655250814,27.10172116454056,27.305946937842847,22.031058935981143,24.37626965465256,26.94012401593202
34.68624907461961,32.17181699384794,46.547168936978125,52.55775518221118,74.79965292764514,31.84989840003499,66.67369538417475,51.33051488503229
428.2783383203991,407.3632175349839,609.6362871427084,583.068259464407,354.16160090684593,629.4157458963726,440.36955422103614,386.4418164465794
1.2977845751078378,1.505606590679946,3.777169342714988,-0.5834671945736767,-0.3621650964401757,2.397540716522858,1.706766192568818,4.060156352504402
95.21236275530896,2485.0805894528,234.5101348348078,340.5253227633941,843.2993486175053,-330.193219754801,2018.1015928789168,1113.7825770194802
-0.0012540360259183,-5.513410153184989e-05,22293.898182696896,30411.23440047676,19813.990019698664,11347.714096309895,2745.039161681848,-162.14386981831817
-514.8791213670617,-1395.9793688060947,-1057.066318837788,-1872.739062249725,11464.973753727982,2716.761161730747,1994.296452703633,-838.982733461653
-397.0714852011926,497.5062372757072,93.76413203521818,1504.2390669937392,-751.2582515993923,668.8939714797059,-1518.8825299035502,-1176.5649161002211
15.611607748664742,17.10591392828568,41.922643317191095,35.94051905255246,26.08151905698749,28.2845972520875,25.417508763538443,29.765219986284134
61.94920599739048,70.24915083231339,79.35798472159918,45.48446509425916,61.87792317559658,5.065808196277281,68.12943185070753,34.96925646075072
673.6231616708827,291.1490846165407,344.5041690363952,416.80077099440734,449.46341923727874,313.45764255870444,407.3071283145552,580.6167438031813
0.1564633496452443,2.384343391157276,2.064849976544804,0.1520583601016445,1.4141231190922288,0.2278752742691299,-0.9579030031191827,0.7158663222407835
806.6691307898635,24.66674839933387,595.2935867128316,-576.640885803592,73.58926950890239,180.9418503594573,535.3152030404167,80.56007229341589
0.0011346929073064,0.0007013374198553,234.8048119868581,-3276.4450867352075,13188.203208307212,13398.348802010492,7821.5904921816145,959.1968675618168
511.39152546976896,937.783966706578,-2238.858832992766,3792.73224872245,2684.0648890774805,3413.762651911694,-1615.5367375190235,1933.026851646261
-51.80615015775544,314.7536837801372,-908.6599557210652,-1485.563862687792,-2494.2039807261112,3846.388900902143,-1143.3687731941818,967.3320817879572
24.19697963221962,12.055373521296737,35.8880492318119,27.8001446228482,26.09803806243842,27.48214690708872,14.677400618807289,18.84327555938512
60.93462604767033,59.7516853051013,36.756776513177726,44.26610288670938,58.151567825285305,47.10682377844812,83.83703296017457,72.26814803169876
648.8951420734003,380.6353219836047,467.81454429511234,635.692029230856,564.9452879308155,417.517992753514,608.0294618022504,531.8175212055343
1.447443591106448,-0.8458231978667163,0.4969735970545913,-0.5030778136551821,3.956804532467483,0.5198393124563583,4.0145952731652,0.6539217373129904
-221.5610975150722,-65.26875777626918,470.8386975596902,1122.0382420367312,402.8582226191669,757.7200552960785,-1.3555915089012274,1137.3480617596215
0.0017730949509719,0.0006468268108965,-1991.157604709399,17483.123811714555,19839.07066692796,-13041.33678442866,83.26328576385369,436.90099773974725
539.1568632427321,337.68894073185413,-2105.5804056018533,-1085.7518039221602,-5250.320511518108,2070.05754012574,1160.504678440412,2003.229810857511
-179.09720729212393,-133.7084099938037,725.899199337993,150.38859063218663,-80.99086302088426,166.8844090322067,1324.0192331902506,73.97601348081933
18.546588506454725,13.699944751746823,39.92160655250814,27.10172116454056,27.305946937842847,22.031058935981143,24.37626965465256,26.94012401593202
34.68624907461961,32.17181699384794,46.547168936978125,52.55775518221118,74.79965292764514,31.84989840003499,66.67369538417475,51.33051488503229
428.2783383203991,407.3632175349839,609.6362871427084,583.068259464407,354.16160090684593,629.4157458963726,440.36955422103614,386.4418164465794
1.2977845751078378,1.505606590679946,3.777169342714988,-0.5834671945736767,-0.3621650964401757,2.397540716522858,1.706766192568818,4.060156352504402
95.21236275530896,2485.0805894528,234.5101348348078,340.5253227633941,843.2993486175053,-330.193219754801,2018.1015928789168,1113.7825770194802
-0.0012540360259183,-5.513410153184989e-05,22293.898182696896,30411.23440047676,19813.990019698664,11347.714096309895,2745.039161681848,-162.14386981831817
-514.8791213670617,-1395.9793688060947,-1057.066318837788,-1872.739062249725,11464.973753727982,2716.761161730747,1994.296452703633,-838.982733461653
-397.0714852011926,497.5062372757072,93.76413203521818,1504.2390669937392,-751.2582515993923,668.8939714797059,-1518.8825299035502,-1176.5649161002211
15.611607748664742,17.10591392828568,41.922643317191095,35.94051905255246,26.08151905698749,28.2845972520875,25.417508763538443,29.765219986284134
61.94920599739048,70.24915083231339,79.35798472159918,45.48446509425916,61.87792317559658,5.065808196277281,68.12943185070753,34.96925646075072
673.6231616708827,291.1490846165407,344.5041690363952,416.80077099440734,449.46341923727874,313.45764255870444,407.3071283145552,580.6167438031813
0.1564633496452443,2.384343391157276,2.064849976544804,0.1520583601016445,1.4141231190922288,0.2278752742691299,-0.9579030031191827,0.7158663222407835
806.6691307898635,24.66674839933387,595.2935867128316,-576.640885803592,73.58926950890239,180.9418503594573,535.3152030404167,80.56007229341589
0.0011346929073064,0.0007013374198553,234.8048119868581,-3276.4450867352075,13188.203208307212,13398.348802010492,7821.5904921816145,959.1968675618168
511.39152546976896,937.783966706578,-2238.858832992766,3792.73224872245,2684.0648890774805,3413.762651911694,-1615.5367375190235,1933.026851646261
-51.80615015775544,314.7536837801372,-908.6599557210652,-1485.563862687792,-2494.2039807261112,3846.388900902143,-1143.3687731941818,967.3320817879572
24.19697963221962,12.055373521296737,35.8880492318119,27.8001446228482,26.09803806243842,27.48214690708872,14.677400618807289,18.84327555938512
60.93462604767033,59.7516853051013,36.756776513177726,44.26610288670938,58.151567825285305,47.10682377844812,83.83703296017457,72.26814803169876
648.8951420734003,380.6353219836047,467.81454429511234,635.692029230856,564.9452879308155,417.517992753514,608.0294618022504,531.8175212055343
1.447443591106448,-0.8458231978667163,0.4969735970545913,-0.5030778136551821,3.956804532467483,0.5198393124563583,4.0145952731652,0.6539217373129904
-221.5610975150722,-65.26875777626918,470.8386975596902,1122.0382420367312,402.8582226191669,757.7200552960785,-1.3555915089012274,1137.3480617596215
0.0017730949509719,0.0006468268108965,-1991.157604709399,17483.123811714555,19839.07066692796,-13041.33678442866,83.26328576385369,436.90099773974725
539.1568632427321,337.68894073185413,-2105.5804056018533,-1085.7518039221602,-5250.320511518108,2070.05754012574,1160.504678440412,2003.229810857511
-179.09720729212393,-133.7084099938037,725.899199337993,150.38859063218663,-80.99086302088426,166.8844090322067,1324.0192331902506,73.97601348081933
18.546588506454725,13.699944751746823,39.92160655250814,27.10172116454056,27.305946937842847,22.031058935981143,24.37626965465256,26.94012401593202
34.68624907461961,32.17181699384794,46.547168936978125,52.55775518221118,74.79965292764514,31.84989840003499,66.67369538417475,51.33051488503229
428.2783383203991,407.3632175349839,609.6362871427084,583.068259464407,354.16160090684593,629.4157458963726,440.36955422103614,386.4418164465794
1.2977845751078378,1.505606590679946,3.777169342714988,-0.5834671945736767,-0.3621650964401757,2.397540716522858,1.706766192568818,4.060156352504402
95.21236275530896,2485.0805894528,234.5101348348078,340.5253227633941,843.2993486175053,-330.193219754801,2018.1015928789168,1113.7825770194802
-0.0012540360259183,-5.513410153184989e-05,22293.898182696896,30411.23440047676,19813.990019698664,11347.714096309895,2745.039161681848,-162.14386981831817
-514.8791213670617,-1395.9793688060947,-1057.066318837788,-1872.739062249725,11464.973753727982,2716.761161730747,1994.296452703633,-838.982733461653
-397.0714852011926,497.5062372757072,93.76413203521818,1504.2390669937392,-751.2582515993923,668.8939714797059,-1518.8825299035502,-1176.5649161002211
15.611607748664742,17.10591392828568,41.922643317191095,35.94051905255246,26.08151905698749,28.2845972520875,25.417508763538443,29.765219986284134
61.94920599739048,70.24915083231339,79.35798472159918,45.48446509425916,61.87792317559658,5.065808196277281,68.12943185070753,34.96925646075072
673.6231616708827,291.1490846165407,344.5041690363952,416.80077099440734,449.46341923727874,313.45764255870444,407.3071283145552,580.6167438031813
0.1564633496452443,2.384343391157276,2.064849976544804,0.1520583601016445,1.4141231190922288,0.2278752742691299,-0.9579030031191827,0.7158663222407835
806.6691307898635,24.66674839933387,595.2935867128316,-576.640885803592,73.58926950890239,180.9418503594573,535.3152030404167,80.56007229341589
0.0011346929073064,0.0007013374198553,234.8048119868581,-3276.4450867352075,13188.203208307212,13398.348802010492,7821.5904921816145,959.1968675618168
511.39152546976896,937.783966706578,-2238.858832992766,3792.73224872245,2684.0648890774805,3413.762651911694,-1615.5367375190235,1933.026851646261
-51.80615015775544,314.7536837801372,-908.6599557210652,-1485.563862687792,-2494.2039807261112,3846.388900902143,-1143.3687731941818,967.3320817879572
24.19697963221962,12.055373521296737,35.8880492318119,27.8001446228482,26.09803806243842,27.48214690708872,14.677400618807289,18.84327555938512
60.93462604767033,59.7516853051013,36.756776513177726,44.26610288670938,58.151567825285305,47.10682377844812,83.83703296017457,72.26814803169876
648.8951420734003,380.6353219836047,467.81454429511234,635.692029230856,564.9452879308155,417.517992753514,608.0294618022504,531.8175212055343
1.447443591106448,-0.8458231978667163,0.4969735970545913,-0.5030778136551821,3.956804532467483,0.5198393124563583,4.0145952731652,0.6539217373129904
-221.5610975150722,-65.26875777626918,470.8386975596902,1122.0382420367312,402.8582226191669,757.7200552960785,-1.3555915089012274,1137.3480617596215
0.0017730949509719,0.0006468268108965,-1991.157604709399,17483.123811714555,19839.07066692796,-13041.33678442866,83.26328576385369,436.90099773974725
539.1568632427321,337.68894073185413,-2105.5804056018533,-1085.7518039221602,-5250.320511518108,2070.05754012574,1160.504678440412,2003.229810857511
-179.09720729212393,-133.7084099938037,725.899199337993,150.38859063218663,-80.99086302088426,166.8844090322067,1324.0192331902506,73.97601348081933
18.546588506454725,13.699944751746823,39.92160655250814,27.10172116454056,27.305946937842847,22.031058935981143,24.37626965465256,26.94012401593202
34.68624907461961,32.17181699384794,46.547168936978125,52.55775518221118,74.79965292764514,31.84989840003499,66.67369538417475,51.33051488503229
428.2783383203991,407.3632175349839,609.6362871427084,583.068259464407,354.16160090684593,629.4157458963726,440.36955422103614,386.4418164465794
1.2977845751078378,1.505606590679946,3.777169342714988,-0.5834671945736767,-0.3621650964401757,2.397540716522858,1.706766192568818,4.060156352504402
95.21236275530896,2485.0805894528,234.5101348348078,340.5253227633941,843.2993486175053,-330.193219754801,2018.1015928789168,1113.7825770194802
-0.0012540360259183,-5.513410153184989e-05,22293.898182696896,30411.23440047676,19813.990019698664,11347.714096309895,2745.039161681848,-162.14386981831817
-514.8791213670617,-1395.9793688060947,-1057.066318837788,-1872.739062249725,11464.973753727982,2716.761161730747,1994.296452703633,-838.982733461653
-397.0714852011926,497.5062372757072,93.76413203521818,1504.2390669937392,-751.2582515993923,668.8939714797059,-1518.8825299035502,-1176.5649161002211
15.611607748664742,17.10591392828568,41.922643317191095,35.94051905255246,26.08151905698749,28.2845972520875,25.417508763538443,29.765219986284134
61.94920599739048,70.24915083231339,79.35798472159918,45.48446509425916,61.87792317559658,5.065808196277281,68.12943185070753,34.96925646075072
673.6231616708827,291.1490846165407,344.5041690363952,416.80077099440734,449.46341923727874,313.45764255870444,407.3071283145552,580.6167438031813
0.1564633496452443,2.384343391157276,2.064849976544804,0.1520583601016445,1.4141231190922288,0.2278752742691299,-0.9579030031191827,0.7158663222407835
806.6691307898635,24.66674839933387,595.2935867128316,-576.640885803592,73.58926950890239,180.9418503594573,535.3152030404167,80.56007229341589
0.0011346929073064,0.0007013374198553,234.8048119868581,-3276.4450867352075,13188.203208307212,13398.348802010492,7821.5904921816145,959.1968675618168
511.39152546976896,937.783966706578,-2238.858832992766,3792.73224872245,2684.0648890774805,3413.762651911694,-1615.5367375190235,1933.026851646261
-51.80615015775544,314.7536837801372,-908.6599557210652,-1485.563862687792,-2494.2039807261112,3846.388900902143,-1143.3687731941818,967.3320817879572
24.19697963221962,12.055373521296737,35.8880492318119,27.8001446228482,26.09803806243842,27.48214690708872,14.677400618807289,18.84327555938512
60.93462604767033,59.7516853051013,36.756776513177726,44.26610288670938,58.151567825285305,47.10682377844812,83.83703296017457,72.26814803169876
648.8951420734003,380.6353219836047,467.81454429511234,635.692029230856,564.9452879308155,417.517992753514,608.0294618022504,531.8175212055343
1.447443591106448,-0.8458231978667163,0.4969735970545913,-0.5030778136551821,3.956804532467483,0.5198393124563583,4.0145952731652,0.6539217373129904
-221.5610975150722,-65.26875777626918,470.8386975596902,1122.0382420367312,402.8582226191669,757.7200552960785,-1.3555915089012274,1137.3480617596215
0.0017730949509719,0.0006468268108965,-1991.157604709399,17483.123811714555,19839.07066692796,-13041.33678442866,83.26328576385369,436.90099773974725
539.1568632427321,337.68894073185413,-2105.5804056018533,-1085.7518039221602,-5250.320511518108,2070.05754012574,1160.504678440412,2003.229810857511
-179.09720729212393,-133.7084099938037,725.899199337993,150.38859063218663,-80.99086302088426,166.8844090322067,1324.0192331902506,73.97601348081933
18.546588506454725,13.699944751746823,39.92160655250814,27.10172116454056,27.305946937842847,22.031058935981143,24.37626965465256,26.94012401593202
34.68624907461961,32.17181699384794,46.547168936978125,52.55775518221118,74.79965292764514,31.84989840003499,66.67369538417475,51.33051488503229
428.2783383203991,407.3632175349839,609.6362871427084,583.068259464407,354.16160090684593,629.4157458963726,440.36955422103614,386.4418164465794
1.2977845751078378,1.505606590679946,3.777169342714988,-0.5834671945736767,-0.3621650964401757,2.397540716522858,1.706766192568818,4.060156352504402
95.21236275530896,2485.0805894528,234.5101348348078,340.5253227633941,843.2993486175053,-330.193219754801,2018.1015928789168,1113.7825770194802
-0.0012540360259183,-5.513410153184989e-05,22293.898182696896,30411.23440047676,19813.990019698664,11347.714096309895,2745.039161681848,-162.14386981831817
-514.8791213670617,-1395.9793688060947,-1057.066318837788,-1872.739062249725,11464.973753727982,2716.761161730747,1994.296452703633,-838.982733461653
-397.0714852011926,497.5062372757072,93.76413203521818,1504.2390669937392,-751.2582515993923,668.8939714797059,-1518.8825299035502,-1176.5649161002211
15.611607748664742,17.10591392828568,41.922643317191095,35.94051905255246,26.08151905698749,28.2845972520875,25.417508763538443,29.765219986284134
61.94920599739048,70.24915083231339,79.35798472159918,45.48446509425916,61.87792317559658,5.065808196277281,68.12943185070753,34.96925646075072
673.6231616708827,291.1490846165407,344.5041690363952,416.80077099440734,449.46341923727874,313.45764255870444,407.3071283145552,580.6167438031813
0.1564633496452443,2.384343391157276,2.064849976544804,0.1520583601016445,1.4141231190922288,0.2278752742691299,-0.9579030031191827,0.7158663222407835
806.6691307898635,24.66674839933387,595.2935867128316,-576.640885803592,73.58926950890239,180.9418503594573,535.3152030404167,80.56007229341589
0.0011346929073064,0.0007013374198553,234.8048119868581,-3276.4450867352075,13188.203208307212,13398.348802010492,7821.5904921816145,959.1968675618168
511.39152546976896,937.783966706578,-2238.858832992766,3792.73224872245,2684.0648890774805,3413.762651911694,-1615.5367375190235,1933.026851646261
-51.80615015775544,314.7536837801372,-908.6599557210652,-1485.563862687792,-2494.2039807261112,3846.388900902143,-1143.3687731941818,967.3320817879572
24.19697963221962,12.055373521296737,35.8880492318119,27.8001446228482,26.09803806243842,27.48214690708872,14.677400618807289,18.84327555938512
60.93462604767033,59.7516853051013,36.756776513177726,44.26610288670938,58.151567825285305,47.10682377844812,83.83703296017457,72.26814803169876
648.8951420734003,380.6353219836047,467.81454429511234,635.692029230856,564.9452879308155,417.517992753514,608.0294618022504,531.8175212055343
1.447443591106448,-0.8458231978667163,0.4969735970545913,-0.5030778136551821,3.956804532467483,0.5198393124563583,4.0145952731652,0.6539217373129904
-221.5610975150722,-65.26875777626918,470.8386975596902,1122.0382420367312,402.8582226191669,757.7200552960785,-1.3555915089012274,1137.3480617596215
0.0017730949509719,0.0006468268108965,-1991.157604709399,17483.123811714555,19839.07066692796,-13041.33678442866,83.26328576385369,436.90099773974725
539.1568632427321,337.68894073185413,-2105.5804056018533,-1085.7518039221602,-5250.320511518108,2070.05754012574,1160.504678440412,2003.229810857511
-179.09720729212393,-133.7084099938037,725.899199337993,150.38859063218663,-80.99086302088426,166.8844090322067,1324.0192331902506,73.97601348081933
18.546588506454725,13.699944751746823,39.92160655250814,27.10172116454056,27.305946937842847,22.031058935981143,24.37626965465256,26.94012401593202
34.68624907461961,32.17181699384794,46.547168936978125,52.55775518221118,74.79965292764514,31.84989840003499,66.67369538417475,51.33051488503229
428.2783383203991,407.3632175349839,609.6362871427084,583.068259464407,354.16160090684593,629.4157458963726,440.36955422103614,386.4418164465794
1.2977845751078378,1.505606590679946,3.777169342714988,-0.5834671945736767,-0.3621650964401757,2.397540716522858,1.706766192568818,4.060156352504402
95.21236275530896,2485.0805894528,234.5101348348078,340.5253227633941,843.2993486175053,-330.193219754801,2018.1015928789168,1113.7825770194802
-0.0012540360259183,-5.513410153184989e-05,22293.898182696896,30411.23440047676,19813.990019698664,11347.714096309895,2745.039161681848,-162.14386981831817
-514.8791213670617,-1395.9793688060947,-1057.066318837788,-1872.739062249725,11464.973753727982,2716.761161730747,1994.296452703633,-838.982733461653
-397.0714852011926,497.5062372757072,93.76413203521818,1504.2390669937392,-751.2582515993923,668.8939714797059,-1518.8825299035502,-1176.5649161002211
15.611607748664742,17.10591392828568,41.922643317191095,35.94051905255246,26.08151905698749,28.2845972520875,25.417508763538443,29.765219986284134
61.94920599739048,70.24915083231339,79.35798472159918,45.48446509425916,61.87792317559658,5.065808196277281,68.12943185070753,34.96925646075072
673.6231616708827,291.1490846165407,344.5041690363952,416.80077099440734,449.46341923727874,313.45764255870444,407.3071283145552,580.6167438031813
0.1564633496452443,2.384343391157276,2.064849976544804,0.1520583601016445,1.4141231190922288,0.2278752742691299,-0.9579030031191827,0.7158663222407835
806.6691307898635,24.66674839933387,595.2935867128316,-576.640885803592,73.58926950890239,180.9418503594573,535.3152030404167,80.56007229341589
0.0011346929073064,0.0007013374198553,234.8048119868581,-3276.4450867352075,13188.203208307212,13398.348802010492,7821.5904921816145,959.1968675618168
511.39152546976896,937.783966706578,-2238.858832992766,3792.73224872245,2684.0648890774805,3413.762651911694,-1615.5367375190235,1933.026851646261
-51.80615015775544,314.7536837801372,-908.6599557210652,-1485.563862687792,-2494.2039807261112,3846.388900902143,-1143.3687731941818,967.3320817879572
24.19697963221962,12.055373521296737,35.8880492318119,27.8001446228482,26.09803806243842,27.48214690708872,14.677400618807289,18.84327555938512
60.93462604767033,59.7516853051013,36.756776513177726,44.26610288670938,58.151567825285305,47.10682377844812,83.83703296017457,72.26814803169876
648.8951420734003,380.6353219836047,467.81454429511234,635.692029230856,564.9452879308155,417.517992753514,608.0294618022504,531.8175212055343
1.447443591106448,-0.8458231978667163,0.4969735970545913,-0.5030778136551821,3.956804532467483,0.5198393124563583,4.0145952731652,0.6539217373129904
-221.5610975150722,-65.26875777626918,470.8386975596902,1122.0382420367312,402.8582226191669,757.7200552960785,-1.3555915089012274,1137.3480617596215
0.0017730949509719,0.0006468268108965,-1991.157604709399,17483.123811714555,19839.07066692796,-13041.33678442866,83.26328576385369,436.90099773974725
539.1568632427321,337.68894073185413,-2105.5804056018533,-1085.7518039221602,-5250.320511518108,2070.05754012574,1160.504678440412,2003.229810857511
-179.09720729212393,-133.7084099938037,725.899199337993,150.38859063218663,-80.99086302088426,166.8844090322067,1324.0192331902506,73.97601348081933
18.546588506454725,13.699944751746823,39.92160655250814,27.10172116454056,27.305946937842847,22.031058935981143,24.37626965465256,26.94012401593202
34.68624907461961,32.17181699384794,46.547168936978125,52.55775518221118,74.79965292764514,31.84989840003499,66.67369538417475,51.33051488503229
428.2783383203991,407.3632175349839,609.6362871427084,583.068259464407,354.16160090684593,629.4157458963726,440.36955422103614,386.4418164465794
1.2977845751078378,1.505606590679946,3.777169342714988,-0.5834671945736767,-0.3621650964401757,2.397540716522858,1.706766192568818,4.060156352504402
95.21236275530896,2485.0805894528,234.5101348348078,340.5253227633941,843.2993486175053,-330.193219754801,2018.1015928789168,1113.7825770194802
-0.0012540360259183,-5.513410153184989e-05,22293.898182696896,30411.23440047676,19813.990019698664,11347.714096309895,2745.039161681848,-162.14386981831817
-514.8791213670617,-1395.9793688060947,-1057.066318837788,-1872.739062249725,11464.973753727982,2716.761161730747,1994.296452703633,-838.982733461653
-397.0714852011926,497.5062372757072,93.76413203521818,1504.2390669937392,-751.2582515993923,668.8939714797059,-1518.8825299035502,-1176.5649161002211
15.611607748664742,17.10591392828568,41.922643317191095,35.94051905255246,26.08151905698749,28.2845972520875,25.417508763538443,29.765219986284134
61.94920599739048,70.24915083231339,79.35798472159918,45.48446509425916,61.87792317559658,5.065808196277281,68.12943185070753,34.96925646075072
673.6231616708827,291.1490846165407,344.5041690363952,416.80077099440734,449.46341923727874,313.45764255870444,407.3071283145552,580.6167438031813
0.1564633496452443,2.384343391157276,2.064849976544804,0.1520583601016445,1.4141231190922288,0.2278752742691299,-0.9579030031191827,0.7158663222407835
806.6691307898635,24.66674839933387,595.2935867128316,-576.640885803592,73.58926950890239,180.9418503594573,535.3152030404167,80.56007229341589
0.0011346929073064,0.0007013374198553,234.8048119868581,-3276.4450867352075,13188.203208307212,13398.348802010492,7821.5904921816145,959.1968675618168
511.39152546976896,937.783966706578,-2238.858832992766,3792.73224872245,2684.0648890774805,3413.762651911694,-1615.5367375190235,1933.026851646261
-51.80615015775544,314.7536837801372,-908.6599557210652,-1485.563862687792,-2494.2039807261112,3846.388900902143,-1143.3687731941818,967.3320817879572
24.19697963221962,12.055373521296737,35.8880492318119,27.8001446228482,26.09803806243842,27.48214690708872,14.677400618807289,18.84327555938512
60.93462604767033,59.7516853051013,36.756776513177726,44.26610288670938,58.151567825285305,47.10682377844812,83.83703296017457,72.26814803169876
648.8951420734003,380.6353219836047,467.81454429511234,635.692029230856,564.9452879308155,417.517992753514,608.0294618022504,531.8175212055343
1.447443591106448,-0.8458231978667163,0.4969735970545913,-0.5030778136551821,3.956804532467483,0.5198393124563583,4.0145952731652,0.6539217373129904
-221.5610975150722,-65.26875777626918,470.8386975596902,1122.0382420367312,402.8582226191669,757.7200552960785,-1.3555915089012274,1137.3480617596215
0.0017730949509719,0.0006468268108965,-1991.157604709399,17483.123811714555,19839.07066692796,-13041.33678442866,83.26328576385369,436.90099773974725
539.1568632427321,337.68894073185413,-2105.5804056018533,-1085.7518039221602,-5250.320511518108,2070.05754012574,1160.504678440412,2003.229810857511
-179.09720729212393,-133.7084099938037,725.899199337993,150.38859063218663,-80.99086302088426,166.8844090322067,1324.0192331902506,73.97601348081933
18.546588506454725,13.699944751746823,39.92160655250814,27.10172116454056,27.305946937842847,22.031058935981143,24.37626965465256,26.94012401593202
34.68624907461961,32.17181699384794,46.547168936978125,52.55775518221118,74.79965292764514,31.84989840003499,66.67369538417475,51.33051488503229
428.2783383203991,407.3632175349839,609.6362871427084,583.068259464407,354.16160090684593,629.4157458963726,440.36955422103614,386.4418164465794
1.2977845751078378,1.505606590679946,3.777169342714988,-0.5834671945736767,-0.3621650964401757,2.397540716522858,1.706766192568818,4.060156352504402
95.21236275530896,2485.0805894528,234.5101348348078,340.5253227633941,843.2993486175053,-330.193219754801,2018.1015928789168,1113.7825770194802
-0.0012540360259183,-5.513410153184989e-05,22293.898182696896,30411.23440047676,19813.990019698664,11347.714096309895,2745.039161681848,-162.14386981831817
-514.8791213670617,-1395.9793688060947,-1057.066318837788,-1872.739062249725,11464.973753727982,2716.761161730747,1994.296452703633,-838.982733461653
-397.0714852011926,497.5062372757072,93.76413203521818,1504.2390669937392,-751.2582515993923,668.8939714797059,-1518.8825299035502,-1176.5649161002211
15.611607748664742,17.10591392828568,41.922643317191095,35.94051905255246,26.08151905698749,28.2845972520875,25.417508763538443,29.765219986284134
61.94920599739048,70.24915083231339,79.35798472159918,45.48446509425916,61.87792317559658,5.065808196277281,68.12943185070753,34.96925646075072
673.6231616708827,291.1490846165407,344.5041690363952,416.80077099440734,449.46341923727874,313.45764255870444,407.3071283145552,580.6167438031813
0.1564633496452443,2.384343391157276,2.064849976544804,0.1520583601016445,1.4141231190922288,0.2278752742691299,-0.9579030031191827,0.7158663222407835
806.6691307898635,24.66674839933387,595.2935867128316,-576.640885803592,73.58926950890239,180.9418503594573,535.3152030404167,80.56007229341589
0.0011346929073064,0.0007013374198553,234.8048119868581,-3276.4450867352075,13188.203208307212,13398.348802010492,7821.5904921816145,959.1968675618168
511.39152546976896,937.783966706578,-2238.858832992766,3792.73224872245,2684.0648890774805,3413.762651911694,-1615.5367375190235,1933.026851646261
-51.80615015775544,314.7536837801372,-908.6599557210652,-1485.563862687792,-2494.2039807261112,3846.388900902143,-1143.3687731941818,967.3320817879572
24.19697963221962,12.055373521296737,35.8880492318119,27.8001446228482,26.09803806243842,27.48214690708872,14.677400618807289,18.84327555938512
60.93462604767033,59.7516853051013,36.756776513177726,44.26610288670938,58.151567825285305,47.10682377844812,83.83703296017457,72.26814803169876
648.8951420734003,380.6353219836047,467.81454429511234,635.692029230856,564.9452879308155,417.517992753514,608.0294618022504,531.8175212055343
1.447443591106448,-0.8458231978667163,0.4969735970545913,-0.5030778136551821,3.956804532467483,0.5198393124563583,4.0145952731652,0.6539217373129904
-221.5610975150722,-65.26875777626918,470.8386975596902,1122.0382420367312,402.8582226191669,757.7200552960785,-1.3555915089012274,1137.3480617596215
0.0017730949509719,0.0006468268108965,-1991.157604709399,17483.123811714555,19839.07066692796,-13041.33678442866,83.26328576385369,436.90099773974725
539.1568632427321,337.68894073185413,-2105.5804056018533,-1085.7518039221602,-5250.320511518108,2070.05754012574,1160.504678440412,2003.229810857511
-179.09720729212393,-133.7084099938037,725.899199337993,150.38859063218663,-80.99086302088426,166.8844090322067,1324.0192331902506,73.97601348081933
18.546588506454725,13.699944751746823,39.92160655250814,27.10172116454056,27.305946937842847,22.031058935981143,24.37626965465256,26.94012401593202
34.68624907461961,32.17181699384794,46.547168936978125,52.55775518221118,74.79965292764514,31.84989840003499,66.67369538417475,51.33051488503229
428.2783383203991,407.3632175349839,609.6362871427084,583.068259464407,354.16160090684593,629.4157458963726,440.36955422103614,386.4418164465794
1.2977845751078378,1.505606590679946,3.777169342714988,-0.5834671945736767,-0.3621650964401757,2.397540716522858,1.706766192568818,4.060156352504402
95.21236275530896,2485.0805894528,234.5101348348078,340.5253227633941,843.2993486175053,-330.193219754801,2018.1015928789168,1113.7825770194802
-0.0012540360259183,-5.513410153184989e-05,22293.898182696896,30411.23440047676,19813.990019698664,11347.714096309895,2745.039161681848,-162.14386981831817
-514.8791213670617,-1395.9793688060947,-1057.066318837788,-1872.739062249725,11464.973753727982,2716.761161730747,1994.296452703633,-838.982733461653
-397.0714852011926,497.5062372757072,93.76413203521818,1504.2390669937392,-751.2582515993923,668.8939714797059,-1518.8825299035502,-1176.5649161002211
15.611607748664742,17.10591392828568,41.922643317191095,35.94051905255246,26.08151905698749,28.2845972520875,25.417508763538443,29.765219986284134
61.94920599739048,70.24915083231339,79.35798472159918,45.48446509425916,61.87792317559658,5.065808196277281,68.12943185070753,34.96925646075072
673.6231616708827,291.1490846165407,344.5041690363952,416.80077099440734,449.46341923727874,313.45764255870444,407.3071283145552,580.6167438031813
0.1564633496452443,2.384343391157276,2.064849976544804,0.1520583601016445,1.4141231190922288,0.2278752742691299,-0.9579030031191827,0.7158663222407835
806.6691307898635,24.66674839933387,595.2935867128316,-576.640885803592,73.58926950890239,180.9418503594573,535.3152030404167,80.56007229341589
0.0011346929073064,0.0007013374198553,234.8048119868581,-3276.4450867352075,13188.203208307212,13398.348802010492,7821.5904921816145,959.1968675618168
511.39152546976896,937.783966706578,-2238.858832992766,3792.73224872245,2684.0648890774805,3413.762651911694,-1615.5367375190235,1933.026851646261
-51.80615015775544,314.7536837801372,-908.6599557210652,-1485.563862687792,-2494.2039807261112,3846.388900902143,-1143.3687731941818,967.3320817879572
24.19697963221962,12.055373521296737,35.8880492318119,27.8001446228482,26.09803806243842,27.48214690708872,14.677400618807289,18.84327555938512
60.93462604767033,59.7516853051013,36.756776513177726,44.26610288670938,58.151567825285305,47.10682377844812,83.83703296017457,72.26814803169876
648.8951420734003,380.6353219836047,467.81454429511234,635.692029230856,564.9452879308155,417.517992753514,608.0294618022504,531.8175212055343
1.447443591106448,-0.8458231978667163,0.4969735970545913,-0.5030778136551821,3.956804532467483,0.5198393124563583,4.0145952731652,0.6539217373129904
-221.5610975150722,-65.26875777626918,470.8386975596902,1122.0382420367312,402.8582226191669,757.7200552960785,-1.3555915089012274,1137.3480617596215
0.0017730949509719,0.0006468268108965,-1991.157604709399,17483.123811714555,19839.07066692796,-13041.33678442866,83.26328576385369,436.90099773974725
539.1568632427321,337.68894073185413,-2105.5804056018533,-1085.7518039221602,-5250.320511518108,2070.05754012574,1160.504678440412,2003.229810857511
-179.09720729212393,-133.7084099938037,725.899199337993,150.38859063218663,-80.99086302088426,166.8844090322067,1324.0192331902506,73.97601348081933
18.546588506454725,13.699944751746823,39.92160655250814,27.10172116454056,27.305946937842847,22.031058935981143,24.37626965465256,26.94012401593202
34.68624907461961,32.17181699384794,46.547168936978125,52.55775518221118,74.79965292764514,31.84989840003499,66.67369538417475,51.33051488503229
428.2783383203991,407.3632175349839,609.6362871427084,583.068259464407,354.16160090684593,629.4157458963726,440.36955422103614,386.4418164465794
1.2977845751078378,1.505606590679946,3.777169342714988,-0.5834671945736767,-0.3621650964401757,2.397540716522858,1.706766192568818,4.060156352504402
95.21236275530896,2485.0805894528,234.5101348348078,340.5253227633941,843.2993486175053,-330.193219754801,2018.1015928789168,1113.7825770194802
-0.0012540360259183,-5.513410153184989e-05,22293.898182696896,30411.23440047676,19813.990019698664,11347.714096309895,2745.039161681848,-162.14386981831817
-514.8791213670617,-1395.9793688060947,-1057.066318837788,-1872.739062249725,11464.973753727982,2716.761161730747,1994.296452703633,-838.982733461653
-397.0714852011926,497.5062372757072,93.76413203521818,1504.2390669937392,-751.2582515993923,668.8939714797059,-1518.8825299035502,-1176.5649161002211
15.611607748664742,17.10591392828568,41.922643317191095,35.94051905255246,26.08151905698749,28.2845972520875,25.417508763538443,29.765219986284134
61.94920599739048,70.24915083231339,79.35798472159918,45.48446509425916,61.87792317559658,5.065808196277281,68.12943185070753,34.96925646075072
673.6231616708827,291.1490846165407,344.5041690363952,416.80077099440734,449.46341923727874,313.45764255870444,407.3071283145552,580.6167438031813
0.1564633496452443,2.384343391157276,2.064849976544804,0.1520583601016445,1.4141231190922288,0.2278752742691299,-0.9579030031191827,0.7158663222407835
806.6691307898635,24.66674839933387,595.2935867128316,-576.640885803592,73.58926950890239,180.9418503594573,535.3152030404167,80.56007229341589
0.0011346929073064,0.0007013374198553,234.8048119868581,-3276.4450867352075,13188.203208307212,13398.348802010492,7821.5904921816145,959.1968675618168
511.39152546976896,937.783966706578,-2238.858832992766,3792.73224872245,2684.0648890774805,3413.762651911694,-1615.5367375190235,1933.026851646261
-51.80615015775544,314.7536837801372,-908.6599557210652,-1485.563862687792,-2494.2039807261112,3846.388900902143,-1143.3687731941818,967.3320817879572
24.19697963221962,12.055373521296737,35.8880492318119,27.8001446228482,26.09803806243842,27.48214690708872,14.677400618807289,18.84327555938512
60.93462604767033,59.7516853051013,36.756776513177726,44.26610288670938,58.151567825285305,47.10682377844812,83.83703296017457,72.26814803169876
648.8951420734003,380.6353219836047,467.81454429511234,635.692029230856,564.9452879308155,417.517992753514,608.0294618022504,531.8175212055343
1.447443591106448,-0.8458231978667163,0.4969735970545913,-0.5030778136551821,3.956804532467483,0.5198393124563583,4.0145952731652,0.6539217373129904
-221.5610975150722,-65.26875777626918,470.8386975596902,1122.0382420367312,402.8582226191669,757.7200552960785,-1.3555915089012274,1137.3480617596215
0.0017730949509719,0.0006468268108965,-1991.157604709399,17483.123811714555,19839.07066692796,-13041.33678442866,83.26328576385369,436.90099773974725
539.1568632427321,337.68894073185413,-2105.5804056018533,-1085.7518039221602,-5250.320511518108,2070.05754012574,1160.504678440412,2003.229810857511
-179.09720729212393,-133.7084099938037,725.899199337993,150.38859063218663,-80.99086302088426,166.8844090322067,1324.0192331902506,73.97601348081933
18.546588506454725,13.699944751746823,39.92160655250814,27.10172116454056,27.305946937842847,22.031058935981143,24.37626965465256,26.94012401593202
34.68624907461961,32.17181699384794,46.547168936978125,52.55775518221118,74.79965292764514,31.84989840003499,66.67369538417475,51.33051488503229
428.2783383203991,407.3632175349839,609.6362871427084,583.068259464407,354.16160090684593,629.4157458963726,440.36955422103614,386.4418164465794
1.2977845751078378,1.505606590679946,3.777169342714988,-0.5834671945736767,-0.3621650964401757,2.397540716522858,1.706766192568818,4.060156352504402
95.21236275530896,2485.0805894528,234.5101348348078,340.5253227633941,843.2993486175053,-330.193219754801,2018.1015928789168,1113.7825770194802
-0.0012540360259183,-5.513410153184989e-05,22293.898182696896,30411.23440047676,19813.990019698664,11347.714096309895,2745.039161681848,-162.14386981831817
-514.8791213670617,-1395.9793688060947,-1057.066318837788,-1872.739062249725,11464.973753727982,2716.761161730747,1994.296452703633,-838.982733461653
-397.0714852011926,497.5062372757072,93.76413203521818,1504.2390669937392,-751.2582515993923,668.8939714797059,-1518.8825299035502,-1176.5649161002211
15.611607748664742,17.10591392828568,41.922643317191095,35.94051905255246,26.08151905698749,28.2845972520875,25.417508763538443,29.765219986284134
61.94920599739048,70.24915083231339,79.35798472159918,45.48446509425916,61.87792317559658,5.065808196277281,68.12943185070753,34.96925646075072
673.6231616708827,291.1490846165407,344.5041690363952,416.80077099440734,449.46341923727874,313.45764255870444,407.3071283145552,580.6167438031813
0.1564633496452443,2.384343391157276,2.064849976544804,0.1520583601016445,1.4141231190922288,0.2278752742691299,-0.9579030031191827,0.7158663222407835
806.6691307898635,24.66674839933387,595.2935867128316,-576.640885803592,73.58926950890239,180.9418503594573,535.3152030404167,80.56007229341589
0.0011346929073064,0.0007013374198553,234.8048119868581,-3276.4450867352075,13188.203208307212,13398.348802010492,7821.5904921816145,959.1968675618168
511.39152546976896,937.783966706578,-2238.858832992766,3792.73224872245,2684.0648890774805,3413.762651911694,-1615.5367375190235,1933.026851646261
-51.80615015775544,314.7536837801372,-908.6599557210652,-1485.563862687792,-2494.2039807261112,3846.388900902143,-1143.3687731941818,967.3320817879572
24.19697963221962,12.055373521296737,35.8880492318119,27.8001446228482,26.09803806243842,27.48214690708872,14.677400618807289,18.84327555938512
60.93462604767033,59.7516853051013,36.756776513177726,44.26610288670938,58.151567825285305,47.10682377844812,83.83703296017457,72.26814803169876
648.8951420734003,380.6353219836047,467.81454429511234,635.692029230856,564.9452879308155,417.517992753514,608.0294618022504,531.8175212055343
1.447443591106448,-0.8458231978667163,0.4969735970545913,-0.5030778136551821,3.956804532467483,0.5198393124563583,4.0145952731652,0.6539217373129904
-221.5610975150722,-65.26875777626918,470.8386975596902,1122.0382420367312,402.8582226191669,757.7200552960785,-1.3555915089012274,1137.3480617596215
0.0017730949509719,0.0006468268108965,-1991.157604709399,17483.123811714555,19839.07066692796,-13041.33678442866,83.26328576385369,436.90099773974725
539.1568632427321,337.68894073185413,-2105.5804056018533,-1085.7518039221602,-5250.320511518108,2070.05754012574,1160.504678440412,2003.229810857511
-179.09720729212393,-133.7084099938037,725.899199337993,150.38859063218663,-80.99086302088426,166.8844090322067,1324.0192331902506,73.97601348081933
18.546588506454725,13.699944751746823,39.92160655250814,27.10172116454056,27.305946937842847,22.031058935981143,24.37626965465256,26.94012401593202
34.68624907461961,32.17181699384794,46.547168936978125,52.55775518221118,74.79965292764514,31.84989840003499,66.67369538417475,51.33051488503229
428.2783383203991,407.3632175349839,609.6362871427084,583.068259464407,354.16160090684593,629.4157458963726,440.36955422103614,386.4418164465794
1.2977845751078378,1.505606590679946,3.777169342714988,-0.5834671945736767,-0.3621650964401757,2.397540716522858,1.706766192568818,4.060156352504402
95.21236275530896,2485.0805894528,234.5101348348078,340.5253227633941,843.2993486175053,-330.193219754801,2018.1015928789168,1113.7825770194802
-0.0012540360259183,-5.513410153184989e-05,22293.898182696896,30411.23440047676,19813.990019698664,11347.714096309895,2745.039161681848,-162.14386981831817
-514.8791213670617,-1395.9793688060947,-1057.066318837788,-1872.739062249725,11464.973753727982,2716.761161730747,1994.296452703633,-838.982733461653
-397.0714852011926,497.5062372757072,93.76413203521818,1504.2390669937392,-751.2582515993923,668.8939714797059,-1518.8825299035502,-1176.5649161002211
15.611607748664742,17.10591392828568,41.922643317191095,35.94051905255246,26.08151905698749,28.2845972520875,25.417508763538443,29.765219986284134
61.94920599739048,70.24915083231339,79.35798472159918,45.48446509425916,61.87792317559658,5.065808196277281,68.12943185070753,34.96925646075072
673.6231616708827,291.1490846165407,344.5041690363952,416.80077099440734,449.46341923727874,313.45764255870444,407.3071283145552,580.6167438031813
0.1564633496452443,2.384343391157276,2.064849976544804,0.1520583601016445,1.4141231190922288,0.2278752742691299,-0.9579030031191827,0.7158663222407835
806.6691307898635,24.66674839933387,595.2935867128316,-576.640885803592,73.58926950890239,180.9418503594573,535.3152030404167,80.56007229341589
0.0011346929073064,0.0007013374198553,234.8048119868581,-3276.4450867352075,13188.203208307212,13398.348802010492,7821.5904921816145,959.1968675618168
511.39152546976896,937.783966706578,-2238.858832992766,3792.73224872245,2684.0648890774805,3413.762651911694,-1615.5367375190235,1933.026851646261
-51.80615015775544,314.7536837801372,-908.6599557210652,-1485.563862687792,-2494.2039807261112,3846.388900902143,-1143.3687731941818,967.3320817879572
24.19697963221962,12.055373521296737,35.8880492318119,27.8001446228482,26.09803806243842,27.48214690708872,14.677400618807289,18.84327555938512
60.93462604767033,59.7516853051013,36.756776513177726,44.26610288670938,58.151567825285305,47.10682377844812,83.83703296017457,72.26814803169876
648.8951420734003,380.6353219836047,467.81454429511234,635.692029230856,564.9452879308155,417.517992753514,608.0294618022504,531.8175212055343
1.447443591106448,-0.8458231978667163,0.4969735970545913,-0.5030778136551821,3.956804532467483,0.5198393124563583,4.0145952731652,0.6539217373129904
-221.5610975150722,-65.26875777626918,470.8386975596902,1122.0382420367312,402.8582226191669,757.7200552960785,-1.3555915089012274,1137.3480617596215
0.0017730949509719,0.0006468268108965,-1991.157604709399,17483.123811714555,19839.07066692796,-13041.33678442866,83.26328576385369,436.90099773974725
539.1568632427321,337.68894073185413,-2105.5804056018533,-1085.7518039221602,-5250.320511518108,2070.05754012574,1160.504678440412,2003.229810857511
-179.09720729212393,-133.7084099938037,725.899199337993,150.38859063218663,-80.99086302088426,166.8844090322067,1324.0192331902506,73.97601348081933
18.546588506454725,13.699944751746823,39.92160655250814,27.10172116454056,27.305946937842847,22.031058935981143,24.37626965465256,26.94012401593202
34.68624907461961,32.17181699384794,46.547168936978125,52.55775518221118,74.79965292764514,31.84989840003499,66.67369538417475,51.33051488503229
428.2783383203991,407.3632175349839,609.6362871427084,583.068259464407,354.16160090684593,629.4157458963726,440.36955422103614,386.4418164465794
1.2977845751078378,1.505606590679946,3.777169342714988,-0.5834671945736767,-0.3621650964401757,2.397540716522858,1.706766192568818,4.060156352504402
95.21236275530896,2485.0805894528,234.5101348348078,340.5253227633941,843.2993486175053,-330.193219754801,2018.1015928789168,1113.7825770194802
-0.0012540360259183,-5.513410153184989e-05,22293.898182696896,30411.23440047676,19813.990019698664,11347.714096309895,2745.039161681848,-162.14386981831817
-514.8791213670617,-1395.9793688060947,-1057.066318837788,-1872.739062249725,11464.973753727982,2716.761161730747,1994.296452703633,-838.982733461653
-397.0714852011926,497.5062372757072,93.76413203521818,1504.2390669937392,-751.2582515993923,668.8939714797059,-1518.8825299035502,-1176.5649161002211
15.611607748664742,17.10591392828568,41.922643317191095,35.94051905255246,26.08151905698749,28.2845972520875,25.417508763538443,29.765219986284134
61.94920599739048,70.24915083231339,79.35798472159918,45.48446509425916,61.87792317559658,5.065808196277281,68.12943185070753,34.96925646075072
673.6231616708827,291.1490846165407,344.5041690363952,416.80077099440734,449.46341923727874,313.45764255870444,407.3071283145552,580.6167438031813
0.1564633496452443,2.384343391157276,2.064849976544804,0.1520583601016445,1.4141231190922288,0.2278752742691299,-0.9579030031191827,0.7158663222407835
806.6691307898635,24.66674839933387,595.2935867128316,-576.640885803592,73.58926950890239,180.9418503594573,535.3152030404167,80.56007229341589
0.0011346929073064,0.0007013374198553,234.8048119868581,-3276.4450867352075,13188.203208307212,13398.348802010492,7821.5904921816145,959.1968675618168
511.39152546976896,937.783966706578,-2238.858832992766,3792.73224872245,2684.0648890774805,3413.762651911694,-1615.5367375190235,1933.026851646261
-51.80615015775544,314.7536837801372,-908.6599557210652,-1485.563862687792,-2494.2039807261112,3846.388900902143,-1143.3687731941818,967.3320817879572
24.19697963221962,12.055373521296737,35.8880492318119,27.8001446228482,26.09803806243842,27.48214690708872,14.677400618807289,18.84327555938512
60.93462604767033,59.7516853051013,36.756776513177726,44.26610288670938,58.151567825285305,47.10682377844812,83.83703296017457,72.26814803169876
648.8951420734003,380.6353219836047,467.81454429511234,635.692029230856,564.9452879308155,417.517992753514,608.0294618022504,531.8175212055343
1.447443591106448,-0.8458231978667163,0.4969735970545913,-0.5030778136551821,3.956804532467483,0.5198393124563583,4.0145952731652,0.6539217373129904
-221.5610975150722,-65.26875777626918,470.8386975596902,1122.0382420367312,402.8582226191669,757.7200552960785,-1.3555915089012274,1137.3480617596215
0.0017730949509719,0.0006468268108965,-1991.157604709399,17483.123811714555,19839.07066692796,-13041.33678442866,83.26328576385369,436.90099773974725
539.1568632427321,337.68894073185413,-2105.5804056018533,-1085.7518039221602,-5250.320511518108,2070.05754012574,1160.504678440412,2003.229810857511
-179.09720729212393,-133.7084099938037,725.899199337993,150.38859063218663,-80.99086302088426,166.8844090322067,1324.0192331902506,73.97601348081933
18.546588506454725,13.699944751746823,39.92160655250814,27.10172116454056,27.305946937842847,22.031058935981143,24.37626965465256,26.94012401593202
34.68624907461961,32.17181699384794,46.547168936978125,52.55775518221118,74.79965292764514,31.84989840003499,66.67369538417475,51.33051488503229
428.2783383203991,407.3632175349839,609.6362871427084,583.068259464407,354.16160090684593,629.4157458963726,440.36955422103614,386.4418164465794
1.2977845751078378,1.505606590679946,3.777169342714988,-0.5834671945736767,-0.3621650964401757,2.397540716522858,1.706766192568818,4.060156352504402
95.21236275530896,2485.0805894528,234.5101348348078,340.5253227633941,843.2993486175053,-330.193219754801,2018.1015928789168,1113.7825770194802
-0.0012540360259183,-5.513410153184989e-05,22293.898182696896,30411.23440047676,19813.990019698664,11347.714096309895,2745.039161681848,-162.14386981831817
-514.8791213670617,-1395.9793688060947,-1057.066318837788,-1872.739062249725,11464.973753727982,2716.761161730747,1994.296452703633,-838.982733461653
-397.0714852011926,497.5062372757072,93.76413203521818,1504.2390669937392,-751.2582515993923,668.8939714797059,-1518.8825299035502,-1176.5649161002211
15.611607748664742,17.10591392828568,41.922643317191095,35.94051905255246,26.08151905698749,28.2845972520875,25.417508763538443,29.765219986284134
61.94920599739048,70.24915083231339,79.35798472159918,45.48446509425916,61.87792317559658,5.065808196277281,68.12943185070753,34.96925646075072
673.6231616708827,291.1490846165407,344.5041690363952,416.80077099440734,449.46341923727874,313.45764255870444,407.3071283145552,580.6167438031813
0.1564633496452443,2.384343391157276,2.064849976544804,0.1520583601016445,1.4141231190922288,0.2278752742691299,-0.9579030031191827,0.7158663222407835
806.6691307898635,24.66674839933387,595.2935867128316,-576.640885803592,73.58926950890239,180.9418503594573,535.3152030404167,80.56007229341589
0.0011346929073064,0.0007013374198553,234.8048119868581,-3276.4450867352075,13188.203208307212,13398.348802010492,7821.5904921816145,959.1968675618168
511.39152546976896,937.783966706578,-2238.858832992766,3792.73224872245,2684.0648890774805,3413.762651911694,-1615.5367375190235,1933.026851646261
-51.80615015775544,314.7536837801372,-908.6599557210652,-1485.563862687792,-2494.2039807261112,3846.388900902143,-1143.3687731941818,967.3320817879572
24.19697963221962,12.055373521296737,35.8880492318119,27.8001446228482,26.09803806243842,27.48214690708872,14.677400618807289,18.84327555938512
60.93462604767033,59.7516853051013,36.756776513177726,44.26610288670938,58.151567825285305,47.10682377844812,83.83703296017457,72.26814803169876
648.8951420734003,380.6353219836047,467.81454429511234,635.692029230856,564.9452879308155,417.517992753514,608.0294618022504,531.8175212055343
1.447443591106448,-0.8458231978667163,0.4969735970545913,-0.5030778136551821,3.956804532467483,0.5198393124563583,4.0145952731652,0.6539217373129904
-221.5610975150722,-65.26875777626918,470.8386975596902,1122.0382420367312,402.8582226191669,757.7200552960785,-1.3555915089012274,1137.3480617596215
0.0017730949509719,0.0006468268108965,-1991.157604709399,17483.123811714555,19839.07066692796,-13041.33678442866,83.26328576385369,436.90099773974725
539.1568632427321,337.68894073185413,-2105.5804056018533,-1085.7518039221602,-5250.320511518108,2070.05754012574,1160.504678440412,2003.229810857511
-179.09720729212393,-133.7084099938037,725.899199337993,150.38859063218663,-80.99086302088426,166.8844090322067,1324.0192331902506,73.97601348081933
18.546588506454725,13.699944751746823,39.92160655250814,27.10172116454056,27.305946937842847,22.031058935981143,24.37626965465256,26.94012401593202
34.68624907461961,32.17181699384794,46.547168936978125,52.55775518221118,74.79965292764514,31.84989840003499,66.67369538417475,51.33051488503229
428.2783383203991,407.3632175349839,609.6362871427084,583.068259464407,354.16160090684593,629.4157458963726,440.36955422103614,386.4418164465794
1.2977845751078378,1.505606590679946,3.777169342714988,-0.5834671945736767,-0.3621650964401757,2.397540716522858,1.706766192568818,4.060156352504402
95.21236275530896,2485.0805894528,234.5101348348078,340.5253227633941,843.2993486175053,-330.193219754801,2018.1015928789168,1113.7825770194802
-0.0012540360259183,-5.513410153184989e-05,22293.898182696896,30411.23440047676,19813.990019698664,11347.714096309895,2745.039161681848,-162.14386981831817
-514.8791213670617,-1395.9793688060947,-1057.066318837788,-1872.739062249725,11464.973753727982,2716.761161730747,1994.296452703633,-838.982733461653
-397.0714852011926,497.5062372757072,93.76413203521818,1504.2390669937392,-751.2582515993923,668.8939714797059,-1518.8825299035502,-1176.5649161002211
15.611607748664742,17.10591392828568,41.922643317191095,35.94051905255246,26.08151905698749,28.2845972520875,25.417508763538443,29.765219986284134
61.94920599739048,70.24915083231339,79.35798472159918,45.48446509425916,61.87792317559658,5.065808196277281,68.12943185070753,34.96925646075072
673.6231616708827,291.1490846165407,344.5041690363952,416.80077099440734,449.46341923727874,313.45764255870444,407.3071283145552,580.6167438031813
0.1564633496452443,2.384343391157276,2.064849976544804,0.1520583601016445,1.4141231190922288,0.2278752742691299,-0.9579030031191827,0.7158663222407835
806.6691307898635,24.66674839933387,595.2935867128316,-576.640885803592,73.58926950890239,180.9418503594573,535.3152030404167,80.56007229341589
0.0011346929073064,0.0007013374198553,234.8048119868581,-3276.4450867352075,13188.203208307212,13398.348802010492,7821.5904921816145,959.1968675618168
511.39152546976896,937.783966706578,-2238.858832992766,3792.73224872245,2684.0648890774805,3413.762651911694,-1615.5367375190235,1933.026851646261
-51.80615015775544,314.7536837801372,-908.6599557210652,-1485.563862687792,-2494.2039807261112,3846.388900902143,-1143.3687731941818,967.3320817879572
24.19697963221962,12.055373521296737,35.8880492318119,27.8001446228482,26.09803806243842,27.48214690708872,14.677400618807289,18.84327555938512
60.93462604767033,59.7516853051013,36.756776513177726,44.26610288670938,58.151567825285305,47.10682377844812,83.83703296017457,72.26814803169876
648.8951420734003,380.6353219836047,467.81454429511234,635.692029230856,564.9452879308155,417.517992753514,608.0294618022504,531.8175212055343
1.447443591106448,-0.8458231978667163,0.4969735970545913,-0.5030778136551821,3.956804532467483,0.5198393124563583,4.0145952731652,0.6539217373129904
-221.5610975150722,-65.26875777626918,470.8386975596902,1122.0382420367312,402.8582226191669,757.7200552960785,-1.3555915089012274,1137.3480617596215
0.0017730949509719,0.0006468268108965,-1991.157604709399,17483.123811714555,19839.07066692796,-13041.33678442866,83.26328576385369,436.90099773974725
539.1568632427321,337.68894073185413,-2105.5804056018533,-1085.7518039221602,-5250.320511518108,2070.05754012574,1160.504678440412,2003.229810857511
-179.09720729212393,-133.7084099938037,725.899199337993,150.38859063218663,-80.99086302088426,166.8844090322067,1324.0192331902506,73.97601348081933
18.546588506454725,13.699944751746823,39.92160655250814,27.10172116454056,27.305946937842847,22.031058935981143,24.37626965465256,26.94012401593202
34.68624907461961,32.17181699384794,46.547168936978125,52.55775518221118,74.79965292764514,31.84989840003499,66.67369538417475,51.33051488503229
428.2783383203991,407.3632175349839,609.6362871427084,583.068259464407,354.16160090684593,629.4157458963726,440.36955422103614,386.4418164465794
1.2977845751078378,1.505606590679946,3.777169342714988,-0.5834671945736767,-0.3621650964401757,2.397540716522858,1.706766192568818,4.060156352504402
95.21236275530896,2485.0805894528,234.5101348348078,340.5253227633941,843.2993486175053,-330.193219754801,2018.1015928789168,1113.7825770194802
-0.0012540360259183,-5.513410153184989e-05,22293.898182696896,30411.23440047676,19813.990019698664,11347.714096309895,2745.039161681848,-162.14386981831817
-514.8791213670617,-1395.9793688060947,-1057.066318837788,-1872.739062249725,11464.973753727982,2716.761161730747,1994.296452703633,-838.982733461653
-397.0714852011926,497.5062372757072,93.76413203521818,1504.2390669937392,-751.2582515993923,668.8939714797059,-1518.8825299035502,-1176.5649161002211
15.611607748664742,17.10591392828568,41.922643317191095,35.94051905255246,26.08151905698749,28.2845972520875,25.417508763538443,29.765219986284134
61.94920599739048,70.24915083231339,79.35798472159918,45.48446509425916,61.87792317559658,5.065808196277281,68.12943185070753,34.96925646075072
673.6231616708827,291.1490846165407,344.5041690363952,416.80077099440734,449.46341923727874,313.45764255870444,407.3071283145552,580.6167438031813
0.1564633496452443,2.384343391157276,2.064849976544804,0.1520583601016445,1.4141231190922288,0.2278752742691299,-0.9579030031191827,0.7158663222407835
806.6691307898635,24.66674839933387,595.2935867128316,-576.640885803592,73.58926950890239,180.9418503594573,535.3152030404167,80.56007229341589
0.0011346929073064,0.0007013374198553,234.8048119868581,-3276.4450867352075,13188.203208307212,13398.348802010492,7821.5904921816145,959.1968675618168
511.39152546976896,937.783966706578,-2238.858832992766,3792.73224872245,2684.0648890774805,3413.762651911694,-1615.5367375190235,1933.026851646261
-51.80615015775544,314.7536837801372,-908.6599557210652,-1485.563862687792,-2494.2039807261112,3846.388900902143,-1143.3687731941818,967.3320817879572
24.19697963221962,12.055373521296737,35.8880492318119,27.8001446228482,26.09803806243842,27.48214690708872,14.677400618807289,18.84327555938512
60.93462604767033,59.7516853051013,36.756776513177726,44.26610288670938,58.151567825285305,47.10682377844812,83.83703296017457,72.26814803169876
648.8951420734003,380.6353219836047,467.81454429511234,635.692029230856,564.9452879308155,417.517992753514,608.0294618022504,531.8175212055343
1.447443591106448,-0.8458231978667163,0.4969735970545913,-0.5030778136551821,3.956804532467483,0.5198393124563583,4.0145952731652,0.6539217373129904
-221.5610975150722,-65.26875777626918,470.8386975596902,1122.0382420367312,402.8582226191669,757.7200552960785,-1.3555915089012274,1137.3480617596215
0.0017730949509719,0.0006468268108965,-1991.157604709399,17483.123811714555,19839.07066692796,-13041.33678442866,83.26328576385369,436.90099773974725
539.1568632427321,337.68894073185413,-2105.5804056018533,-1085.7518039221602,-5250.320511518108,2070.05754012574,1160.504678440412,2003.229810857511
-179.09720729212393,-133.7084099938037,725.899199337993,150.38859063218663,-80.99086302088426,166.8844090322067,1324.0192331902506,73.97601348081933
18.546588506454725,13.699944751746823,39.92160655250814,27.10172116454056,27.305946937842847,22.031058935981143,24.37626965465256,26.94012401593202
34.68624907461961,32.17181699384794,46.547168936978125,52.55775518221118,74.79965292764514,31.84989840003499,66.67369538417475,51.33051488503229
428.2783383203991,407.3632175349839,609.6362871427084,583.068259464407,354.16160090684593,629.4157458963726,440.36955422103614,386.4418164465794
1.2977845751078378,1.505606590679946,3.777169342714988,-0.5834671945736767,-0.3621650964401757,2.397540716522858,1.706766192568818,4.060156352504402
95.21236275530896,2485.0805894528,234.5101348348078,340.5253227633941,843.2993486175053,-330.193219754801,2018.1015928789168,1113.7825770194802
-0.0012540360259183,-5.513410153184989e-05,22293.898182696896,30411.23440047676,19813.990019698664,11347.714096309895,2745.039161681848,-162.14386981831817
-514.8791213670617,-1395.9793688060947,-1057.066318837788,-1872.739062249725,11464.973753727982,2716.761161730747,1994.296452703633,-838.982733461653
-397.0714852011926,497.5062372757072,93.76413203521818,1504.2390669937392,-751.2582515993923,668.8939714797059,-1518.8825299035502,-1176.5649161002211
15.611607748664742,17.10591392828568,41.922643317191095,35.94051905255246,26.08151905698749,28.2845972520875,25.417508763538443,29.765219986284134
61.94920599739048,70.24915083231339,79.35798472159918,45.48446509425916,61.87792317559658,5.065808196277281,68.12943185070753,34.96925646075072
673.6231616708827,291.1490846165407,344.5041690363952,416.80077099440734,449.46341923727874,313.45764255870444,407.3071283145552,580.6167438031813
0.1564633496452443,2.384343391157276,2.064849976544804,0.1520583601016445,1.4141231190922288,0.2278752742691299,-0.9579030031191827,0.7158663222407835
806.6691307898635,24.66674839933387,595.2935867128316,-576.640885803592,73.58926950890239,180.9418503594573,535.3152030404167,80.56007229341589
0.0011346929073064,0.0007013374198553,234.8048119868581,-3276.4450867352075,13188.203208307212,13398.348802010492,7821.5904921816145,959.1968675618168
511.39152546976896,937.783966706578,-2238.858832992766,3792.73224872245,2684.0648890774805,3413.762651911694,-1615.5367375190235,1933.026851646261
-51.80615015775544,314.7536837801372,-908.6599557210652,-1485.563862687792,-2494.2039807261112,3846.388900902143,-1143.3687731941818,967.3320817879572
24.19697963221962,12.055373521296737,35.8880492318119,27.8001446228482,26.09803806243842,27.48214690708872,14.677400618807289,18.84327555938512
60.93462604767033,59.7516853051013,36.756776513177726,44.26610288670938,58.151567825285305,47.10682377844812,83.83703296017457,72.26814803169876
648.8951420734003,380.6353219836047,467.81454429511234,635.692029230856,564.9452879308155,417.517992753514,608.0294618022504,531.8175212055343
1.447443591106448,-0.8458231978667163,0.4969735970545913,-0.5030778136551821,3.956804532467483,0.5198393124563583,4.0145952731652,0.6539217373129904
-221.5610975150722,-65.26875777626918,470.8386975596902,1122.0382420367312,402.8582226191669,757.7200552960785,-1.3555915089012274,1137.3480617596215
0.0017730949509719,0.0006468268108965,-1991.157604709399,17483.123811714555,19839.07066692796,-13041.33678442866,83.26328576385369,436.90099773974725
539.1568632427321,337.68894073185413,-2105.5804056018533,-1085.7518039221602,-5250.320511518108,2070.05754012574,1160.504678440412,2003.229810857511
-179.09720729212393,-133.7084099938037,725.899199337993,150.38859063218663,-80.99086302088426,166.8844090322067,1324.0192331902506,73.97601348081933
18.546588506454725,13.699944751746823,39.92160655250814,27.10172116454056,27.305946937842847,22.031058935981143,24.37626965465256,26.94012401593202
34.68624907461961,32.17181699384794,46.547168936978125,52.55775518221118,74.79965292764514,31.84989840003499,66.67369538417475,51.33051488503229
428.2783383203991,407.3632175349839,609.6362871427084,583.068259464407,354.16160090684593,629.4157458963726,440.36955422103614,386.4418164465794
1.2977845751078378,1.505606590679946,3.777169342714988,-0.5834671945736767,-0.3621650964401757,2.397540716522858,1.706766192568818,4.060156352504402
95.21236275530896,2485.0805894528,234.5101348348078,340.5253227633941,843.2993486175053,-330.193219754801,2018.1015928789168,1113.7825770194802
-0.0012540360259183,-5.513410153184989e-05,22293.898182696896,30411.23440047676,19813.990019698664,11347.714096309895,2745.039161681848,-162.14386981831817
-514.8791213670617,-1395.9793688060947,-1057.066318837788,-1872.739062249725,11464.973753727982,2716.761161730747,1994.296452703633,-838.982733461653
-397.0714852011926,497.5062372757072,93.76413203521818,1504.2390669937392,-751.2582515993923,668.8939714797059,-1518.8825299035502,-1176.5649161002211
15.611607748664742,17.10591392828568,41.922643317191095,35.94051905255246,26.08151905698749,28.2845972520875,25.417508763538443,29.765219986284134
61.94920599739048,70.24915083231339,79.35798472159918,45.48446509425916,61.87792317559658,5.065808196277281,68.12943185070753,34.96925646075072
673.6231616708827,291.1490846165407,344.5041690363952,416.80077099440734,449.46341923727874,313.45764255870444,407.3071283145552,580.6167438031813
0.1564633496452443,2.384343391157276,2.064849976544804,0.1520583601016445,1.4141231190922288,0.2278752742691299,-0.9579030031191827,0.7158663222407835
806.6691307898635,24.66674839933387,595.2935867128316,-576.640885803592,73.58926950890239,180.9418503594573,535.3152030404167,80.56007229341589
0.0011346929073064,0.0007013374198553,234.8048119868581,-3276.4450867352075,13188.203208307212,13398.348802010492,7821.5904921816145,959.1968675618168
511.39152546976896,937.783966706578,-2238.858832992766,3792.73224872245,2684.0648890774805,3413.762651911694,-1615.5367375190235,1933.026851646261
-51.80615015775544,314.7536837801372,-908.6599557210652,-1485.563862687792,-2494.2039807261112,3846.388900902143,-1143.3687731941818,967.3320817879572
24.19697963221962,12.055373521296737,35.8880492318119,27.8001446228482,26.09803806243842,27.48214690708872,14.677400618807289,18.84327555938512
60.93462604767033,59.7516853051013,36.756776513177726,44.26610288670938,58.151567825285305,47.10682377844812,83.83703296017457,72.26814803169876
648.8951420734003,380.6353219836047,467.81454429511234,635.692029230856,564.9452879308155,417.517992753514,608.0294618022504,531.8175212055343
1.447443591106448,-0.8458231978667163,0.4969735970545913,-0.5030778136551821,3.956804532467483,0.5198393124563583,4.0145952731652,0.6539217373129904
-221.5610975150722,-65.26875777626918,470.8386975596902,1122.0382420367312,402.8582226191669,757.7200552960785,-1.3555915089012274,1137.3480617596215
0.0017730949509719,0.0006468268108965,-1991.157604709399,17483.123811714555,19839.07066692796,-13041.33678442866,83.26328576385369,436.90099773974725
539.1568632427321,337.68894073185413,-2105.5804056018533,-1085.7518039221602,-5250.320511518108,2070.05754012574,1160.504678440412,2003.229810857511
-179.09720729212393,-133.7084099938037,725.899199337993,150.38859063218663,-80.99086302088426,166.8844090322067,1324.0192331902506,73.97601348081933
18.546588506454725,13.699944751746823,39.92160655250814,27.10172116454056,27.305946937842847,22.031058935981143,24.37626965465256,26.94012401593202
34.68624907461961,32.17181699384794,46.547168936978125,52.55775518221118,74.79965292764514,31.84989840003499,66.67369538417475,51.33051488503229
428.2783383203991,407.3632175349839,609.6362871427084,583.068259464407,354.16160090684593,629.4157458963726,440.36955422103614,386.4418164465794
1.2977845751078378,1.505606590679946,3.777169342714988,-0.5834671945736767,-0.3621650964401757,2.397540716522858,1.706766192568818,4.060156352504402
95.21236275530896,2485.0805894528,234.5101348348078,340.5253227633941,843.2993486175053,-330.193219754801,2018.1015928789168,1113.7825770194802
-0.0012540360259183,-5.513410153184989e-05,22293.898182696896,30411.23440047676,19813.990019698664,11347.714096309895,2745.039161681848,-162.14386981831817
-514.8791213670617,-1395.9793688060947,-1057.066318837788,-1872.739062249725,11464.973753727982,2716.761161730747,1994.296452703633,-838.982733461653
-397.0714852011926,497.5062372757072,93.76413203521818,1504.2390669937392,-751.2582515993923,668.8939714797059,-1518.8825299035502,-1176.5649161002211
15.611607748664742,17.10591392828568,41.922643317191095,35.94051905255246,26.08151905698749,28.2845972520875,25.417508763538443,29.765219986284134
61.94920599739048,70.24915083231339,79.35798472159918,45.48446509425916,61.87792317559658,5.065808196277281,68.12943185070753,34.96925646075072
673.6231616708827,291.1490846165407,344.5041690363952,416.80077099440734,449.46341923727874,313.45764255870444,407.3071283145552,580.6167438031813
0.1564633496452443,2.384343391157276,2.064849976544804,0.1520583601016445,1.4141231190922288,0.2278752742691299,-0.9579030031191827,0.7158663222407835
806.6691307898635,24.66674839933387,595.2935867128316,-576.640885803592,73.58926950890239,180.9418503594573,535.3152030404167,80.56007229341589
0.0011346929073064,0.0007013374198553,234.8048119868581,-3276.4450867352075,13188.203208307212,13398.348802010492,7821.5904921816145,959.1968675618168
511.39152546976896,937.783966706578,-2238.858832992766,3792.73224872245,2684.0648890774805,3413.762651911694,-1615.5367375190235,1933.026851646261
-51.80615015775544,314.7536837801372,-908.6599557210652,-1485.563862687792,-2494.2039807261112,3846.388900902143,-1143.3687731941818,967.3320817879572
24.19697963221962,12.055373521296737,35.8880492318119,27.8001446228482,26.09803806243842,27.48214690708872,14.677400618807289,18.84327555938512
60.93462604767033,59.7516853051013,36.756776513177726,44.26610288670938,58.151567825285305,47.10682377844812,83.83703296017457,72.26814803169876
648.8951420734003,380.6353219836047,467.81454429511234,635.692029230856,564.9452879308155,417.517992753514,608.0294618022504,531.8175212055343
1.447443591106448,-0.8458231978667163,0.4969735970545913,-0.5030778136551821,3.956804532467483,0.5198393124563583,4.0145952731652,0.6539217373129904
-221.5610975150722,-65.26875777626918,470.8386975596902,1122.0382420367312,402.8582226191669,757.7200552960785,-1.3555915089012274,1137.3480617596215
0.0017730949509719,0.0006468268108965,-1991.157604709399,17483.123811714555,19839.07066692796,-13041.33678442866,83.26328576385369,436.90099773974725
539.1568632427321,337.68894073185413,-2105.5804056018533,-1085.7518039221602,-5250.320511518108,2070.05754012574,1160.504678440412,2003.229810857511
-179.09720729212393,-133.7084099938037,725.899199337993,150.38859063218663,-80.99086302088426,166.8844090322067,1324.0192331902506,73.97601348081933
18.546588506454725,13.699944751746823,39.92160655250814,27.10172116454056,27.305946937842847,22.031058935981143,24.37626965465256,26.94012401593202
34.68624907461961,32.17181699384794,46.547168936978125,52.55775518221118,74.79965292764514,31.84989840003499,66.67369538417475,51.33051488503229
428.2783383203991,407.3632175349839,609.6362871427084,583.068259464407,354.16160090684593,629.4157458963726,440.36955422103614,386.4418164465794
1.2977845751078378,1.505606590679946,3.777169342714988,-0.5834671945736767,-0.3621650964401757,2.397540716522858,1.706766192568818,4.060156352504402
95.21236275530896,2485.0805894528,234.5101348348078,340.5253227633941,843.2993486175053,-330.193219754801,2018.1015928789168,1113.7825770194802
-0.0012540360259183,-5.513410153184989e-05,22293.898182696896,30411.23440047676,19813.990019698664,11347.714096309895,2745.039161681848,-162.14386981831817
-514.8791213670617,-1395.9793688060947,-1057.066318837788,-1872.739062249725,11464.973753727982,2716.761161730747,1994.296452703633,-838.982733461653
-397.0714852011926,497.5062372757072,93.76413203521818,1504.2390669937392,-751.2582515993923,668.8939714797059,-1518.8825299035502,-1176.5649161002211
15.611607748664742,17.10591392828568,41.922643317191095,35.94051905255246,26.08151905698749,28.2845972520875,25.417508763538443,29.765219986284134
61.94920599739048,70.24915083231339,79.35798472159918,45.48446509425916,61.87792317559658,5.065808196277281,68.12943185070753,34.96925646075072
673.6231616708827,291.1490846165407,344.5041690363952,416.80077099440734,449.46341923727874,313.45764255870444,407.3071283145552,580.6167438031813
0.1564633496452443,2.384343391157276,2.064849976544804,0.1520583601016445,1.4141231190922288,0.2278752742691299,-0.9579030031191827,0.7158663222407835
806.6691307898635,24.66674839933387,595.2935867128316,-576.640885803592,73.58926950890239,180.9418503594573,535.3152030404167,80.56007229341589
0.0011346929073064,0.0007013374198553,234.8048119868581,-3276.4450867352075,13188.203208307212,13398.348802010492,7821.5904921816145,959.1968675618168
511.39152546976896,937.783966706578,-2238.858832992766,3792.73224872245,2684.0648890774805,3413.762651911694,-1615.5367375190235,1933.026851646261
-51.80615015775544,314.7536837801372,-908.6599557210652,-1485.563862687792,-2494.2039807261112,3846.388900902143,-1143.3687731941818,967.3320817879572
24.19697963221962,12.055373521296737,35.8880492318119,27.8001446228482,26.09803806243842,27.48214690708872,14.677400618807289,18.84327555938512
60.93462604767033,59.7516853051013,36.756776513177726,44.26610288670938,58.151567825285305,47.10682377844812,83.83703296017457,72.26814803169876
648.8951420734003,380.6353219836047,467.81454429511234,635.692029230856,564.9452879308155,417.517992753514,608.0294618022504,531.8175212055343
1.447443591106448,-0.8458231978667163,0.4969735970545913,-0.5030778136551821,3.956804532467483,0.5198393124563583,4.0145952731652,0.6539217373129904
-221.5610975150722,-65.26875777626918,470.8386975596902,1122.0382420367312,402.8582226191669,757.7200552960785,-1.3555915089012274,1137.3480617596215
0.0017730949509719,0.0006468268108965,-1991.157604709399,17483.123811714555,19839.07066692796,-13041.33678442866,83.26328576385369,436.90099773974725
539.1568632427321,337.68894073185413,-2105.5804056018533,-1085.7518039221602,-5250.320511518108,2070.05754012574,1160.504678440412,2003.229810857511
-179.09720729212393,-133.7084099938037,725.899199337993,150.38859063218663,-80.99086302088426,166.8844090322067,1324.0192331902506,73.97601348081933
18.546588506454725,13.699944751746823,39.92160655250814,27.10172116454056,27.305946937842847,22.031058935981143,24.37626965465256,26.94012401593202
34.68624907461961,32.17181699384794,46.547168936978125,52.55775518221118,74.79965292764514,31.84989840003499,66.67369538417475,51.33051488503229
428.2783383203991,407.3632175349839,609.6362871427084,583.068259464407,354.16160090684593,629.4157458963726,440.36955422103614,386.4418164465794
1.2977845751078378,1.505606590679946,3.777169342714988,-0.5834671945736767,-0.3621650964401757,2.397540716522858,1.706766192568818,4.060156352504402
95.21236275530896,2485.0805894528,234.5101348348078,340.5253227633941,843.2993486175053,-330.193219754801,2018.1015928789168,1113.7825770194802
-0.0012540360259183,-5.513410153184989e-05,22293.898182696896,30411.23440047676,19813.990019698664,11347.714096309895,2745.039161681848,-162.14386981831817
-514.8791213670617,-1395.9793688060947,-1057.066318837788,-1872.739062249725,11464.973753727982,2716.761161730747,1994.296452703633,-838.982733461653
-397.0714852011926,497.5062372757072,93.76413203521818,1504.2390669937392,-751.2582515993923,668.8939714797059,-1518.8825299035502,-1176.5649161002211
15.611607748664742,17.10591392828568,41.922643317191095,35.94051905255246,26.08151905698749,28.2845972520875,25.417508763538443,29.765219986284134
61.94920599739048,70.24915083231339,79.35798472159918,45.48446509425916,61.87792317559658,5.065808196277281,68.12943185070753,34.96925646075072
673.6231616708827,291.1490846165407,344.5041690363952,416.80077099440734,449.46341923727874,313.45764255870444,407.3071283145552,580.6167438031813
0.1564633496452443,2.384343391157276,2.064849976544804,0.1520583601016445,1.4141231190922288,0.2278752742691299,-0.9579030031191827,0.7158663222407835
806.6691307898635,24.66674839933387,595.2935867128316,-576.640885803592,73.58926950890239,180.9418503594573,535.3152030404167,80.56007229341589
0.0011346929073064,0.0007013374198553,234.8048119868581,-3276.4450867352075,13188.203208307212,13398.348802010492,7821.5904921816145,959.1968675618168
511.39152546976896,937.783966706578,-2238.858832992766,3792.73224872245,2684.0648890774805,3413.762651911694,-1615.5367375190235,1933.026851646261
-51.80615015775544,314.7536837801372,-908.6599557210652,-1485.563862687792,-2494.2039807261112,3846.388900902143,-1143.3687731941818,967.3320817879572
24.19697963221962,12.055373521296737,35.8880492318119,27.8001446228482,26.09803806243842,27.48214690708872,14.677400618807289,18.84327555938512
60.93462604767033,59.7516853051013,36.756776513177726,44.26610288670938,58.151567825285305,47.10682377844812,83.83703296017457,72.26814803169876
648.8951420734003,380.6353219836047,467.81454429511234,635.692029230856,564.9452879308155,417.517992753514,608.0294618022504,531.8175212055343
1.447443591106448,-0.8458231978667163,0.4969735970545913,-0.5030778136551821,3.956804532467483,0.5198393124563583,4.0145952731652,0.6539217373129904
-221.5610975150722,-65.26875777626918,470.8386975596902,1122.0382420367312,402.8582226191669,757.7200552960785,-1.3555915089012274,1137.3480617596215
0.0017730949509719,0.0006468268108965,-1991.157604709399,17483.123811714555,19839.07066692796,-13041.33678442866,83.26328576385369,436.90099773974725
539.1568632427321,337.68894073185413,-2105.5804056018533,-1085.7518039221602,-5250.320511518108,2070.05754012574,1160.504678440412,2003.229810857511
-179.09720729212393,-133.7084099938037,725.899199337993,150.38859063218663,-80.99086302088426,166.8844090322067,1324.0192331902506,73.97601348081933
18.546588506454725,13.699944751746823,39.92160655250814,27.10172116454056,27.305946937842847,22.031058935981143,24.37626965465256,26.94012401593202
34.68624907461961,32.17181699384794,46.547168936978125,52.55775518221118,74.79965292764514,31.84989840003499,66.67369538417475,51.33051488503229
428.2783383203991,407.3632175349839,609.6362871427084,583.068259464407,354.16160090684593,629.4157458963726,440.36955422103614,386.4418164465794
1.2977845751078378,1.505606590679946,3.777169342714988,-0.5834671945736767,-0.3621650964401757,2.397540716522858,1.706766192568818,4.060156352504402
95.21236275530896,2485.0805894528,234.5101348348078,340.5253227633941,843.2993486175053,-330.193219754801,2018.1015928789168,1113.7825770194802
-0.0012540360259183,-5.513410153184989e-05,22293.898182696896,30411.23440047676,19813.990019698664,11347.714096309895,2745.039161681848,-162.14386981831817
-514.8791213670617,-1395.9793688060947,-1057.066318837788,-1872.739062249725,11464.973753727982,2716.761161730747,1994.296452703633,-838.982733461653
-397.0714852011926,497.5062372757072,93.76413203521818,1504.2390669937392,-751.2582515993923,668.8939714797059,-1518.8825299035502,-1176.5649161002211
15.611607748664742,17.10591392828568,41.922643317191095,35.94051905255246,26.08151905698749,28.2845972520875,25.417508763538443,29.765219986284134
61.94920599739048,70.24915083231339,79.35798472159918,45.48446509425916,61.87792317559658,5.065808196277281,68.12943185070753,34.96925646075072
673.6231616708827,291.1490846165407,344.5041690363952,416.80077099440734,449.46341923727874,313.45764255870444,407.3071283145552,580.6167438031813
0.1564633496452443,2.384343391157276,2.064849976544804,0.1520583601016445,1.4141231190922288,0.2278752742691299,-0.9579030031191827,0.7158663222407835
806.6691307898635,24.66674839933387,595.2935867128316,-576.640885803592,73.58926950890239,180.9418503594573,535.3152030404167,80.56007229341589
0.0011346929073064,0.0007013374198553,234.8048119868581,-3276.4450867352075,13188.203208307212,13398.348802010492,7821.5904921816145,959.1968675618168
511.39152546976896,937.783966706578,-2238.858832992766,3792.73224872245,2684.0648890774805,3413.762651911694,-1615.5367375190235,1933.026851646261
-51.80615015775544,314.7536837801372,-908.6599557210652,-1485.563862687792,-2494.2039807261112,3846.388900902143,-1143.3687731941818,967.3320817879572
24.19697963221962,12.055373521296737,35.8880492318119,27.8001446228482,26.09803806243842,27.48214690708872,14.677400618807289,18.84327555938512
60.93462604767033,59.7516853051013,36.756776513177726,44.26610288670938,58.151567825285305,47.10682377844812,83.83703296017457,72.26814803169876
648.8951420734003,380.6353219836047,467.81454429511234,635.692029230856,564.9452879308155,417.517992753514,608.0294618022504,531.8175212055343
1.447443591106448,-0.8458231978667163,0.4969735970545913,-0.5030778136551821,3.956804532467483,0.5198393124563583,4.0145952731652,0.6539217373129904
-221.5610975150722,-65.26875777626918,470.8386975596902,1122.0382420367312,402.8582226191669,757.7200552960785,-1.3555915089012274,1137.3480617596215
0.0017730949509719,0.0006468268108965,-1991.157604709399,17483.123811714555,19839.07066692796,-13041.33678442866,83.26328576385369,436.90099773974725
539.1568632427321,337.68894073185413,-2105.5804056018533,-1085.7518039221602,-5250.320511518108,2070.05754012574,1160.504678440412,2003.229810857511
-179.09720729212393,-133.7084099938037,725.899199337993,150.38859063218663,-80.99086302088426,166.8844090322067,1324.0192331902506,73.97601348081933
18.546588506454725,13.699944751746823,39.92160655250814,27.10172116454056,27.305946937842847,22.031058935981143,24.37626965465256,26.94012401593202
34.68624907461961,32.17181699384794,46.547168936978125,52.55775518221118,74.79965292764514,31.84989840003499,66.67369538417475,51.33051488503229
428.2783383203991,407.3632175349839,609.6362871427084,583.068259464407,354.16160090684593,629.4157458963726,440.36955422103614,386.4418164465794
1.2977845751078378,1.505606590679946,3.777169342714988,-0.5834671945736767,-0.3621650964401757,2.397540716522858,1.706766192568818,4.060156352504402
95.21236275530896,2485.0805894528,234.5101348348078,340.5253227633941,843.2993486175053,-330.193219754801,2018.1015928789168,1113.7825770194802
-0.0012540360259183,-5.513410153184989e-05,22293.898182696896,30411.23440047676,19813.990019698664,11347.714096309895,2745.039161681848,-162.14386981831817
-514.8791213670617,-1395.9793688060947,-1057.066318837788,-1872.739062249725,11464.973753727982,2716.761161730747,1994.296452703633,-838.982733461653
-397.0714852011926,497.5062372757072,93.76413203521818,1504.2390669937392,-751.2582515993923,668.8939714797059,-1518.8825299035502,-1176.5649161002211
15.611607748664742,17.10591392828568,41.922643317191095,35.94051905255246,26.08151905698749,28.2845972520875,25.417508763538443,29.765219986284134
61.94920599739048,70.24915083231339,79.35798472159918,45.48446509425916,61.87792317559658,5.065808196277281,68.12943185070753,34.96925646075072
673.6231616708827,291.1490846165407,344.5041690363952,416.80077099440734,449.46341923727874,313.45764255870444,407.3071283145552,580.6167438031813
0.1564633496452443,2.384343391157276,2.064849976544804,0.1520583601016445,1.4141231190922288,0.2278752742691299,-0.9579030031191827,0.7158663222407835
806.6691307898635,24.66674839933387,595.2935867128316,-576.640885803592,73.58926950890239,180.9418503594573,535.3152030404167,80.56007229341589
0.0011346929073064,0.0007013374198553,234.8048119868581,-3276.4450867352075,13188.203208307212,13398.348802010492,7821.5904921816145,959.1968675618168
511.39152546976896,937.783966706578,-2238.858832992766,3792.73224872245,2684.0648890774805,3413.762651911694,-1615.5367375190235,1933.026851646261
-51.80615015775544,314.7536837801372,-908.6599557210652,-1485.563862687792,-2494.2039807261112,3846.388900902143,-1143.3687731941818,967.3320817879572
24.19697963221962,12.055373521296737,35.8880492318119,27.8001446228482,26.09803806243842,27.48214690708872,14.677400618807289,18.84327555938512
60.93462604767033,59.7516853051013,36.756776513177726,44.26610288670938,58.151567825285305,47.10682377844812,83.83703296017457,72.26814803169876
648.8951420734003,380.6353219836047,467.81454429511234,635.692029230856,564.9452879308155,417.517992753514,608.0294618022504,531.8175212055343
1.447443591106448,-0.8458231978667163,0.4969735970545913,-0.5030778136551821,3.956804532467483,0.5198393124563583,4.0145952731652,0.6539217373129904
-221.5610975150722,-65.26875777626918,470.8386975596902,1122.0382420367312,402.8582226191669,757.7200552960785,-1.3555915089012274,1137.3480617596215
0.0017730949509719,0.0006468268108965,-1991.157604709399,17483.123811714555,19839.07066692796,-13041.33678442866,83.26328576385369,436.90099773974725
539.1568632427321,337.68894073185413,-2105.5804056018533,-1085.7518039221602,-5250.320511518108,2070.05754012574,1160.504678440412,2003.229810857511
-179.09720729212393,-133.7084099938037,725.899199337993,150.38859063218663,-80.99086302088426,166.8844090322067,1324.0192331902506,73.97601348081933
18.546588506454725,13.699944751746823,39.92160655250814,27.10172116454056,27.305946937842847,22.031058935981143,24.37626965465256,26.94012401593202
34.68624907461961,32.17181699384794,46.547168936978125,52.55775518221118,74.79965292764514,31.84989840003499,66.67369538417475,51.33051488503229
428.2783383203991,407.3632175349839,609.6362871427084,583.068259464407,354.16160090684593,629.4157458963726,440.36955422103614,386.4418164465794
1.2977845751078378,1.505606590679946,3.777169342714988,-0.5834671945736767,-0.3621650964401757,2.397540716522858,1.706766192568818,4.060156352504402
95.21236275530896,2485.0805894528,234.5101348348078,340.5253227633941,843.2993486175053,-330.193219754801,2018.1015928789168,1113.7825770194802
-0.0012540360259183,-5.513410153184989e-05,22293.898182696896,30411.23440047676,19813.990019698664,11347.714096309895,2745.039161681848,-162.14386981831817
-514.8791213670617,-1395.9793688060947,-1057.066318837788,-1872.739062249725,11464.973753727982,2716.761161730747,1994.296452703633,-838.982733461653
-397.0714852011926,497.5062372757072,93.76413203521818,1504.2390669937392,-751.2582515993923,668.8939714797059,-1518.8825299035502,-1176.5649161002211
