내부온도관측치,내부습도관측치,co2관측치,ec관측치,시간당분무량,시간당백색광량,시간당적색광량,시간당청색광량
11.1802410524878,32.2908234890383,37.47951798705104,35.60371146956484,27.88468759373412,32.644688686553295,26.12450233352652,31.291279716217243
49.57067157919339,117.23950757956212,70.65434008601137,54.63465946367958,60.333302498301904,14.710483910151195,74.90037984175596,66.3458790093226
515.9159503892052,396.23889645345656,477.410254066399,409.3020483846857,525.2639785574572,632.4849229295619,272.02858213345775,443.6763182612699
1.688586412743028,2.3966835788079925,-1.4699727393354127,2.079501026554016,0.3295388679344679,2.148611955854129,-0.5476908785141712,-1.7338134637557652
318.0194400841442,144.60876089176713,-1031.669891937234,731.1908391612766,516.0790130443705,1425.079136196232,157.14668286097285,227.60709156083792
0.0007921996407904,-8.98608625056611e-05,-4489.58418977673,19046.913676253746,20302.93844230069,11921.451454719609,-9271.90706003344,974.3591610888584
620.7171083460609,661.479939530568,-2090.754817091148,1547.58627893265,2453.980718715816,2440.4116120766253,-1245.381462419998,1130.0466640642842
-58.81143863885484,328.19490188647643,-1450.667462372099,-1890.7654523325043,-569.8115923234654,604.902460332724,-2002.0422764299883,15.26791703317866
36.90691584904067,24.817533137748235,32.281662131084275,33.026236209610595,26.77293281913204,25.149742673213467,23.1053372468273,22.865308736498505
81.96278717759475,67.18220875036256,19.54709342755817,9.296390143300933,70.40525260407469,89.8059701688221,62.29651656966556,53.515483426754784
487.1117412657946,333.77486591226415,538.9355450433852,732.6542900638112,799.7252890767331,647.953014797683,506.1217501504544,637.0325253044945
1.5431668319081058,1.7887042499704384,0.6046810122594019,-0.5774995800975864,1.7232559954816713,3.8240097093995176,2.8284285964483864,0.2043498198221478
223.45611088800632,578.4229696786138,182.9415315722582,-269.279749788298,176.13546569026076,-266.8020599120682,-473.559148365229,461.90970369926185
0.0002149611899347,0.0031190706140758,13130.545440807851,20101.907369345547,17169.389932808117,18728.72838789717,-1058.8303463128425,354.9657464866253
587.6183088841515,1003.3721621174152,1140.7102917990387,2638.8881368196144,-991.1714959060664,-1773.0258756747023,-2615.736977541302,895.6330637105492
-84.42932244791118,-310.76355653631737,51.89819577236753,-234.35405787887683,-842.1537507252449,-460.21047980182175,882.9911563657545,839.8327473321459
19.75196766408739,34.94119029463893,16.115250803557284,24.51352068889952,27.246870533119324,26.34533830518616,17.173376374940236,18.519206938650623
61.32651319339925,68.65258775155452,75.11985691368328,68.17153621908722,41.56162801833062,47.79241476845483,70.6344099835369,49.62372583545975
436.5984211802143,490.7463931504003,538.6719176841032,615.0182170941948,607.1939190603276,574.9105410868522,642.9732387423539,345.37679885902776
0.0325739623745895,-1.3750173677929782,4.089938118698744,-0.2140192142351149,1.2434634805605267,1.7943102744793562,-0.5605775136986451,2.881038937262228
308.389810197565,-41.41844391563268,-145.48138956098273,216.58328745541928,1614.8404952473911,1003.2345747468328,674.318673771665,15.56332991867555
0.000152878109387,0.0023468951256234,17073.25206907344,17005.53798029138,17598.286202635838,21168.43732339877,-135.3727733103562,-167.04512506924698
600.0428990196325,-746.8000093185128,1573.8852170114408,-87.66476351704625,-1253.9697665537767,687.6033192979233,567.2264821849813,1058.2893822641208
69.40733447803119,328.8730425753636,-4939.591923255174,5308.550070170968,2399.001077291386,-553.5603952646163,-557.1649423733614,-534.926511756793
11.1802410524878,32.2908234890383,37.47951798705104,35.60371146956484,27.88468759373412,32.644688686553295,26.12450233352652,31.291279716217243
49.57067157919339,117.23950757956212,70.65434008601137,54.63465946367958,60.333302498301904,14.710483910151195,74.90037984175596,66.3458790093226
515.9159503892052,396.23889645345656,477.410254066399,409.3020483846857,525.2639785574572,632.4849229295619,272.02858213345775,443.6763182612699
1.688586412743028,2.3966835788079925,-1.4699727393354127,2.079501026554016,0.3295388679344679,2.148611955854129,-0.5476908785141712,-1.7338134637557652
318.0194400841442,144.60876089176713,-1031.669891937234,731.1908391612766,516.0790130443705,1425.079136196232,157.14668286097285,227.60709156083792
0.0007921996407904,-8.98608625056611e-05,-4489.58418977673,19046.913676253746,20302.93844230069,11921.451454719609,-9271.90706003344,974.3591610888584
620.7171083460609,661.479939530568,-2090.754817091148,1547.58627893265,2453.980718715816,2440.4116120766253,-1245.381462419998,1130.0466640642842
-58.81143863885484,328.19490188647643,-1450.667462372099,-1890.7654523325043,-569.8115923234654,604.902460332724,-2002.0422764299883,15.26791703317866
36.90691584904067,24.817533137748235,32.281662131084275,33.026236209610595,26.77293281913204,25.149742673213467,23.1053372468273,22.865308736498505
81.96278717759475,67.18220875036256,19.54709342755817,9.296390143300933,70.40525260407469,89.8059701688221,62.29651656966556,53.515483426754784
487.1117412657946,333.77486591226415,538.9355450433852,732.6542900638112,799.7252890767331,647.953014797683,506.1217501504544,637.0325253044945
1.5431668319081058,1.7887042499704384,0.6046810122594019,-0.5774995800975864,1.7232559954816713,3.8240097093995176,2.8284285964483864,0.2043498198221478
223.45611088800632,578.4229696786138,182.9415315722582,-269.279749788298,176.13546569026076,-266.8020599120682,-473.559148365229,461.90970369926185
0.0002149611899347,0.0031190706140758,13130.545440807851,20101.907369345547,17169.389932808117,18728.72838789717,-1058.8303463128425,354.9657464866253
587.6183088841515,1003.3721621174152,1140.7102917990387,2638.8881368196144,-991.1714959060664,-1773.0258756747023,-2615.736977541302,895.6330637105492
-84.42932244791118,-310.76355653631737,51.89819577236753,-234.35405787887683,-842.1537507252449,-460.21047980182175,882.9911563657545,839.8327473321459
19.75196766408739,34.94119029463893,16.115250803557284,24.51352068889952,27.246870533119324,26.34533830518616,17.173376374940236,18.519206938650623
61.32651319339925,68.65258775155452,75.11985691368328,68.17153621908722,41.56162801833062,47.79241476845483,70.6344099835369,49.62372583545975
436.5984211802143,490.7463931504003,538.6719176841032,615.0182170941948,607.1939190603276,574.9105410868522,642.9732387423539,345.37679885902776
0.0325739623745895,-1.3750173677929782,4.089938118698744,-0.2140192142351149,1.2434634805605267,1.7943102744793562,-0.5605775136986451,2.881038937262228
308.389810197565,-41.41844391563268,-145.48138956098273,216.58328745541928,1614.8404952473911,1003.2345747468328,674.318673771665,15.56332991867555
0.000152878109387,0.0023468951256234,17073.25206907344,17005.53798029138,17598.286202635838,21168.43732339877,-135.3727733103562,-167.04512506924698
600.0428990196325,-746.8000093185128,1573.8852170114408,-87.66476351704625,-1253.9697665537767,687.6033192979233,567.2264821849813,1058.2893822641208
69.40733447803119,328.8730425753636,-4939.591923255174,5308.550070170968,2399.001077291386,-553.5603952646163,-557.1649423733614,-534.926511756793
11.1802410524878,32.2908234890383,37.47951798705104,35.60371146956484,27.88468759373412,32.644688686553295,26.12450233352652,31.291279716217243
49.57067157919339,117.23950757956212,70.65434008601137,54.63465946367958,60.333302498301904,14.710483910151195,74.90037984175596,66.3458790093226
515.9159503892052,396.23889645345656,477.410254066399,409.3020483846857,525.2639785574572,632.4849229295619,272.02858213345775,443.6763182612699
1.688586412743028,2.3966835788079925,-1.4699727393354127,2.079501026554016,0.3295388679344679,2.148611955854129,-0.5476908785141712,-1.7338134637557652
318.0194400841442,144.60876089176713,-1031.669891937234,731.1908391612766,516.0790130443705,1425.079136196232,157.14668286097285,227.60709156083792
0.0007921996407904,-8.98608625056611e-05,-4489.58418977673,19046.913676253746,20302.93844230069,11921.451454719609,-9271.90706003344,974.3591610888584
620.7171083460609,661.479939530568,-2090.754817091148,1547.58627893265,2453.980718715816,2440.4116120766253,-1245.381462419998,1130.0466640642842
-58.81143863885484,328.19490188647643,-1450.667462372099,-1890.7654523325043,-569.8115923234654,604.902460332724,-2002.0422764299883,15.26791703317866
36.90691584904067,24.817533137748235,32.281662131084275,33.026236209610595,26.77293281913204,25.149742673213467,23.1053372468273,22.865308736498505
81.96278717759475,67.18220875036256,19.54709342755817,9.296390143300933,70.40525260407469,89.8059701688221,62.29651656966556,53.515483426754784
487.1117412657946,333.77486591226415,538.9355450433852,732.6542900638112,799.7252890767331,647.953014797683,506.1217501504544,637.0325253044945
1.5431668319081058,1.7887042499704384,0.6046810122594019,-0.5774995800975864,1.7232559954816713,3.8240097093995176,2.8284285964483864,0.2043498198221478
223.45611088800632,578.4229696786138,182.9415315722582,-269.279749788298,176.13546569026076,-266.8020599120682,-473.559148365229,461.90970369926185
0.0002149611899347,0.0031190706140758,13130.545440807851,20101.907369345547,17169.389932808117,18728.72838789717,-1058.8303463128425,354.9657464866253
587.6183088841515,1003.3721621174152,1140.7102917990387,2638.8881368196144,-991.1714959060664,-1773.0258756747023,-2615.736977541302,895.6330637105492
-84.42932244791118,-310.76355653631737,51.89819577236753,-234.35405787887683,-842.1537507252449,-460.21047980182175,882.9911563657545,839.8327473321459
19.75196766408739,34.94119029463893,16.115250803557284,24.51352068889952,27.246870533119324,26.34533830518616,17.173376374940236,18.519206938650623
61.32651319339925,68.65258775155452,75.11985691368328,68.17153621908722,41.56162801833062,47.79241476845483,70.6344099835369,49.62372583545975
436.5984211802143,490.7463931504003,538.6719176841032,615.0182170941948,607.1939190603276,574.9105410868522,642.9732387423539,345.37679885902776
0.0325739623745895,-1.3750173677929782,4.089938118698744,-0.2140192142351149,1.2434634805605267,1.7943102744793562,-0.5605775136986451,2.881038937262228
308.389810197565,-41.41844391563268,-145.48138956098273,216.58328745541928,1614.8404952473911,1003.2345747468328,674.318673771665,15.56332991867555
0.000152878109387,0.0023468951256234,17073.25206907344,17005.53798029138,17598.286202635838,21168.43732339877,-135.3727733103562,-167.04512506924698
600.0428990196325,-746.8000093185128,1573.8852170114408,-87.66476351704625,-1253.9697665537767,687.6033192979233,567.2264821849813,1058.2893822641208
69.40733447803119,328.8730425753636,-4939.591923255174,5308.550070170968,2399.001077291386,-553.5603952646163,-557.1649423733614,-534.926511756793
11.1802410524878,32.2908234890383,37.47951798705104,35.60371146956484,27.88468759373412,32.644688686553295,26.12450233352652,31.291279716217243
49.57067157919339,117.23950757956212,70.65434008601137,54.63465946367958,60.333302498301904,14.710483910151195,74.90037984175596,66.3458790093226
515.9159503892052,396.23889645345656,477.410254066399,409.3020483846857,525.2639785574572,632.4849229295619,272.02858213345775,443.6763182612699
1.688586412743028,2.3966835788079925,-1.4699727393354127,2.079501026554016,0.3295388679344679,2.148611955854129,-0.5476908785141712,-1.7338134637557652
318.0194400841442,144.60876089176713,-1031.669891937234,731.1908391612766,516.0790130443705,1425.079136196232,157.14668286097285,227.60709156083792
0.0007921996407904,-8.98608625056611e-05,-4489.58418977673,19046.913676253746,20302.93844230069,11921.451454719609,-9271.90706003344,974.3591610888584
620.7171083460609,661.479939530568,-2090.754817091148,1547.58627893265,2453.980718715816,2440.4116120766253,-1245.381462419998,1130.0466640642842
-58.81143863885484,328.19490188647643,-1450.667462372099,-1890.7654523325043,-569.8115923234654,604.902460332724,-2002.0422764299883,15.26791703317866
36.90691584904067,24.817533137748235,32.281662131084275,33.026236209610595,26.77293281913204,25.149742673213467,23.1053372468273,22.865308736498505
81.96278717759475,67.18220875036256,19.54709342755817,9.296390143300933,70.40525260407469,89.8059701688221,62.29651656966556,53.515483426754784
487.1117412657946,333.77486591226415,538.9355450433852,732.6542900638112,799.7252890767331,647.953014797683,506.1217501504544,637.0325253044945
1.5431668319081058,1.7887042499704384,0.6046810122594019,-0.5774995800975864,1.7232559954816713,3.8240097093995176,2.8284285964483864,0.2043498198221478
223.45611088800632,578.4229696786138,182.9415315722582,-269.279749788298,176.13546569026076,-266.8020599120682,-473.559148365229,461.90970369926185
0.0002149611899347,0.0031190706140758,13130.545440807851,20101.907369345547,17169.389932808117,18728.72838789717,-1058.8303463128425,354.9657464866253
587.6183088841515,1003.3721621174152,1140.7102917990387,2638.8881368196144,-991.1714959060664,-1773.0258756747023,-2615.736977541302,895.6330637105492
-84.42932244791118,-310.76355653631737,51.89819577236753,-234.35405787887683,-842.1537507252449,-460.21047980182175,882.9911563657545,839.8327473321459
19.75196766408739,34.94119029463893,16.115250803557284,24.51352068889952,27.246870533119324,26.34533830518616,17.173376374940236,18.519206938650623
61.32651319339925,68.65258775155452,75.11985691368328,68.17153621908722,41.56162801833062,47.79241476845483,70.6344099835369,49.62372583545975
436.5984211802143,490.7463931504003,538.6719176841032,615.0182170941948,607.1939190603276,574.9105410868522,642.9732387423539,345.37679885902776
0.0325739623745895,-1.3750173677929782,4.089938118698744,-0.2140192142351149,1.2434634805605267,1.7943102744793562,-0.5605775136986451,2.881038937262228
308.389810197565,-41.41844391563268,-145.48138956098273,216.58328745541928,1614.8404952473911,1003.2345747468328,674.318673771665,15.56332991867555
0.000152878109387,0.0023468951256234,17073.25206907344,17005.53798029138,17598.286202635838,21168.43732339877,-135.3727733103562,-167.04512506924698
600.0428990196325,-746.8000093185128,1573.8852170114408,-87.66476351704625,-1253.9697665537767,687.6033192979233,567.2264821849813,1058.2893822641208
69.40733447803119,328.8730425753636,-4939.591923255174,5308.550070170968,2399.001077291386,-553.5603952646163,-557.1649423733614,-534.926511756793
11.1802410524878,32.2908234890383,37.47951798705104,35.60371146956484,27.88468759373412,32.644688686553295,26.12450233352652,31.291279716217243
49.57067157919339,117.23950757956212,70.65434008601137,54.63465946367958,60.333302498301904,14.710483910151195,74.90037984175596,66.3458790093226
515.9159503892052,396.23889645345656,477.410254066399,409.3020483846857,525.2639785574572,632.4849229295619,272.02858213345775,443.6763182612699
1.688586412743028,2.3966835788079925,-1.4699727393354127,2.079501026554016,0.3295388679344679,2.148611955854129,-0.5476908785141712,-1.7338134637557652
318.0194400841442,144.60876089176713,-1031.669891937234,731.1908391612766,516.0790130443705,1425.079136196232,157.14668286097285,227.60709156083792
0.0007921996407904,-8.98608625056611e-05,-4489.58418977673,19046.913676253746,20302.93844230069,11921.451454719609,-9271.90706003344,974.3591610888584
620.7171083460609,661.479939530568,-2090.754817091148,1547.58627893265,2453.980718715816,2440.4116120766253,-1245.381462419998,1130.0466640642842
-58.81143863885484,328.19490188647643,-1450.667462372099,-1890.7654523325043,-569.8115923234654,604.902460332724,-2002.0422764299883,15.26791703317866
36.90691584904067,24.817533137748235,32.281662131084275,33.026236209610595,26.77293281913204,25.149742673213467,23.1053372468273,22.865308736498505
81.96278717759475,67.18220875036256,19.54709342755817,9.296390143300933,70.40525260407469,89.8059701688221,62.29651656966556,53.515483426754784
487.1117412657946,333.77486591226415,538.9355450433852,732.6542900638112,799.7252890767331,647.953014797683,506.1217501504544,637.0325253044945
1.5431668319081058,1.7887042499704384,0.6046810122594019,-0.5774995800975864,1.7232559954816713,3.8240097093995176,2.8284285964483864,0.2043498198221478
223.45611088800632,578.4229696786138,182.9415315722582,-269.279749788298,176.13546569026076,-266.8020599120682,-473.559148365229,461.90970369926185
0.0002149611899347,0.0031190706140758,13130.545440807851,20101.907369345547,17169.389932808117,18728.72838789717,-1058.8303463128425,354.9657464866253
587.6183088841515,1003.3721621174152,1140.7102917990387,2638.8881368196144,-991.1714959060664,-1773.0258756747023,-2615.736977541302,895.6330637105492
-84.42932244791118,-310.76355653631737,51.89819577236753,-234.35405787887683,-842.1537507252449,-460.21047980182175,882.9911563657545,839.8327473321459
19.75196766408739,34.94119029463893,16.115250803557284,24.51352068889952,27.246870533119324,26.34533830518616,17.173376374940236,18.519206938650623
61.32651319339925,68.65258775155452,75.11985691368328,68.17153621908722,41.56162801833062,47.79241476845483,70.6344099835369,49.62372583545975
436.5984211802143,490.7463931504003,538.6719176841032,615.0182170941948,607.1939190603276,574.9105410868522,642.9732387423539,345.37679885902776
0.0325739623745895,-1.3750173677929782,4.089938118698744,-0.2140192142351149,1.2434634805605267,1.7943102744793562,-0.5605775136986451,2.881038937262228
308.389810197565,-41.41844391563268,-145.48138956098273,216.58328745541928,1614.8404952473911,1003.2345747468328,674.318673771665,15.56332991867555
0.000152878109387,0.0023468951256234,17073.25206907344,17005.53798029138,17598.286202635838,21168.43732339877,-135.3727733103562,-167.04512506924698
600.0428990196325,-746.8000093185128,1573.8852170114408,-87.66476351704625,-1253.9697665537767,687.6033192979233,567.2264821849813,1058.2893822641208
69.40733447803119,328.8730425753636,-4939.591923255174,5308.550070170968,2399.001077291386,-553.5603952646163,-557.1649423733614,-534.926511756793
11.1802410524878,32.2908234890383,37.47951798705104,35.60371146956484,27.88468759373412,32.644688686553295,26.12450233352652,31.291279716217243
49.57067157919339,117.23950757956212,70.65434008601137,54.63465946367958,60.333302498301904,14.710483910151195,74.90037984175596,66.3458790093226
515.9159503892052,396.23889645345656,477.410254066399,409.3020483846857,525.2639785574572,632.4849229295619,272.02858213345775,443.6763182612699
1.688586412743028,2.3966835788079925,-1.4699727393354127,2.079501026554016,0.3295388679344679,2.148611955854129,-0.5476908785141712,-1.7338134637557652
318.0194400841442,144.60876089176713,-1031.669891937234,731.1908391612766,516.0790130443705,1425.079136196232,157.14668286097285,227.60709156083792
0.0007921996407904,-8.98608625056611e-05,-4489.58418977673,19046.913676253746,20302.93844230069,11921.451454719609,-9271.90706003344,974.3591610888584
620.7171083460609,661.479939530568,-2090.754817091148,1547.58627893265,2453.980718715816,2440.4116120766253,-1245.381462419998,1130.0466640642842
-58.81143863885484,328.19490188647643,-1450.667462372099,-1890.7654523325043,-569.8115923234654,604.902460332724,-2002.0422764299883,15.26791703317866
36.90691584904067,24.817533137748235,32.281662131084275,33.026236209610595,26.77293281913204,25.149742673213467,23.1053372468273,22.865308736498505
81.96278717759475,67.18220875036256,19.54709342755817,9.296390143300933,70.40525260407469,89.8059701688221,62.29651656966556,53.515483426754784
487.1117412657946,333.77486591226415,538.9355450433852,732.6542900638112,799.7252890767331,647.953014797683,506.1217501504544,637.0325253044945
1.5431668319081058,1.7887042499704384,0.6046810122594019,-0.5774995800975864,1.7232559954816713,3.8240097093995176,2.8284285964483864,0.2043498198221478
223.45611088800632,578.4229696786138,182.9415315722582,-269.279749788298,176.13546569026076,-266.8020599120682,-473.559148365229,461.90970369926185
0.0002149611899347,0.0031190706140758,13130.545440807851,20101.907369345547,17169.389932808117,18728.72838789717,-1058.8303463128425,354.9657464866253
587.6183088841515,1003.3721621174152,1140.7102917990387,2638.8881368196144,-991.1714959060664,-1773.0258756747023,-2615.736977541302,895.6330637105492
-84.42932244791118,-310.76355653631737,51.89819577236753,-234.35405787887683,-842.1537507252449,-460.21047980182175,882.9911563657545,839.8327473321459
19.75196766408739,34.94119029463893,16.115250803557284,24.51352068889952,27.246870533119324,26.34533830518616,17.173376374940236,18.519206938650623
61.32651319339925,68.65258775155452,75.11985691368328,68.17153621908722,41.56162801833062,47.79241476845483,70.6344099835369,49.62372583545975
436.5984211802143,490.7463931504003,538.6719176841032,615.0182170941948,607.1939190603276,574.9105410868522,642.9732387423539,345.37679885902776
0.0325739623745895,-1.3750173677929782,4.089938118698744,-0.2140192142351149,1.2434634805605267,1.7943102744793562,-0.5605775136986451,2.881038937262228
308.389810197565,-41.41844391563268,-145.48138956098273,216.58328745541928,1614.8404952473911,1003.2345747468328,674.318673771665,15.56332991867555
0.000152878109387,0.0023468951256234,17073.25206907344,17005.53798029138,17598.286202635838,21168.43732339877,-135.3727733103562,-167.04512506924698
600.0428990196325,-746.8000093185128,1573.8852170114408,-87.66476351704625,-1253.9697665537767,687.6033192979233,567.2264821849813,1058.2893822641208
69.40733447803119,328.8730425753636,-4939.591923255174,5308.550070170968,2399.001077291386,-553.5603952646163,-557.1649423733614,-534.926511756793
11.1802410524878,32.2908234890383,37.47951798705104,35.60371146956484,27.88468759373412,32.644688686553295,26.12450233352652,31.291279716217243
49.57067157919339,117.23950757956212,70.65434008601137,54.63465946367958,60.333302498301904,14.710483910151195,74.90037984175596,66.3458790093226
515.9159503892052,396.23889645345656,477.410254066399,409.3020483846857,525.2639785574572,632.4849229295619,272.02858213345775,443.6763182612699
1.688586412743028,2.3966835788079925,-1.4699727393354127,2.079501026554016,0.3295388679344679,2.148611955854129,-0.5476908785141712,-1.7338134637557652
318.0194400841442,144.60876089176713,-1031.669891937234,731.1908391612766,516.0790130443705,1425.079136196232,157.14668286097285,227.60709156083792
0.0007921996407904,-8.98608625056611e-05,-4489.58418977673,19046.913676253746,20302.93844230069,11921.451454719609,-9271.90706003344,974.3591610888584
620.7171083460609,661.479939530568,-2090.754817091148,1547.58627893265,2453.980718715816,2440.4116120766253,-1245.381462419998,1130.0466640642842
-58.81143863885484,328.19490188647643,-1450.667462372099,-1890.7654523325043,-569.8115923234654,604.902460332724,-2002.0422764299883,15.26791703317866
36.90691584904067,24.817533137748235,32.281662131084275,33.026236209610595,26.77293281913204,25.149742673213467,23.1053372468273,22.865308736498505
81.96278717759475,67.18220875036256,19.54709342755817,9.296390143300933,70.40525260407469,89.8059701688221,62.29651656966556,53.515483426754784
487.1117412657946,333.77486591226415,538.9355450433852,732.6542900638112,799.7252890767331,647.953014797683,506.1217501504544,637.0325253044945
1.5431668319081058,1.7887042499704384,0.6046810122594019,-0.5774995800975864,1.7232559954816713,3.8240097093995176,2.8284285964483864,0.2043498198221478
223.45611088800632,578.4229696786138,182.9415315722582,-269.279749788298,176.13546569026076,-266.8020599120682,-473.559148365229,461.90970369926185
0.0002149611899347,0.0031190706140758,13130.545440807851,20101.907369345547,17169.389932808117,18728.72838789717,-1058.8303463128425,354.9657464866253
587.6183088841515,1003.3721621174152,1140.7102917990387,2638.8881368196144,-991.1714959060664,-1773.0258756747023,-2615.736977541302,895.6330637105492
-84.42932244791118,-310.76355653631737,51.89819577236753,-234.35405787887683,-842.1537507252449,-460.21047980182175,882.9911563657545,839.8327473321459
19.75196766408739,34.94119029463893,16.115250803557284,24.51352068889952,27.246870533119324,26.34533830518616,17.173376374940236,18.519206938650623
61.32651319339925,68.65258775155452,75.11985691368328,68.17153621908722,41.56162801833062,47.79241476845483,70.6344099835369,49.62372583545975
436.5984211802143,490.7463931504003,538.6719176841032,615.0182170941948,607.1939190603276,574.9105410868522,642.9732387423539,345.37679885902776
0.0325739623745895,-1.3750173677929782,4.089938118698744,-0.2140192142351149,1.2434634805605267,1.7943102744793562,-0.5605775136986451,2.881038937262228
308.389810197565,-41.41844391563268,-145.48138956098273,216.58328745541928,1614.8404952473911,1003.2345747468328,674.318673771665,15.56332991867555
0.000152878109387,0.0023468951256234,17073.25206907344,17005.53798029138,17598.286202635838,21168.43732339877,-135.3727733103562,-167.04512506924698
600.0428990196325,-746.8000093185128,1573.8852170114408,-87.66476351704625,-1253.9697665537767,687.6033192979233,567.2264821849813,1058.2893822641208
69.40733447803119,328.8730425753636,-4939.591923255174,5308.550070170968,2399.001077291386,-553.5603952646163,-557.1649423733614,-534.926511756793
11.1802410524878,32.2908234890383,37.47951798705104,35.60371146956484,27.88468759373412,32.644688686553295,26.12450233352652,31.291279716217243
49.57067157919339,117.23950757956212,70.65434008601137,54.63465946367958,60.333302498301904,14.710483910151195,74.90037984175596,66.3458790093226
515.9159503892052,396.23889645345656,477.410254066399,409.3020483846857,525.2639785574572,632.4849229295619,272.02858213345775,443.6763182612699
1.688586412743028,2.3966835788079925,-1.4699727393354127,2.079501026554016,0.3295388679344679,2.148611955854129,-0.5476908785141712,-1.7338134637557652
318.0194400841442,144.60876089176713,-1031.669891937234,731.1908391612766,516.0790130443705,1425.079136196232,157.14668286097285,227.60709156083792
0.0007921996407904,-8.98608625056611e-05,-4489.58418977673,19046.913676253746,20302.93844230069,11921.451454719609,-9271.90706003344,974.3591610888584
620.7171083460609,661.479939530568,-2090.754817091148,1547.58627893265,2453.980718715816,2440.4116120766253,-1245.381462419998,1130.0466640642842
-58.81143863885484,328.19490188647643,-1450.667462372099,-1890.7654523325043,-569.8115923234654,604.902460332724,-2002.0422764299883,15.26791703317866
36.90691584904067,24.817533137748235,32.281662131084275,33.026236209610595,26.77293281913204,25.149742673213467,23.1053372468273,22.865308736498505
81.96278717759475,67.18220875036256,19.54709342755817,9.296390143300933,70.40525260407469,89.8059701688221,62.29651656966556,53.515483426754784
487.1117412657946,333.77486591226415,538.9355450433852,732.6542900638112,799.7252890767331,647.953014797683,506.1217501504544,637.0325253044945
1.5431668319081058,1.7887042499704384,0.6046810122594019,-0.5774995800975864,1.7232559954816713,3.8240097093995176,2.8284285964483864,0.2043498198221478
223.45611088800632,578.4229696786138,182.9415315722582,-269.279749788298,176.13546569026076,-266.8020599120682,-473.559148365229,461.90970369926185
0.0002149611899347,0.0031190706140758,13130.545440807851,20101.907369345547,17169.389932808117,18728.72838789717,-1058.8303463128425,354.9657464866253
587.6183088841515,1003.3721621174152,1140.7102917990387,2638.8881368196144,-991.1714959060664,-1773.0258756747023,-2615.736977541302,895.6330637105492
-84.42932244791118,-310.76355653631737,51.89819577236753,-234.35405787887683,-842.1537507252449,-460.21047980182175,882.9911563657545,839.8327473321459
19.75196766408739,34.94119029463893,16.115250803557284,24.51352068889952,27.246870533119324,26.34533830518616,17.173376374940236,18.519206938650623
61.32651319339925,68.65258775155452,75.11985691368328,68.17153621908722,41.56162801833062,47.79241476845483,70.6344099835369,49.62372583545975
436.5984211802143,490.7463931504003,538.6719176841032,615.0182170941948,607.1939190603276,574.9105410868522,642.9732387423539,345.37679885902776
0.0325739623745895,-1.3750173677929782,4.089938118698744,-0.2140192142351149,1.2434634805605267,1.7943102744793562,-0.5605775136986451,2.881038937262228
308.389810197565,-41.41844391563268,-145.48138956098273,216.58328745541928,1614.8404952473911,1003.2345747468328,674.318673771665,15.56332991867555
0.000152878109387,0.0023468951256234,17073.25206907344,17005.53798029138,17598.286202635838,21168.43732339877,-135.3727733103562,-167.04512506924698
600.0428990196325,-746.8000093185128,1573.8852170114408,-87.66476351704625,-1253.9697665537767,687.6033192979233,567.2264821849813,1058.2893822641208
69.40733447803119,328.8730425753636,-4939.591923255174,5308.550070170968,2399.001077291386,-553.5603952646163,-557.1649423733614,-534.926511756793
11.1802410524878,32.2908234890383,37.47951798705104,35.60371146956484,27.88468759373412,32.644688686553295,26.12450233352652,31.291279716217243
49.57067157919339,117.23950757956212,70.65434008601137,54.63465946367958,60.333302498301904,14.710483910151195,74.90037984175596,66.3458790093226
515.9159503892052,396.23889645345656,477.410254066399,409.3020483846857,525.2639785574572,632.4849229295619,272.02858213345775,443.6763182612699
1.688586412743028,2.3966835788079925,-1.4699727393354127,2.079501026554016,0.3295388679344679,2.148611955854129,-0.5476908785141712,-1.7338134637557652
318.0194400841442,144.60876089176713,-1031.669891937234,731.1908391612766,516.0790130443705,1425.079136196232,157.14668286097285,227.60709156083792
0.0007921996407904,-8.98608625056611e-05,-4489.58418977673,19046.913676253746,20302.93844230069,11921.451454719609,-9271.90706003344,974.3591610888584
620.7171083460609,661.479939530568,-2090.754817091148,1547.58627893265,2453.980718715816,2440.4116120766253,-1245.381462419998,1130.0466640642842
-58.81143863885484,328.19490188647643,-1450.667462372099,-1890.7654523325043,-569.8115923234654,604.902460332724,-2002.0422764299883,15.26791703317866
36.90691584904067,24.817533137748235,32.281662131084275,33.026236209610595,26.77293281913204,25.149742673213467,23.1053372468273,22.865308736498505
81.96278717759475,67.18220875036256,19.54709342755817,9.296390143300933,70.40525260407469,89.8059701688221,62.29651656966556,53.515483426754784
487.1117412657946,333.77486591226415,538.9355450433852,732.6542900638112,799.7252890767331,647.953014797683,506.1217501504544,637.0325253044945
1.5431668319081058,1.7887042499704384,0.6046810122594019,-0.5774995800975864,1.7232559954816713,3.8240097093995176,2.8284285964483864,0.2043498198221478
223.45611088800632,578.4229696786138,182.9415315722582,-269.279749788298,176.13546569026076,-266.8020599120682,-473.559148365229,461.90970369926185
0.0002149611899347,0.0031190706140758,13130.545440807851,20101.907369345547,17169.389932808117,18728.72838789717,-1058.8303463128425,354.9657464866253
587.6183088841515,1003.3721621174152,1140.7102917990387,2638.8881368196144,-991.1714959060664,-1773.0258756747023,-2615.736977541302,895.6330637105492
-84.42932244791118,-310.76355653631737,51.89819577236753,-234.35405787887683,-842.1537507252449,-460.21047980182175,882.9911563657545,839.8327473321459
19.75196766408739,34.94119029463893,16.115250803557284,24.51352068889952,27.246870533119324,26.34533830518616,17.173376374940236,18.519206938650623
61.32651319339925,68.65258775155452,75.11985691368328,68.17153621908722,41.56162801833062,47.79241476845483,70.6344099835369,49.62372583545975
436.5984211802143,490.7463931504003,538.6719176841032,615.0182170941948,607.1939190603276,574.9105410868522,642.9732387423539,345.37679885902776
0.0325739623745895,-1.3750173677929782,4.089938118698744,-0.2140192142351149,1.2434634805605267,1.7943102744793562,-0.5605775136986451,2.881038937262228
308.389810197565,-41.41844391563268,-145.48138956098273,216.58328745541928,1614.8404952473911,1003.2345747468328,674.318673771665,15.56332991867555
0.000152878109387,0.0023468951256234,17073.25206907344,17005.53798029138,17598.286202635838,21168.43732339877,-135.3727733103562,-167.04512506924698
600.0428990196325,-746.8000093185128,1573.8852170114408,-87.66476351704625,-1253.9697665537767,687.6033192979233,567.2264821849813,1058.2893822641208
69.40733447803119,328.8730425753636,-4939.591923255174,5308.550070170968,2399.001077291386,-553.5603952646163,-557.1649423733614,-534.926511756793
11.1802410524878,32.2908234890383,37.47951798705104,35.60371146956484,27.88468759373412,32.644688686553295,26.12450233352652,31.291279716217243
49.57067157919339,117.23950757956212,70.65434008601137,54.63465946367958,60.333302498301904,14.710483910151195,74.90037984175596,66.3458790093226
515.9159503892052,396.23889645345656,477.410254066399,409.3020483846857,525.2639785574572,632.4849229295619,272.02858213345775,443.6763182612699
1.688586412743028,2.3966835788079925,-1.4699727393354127,2.079501026554016,0.3295388679344679,2.148611955854129,-0.5476908785141712,-1.7338134637557652
318.0194400841442,144.60876089176713,-1031.669891937234,731.1908391612766,516.0790130443705,1425.079136196232,157.14668286097285,227.60709156083792
0.0007921996407904,-8.98608625056611e-05,-4489.58418977673,19046.913676253746,20302.93844230069,11921.451454719609,-9271.90706003344,974.3591610888584
620.7171083460609,661.479939530568,-2090.754817091148,1547.58627893265,2453.980718715816,2440.4116120766253,-1245.381462419998,1130.0466640642842
-58.81143863885484,328.19490188647643,-1450.667462372099,-1890.7654523325043,-569.8115923234654,604.902460332724,-2002.0422764299883,15.26791703317866
36.90691584904067,24.817533137748235,32.281662131084275,33.026236209610595,26.77293281913204,25.149742673213467,23.1053372468273,22.865308736498505
81.96278717759475,67.18220875036256,19.54709342755817,9.296390143300933,70.40525260407469,89.8059701688221,62.29651656966556,53.515483426754784
487.1117412657946,333.77486591226415,538.9355450433852,732.6542900638112,799.7252890767331,647.953014797683,506.1217501504544,637.0325253044945
1.5431668319081058,1.7887042499704384,0.6046810122594019,-0.5774995800975864,1.7232559954816713,3.8240097093995176,2.8284285964483864,0.2043498198221478
223.45611088800632,578.4229696786138,182.9415315722582,-269.279749788298,176.13546569026076,-266.8020599120682,-473.559148365229,461.90970369926185
0.0002149611899347,0.0031190706140758,13130.545440807851,20101.907369345547,17169.389932808117,18728.72838789717,-1058.8303463128425,354.9657464866253
587.6183088841515,1003.3721621174152,1140.7102917990387,2638.8881368196144,-991.1714959060664,-1773.0258756747023,-2615.736977541302,895.6330637105492
-84.42932244791118,-310.76355653631737,51.89819577236753,-234.35405787887683,-842.1537507252449,-460.21047980182175,882.9911563657545,839.8327473321459
19.75196766408739,34.94119029463893,16.115250803557284,24.51352068889952,27.246870533119324,26.34533830518616,17.173376374940236,18.519206938650623
61.32651319339925,68.65258775155452,75.11985691368328,68.17153621908722,41.56162801833062,47.79241476845483,70.6344099835369,49.62372583545975
436.5984211802143,490.7463931504003,538.6719176841032,615.0182170941948,607.1939190603276,574.9105410868522,642.9732387423539,345.37679885902776
0.0325739623745895,-1.3750173677929782,4.089938118698744,-0.2140192142351149,1.2434634805605267,1.7943102744793562,-0.5605775136986451,2.881038937262228
308.389810197565,-41.41844391563268,-145.48138956098273,216.58328745541928,1614.8404952473911,1003.2345747468328,674.318673771665,15.56332991867555
0.000152878109387,0.0023468951256234,17073.25206907344,17005.53798029138,17598.286202635838,21168.43732339877,-135.3727733103562,-167.04512506924698
600.0428990196325,-746.8000093185128,1573.8852170114408,-87.66476351704625,-1253.9697665537767,687.6033192979233,567.2264821849813,1058.2893822641208
69.40733447803119,328.8730425753636,-4939.591923255174,5308.550070170968,2399.001077291386,-553.5603952646163,-557.1649423733614,-534.926511756793
11.1802410524878,32.2908234890383,37.47951798705104,35.60371146956484,27.88468759373412,32.644688686553295,26.12450233352652,31.291279716217243
49.57067157919339,117.23950757956212,70.65434008601137,54.63465946367958,60.333302498301904,14.710483910151195,74.90037984175596,66.3458790093226
515.9159503892052,396.23889645345656,477.410254066399,409.3020483846857,525.2639785574572,632.4849229295619,272.02858213345775,443.6763182612699
1.688586412743028,2.3966835788079925,-1.4699727393354127,2.079501026554016,0.3295388679344679,2.148611955854129,-0.5476908785141712,-1.7338134637557652
318.0194400841442,144.60876089176713,-1031.669891937234,731.1908391612766,516.0790130443705,1425.079136196232,157.14668286097285,227.60709156083792
0.0007921996407904,-8.98608625056611e-05,-4489.58418977673,19046.913676253746,20302.93844230069,11921.451454719609,-9271.90706003344,974.3591610888584
620.7171083460609,661.479939530568,-2090.754817091148,1547.58627893265,2453.980718715816,2440.4116120766253,-1245.381462419998,1130.0466640642842
-58.81143863885484,328.19490188647643,-1450.667462372099,-1890.7654523325043,-569.8115923234654,604.902460332724,-2002.0422764299883,15.26791703317866
36.90691584904067,24.817533137748235,32.281662131084275,33.026236209610595,26.77293281913204,25.149742673213467,23.1053372468273,22.865308736498505
81.96278717759475,67.18220875036256,19.54709342755817,9.296390143300933,70.40525260407469,89.8059701688221,62.29651656966556,53.515483426754784
487.1117412657946,333.77486591226415,538.9355450433852,732.6542900638112,799.7252890767331,647.953014797683,506.1217501504544,637.0325253044945
1.5431668319081058,1.7887042499704384,0.6046810122594019,-0.5774995800975864,1.7232559954816713,3.8240097093995176,2.8284285964483864,0.2043498198221478
223.45611088800632,578.4229696786138,182.9415315722582,-269.279749788298,176.13546569026076,-266.8020599120682,-473.559148365229,461.90970369926185
0.0002149611899347,0.0031190706140758,13130.545440807851,20101.907369345547,17169.389932808117,18728.72838789717,-1058.8303463128425,354.9657464866253
587.6183088841515,1003.3721621174152,1140.7102917990387,2638.8881368196144,-991.1714959060664,-1773.0258756747023,-2615.736977541302,895.6330637105492
-84.42932244791118,-310.76355653631737,51.89819577236753,-234.35405787887683,-842.1537507252449,-460.21047980182175,882.9911563657545,839.8327473321459
19.75196766408739,34.94119029463893,16.115250803557284,24.51352068889952,27.246870533119324,26.34533830518616,17.173376374940236,18.519206938650623
61.32651319339925,68.65258775155452,75.11985691368328,68.17153621908722,41.56162801833062,47.79241476845483,70.6344099835369,49.62372583545975
436.5984211802143,490.7463931504003,538.6719176841032,615.0182170941948,607.1939190603276,574.9105410868522,642.9732387423539,345.37679885902776
0.0325739623745895,-1.3750173677929782,4.089938118698744,-0.2140192142351149,1.2434634805605267,1.7943102744793562,-0.5605775136986451,2.881038937262228
308.389810197565,-41.41844391563268,-145.48138956098273,216.58328745541928,1614.8404952473911,1003.2345747468328,674.318673771665,15.56332991867555
0.000152878109387,0.0023468951256234,17073.25206907344,17005.53798029138,17598.286202635838,21168.43732339877,-135.3727733103562,-167.04512506924698
600.0428990196325,-746.8000093185128,1573.8852170114408,-87.66476351704625,-1253.9697665537767,687.6033192979233,567.2264821849813,1058.2893822641208
69.40733447803119,328.8730425753636,-4939.591923255174,5308.550070170968,2399.001077291386,-553.5603952646163,-557.1649423733614,-534.926511756793
11.1802410524878,32.2908234890383,37.47951798705104,35.60371146956484,27.88468759373412,32.644688686553295,26.12450233352652,31.291279716217243
49.57067157919339,117.23950757956212,70.65434008601137,54.63465946367958,60.333302498301904,14.710483910151195,74.90037984175596,66.3458790093226
515.9159503892052,396.23889645345656,477.410254066399,409.3020483846857,525.2639785574572,632.4849229295619,272.02858213345775,443.6763182612699
1.688586412743028,2.3966835788079925,-1.4699727393354127,2.079501026554016,0.3295388679344679,2.148611955854129,-0.5476908785141712,-1.7338134637557652
318.0194400841442,144.60876089176713,-1031.669891937234,731.1908391612766,516.0790130443705,1425.079136196232,157.14668286097285,227.60709156083792
0.0007921996407904,-8.98608625056611e-05,-4489.58418977673,19046.913676253746,20302.93844230069,11921.451454719609,-9271.90706003344,974.3591610888584
620.7171083460609,661.479939530568,-2090.754817091148,1547.58627893265,2453.980718715816,2440.4116120766253,-1245.381462419998,1130.0466640642842
-58.81143863885484,328.19490188647643,-1450.667462372099,-1890.7654523325043,-569.8115923234654,604.902460332724,-2002.0422764299883,15.26791703317866
36.90691584904067,24.817533137748235,32.281662131084275,33.026236209610595,26.77293281913204,25.149742673213467,23.1053372468273,22.865308736498505
81.96278717759475,67.18220875036256,19.54709342755817,9.296390143300933,70.40525260407469,89.8059701688221,62.29651656966556,53.515483426754784
487.1117412657946,333.77486591226415,538.9355450433852,732.6542900638112,799.7252890767331,647.953014797683,506.1217501504544,637.0325253044945
1.5431668319081058,1.7887042499704384,0.6046810122594019,-0.5774995800975864,1.7232559954816713,3.8240097093995176,2.8284285964483864,0.2043498198221478
223.45611088800632,578.4229696786138,182.9415315722582,-269.279749788298,176.13546569026076,-266.8020599120682,-473.559148365229,461.90970369926185
0.0002149611899347,0.0031190706140758,13130.545440807851,20101.907369345547,17169.389932808117,18728.72838789717,-1058.8303463128425,354.9657464866253
587.6183088841515,1003.3721621174152,1140.7102917990387,2638.8881368196144,-991.1714959060664,-1773.0258756747023,-2615.736977541302,895.6330637105492
-84.42932244791118,-310.76355653631737,51.89819577236753,-234.35405787887683,-842.1537507252449,-460.21047980182175,882.9911563657545,839.8327473321459
19.75196766408739,34.94119029463893,16.115250803557284,24.51352068889952,27.246870533119324,26.34533830518616,17.173376374940236,18.519206938650623
61.32651319339925,68.65258775155452,75.11985691368328,68.17153621908722,41.56162801833062,47.79241476845483,70.6344099835369,49.62372583545975
436.5984211802143,490.7463931504003,538.6719176841032,615.0182170941948,607.1939190603276,574.9105410868522,642.9732387423539,345.37679885902776
0.0325739623745895,-1.3750173677929782,4.089938118698744,-0.2140192142351149,1.2434634805605267,1.7943102744793562,-0.5605775136986451,2.881038937262228
308.389810197565,-41.41844391563268,-145.48138956098273,216.58328745541928,1614.8404952473911,1003.2345747468328,674.318673771665,15.56332991867555
0.000152878109387,0.0023468951256234,17073.25206907344,17005.53798029138,17598.286202635838,21168.43732339877,-135.3727733103562,-167.04512506924698
600.0428990196325,-746.8000093185128,1573.8852170114408,-87.66476351704625,-1253.9697665537767,687.6033192979233,567.2264821849813,1058.2893822641208
69.40733447803119,328.8730425753636,-4939.591923255174,5308.550070170968,2399.001077291386,-553.5603952646163,-557.1649423733614,-534.926511756793
11.1802410524878,32.2908234890383,37.47951798705104,35.60371146956484,27.88468759373412,32.644688686553295,26.12450233352652,31.291279716217243
49.57067157919339,117.23950757956212,70.65434008601137,54.63465946367958,60.333302498301904,14.710483910151195,74.90037984175596,66.3458790093226
515.9159503892052,396.23889645345656,477.410254066399,409.3020483846857,525.2639785574572,632.4849229295619,272.02858213345775,443.6763182612699
1.688586412743028,2.3966835788079925,-1.4699727393354127,2.079501026554016,0.3295388679344679,2.148611955854129,-0.5476908785141712,-1.7338134637557652
318.0194400841442,144.60876089176713,-1031.669891937234,731.1908391612766,516.0790130443705,1425.079136196232,157.14668286097285,227.60709156083792
0.0007921996407904,-8.98608625056611e-05,-4489.58418977673,19046.913676253746,20302.93844230069,11921.451454719609,-9271.90706003344,974.3591610888584
620.7171083460609,661.479939530568,-2090.754817091148,1547.58627893265,2453.980718715816,2440.4116120766253,-1245.381462419998,1130.0466640642842
-58.81143863885484,328.19490188647643,-1450.667462372099,-1890.7654523325043,-569.8115923234654,604.902460332724,-2002.0422764299883,15.26791703317866
36.90691584904067,24.817533137748235,32.281662131084275,33.026236209610595,26.77293281913204,25.149742673213467,23.1053372468273,22.865308736498505
81.96278717759475,67.18220875036256,19.54709342755817,9.296390143300933,70.40525260407469,89.8059701688221,62.29651656966556,53.515483426754784
487.1117412657946,333.77486591226415,538.9355450433852,732.6542900638112,799.7252890767331,647.953014797683,506.1217501504544,637.0325253044945
1.5431668319081058,1.7887042499704384,0.6046810122594019,-0.5774995800975864,1.7232559954816713,3.8240097093995176,2.8284285964483864,0.2043498198221478
223.45611088800632,578.4229696786138,182.9415315722582,-269.279749788298,176.13546569026076,-266.8020599120682,-473.559148365229,461.90970369926185
0.0002149611899347,0.0031190706140758,13130.545440807851,20101.907369345547,17169.389932808117,18728.72838789717,-1058.8303463128425,354.9657464866253
587.6183088841515,1003.3721621174152,1140.7102917990387,2638.8881368196144,-991.1714959060664,-1773.0258756747023,-2615.736977541302,895.6330637105492
-84.42932244791118,-310.76355653631737,51.89819577236753,-234.35405787887683,-842.1537507252449,-460.21047980182175,882.9911563657545,839.8327473321459
19.75196766408739,34.94119029463893,16.115250803557284,24.51352068889952,27.246870533119324,26.34533830518616,17.173376374940236,18.519206938650623
61.32651319339925,68.65258775155452,75.11985691368328,68.17153621908722,41.56162801833062,47.79241476845483,70.6344099835369,49.62372583545975
436.5984211802143,490.7463931504003,538.6719176841032,615.0182170941948,607.1939190603276,574.9105410868522,642.9732387423539,345.37679885902776
0.0325739623745895,-1.3750173677929782,4.089938118698744,-0.2140192142351149,1.2434634805605267,1.7943102744793562,-0.5605775136986451,2.881038937262228
308.389810197565,-41.41844391563268,-145.48138956098273,216.58328745541928,1614.8404952473911,1003.2345747468328,674.318673771665,15.56332991867555
0.000152878109387,0.0023468951256234,17073.25206907344,17005.53798029138,17598.286202635838,21168.43732339877,-135.3727733103562,-167.04512506924698
600.0428990196325,-746.8000093185128,1573.8852170114408,-87.66476351704625,-1253.9697665537767,687.6033192979233,567.2264821849813,1058.2893822641208
69.40733447803119,328.8730425753636,-4939.591923255174,5308.550070170968,2399.001077291386,-553.5603952646163,-557.1649423733614,-534.926511756793
11.1802410524878,32.2908234890383,37.47951798705104,35.60371146956484,27.88468759373412,32.644688686553295,26.12450233352652,31.291279716217243
49.57067157919339,117.23950757956212,70.65434008601137,54.63465946367958,60.333302498301904,14.710483910151195,74.90037984175596,66.3458790093226
515.9159503892052,396.23889645345656,477.410254066399,409.3020483846857,525.2639785574572,632.4849229295619,272.02858213345775,443.6763182612699
1.688586412743028,2.3966835788079925,-1.4699727393354127,2.079501026554016,0.3295388679344679,2.148611955854129,-0.5476908785141712,-1.7338134637557652
318.0194400841442,144.60876089176713,-1031.669891937234,731.1908391612766,516.0790130443705,1425.079136196232,157.14668286097285,227.60709156083792
0.0007921996407904,-8.98608625056611e-05,-4489.58418977673,19046.913676253746,20302.93844230069,11921.451454719609,-9271.90706003344,974.3591610888584
620.7171083460609,661.479939530568,-2090.754817091148,1547.58627893265,2453.980718715816,2440.4116120766253,-1245.381462419998,1130.0466640642842
-58.81143863885484,328.19490188647643,-1450.667462372099,-1890.7654523325043,-569.8115923234654,604.902460332724,-2002.0422764299883,15.26791703317866
36.90691584904067,24.817533137748235,32.281662131084275,33.026236209610595,26.77293281913204,25.149742673213467,23.1053372468273,22.865308736498505
81.96278717759475,67.18220875036256,19.54709342755817,9.296390143300933,70.40525260407469,89.8059701688221,62.29651656966556,53.515483426754784
487.1117412657946,333.77486591226415,538.9355450433852,732.6542900638112,799.7252890767331,647.953014797683,506.1217501504544,637.0325253044945
1.5431668319081058,1.7887042499704384,0.6046810122594019,-0.5774995800975864,1.7232559954816713,3.8240097093995176,2.8284285964483864,0.2043498198221478
223.45611088800632,578.4229696786138,182.9415315722582,-269.279749788298,176.13546569026076,-266.8020599120682,-473.559148365229,461.90970369926185
0.0002149611899347,0.0031190706140758,13130.545440807851,20101.907369345547,17169.389932808117,18728.72838789717,-1058.8303463128425,354.9657464866253
587.6183088841515,1003.3721621174152,1140.7102917990387,2638.8881368196144,-991.1714959060664,-1773.0258756747023,-2615.736977541302,895.6330637105492
-84.42932244791118,-310.76355653631737,51.89819577236753,-234.35405787887683,-842.1537507252449,-460.21047980182175,882.9911563657545,839.8327473321459
19.75196766408739,34.94119029463893,16.115250803557284,24.51352068889952,27.246870533119324,26.34533830518616,17.173376374940236,18.519206938650623
61.32651319339925,68.65258775155452,75.11985691368328,68.17153621908722,41.56162801833062,47.79241476845483,70.6344099835369,49.62372583545975
436.5984211802143,490.7463931504003,538.6719176841032,615.0182170941948,607.1939190603276,574.9105410868522,642.9732387423539,345.37679885902776
0.0325739623745895,-1.3750173677929782,4.089938118698744,-0.2140192142351149,1.2434634805605267,1.7943102744793562,-0.5605775136986451,2.881038937262228
308.389810197565,-41.41844391563268,-145.48138956098273,216.58328745541928,1614.8404952473911,1003.2345747468328,674.318673771665,15.56332991867555
0.000152878109387,0.0023468951256234,17073.25206907344,17005.53798029138,17598.286202635838,21168.43732339877,-135.3727733103562,-167.04512506924698
600.0428990196325,-746.8000093185128,1573.8852170114408,-87.66476351704625,-1253.9697665537767,687.6033192979233,567.2264821849813,1058.2893822641208
69.40733447803119,328.8730425753636,-4939.591923255174,5308.550070170968,2399.001077291386,-553.5603952646163,-557.1649423733614,-534.926511756793
11.1802410524878,32.2908234890383,37.47951798705104,35.60371146956484,27.88468759373412,32.644688686553295,26.12450233352652,31.291279716217243
49.57067157919339,117.23950757956212,70.65434008601137,54.63465946367958,60.333302498301904,14.710483910151195,74.90037984175596,66.3458790093226
515.9159503892052,396.23889645345656,477.410254066399,409.3020483846857,525.2639785574572,632.4849229295619,272.02858213345775,443.6763182612699
1.688586412743028,2.3966835788079925,-1.4699727393354127,2.079501026554016,0.3295388679344679,2.148611955854129,-0.5476908785141712,-1.7338134637557652
318.0194400841442,144.60876089176713,-1031.669891937234,731.1908391612766,516.0790130443705,1425.079136196232,157.14668286097285,227.60709156083792
0.0007921996407904,-8.98608625056611e-05,-4489.58418977673,19046.913676253746,20302.93844230069,11921.451454719609,-9271.90706003344,974.3591610888584
620.7171083460609,661.479939530568,-2090.754817091148,1547.58627893265,2453.980718715816,2440.4116120766253,-1245.381462419998,1130.0466640642842
-58.81143863885484,328.19490188647643,-1450.667462372099,-1890.7654523325043,-569.8115923234654,604.902460332724,-2002.0422764299883,15.26791703317866
36.90691584904067,24.817533137748235,32.281662131084275,33.026236209610595,26.77293281913204,25.149742673213467,23.1053372468273,22.865308736498505
81.96278717759475,67.18220875036256,19.54709342755817,9.296390143300933,70.40525260407469,89.8059701688221,62.29651656966556,53.515483426754784
487.1117412657946,333.77486591226415,538.9355450433852,732.6542900638112,799.7252890767331,647.953014797683,506.1217501504544,637.0325253044945
1.5431668319081058,1.7887042499704384,0.6046810122594019,-0.5774995800975864,1.7232559954816713,3.8240097093995176,2.8284285964483864,0.2043498198221478
223.45611088800632,578.4229696786138,182.9415315722582,-269.279749788298,176.13546569026076,-266.8020599120682,-473.559148365229,461.90970369926185
0.0002149611899347,0.0031190706140758,13130.545440807851,20101.907369345547,17169.389932808117,18728.72838789717,-1058.8303463128425,354.9657464866253
587.6183088841515,1003.3721621174152,1140.7102917990387,2638.8881368196144,-991.1714959060664,-1773.0258756747023,-2615.736977541302,895.6330637105492
-84.42932244791118,-310.76355653631737,51.89819577236753,-234.35405787887683,-842.1537507252449,-460.21047980182175,882.9911563657545,839.8327473321459
19.75196766408739,34.94119029463893,16.115250803557284,24.51352068889952,27.246870533119324,26.34533830518616,17.173376374940236,18.519206938650623
61.32651319339925,68.65258775155452,75.11985691368328,68.17153621908722,41.56162801833062,47.79241476845483,70.6344099835369,49.62372583545975
436.5984211802143,490.7463931504003,538.6719176841032,615.0182170941948,607.1939190603276,574.9105410868522,642.9732387423539,345.37679885902776
0.0325739623745895,-1.3750173677929782,4.089938118698744,-0.2140192142351149,1.2434634805605267,1.7943102744793562,-0.5605775136986451,2.881038937262228
308.389810197565,-41.41844391563268,-145.48138956098273,216.58328745541928,1614.8404952473911,1003.2345747468328,674.318673771665,15.56332991867555
0.000152878109387,0.0023468951256234,17073.25206907344,17005.53798029138,17598.286202635838,21168.43732339877,-135.3727733103562,-167.04512506924698
600.0428990196325,-746.8000093185128,1573.8852170114408,-87.66476351704625,-1253.9697665537767,687.6033192979233,567.2264821849813,1058.2893822641208
69.40733447803119,328.8730425753636,-4939.591923255174,5308.550070170968,2399.001077291386,-553.5603952646163,-557.1649423733614,-534.926511756793
11.1802410524878,32.2908234890383,37.47951798705104,35.60371146956484,27.88468759373412,32.644688686553295,26.12450233352652,31.291279716217243
49.57067157919339,117.23950757956212,70.65434008601137,54.63465946367958,60.333302498301904,14.710483910151195,74.90037984175596,66.3458790093226
515.9159503892052,396.23889645345656,477.410254066399,409.3020483846857,525.2639785574572,632.4849229295619,272.02858213345775,443.6763182612699
1.688586412743028,2.3966835788079925,-1.4699727393354127,2.079501026554016,0.3295388679344679,2.148611955854129,-0.5476908785141712,-1.7338134637557652
318.0194400841442,144.60876089176713,-1031.669891937234,731.1908391612766,516.0790130443705,1425.079136196232,157.14668286097285,227.60709156083792
0.0007921996407904,-8.98608625056611e-05,-4489.58418977673,19046.913676253746,20302.93844230069,11921.451454719609,-9271.90706003344,974.3591610888584
620.7171083460609,661.479939530568,-2090.754817091148,1547.58627893265,2453.980718715816,2440.4116120766253,-1245.381462419998,1130.0466640642842
-58.81143863885484,328.19490188647643,-1450.667462372099,-1890.7654523325043,-569.8115923234654,604.902460332724,-2002.0422764299883,15.26791703317866
36.90691584904067,24.817533137748235,32.281662131084275,33.026236209610595,26.77293281913204,25.149742673213467,23.1053372468273,22.865308736498505
81.96278717759475,67.18220875036256,19.54709342755817,9.296390143300933,70.40525260407469,89.8059701688221,62.29651656966556,53.515483426754784
487.1117412657946,333.77486591226415,538.9355450433852,732.6542900638112,799.7252890767331,647.953014797683,506.1217501504544,637.0325253044945
1.5431668319081058,1.7887042499704384,0.6046810122594019,-0.5774995800975864,1.7232559954816713,3.8240097093995176,2.8284285964483864,0.2043498198221478
223.45611088800632,578.4229696786138,182.9415315722582,-269.279749788298,176.13546569026076,-266.8020599120682,-473.559148365229,461.90970369926185
0.0002149611899347,0.0031190706140758,13130.545440807851,20101.907369345547,17169.389932808117,18728.72838789717,-1058.8303463128425,354.9657464866253
587.6183088841515,1003.3721621174152,1140.7102917990387,2638.8881368196144,-991.1714959060664,-1773.0258756747023,-2615.736977541302,895.6330637105492
-84.42932244791118,-310.76355653631737,51.89819577236753,-234.35405787887683,-842.1537507252449,-460.21047980182175,882.9911563657545,839.8327473321459
19.75196766408739,34.94119029463893,16.115250803557284,24.51352068889952,27.246870533119324,26.34533830518616,17.173376374940236,18.519206938650623
61.32651319339925,68.65258775155452,75.11985691368328,68.17153621908722,41.56162801833062,47.79241476845483,70.6344099835369,49.62372583545975
436.5984211802143,490.7463931504003,538.6719176841032,615.0182170941948,607.1939190603276,574.9105410868522,642.9732387423539,345.37679885902776
0.0325739623745895,-1.3750173677929782,4.089938118698744,-0.2140192142351149,1.2434634805605267,1.7943102744793562,-0.5605775136986451,2.881038937262228
308.389810197565,-41.41844391563268,-145.48138956098273,216.58328745541928,1614.8404952473911,1003.2345747468328,674.318673771665,15.56332991867555
0.000152878109387,0.0023468951256234,17073.25206907344,17005.53798029138,17598.286202635838,21168.43732339877,-135.3727733103562,-167.04512506924698
600.0428990196325,-746.8000093185128,1573.8852170114408,-87.66476351704625,-1253.9697665537767,687.6033192979233,567.2264821849813,1058.2893822641208
69.40733447803119,328.8730425753636,-4939.591923255174,5308.550070170968,2399.001077291386,-553.5603952646163,-557.1649423733614,-534.926511756793
11.1802410524878,32.2908234890383,37.47951798705104,35.60371146956484,27.88468759373412,32.644688686553295,26.12450233352652,31.291279716217243
49.57067157919339,117.23950757956212,70.65434008601137,54.63465946367958,60.333302498301904,14.710483910151195,74.90037984175596,66.3458790093226
515.9159503892052,396.23889645345656,477.410254066399,409.3020483846857,525.2639785574572,632.4849229295619,272.02858213345775,443.6763182612699
1.688586412743028,2.3966835788079925,-1.4699727393354127,2.079501026554016,0.3295388679344679,2.148611955854129,-0.5476908785141712,-1.7338134637557652
318.0194400841442,144.60876089176713,-1031.669891937234,731.1908391612766,516.0790130443705,1425.079136196232,157.14668286097285,227.60709156083792
0.0007921996407904,-8.98608625056611e-05,-4489.58418977673,19046.913676253746,20302.93844230069,11921.451454719609,-9271.90706003344,974.3591610888584
620.7171083460609,661.479939530568,-2090.754817091148,1547.58627893265,2453.980718715816,2440.4116120766253,-1245.381462419998,1130.0466640642842
-58.81143863885484,328.19490188647643,-1450.667462372099,-1890.7654523325043,-569.8115923234654,604.902460332724,-2002.0422764299883,15.26791703317866
36.90691584904067,24.817533137748235,32.281662131084275,33.026236209610595,26.77293281913204,25.149742673213467,23.1053372468273,22.865308736498505
81.96278717759475,67.18220875036256,19.54709342755817,9.296390143300933,70.40525260407469,89.8059701688221,62.29651656966556,53.515483426754784
487.1117412657946,333.77486591226415,538.9355450433852,732.6542900638112,799.7252890767331,647.953014797683,506.1217501504544,637.0325253044945
1.5431668319081058,1.7887042499704384,0.6046810122594019,-0.5774995800975864,1.7232559954816713,3.8240097093995176,2.8284285964483864,0.2043498198221478
223.45611088800632,578.4229696786138,182.9415315722582,-269.279749788298,176.13546569026076,-266.8020599120682,-473.559148365229,461.90970369926185
0.0002149611899347,0.0031190706140758,13130.545440807851,20101.907369345547,17169.389932808117,18728.72838789717,-1058.8303463128425,354.9657464866253
587.6183088841515,1003.3721621174152,1140.7102917990387,2638.8881368196144,-991.1714959060664,-1773.0258756747023,-2615.736977541302,895.6330637105492
-84.42932244791118,-310.76355653631737,51.89819577236753,-234.35405787887683,-842.1537507252449,-460.21047980182175,882.9911563657545,839.8327473321459
19.75196766408739,34.94119029463893,16.115250803557284,24.51352068889952,27.246870533119324,26.34533830518616,17.173376374940236,18.519206938650623
61.32651319339925,68.65258775155452,75.11985691368328,68.17153621908722,41.56162801833062,47.79241476845483,70.6344099835369,49.62372583545975
436.5984211802143,490.7463931504003,538.6719176841032,615.0182170941948,607.1939190603276,574.9105410868522,642.9732387423539,345.37679885902776
0.0325739623745895,-1.3750173677929782,4.089938118698744,-0.2140192142351149,1.2434634805605267,1.7943102744793562,-0.5605775136986451,2.881038937262228
308.389810197565,-41.41844391563268,-145.48138956098273,216.58328745541928,1614.8404952473911,1003.2345747468328,674.318673771665,15.56332991867555
0.000152878109387,0.0023468951256234,17073.25206907344,17005.53798029138,17598.286202635838,21168.43732339877,-135.3727733103562,-167.04512506924698
600.0428990196325,-746.8000093185128,1573.8852170114408,-87.66476351704625,-1253.9697665537767,687.6033192979233,567.2264821849813,1058.2893822641208
69.40733447803119,328.8730425753636,-4939.591923255174,5308.550070170968,2399.001077291386,-553.5603952646163,-557.1649423733614,-534.926511756793
11.1802410524878,32.2908234890383,37.47951798705104,35.60371146956484,27.88468759373412,32.644688686553295,26.12450233352652,31.291279716217243
49.57067157919339,117.23950757956212,70.65434008601137,54.63465946367958,60.333302498301904,14.710483910151195,74.90037984175596,66.3458790093226
515.9159503892052,396.23889645345656,477.410254066399,409.3020483846857,525.2639785574572,632.4849229295619,272.02858213345775,443.6763182612699
1.688586412743028,2.3966835788079925,-1.4699727393354127,2.079501026554016,0.3295388679344679,2.148611955854129,-0.5476908785141712,-1.7338134637557652
318.0194400841442,144.60876089176713,-1031.669891937234,731.1908391612766,516.0790130443705,1425.079136196232,157.14668286097285,227.60709156083792
0.0007921996407904,-8.98608625056611e-05,-4489.58418977673,19046.913676253746,20302.93844230069,11921.451454719609,-9271.90706003344,974.3591610888584
620.7171083460609,661.479939530568,-2090.754817091148,1547.58627893265,2453.980718715816,2440.4116120766253,-1245.381462419998,1130.0466640642842
-58.81143863885484,328.19490188647643,-1450.667462372099,-1890.7654523325043,-569.8115923234654,604.902460332724,-2002.0422764299883,15.26791703317866
36.90691584904067,24.817533137748235,32.281662131084275,33.026236209610595,26.77293281913204,25.149742673213467,23.1053372468273,22.865308736498505
81.96278717759475,67.18220875036256,19.54709342755817,9.296390143300933,70.40525260407469,89.8059701688221,62.29651656966556,53.515483426754784
487.1117412657946,333.77486591226415,538.9355450433852,732.6542900638112,799.7252890767331,647.953014797683,506.1217501504544,637.0325253044945
1.5431668319081058,1.7887042499704384,0.6046810122594019,-0.5774995800975864,1.7232559954816713,3.8240097093995176,2.8284285964483864,0.2043498198221478
223.45611088800632,578.4229696786138,182.9415315722582,-269.279749788298,176.13546569026076,-266.8020599120682,-473.559148365229,461.90970369926185
0.0002149611899347,0.0031190706140758,13130.545440807851,20101.907369345547,17169.389932808117,18728.72838789717,-1058.8303463128425,354.9657464866253
587.6183088841515,1003.3721621174152,1140.7102917990387,2638.8881368196144,-991.1714959060664,-1773.0258756747023,-2615.736977541302,895.6330637105492
-84.42932244791118,-310.76355653631737,51.89819577236753,-234.35405787887683,-842.1537507252449,-460.21047980182175,882.9911563657545,839.8327473321459
19.75196766408739,34.94119029463893,16.115250803557284,24.51352068889952,27.246870533119324,26.34533830518616,17.173376374940236,18.519206938650623
61.32651319339925,68.65258775155452,75.11985691368328,68.17153621908722,41.56162801833062,47.79241476845483,70.6344099835369,49.62372583545975
436.5984211802143,490.7463931504003,538.6719176841032,615.0182170941948,607.1939190603276,574.9105410868522,642.9732387423539,345.37679885902776
0.0325739623745895,-1.3750173677929782,4.089938118698744,-0.2140192142351149,1.2434634805605267,1.7943102744793562,-0.5605775136986451,2.881038937262228
308.389810197565,-41.41844391563268,-145.48138956098273,216.58328745541928,1614.8404952473911,1003.2345747468328,674.318673771665,15.56332991867555
0.000152878109387,0.0023468951256234,17073.25206907344,17005.53798029138,17598.286202635838,21168.43732339877,-135.3727733103562,-167.04512506924698
600.0428990196325,-746.8000093185128,1573.8852170114408,-87.66476351704625,-1253.9697665537767,687.6033192979233,567.2264821849813,1058.2893822641208
69.40733447803119,328.8730425753636,-4939.591923255174,5308.550070170968,2399.001077291386,-553.5603952646163,-557.1649423733614,-534.926511756793
11.1802410524878,32.2908234890383,37.47951798705104,35.60371146956484,27.88468759373412,32.644688686553295,26.12450233352652,31.291279716217243
49.57067157919339,117.23950757956212,70.65434008601137,54.63465946367958,60.333302498301904,14.710483910151195,74.90037984175596,66.3458790093226
515.9159503892052,396.23889645345656,477.410254066399,409.3020483846857,525.2639785574572,632.4849229295619,272.02858213345775,443.6763182612699
1.688586412743028,2.3966835788079925,-1.4699727393354127,2.079501026554016,0.3295388679344679,2.148611955854129,-0.5476908785141712,-1.7338134637557652
318.0194400841442,144.60876089176713,-1031.669891937234,731.1908391612766,516.0790130443705,1425.079136196232,157.14668286097285,227.60709156083792
0.0007921996407904,-8.98608625056611e-05,-4489.58418977673,19046.913676253746,20302.93844230069,11921.451454719609,-9271.90706003344,974.3591610888584
620.7171083460609,661.479939530568,-2090.754817091148,1547.58627893265,2453.980718715816,2440.4116120766253,-1245.381462419998,1130.0466640642842
-58.81143863885484,328.19490188647643,-1450.667462372099,-1890.7654523325043,-569.8115923234654,604.902460332724,-2002.0422764299883,15.26791703317866
36.90691584904067,24.817533137748235,32.281662131084275,33.026236209610595,26.77293281913204,25.149742673213467,23.1053372468273,22.865308736498505
81.96278717759475,67.18220875036256,19.54709342755817,9.296390143300933,70.40525260407469,89.8059701688221,62.29651656966556,53.515483426754784
487.1117412657946,333.77486591226415,538.9355450433852,732.6542900638112,799.7252890767331,647.953014797683,506.1217501504544,637.0325253044945
1.5431668319081058,1.7887042499704384,0.6046810122594019,-0.5774995800975864,1.7232559954816713,3.8240097093995176,2.8284285964483864,0.2043498198221478
223.45611088800632,578.4229696786138,182.9415315722582,-269.279749788298,176.13546569026076,-266.8020599120682,-473.559148365229,461.90970369926185
0.0002149611899347,0.0031190706140758,13130.545440807851,20101.907369345547,17169.389932808117,18728.72838789717,-1058.8303463128425,354.9657464866253
587.6183088841515,1003.3721621174152,1140.7102917990387,2638.8881368196144,-991.1714959060664,-1773.0258756747023,-2615.736977541302,895.6330637105492
-84.42932244791118,-310.76355653631737,51.89819577236753,-234.35405787887683,-842.1537507252449,-460.21047980182175,882.9911563657545,839.8327473321459
19.75196766408739,34.94119029463893,16.115250803557284,24.51352068889952,27.246870533119324,26.34533830518616,17.173376374940236,18.519206938650623
61.32651319339925,68.65258775155452,75.11985691368328,68.17153621908722,41.56162801833062,47.79241476845483,70.6344099835369,49.62372583545975
436.5984211802143,490.7463931504003,538.6719176841032,615.0182170941948,607.1939190603276,574.9105410868522,642.9732387423539,345.37679885902776
0.0325739623745895,-1.3750173677929782,4.089938118698744,-0.2140192142351149,1.2434634805605267,1.7943102744793562,-0.5605775136986451,2.881038937262228
308.389810197565,-41.41844391563268,-145.48138956098273,216.58328745541928,1614.8404952473911,1003.2345747468328,674.318673771665,15.56332991867555
0.000152878109387,0.0023468951256234,17073.25206907344,17005.53798029138,17598.286202635838,21168.43732339877,-135.3727733103562,-167.04512506924698
600.0428990196325,-746.8000093185128,1573.8852170114408,-87.66476351704625,-1253.9697665537767,687.6033192979233,567.2264821849813,1058.2893822641208
69.40733447803119,328.8730425753636,-4939.591923255174,5308.550070170968,2399.001077291386,-553.5603952646163,-557.1649423733614,-534.926511756793
11.1802410524878,32.2908234890383,37.47951798705104,35.60371146956484,27.88468759373412,32.644688686553295,26.12450233352652,31.291279716217243
49.57067157919339,117.23950757956212,70.65434008601137,54.63465946367958,60.333302498301904,14.710483910151195,74.90037984175596,66.3458790093226
515.9159503892052,396.23889645345656,477.410254066399,409.3020483846857,525.2639785574572,632.4849229295619,272.02858213345775,443.6763182612699
1.688586412743028,2.3966835788079925,-1.4699727393354127,2.079501026554016,0.3295388679344679,2.148611955854129,-0.5476908785141712,-1.7338134637557652
318.0194400841442,144.60876089176713,-1031.669891937234,731.1908391612766,516.0790130443705,1425.079136196232,157.14668286097285,227.60709156083792
0.0007921996407904,-8.98608625056611e-05,-4489.58418977673,19046.913676253746,20302.93844230069,11921.451454719609,-9271.90706003344,974.3591610888584
620.7171083460609,661.479939530568,-2090.754817091148,1547.58627893265,2453.980718715816,2440.4116120766253,-1245.381462419998,1130.0466640642842
-58.81143863885484,328.19490188647643,-1450.667462372099,-1890.7654523325043,-569.8115923234654,604.902460332724,-2002.0422764299883,15.26791703317866
36.90691584904067,24.817533137748235,32.281662131084275,33.026236209610595,26.77293281913204,25.149742673213467,23.1053372468273,22.865308736498505
81.96278717759475,67.18220875036256,19.54709342755817,9.296390143300933,70.40525260407469,89.8059701688221,62.29651656966556,53.515483426754784
487.1117412657946,333.77486591226415,538.9355450433852,732.6542900638112,799.7252890767331,647.953014797683,506.1217501504544,637.0325253044945
1.5431668319081058,1.7887042499704384,0.6046810122594019,-0.5774995800975864,1.7232559954816713,3.8240097093995176,2.8284285964483864,0.2043498198221478
223.45611088800632,578.4229696786138,182.9415315722582,-269.279749788298,176.13546569026076,-266.8020599120682,-473.559148365229,461.90970369926185
0.0002149611899347,0.0031190706140758,13130.545440807851,20101.907369345547,17169.389932808117,18728.72838789717,-1058.8303463128425,354.9657464866253
587.6183088841515,1003.3721621174152,1140.7102917990387,2638.8881368196144,-991.1714959060664,-1773.0258756747023,-2615.736977541302,895.6330637105492
-84.42932244791118,-310.76355653631737,51.89819577236753,-234.35405787887683,-842.1537507252449,-460.21047980182175,882.9911563657545,839.8327473321459
19.75196766408739,34.94119029463893,16.115250803557284,24.51352068889952,27.246870533119324,26.34533830518616,17.173376374940236,18.519206938650623
61.32651319339925,68.65258775155452,75.11985691368328,68.17153621908722,41.56162801833062,47.79241476845483,70.6344099835369,49.62372583545975
436.5984211802143,490.7463931504003,538.6719176841032,615.0182170941948,607.1939190603276,574.9105410868522,642.9732387423539,345.37679885902776
0.0325739623745895,-1.3750173677929782,4.089938118698744,-0.2140192142351149,1.2434634805605267,1.7943102744793562,-0.5605775136986451,2.881038937262228
308.389810197565,-41.41844391563268,-145.48138956098273,216.58328745541928,1614.8404952473911,1003.2345747468328,674.318673771665,15.56332991867555
0.000152878109387,0.0023468951256234,17073.25206907344,17005.53798029138,17598.286202635838,21168.43732339877,-135.3727733103562,-167.04512506924698
600.0428990196325,-746.8000093185128,1573.8852170114408,-87.66476351704625,-1253.9697665537767,687.6033192979233,567.2264821849813,1058.2893822641208
69.40733447803119,328.8730425753636,-4939.591923255174,5308.550070170968,2399.001077291386,-553.5603952646163,-557.1649423733614,-534.926511756793
11.1802410524878,32.2908234890383,37.47951798705104,35.60371146956484,27.88468759373412,32.644688686553295,26.12450233352652,31.291279716217243
49.57067157919339,117.23950757956212,70.65434008601137,54.63465946367958,60.333302498301904,14.710483910151195,74.90037984175596,66.3458790093226
515.9159503892052,396.23889645345656,477.410254066399,409.3020483846857,525.2639785574572,632.4849229295619,272.02858213345775,443.6763182612699
1.688586412743028,2.3966835788079925,-1.4699727393354127,2.079501026554016,0.3295388679344679,2.148611955854129,-0.5476908785141712,-1.7338134637557652
318.0194400841442,144.60876089176713,-1031.669891937234,731.1908391612766,516.0790130443705,1425.079136196232,157.14668286097285,227.60709156083792
0.0007921996407904,-8.98608625056611e-05,-4489.58418977673,19046.913676253746,20302.93844230069,11921.451454719609,-9271.90706003344,974.3591610888584
620.7171083460609,661.479939530568,-2090.754817091148,1547.58627893265,2453.980718715816,2440.4116120766253,-1245.381462419998,1130.0466640642842
-58.81143863885484,328.19490188647643,-1450.667462372099,-1890.7654523325043,-569.8115923234654,604.902460332724,-2002.0422764299883,15.26791703317866
36.90691584904067,24.817533137748235,32.281662131084275,33.026236209610595,26.77293281913204,25.149742673213467,23.1053372468273,22.865308736498505
81.96278717759475,67.18220875036256,19.54709342755817,9.296390143300933,70.40525260407469,89.8059701688221,62.29651656966556,53.515483426754784
487.1117412657946,333.77486591226415,538.9355450433852,732.6542900638112,799.7252890767331,647.953014797683,506.1217501504544,637.0325253044945
1.5431668319081058,1.7887042499704384,0.6046810122594019,-0.5774995800975864,1.7232559954816713,3.8240097093995176,2.8284285964483864,0.2043498198221478
223.45611088800632,578.4229696786138,182.9415315722582,-269.279749788298,176.13546569026076,-266.8020599120682,-473.559148365229,461.90970369926185
0.0002149611899347,0.0031190706140758,13130.545440807851,20101.907369345547,17169.389932808117,18728.72838789717,-1058.8303463128425,354.9657464866253
587.6183088841515,1003.3721621174152,1140.7102917990387,2638.8881368196144,-991.1714959060664,-1773.0258756747023,-2615.736977541302,895.6330637105492
-84.42932244791118,-310.76355653631737,51.89819577236753,-234.35405787887683,-842.1537507252449,-460.21047980182175,882.9911563657545,839.8327473321459
19.75196766408739,34.94119029463893,16.115250803557284,24.51352068889952,27.246870533119324,26.34533830518616,17.173376374940236,18.519206938650623
61.32651319339925,68.65258775155452,75.11985691368328,68.17153621908722,41.56162801833062,47.79241476845483,70.6344099835369,49.62372583545975
436.5984211802143,490.7463931504003,538.6719176841032,615.0182170941948,607.1939190603276,574.9105410868522,642.9732387423539,345.37679885902776
0.0325739623745895,-1.3750173677929782,4.089938118698744,-0.2140192142351149,1.2434634805605267,1.7943102744793562,-0.5605775136986451,2.881038937262228
308.389810197565,-41.41844391563268,-145.48138956098273,216.58328745541928,1614.8404952473911,1003.2345747468328,674.318673771665,15.56332991867555
0.000152878109387,0.0023468951256234,17073.25206907344,17005.53798029138,17598.286202635838,21168.43732339877,-135.3727733103562,-167.04512506924698
600.0428990196325,-746.8000093185128,1573.8852170114408,-87.66476351704625,-1253.9697665537767,687.6033192979233,567.2264821849813,1058.2893822641208
69.40733447803119,328.8730425753636,-4939.591923255174,5308.550070170968,2399.001077291386,-553.5603952646163,-557.1649423733614,-534.926511756793
11.1802410524878,32.2908234890383,37.47951798705104,35.60371146956484,27.88468759373412,32.644688686553295,26.12450233352652,31.291279716217243
49.57067157919339,117.23950757956212,70.65434008601137,54.63465946367958,60.333302498301904,14.710483910151195,74.90037984175596,66.3458790093226
515.9159503892052,396.23889645345656,477.410254066399,409.3020483846857,525.2639785574572,632.4849229295619,272.02858213345775,443.6763182612699
1.688586412743028,2.3966835788079925,-1.4699727393354127,2.079501026554016,0.3295388679344679,2.148611955854129,-0.5476908785141712,-1.7338134637557652
318.0194400841442,144.60876089176713,-1031.669891937234,731.1908391612766,516.0790130443705,1425.079136196232,157.14668286097285,227.60709156083792
0.0007921996407904,-8.98608625056611e-05,-4489.58418977673,19046.913676253746,20302.93844230069,11921.451454719609,-9271.90706003344,974.3591610888584
620.7171083460609,661.479939530568,-2090.754817091148,1547.58627893265,2453.980718715816,2440.4116120766253,-1245.381462419998,1130.0466640642842
-58.81143863885484,328.19490188647643,-1450.667462372099,-1890.7654523325043,-569.8115923234654,604.902460332724,-2002.0422764299883,15.26791703317866
36.90691584904067,24.817533137748235,32.281662131084275,33.026236209610595,26.77293281913204,25.149742673213467,23.1053372468273,22.865308736498505
81.96278717759475,67.18220875036256,19.54709342755817,9.296390143300933,70.40525260407469,89.8059701688221,62.29651656966556,53.515483426754784
487.1117412657946,333.77486591226415,538.9355450433852,732.6542900638112,799.7252890767331,647.953014797683,506.1217501504544,637.0325253044945
1.5431668319081058,1.7887042499704384,0.6046810122594019,-0.5774995800975864,1.7232559954816713,3.8240097093995176,2.8284285964483864,0.2043498198221478
223.45611088800632,578.4229696786138,182.9415315722582,-269.279749788298,176.13546569026076,-266.8020599120682,-473.559148365229,461.90970369926185
0.0002149611899347,0.0031190706140758,13130.545440807851,20101.907369345547,17169.389932808117,18728.72838789717,-1058.8303463128425,354.9657464866253
587.6183088841515,1003.3721621174152,1140.7102917990387,2638.8881368196144,-991.1714959060664,-1773.0258756747023,-2615.736977541302,895.6330637105492
-84.42932244791118,-310.76355653631737,51.89819577236753,-234.35405787887683,-842.1537507252449,-460.21047980182175,882.9911563657545,839.8327473321459
19.75196766408739,34.94119029463893,16.115250803557284,24.51352068889952,27.246870533119324,26.34533830518616,17.173376374940236,18.519206938650623
61.32651319339925,68.65258775155452,75.11985691368328,68.17153621908722,41.56162801833062,47.79241476845483,70.6344099835369,49.62372583545975
436.5984211802143,490.7463931504003,538.6719176841032,615.0182170941948,607.1939190603276,574.9105410868522,642.9732387423539,345.37679885902776
0.0325739623745895,-1.3750173677929782,4.089938118698744,-0.2140192142351149,1.2434634805605267,1.7943102744793562,-0.5605775136986451,2.881038937262228
308.389810197565,-41.41844391563268,-145.48138956098273,216.58328745541928,1614.8404952473911,1003.2345747468328,674.318673771665,15.56332991867555
0.000152878109387,0.0023468951256234,17073.25206907344,17005.53798029138,17598.286202635838,21168.43732339877,-135.3727733103562,-167.04512506924698
600.0428990196325,-746.8000093185128,1573.8852170114408,-87.66476351704625,-1253.9697665537767,687.6033192979233,567.2264821849813,1058.2893822641208
69.40733447803119,328.8730425753636,-4939.591923255174,5308.550070170968,2399.001077291386,-553.5603952646163,-557.1649423733614,-534.926511756793
11.1802410524878,32.2908234890383,37.47951798705104,35.60371146956484,27.88468759373412,32.644688686553295,26.12450233352652,31.291279716217243
49.57067157919339,117.23950757956212,70.65434008601137,54.63465946367958,60.333302498301904,14.710483910151195,74.90037984175596,66.3458790093226
515.9159503892052,396.23889645345656,477.410254066399,409.3020483846857,525.2639785574572,632.4849229295619,272.02858213345775,443.6763182612699
1.688586412743028,2.3966835788079925,-1.4699727393354127,2.079501026554016,0.3295388679344679,2.148611955854129,-0.5476908785141712,-1.7338134637557652
318.0194400841442,144.60876089176713,-1031.669891937234,731.1908391612766,516.0790130443705,1425.079136196232,157.14668286097285,227.60709156083792
0.0007921996407904,-8.98608625056611e-05,-4489.58418977673,19046.913676253746,20302.93844230069,11921.451454719609,-9271.90706003344,974.3591610888584
620.7171083460609,661.479939530568,-2090.754817091148,1547.58627893265,2453.980718715816,2440.4116120766253,-1245.381462419998,1130.0466640642842
-58.81143863885484,328.19490188647643,-1450.667462372099,-1890.7654523325043,-569.8115923234654,604.902460332724,-2002.0422764299883,15.26791703317866
36.90691584904067,24.817533137748235,32.281662131084275,33.026236209610595,26.77293281913204,25.149742673213467,23.1053372468273,22.865308736498505
81.96278717759475,67.18220875036256,19.54709342755817,9.296390143300933,70.40525260407469,89.8059701688221,62.29651656966556,53.515483426754784
487.1117412657946,333.77486591226415,538.9355450433852,732.6542900638112,799.7252890767331,647.953014797683,506.1217501504544,637.0325253044945
1.5431668319081058,1.7887042499704384,0.6046810122594019,-0.5774995800975864,1.7232559954816713,3.8240097093995176,2.8284285964483864,0.2043498198221478
223.45611088800632,578.4229696786138,182.9415315722582,-269.279749788298,176.13546569026076,-266.8020599120682,-473.559148365229,461.90970369926185
0.0002149611899347,0.0031190706140758,13130.545440807851,20101.907369345547,17169.389932808117,18728.72838789717,-1058.8303463128425,354.9657464866253
587.6183088841515,1003.3721621174152,1140.7102917990387,2638.8881368196144,-991.1714959060664,-1773.0258756747023,-2615.736977541302,895.6330637105492
-84.42932244791118,-310.76355653631737,51.89819577236753,-234.35405787887683,-842.1537507252449,-460.21047980182175,882.9911563657545,839.8327473321459
19.75196766408739,34.94119029463893,16.115250803557284,24.51352068889952,27.246870533119324,26.34533830518616,17.173376374940236,18.519206938650623
61.32651319339925,68.65258775155452,75.11985691368328,68.17153621908722,41.56162801833062,47.79241476845483,70.6344099835369,49.62372583545975
436.5984211802143,490.7463931504003,538.6719176841032,615.0182170941948,607.1939190603276,574.9105410868522,642.9732387423539,345.37679885902776
0.0325739623745895,-1.3750173677929782,4.089938118698744,-0.2140192142351149,1.2434634805605267,1.7943102744793562,-0.5605775136986451,2.881038937262228
308.389810197565,-41.41844391563268,-145.48138956098273,216.58328745541928,1614.8404952473911,1003.2345747468328,674.318673771665,15.56332991867555
0.000152878109387,0.0023468951256234,17073.25206907344,17005.53798029138,17598.286202635838,21168.43732339877,-135.3727733103562,-167.04512506924698
600.0428990196325,-746.8000093185128,1573.8852170114408,-87.66476351704625,-1253.9697665537767,687.6033192979233,567.2264821849813,1058.2893822641208
69.40733447803119,328.8730425753636,-4939.591923255174,5308.550070170968,2399.001077291386,-553.5603952646163,-557.1649423733614,-534.926511756793
11.1802410524878,32.2908234890383,37.47951798705104,35.60371146956484,27.88468759373412,32.644688686553295,26.12450233352652,31.291279716217243
49.57067157919339,117.23950757956212,70.65434008601137,54.63465946367958,60.333302498301904,14.710483910151195,74.90037984175596,66.3458790093226
515.9159503892052,396.23889645345656,477.410254066399,409.3020483846857,525.2639785574572,632.4849229295619,272.02858213345775,443.6763182612699
1.688586412743028,2.3966835788079925,-1.4699727393354127,2.079501026554016,0.3295388679344679,2.148611955854129,-0.5476908785141712,-1.7338134637557652
318.0194400841442,144.60876089176713,-1031.669891937234,731.1908391612766,516.0790130443705,1425.079136196232,157.14668286097285,227.60709156083792
0.0007921996407904,-8.98608625056611e-05,-4489.58418977673,19046.913676253746,20302.93844230069,11921.451454719609,-9271.90706003344,974.3591610888584
620.7171083460609,661.479939530568,-2090.754817091148,1547.58627893265,2453.980718715816,2440.4116120766253,-1245.381462419998,1130.0466640642842
-58.81143863885484,328.19490188647643,-1450.667462372099,-1890.7654523325043,-569.8115923234654,604.902460332724,-2002.0422764299883,15.26791703317866
36.90691584904067,24.817533137748235,32.281662131084275,33.026236209610595,26.77293281913204,25.149742673213467,23.1053372468273,22.865308736498505
81.96278717759475,67.18220875036256,19.54709342755817,9.296390143300933,70.40525260407469,89.8059701688221,62.29651656966556,53.515483426754784
487.1117412657946,333.77486591226415,538.9355450433852,732.6542900638112,799.7252890767331,647.953014797683,506.1217501504544,637.0325253044945
1.5431668319081058,1.7887042499704384,0.6046810122594019,-0.5774995800975864,1.7232559954816713,3.8240097093995176,2.8284285964483864,0.2043498198221478
223.45611088800632,578.4229696786138,182.9415315722582,-269.279749788298,176.13546569026076,-266.8020599120682,-473.559148365229,461.90970369926185
0.0002149611899347,0.0031190706140758,13130.545440807851,20101.907369345547,17169.389932808117,18728.72838789717,-1058.8303463128425,354.9657464866253
587.6183088841515,1003.3721621174152,1140.7102917990387,2638.8881368196144,-991.1714959060664,-1773.0258756747023,-2615.736977541302,895.6330637105492
-84.42932244791118,-310.76355653631737,51.89819577236753,-234.35405787887683,-842.1537507252449,-460.21047980182175,882.9911563657545,839.8327473321459
19.75196766408739,34.94119029463893,16.115250803557284,24.51352068889952,27.246870533119324,26.34533830518616,17.173376374940236,18.519206938650623
61.32651319339925,68.65258775155452,75.11985691368328,68.17153621908722,41.56162801833062,47.79241476845483,70.6344099835369,49.62372583545975
436.5984211802143,490.7463931504003,538.6719176841032,615.0182170941948,607.1939190603276,574.9105410868522,642.9732387423539,345.37679885902776
0.0325739623745895,-1.3750173677929782,4.089938118698744,-0.2140192142351149,1.2434634805605267,1.7943102744793562,-0.5605775136986451,2.881038937262228
308.389810197565,-41.41844391563268,-145.48138956098273,216.58328745541928,1614.8404952473911,1003.2345747468328,674.318673771665,15.56332991867555
0.000152878109387,0.0023468951256234,17073.25206907344,17005.53798029138,17598.286202635838,21168.43732339877,-135.3727733103562,-167.04512506924698
600.0428990196325,-746.8000093185128,1573.8852170114408,-87.66476351704625,-1253.9697665537767,687.6033192979233,567.2264821849813,1058.2893822641208
69.40733447803119,328.8730425753636,-4939.591923255174,5308.550070170968,2399.001077291386,-553.5603952646163,-557.1649423733614,-534.926511756793
11.1802410524878,32.2908234890383,37.47951798705104,35.60371146956484,27.88468759373412,32.644688686553295,26.12450233352652,31.291279716217243
49.57067157919339,117.23950757956212,70.65434008601137,54.63465946367958,60.333302498301904,14.710483910151195,74.90037984175596,66.3458790093226
515.9159503892052,396.23889645345656,477.410254066399,409.3020483846857,525.2639785574572,632.4849229295619,272.02858213345775,443.6763182612699
1.688586412743028,2.3966835788079925,-1.4699727393354127,2.079501026554016,0.3295388679344679,2.148611955854129,-0.5476908785141712,-1.7338134637557652
318.0194400841442,144.60876089176713,-1031.669891937234,731.1908391612766,516.0790130443705,1425.079136196232,157.14668286097285,227.60709156083792
0.0007921996407904,-8.98608625056611e-05,-4489.58418977673,19046.913676253746,20302.93844230069,11921.451454719609,-9271.90706003344,974.3591610888584
620.7171083460609,661.479939530568,-2090.754817091148,1547.58627893265,2453.980718715816,2440.4116120766253,-1245.381462419998,1130.0466640642842
-58.81143863885484,328.19490188647643,-1450.667462372099,-1890.7654523325043,-569.8115923234654,604.902460332724,-2002.0422764299883,15.26791703317866
36.90691584904067,24.817533137748235,32.281662131084275,33.026236209610595,26.77293281913204,25.149742673213467,23.1053372468273,22.865308736498505
81.96278717759475,67.18220875036256,19.54709342755817,9.296390143300933,70.40525260407469,89.8059701688221,62.29651656966556,53.515483426754784
487.1117412657946,333.77486591226415,538.9355450433852,732.6542900638112,799.7252890767331,647.953014797683,506.1217501504544,637.0325253044945
1.5431668319081058,1.7887042499704384,0.6046810122594019,-0.5774995800975864,1.7232559954816713,3.8240097093995176,2.8284285964483864,0.2043498198221478
223.45611088800632,578.4229696786138,182.9415315722582,-269.279749788298,176.13546569026076,-266.8020599120682,-473.559148365229,461.90970369926185
0.0002149611899347,0.0031190706140758,13130.545440807851,20101.907369345547,17169.389932808117,18728.72838789717,-1058.8303463128425,354.9657464866253
587.6183088841515,1003.3721621174152,1140.7102917990387,2638.8881368196144,-991.1714959060664,-1773.0258756747023,-2615.736977541302,895.6330637105492
-84.42932244791118,-310.76355653631737,51.89819577236753,-234.35405787887683,-842.1537507252449,-460.21047980182175,882.9911563657545,839.8327473321459
19.75196766408739,34.94119029463893,16.115250803557284,24.51352068889952,27.246870533119324,26.34533830518616,17.173376374940236,18.519206938650623
61.32651319339925,68.65258775155452,75.11985691368328,68.17153621908722,41.56162801833062,47.79241476845483,70.6344099835369,49.62372583545975
436.5984211802143,490.7463931504003,538.6719176841032,615.0182170941948,607.1939190603276,574.9105410868522,642.9732387423539,345.37679885902776
0.0325739623745895,-1.3750173677929782,4.089938118698744,-0.2140192142351149,1.2434634805605267,1.7943102744793562,-0.5605775136986451,2.881038937262228
308.389810197565,-41.41844391563268,-145.48138956098273,216.58328745541928,1614.8404952473911,1003.2345747468328,674.318673771665,15.56332991867555
0.000152878109387,0.0023468951256234,17073.25206907344,17005.53798029138,17598.286202635838,21168.43732339877,-135.3727733103562,-167.04512506924698
600.0428990196325,-746.8000093185128,1573.8852170114408,-87.66476351704625,-1253.9697665537767,687.6033192979233,567.2264821849813,1058.2893822641208
69.40733447803119,328.8730425753636,-4939.591923255174,5308.550070170968,2399.001077291386,-553.5603952646163,-557.1649423733614,-534.926511756793
11.1802410524878,32.2908234890383,37.47951798705104,35.60371146956484,27.88468759373412,32.644688686553295,26.12450233352652,31.291279716217243
49.57067157919339,117.23950757956212,70.65434008601137,54.63465946367958,60.333302498301904,14.710483910151195,74.90037984175596,66.3458790093226
515.9159503892052,396.23889645345656,477.410254066399,409.3020483846857,525.2639785574572,632.4849229295619,272.02858213345775,443.6763182612699
1.688586412743028,2.3966835788079925,-1.4699727393354127,2.079501026554016,0.3295388679344679,2.148611955854129,-0.5476908785141712,-1.7338134637557652
318.0194400841442,144.60876089176713,-1031.669891937234,731.1908391612766,516.0790130443705,1425.079136196232,157.14668286097285,227.60709156083792
0.0007921996407904,-8.98608625056611e-05,-4489.58418977673,19046.913676253746,20302.93844230069,11921.451454719609,-9271.90706003344,974.3591610888584
620.7171083460609,661.479939530568,-2090.754817091148,1547.58627893265,2453.980718715816,2440.4116120766253,-1245.381462419998,1130.0466640642842
-58.81143863885484,328.19490188647643,-1450.667462372099,-1890.7654523325043,-569.8115923234654,604.902460332724,-2002.0422764299883,15.26791703317866
36.90691584904067,24.817533137748235,32.281662131084275,33.026236209610595,26.77293281913204,25.149742673213467,23.1053372468273,22.865308736498505
81.96278717759475,67.18220875036256,19.54709342755817,9.296390143300933,70.40525260407469,89.8059701688221,62.29651656966556,53.515483426754784
487.1117412657946,333.77486591226415,538.9355450433852,732.6542900638112,799.7252890767331,647.953014797683,506.1217501504544,637.0325253044945
1.5431668319081058,1.7887042499704384,0.6046810122594019,-0.5774995800975864,1.7232559954816713,3.8240097093995176,2.8284285964483864,0.2043498198221478
223.45611088800632,578.4229696786138,182.9415315722582,-269.279749788298,176.13546569026076,-266.8020599120682,-473.559148365229,461.90970369926185
0.0002149611899347,0.0031190706140758,13130.545440807851,20101.907369345547,17169.389932808117,18728.72838789717,-1058.8303463128425,354.9657464866253
587.6183088841515,1003.3721621174152,1140.7102917990387,2638.8881368196144,-991.1714959060664,-1773.0258756747023,-2615.736977541302,895.6330637105492
-84.42932244791118,-310.76355653631737,51.89819577236753,-234.35405787887683,-842.1537507252449,-460.21047980182175,882.9911563657545,839.8327473321459
19.75196766408739,34.94119029463893,16.115250803557284,24.51352068889952,27.246870533119324,26.34533830518616,17.173376374940236,18.519206938650623
61.32651319339925,68.65258775155452,75.11985691368328,68.17153621908722,41.56162801833062,47.79241476845483,70.6344099835369,49.62372583545975
436.5984211802143,490.7463931504003,538.6719176841032,615.0182170941948,607.1939190603276,574.9105410868522,642.9732387423539,345.37679885902776
0.0325739623745895,-1.3750173677929782,4.089938118698744,-0.2140192142351149,1.2434634805605267,1.7943102744793562,-0.5605775136986451,2.881038937262228
308.389810197565,-41.41844391563268,-145.48138956098273,216.58328745541928,1614.8404952473911,1003.2345747468328,674.318673771665,15.56332991867555
0.000152878109387,0.0023468951256234,17073.25206907344,17005.53798029138,17598.286202635838,21168.43732339877,-135.3727733103562,-167.04512506924698
600.0428990196325,-746.8000093185128,1573.8852170114408,-87.66476351704625,-1253.9697665537767,687.6033192979233,567.2264821849813,1058.2893822641208
69.40733447803119,328.8730425753636,-4939.591923255174,5308.550070170968,2399.001077291386,-553.5603952646163,-557.1649423733614,-534.926511756793
11.1802410524878,32.2908234890383,37.47951798705104,35.60371146956484,27.88468759373412,32.644688686553295,26.12450233352652,31.291279716217243
49.57067157919339,117.23950757956212,70.65434008601137,54.63465946367958,60.333302498301904,14.710483910151195,74.90037984175596,66.3458790093226
515.9159503892052,396.23889645345656,477.410254066399,409.3020483846857,525.2639785574572,632.4849229295619,272.02858213345775,443.6763182612699
1.688586412743028,2.3966835788079925,-1.4699727393354127,2.079501026554016,0.3295388679344679,2.148611955854129,-0.5476908785141712,-1.7338134637557652
318.0194400841442,144.60876089176713,-1031.669891937234,731.1908391612766,516.0790130443705,1425.079136196232,157.14668286097285,227.60709156083792
0.0007921996407904,-8.98608625056611e-05,-4489.58418977673,19046.913676253746,20302.93844230069,11921.451454719609,-9271.90706003344,974.3591610888584
620.7171083460609,661.479939530568,-2090.754817091148,1547.58627893265,2453.980718715816,2440.4116120766253,-1245.381462419998,1130.0466640642842
-58.81143863885484,328.19490188647643,-1450.667462372099,-1890.7654523325043,-569.8115923234654,604.902460332724,-2002.0422764299883,15.26791703317866
36.90691584904067,24.817533137748235,32.281662131084275,33.026236209610595,26.77293281913204,25.149742673213467,23.1053372468273,22.865308736498505
81.96278717759475,67.18220875036256,19.54709342755817,9.296390143300933,70.40525260407469,89.8059701688221,62.29651656966556,53.515483426754784
487.1117412657946,333.77486591226415,538.9355450433852,732.6542900638112,799.7252890767331,647.953014797683,506.1217501504544,637.0325253044945
1.5431668319081058,1.7887042499704384,0.6046810122594019,-0.5774995800975864,1.7232559954816713,3.8240097093995176,2.8284285964483864,0.2043498198221478
223.45611088800632,578.4229696786138,182.9415315722582,-269.279749788298,176.13546569026076,-266.8020599120682,-473.559148365229,461.90970369926185
0.0002149611899347,0.0031190706140758,13130.545440807851,20101.907369345547,17169.389932808117,18728.72838789717,-1058.8303463128425,354.9657464866253
587.6183088841515,1003.3721621174152,1140.7102917990387,2638.8881368196144,-991.1714959060664,-1773.0258756747023,-2615.736977541302,895.6330637105492
-84.42932244791118,-310.76355653631737,51.89819577236753,-234.35405787887683,-842.1537507252449,-460.21047980182175,882.9911563657545,839.8327473321459
19.75196766408739,34.94119029463893,16.115250803557284,24.51352068889952,27.246870533119324,26.34533830518616,17.173376374940236,18.519206938650623
61.32651319339925,68.65258775155452,75.11985691368328,68.17153621908722,41.56162801833062,47.79241476845483,70.6344099835369,49.62372583545975
436.5984211802143,490.7463931504003,538.6719176841032,615.0182170941948,607.1939190603276,574.9105410868522,642.9732387423539,345.37679885902776
0.0325739623745895,-1.3750173677929782,4.089938118698744,-0.2140192142351149,1.2434634805605267,1.7943102744793562,-0.5605775136986451,2.881038937262228
308.389810197565,-41.41844391563268,-145.48138956098273,216.58328745541928,1614.8404952473911,1003.2345747468328,674.318673771665,15.56332991867555
0.000152878109387,0.0023468951256234,17073.25206907344,17005.53798029138,17598.286202635838,21168.43732339877,-135.3727733103562,-167.04512506924698
600.0428990196325,-746.8000093185128,1573.8852170114408,-87.66476351704625,-1253.9697665537767,687.6033192979233,567.2264821849813,1058.2893822641208
69.40733447803119,328.8730425753636,-4939.591923255174,5308.550070170968,2399.001077291386,-553.5603952646163,-557.1649423733614,-534.926511756793
11.1802410524878,32.2908234890383,37.47951798705104,35.60371146956484,27.88468759373412,32.644688686553295,26.12450233352652,31.291279716217243
49.57067157919339,117.23950757956212,70.65434008601137,54.63465946367958,60.333302498301904,14.710483910151195,74.90037984175596,66.3458790093226
515.9159503892052,396.23889645345656,477.410254066399,409.3020483846857,525.2639785574572,632.4849229295619,272.02858213345775,443.6763182612699
1.688586412743028,2.3966835788079925,-1.4699727393354127,2.079501026554016,0.3295388679344679,2.148611955854129,-0.5476908785141712,-1.7338134637557652
318.0194400841442,144.60876089176713,-1031.669891937234,731.1908391612766,516.0790130443705,1425.079136196232,157.14668286097285,227.60709156083792
0.0007921996407904,-8.98608625056611e-05,-4489.58418977673,19046.913676253746,20302.93844230069,11921.451454719609,-9271.90706003344,974.3591610888584
620.7171083460609,661.479939530568,-2090.754817091148,1547.58627893265,2453.980718715816,2440.4116120766253,-1245.381462419998,1130.0466640642842
-58.81143863885484,328.19490188647643,-1450.667462372099,-1890.7654523325043,-569.8115923234654,604.902460332724,-2002.0422764299883,15.26791703317866
36.90691584904067,24.817533137748235,32.281662131084275,33.026236209610595,26.77293281913204,25.149742673213467,23.1053372468273,22.865308736498505
81.96278717759475,67.18220875036256,19.54709342755817,9.296390143300933,70.40525260407469,89.8059701688221,62.29651656966556,53.515483426754784
487.1117412657946,333.77486591226415,538.9355450433852,732.6542900638112,799.7252890767331,647.953014797683,506.1217501504544,637.0325253044945
1.5431668319081058,1.7887042499704384,0.6046810122594019,-0.5774995800975864,1.7232559954816713,3.8240097093995176,2.8284285964483864,0.2043498198221478
223.45611088800632,578.4229696786138,182.9415315722582,-269.279749788298,176.13546569026076,-266.8020599120682,-473.559148365229,461.90970369926185
0.0002149611899347,0.0031190706140758,13130.545440807851,20101.907369345547,17169.389932808117,18728.72838789717,-1058.8303463128425,354.9657464866253
587.6183088841515,1003.3721621174152,1140.7102917990387,2638.8881368196144,-991.1714959060664,-1773.0258756747023,-2615.736977541302,895.6330637105492
-84.42932244791118,-310.76355653631737,51.89819577236753,-234.35405787887683,-842.1537507252449,-460.21047980182175,882.9911563657545,839.8327473321459
19.75196766408739,34.94119029463893,16.115250803557284,24.51352068889952,27.246870533119324,26.34533830518616,17.173376374940236,18.519206938650623
61.32651319339925,68.65258775155452,75.11985691368328,68.17153621908722,41.56162801833062,47.79241476845483,70.6344099835369,49.62372583545975
436.5984211802143,490.7463931504003,538.6719176841032,615.0182170941948,607.1939190603276,574.9105410868522,642.9732387423539,345.37679885902776
0.0325739623745895,-1.3750173677929782,4.089938118698744,-0.2140192142351149,1.2434634805605267,1.7943102744793562,-0.5605775136986451,2.881038937262228
308.389810197565,-41.41844391563268,-145.48138956098273,216.58328745541928,1614.8404952473911,1003.2345747468328,674.318673771665,15.56332991867555
0.000152878109387,0.0023468951256234,17073.25206907344,17005.53798029138,17598.286202635838,21168.43732339877,-135.3727733103562,-167.04512506924698
600.0428990196325,-746.8000093185128,1573.8852170114408,-87.66476351704625,-1253.9697665537767,687.6033192979233,567.2264821849813,1058.2893822641208
69.40733447803119,328.8730425753636,-4939.591923255174,5308.550070170968,2399.001077291386,-553.5603952646163,-557.1649423733614,-534.926511756793
