내부온도관측치,내부습도관측치,co2관측치,ec관측치,시간당분무량,시간당백색광량,시간당적색광량,시간당청색광량
16.42288717031184,11.458606612413458,31.07316910876904,30.61250734210593,27.63514510081048,25.62186702947306,27.965508130856072,28.74560388396945
47.88714554662019,59.77006590573437,75.08027852973484,41.94644963086214,29.573091031595897,45.55574304703895,88.98218432902522,43.65383715707922
586.5191065055465,603.1754086764419,288.8427981371772,536.7691443025755,499.0912070129573,425.98339767074617,217.8139413104913,321.45326596909337
3.095624529916001,0.2814893087663817,3.178029514887084,-0.2717515222386468,2.6853344087950908,-0.4618080012774381,1.1141747689157508,2.293651241575601
196.4774612689476,1895.4431311620783,-62.60855549994472,129.87285255382187,75.59881622798986,372.03979847196246,2037.8184235056503,-105.54830328446424
0.0010455190836137,-0.000216230020931,-815.4237784175812,8999.256758713982,14079.678771747156,10166.166875829267,7554.7283488384355,741.3040776165761
406.7222076607133,843.124190007083,-334.17792257503663,13258.474039444984,1483.1163117545832,16455.69386824067,1420.2083685428488,1854.2155885107493
-159.2804611175621,-203.22462081002143,-384.9949527350972,-1085.0435153056867,2393.3970213026514,5157.466776590605,-4186.23686888485,-235.6142217310189
29.880398449066988,17.051937689008597,37.89191095214778,27.92903697731436,23.77400511168864,15.116165911579406,19.70948909538977,27.95166612897334
68.9324816773175,65.93263949155813,36.34812782916857,15.949680916680409,31.264644596555414,98.96422736949378,82.11769056951161,58.53188557420548
549.5509003212114,499.7701556179909,658.7605248919675,536.9517557442126,509.8062069439365,254.7800102771872,356.9542526774331,377.29468881010007
1.141610668168994,1.2839748376022375,0.4382827765053252,-1.073197079313988,1.3779030349914922,3.1380185086571366,-1.2210167641762009,-0.0267840534337155
260.3453568156242,1651.762554313032,138.57708531680646,16.45870648353946,304.2739949575925,187.74636195247507,-234.0249178737577,356.9445100684425
0.0013451075687537,-0.0011695976563203,20282.84050929385,14087.961910686809,15364.667831707182,15315.758404675957,423.2187727691594,481.3421660777049
521.3995595489212,-736.5143651479194,-2108.084310662236,4401.93301960499,-188.76938186558692,-2024.72884233583,5692.543545129579,-438.42025584542745
91.45468147217942,353.93104428951114,758.7299234930215,3578.2288917873057,-596.8405360067309,423.79591288566047,338.634171805798,835.7065201642746
13.378193796585665,24.202927548693268,14.104251435184684,24.42284230625144,28.75108989193496,23.68744947574205,27.07865314388911,22.11640014382163
43.75763890017608,94.21115962323958,56.91221822383385,41.911416032190125,56.51699626158666,25.63941547661,59.98504025579632,53.9904518594183
516.4354400549904,444.4595506150267,460.6077336453568,492.6866740082053,321.76799631286656,588.2426173419577,760.4287303774533,371.5711798532882
1.1698631896282443,0.9289958196409852,3.670873341965245,-0.1109497515599473,0.6143247195477911,1.951881459978175,2.393502083451605,2.376569658347974
807.7286041579687,169.08657895179084,1476.6569088200797,1102.8306139421625,-567.3951664069616,226.0756540881987,988.520970990112,-387.277025521364
0.0011132683949689,0.0027774809340958,15051.081327438522,42455.52101891322,20562.463906949542,-13201.531497454149,14614.47652559086,-69.76104987859809
-50.558021769862194,1301.301446229624,2707.890595929244,-510.7710569663845,8467.888534383303,3715.3584471728536,-160.92587623690167,808.5252368707
-272.9609975119158,-487.9583603300124,-5355.713229442133,5240.209287881889,803.5999291082885,-7488.719954106544,-1206.2373797162595,-4061.7031945346826
16.42288717031184,11.458606612413458,31.07316910876904,30.61250734210593,27.63514510081048,25.62186702947306,27.965508130856072,28.74560388396945
47.88714554662019,59.77006590573437,75.08027852973484,41.94644963086214,29.573091031595897,45.55574304703895,88.98218432902522,43.65383715707922
586.5191065055465,603.1754086764419,288.8427981371772,536.7691443025755,499.0912070129573,425.98339767074617,217.8139413104913,321.45326596909337
3.095624529916001,0.2814893087663817,3.178029514887084,-0.2717515222386468,2.6853344087950908,-0.4618080012774381,1.1141747689157508,2.293651241575601
196.4774612689476,1895.4431311620783,-62.60855549994472,129.87285255382187,75.59881622798986,372.03979847196246,2037.8184235056503,-105.54830328446424
0.0010455190836137,-0.000216230020931,-815.4237784175812,8999.256758713982,14079.678771747156,10166.166875829267,7554.7283488384355,741.3040776165761
406.7222076607133,843.124190007083,-334.17792257503663,13258.474039444984,1483.1163117545832,16455.69386824067,1420.2083685428488,1854.2155885107493
-159.2804611175621,-203.22462081002143,-384.9949527350972,-1085.0435153056867,2393.3970213026514,5157.466776590605,-4186.23686888485,-235.6142217310189
29.880398449066988,17.051937689008597,37.89191095214778,27.92903697731436,23.77400511168864,15.116165911579406,19.70948909538977,27.95166612897334
68.9324816773175,65.93263949155813,36.34812782916857,15.949680916680409,31.264644596555414,98.96422736949378,82.11769056951161,58.53188557420548
549.5509003212114,499.7701556179909,658.7605248919675,536.9517557442126,509.8062069439365,254.7800102771872,356.9542526774331,377.29468881010007
1.141610668168994,1.2839748376022375,0.4382827765053252,-1.073197079313988,1.3779030349914922,3.1380185086571366,-1.2210167641762009,-0.0267840534337155
260.3453568156242,1651.762554313032,138.57708531680646,16.45870648353946,304.2739949575925,187.74636195247507,-234.0249178737577,356.9445100684425
0.0013451075687537,-0.0011695976563203,20282.84050929385,14087.961910686809,15364.667831707182,15315.758404675957,423.2187727691594,481.3421660777049
521.3995595489212,-736.5143651479194,-2108.084310662236,4401.93301960499,-188.76938186558692,-2024.72884233583,5692.543545129579,-438.42025584542745
91.45468147217942,353.93104428951114,758.7299234930215,3578.2288917873057,-596.8405360067309,423.79591288566047,338.634171805798,835.7065201642746
13.378193796585665,24.202927548693268,14.104251435184684,24.42284230625144,28.75108989193496,23.68744947574205,27.07865314388911,22.11640014382163
43.75763890017608,94.21115962323958,56.91221822383385,41.911416032190125,56.51699626158666,25.63941547661,59.98504025579632,53.9904518594183
516.4354400549904,444.4595506150267,460.6077336453568,492.6866740082053,321.76799631286656,588.2426173419577,760.4287303774533,371.5711798532882
1.1698631896282443,0.9289958196409852,3.670873341965245,-0.1109497515599473,0.6143247195477911,1.951881459978175,2.393502083451605,2.376569658347974
807.7286041579687,169.08657895179084,1476.6569088200797,1102.8306139421625,-567.3951664069616,226.0756540881987,988.520970990112,-387.277025521364
0.0011132683949689,0.0027774809340958,15051.081327438522,42455.52101891322,20562.463906949542,-13201.531497454149,14614.47652559086,-69.76104987859809
-50.558021769862194,1301.301446229624,2707.890595929244,-510.7710569663845,8467.888534383303,3715.3584471728536,-160.92587623690167,808.5252368707
-272.9609975119158,-487.9583603300124,-5355.713229442133,5240.209287881889,803.5999291082885,-7488.719954106544,-1206.2373797162595,-4061.7031945346826
16.42288717031184,11.458606612413458,31.07316910876904,30.61250734210593,27.63514510081048,25.62186702947306,27.965508130856072,28.74560388396945
47.88714554662019,59.77006590573437,75.08027852973484,41.94644963086214,29.573091031595897,45.55574304703895,88.98218432902522,43.65383715707922
586.5191065055465,603.1754086764419,288.8427981371772,536.7691443025755,499.0912070129573,425.98339767074617,217.8139413104913,321.45326596909337
3.095624529916001,0.2814893087663817,3.178029514887084,-0.2717515222386468,2.6853344087950908,-0.4618080012774381,1.1141747689157508,2.293651241575601
196.4774612689476,1895.4431311620783,-62.60855549994472,129.87285255382187,75.59881622798986,372.03979847196246,2037.8184235056503,-105.54830328446424
0.0010455190836137,-0.000216230020931,-815.4237784175812,8999.256758713982,14079.678771747156,10166.166875829267,7554.7283488384355,741.3040776165761
406.7222076607133,843.124190007083,-334.17792257503663,13258.474039444984,1483.1163117545832,16455.69386824067,1420.2083685428488,1854.2155885107493
-159.2804611175621,-203.22462081002143,-384.9949527350972,-1085.0435153056867,2393.3970213026514,5157.466776590605,-4186.23686888485,-235.6142217310189
29.880398449066988,17.051937689008597,37.89191095214778,27.92903697731436,23.77400511168864,15.116165911579406,19.70948909538977,27.95166612897334
68.9324816773175,65.93263949155813,36.34812782916857,15.949680916680409,31.264644596555414,98.96422736949378,82.11769056951161,58.53188557420548
549.5509003212114,499.7701556179909,658.7605248919675,536.9517557442126,509.8062069439365,254.7800102771872,356.9542526774331,377.29468881010007
1.141610668168994,1.2839748376022375,0.4382827765053252,-1.073197079313988,1.3779030349914922,3.1380185086571366,-1.2210167641762009,-0.0267840534337155
260.3453568156242,1651.762554313032,138.57708531680646,16.45870648353946,304.2739949575925,187.74636195247507,-234.0249178737577,356.9445100684425
0.0013451075687537,-0.0011695976563203,20282.84050929385,14087.961910686809,15364.667831707182,15315.758404675957,423.2187727691594,481.3421660777049
521.3995595489212,-736.5143651479194,-2108.084310662236,4401.93301960499,-188.76938186558692,-2024.72884233583,5692.543545129579,-438.42025584542745
91.45468147217942,353.93104428951114,758.7299234930215,3578.2288917873057,-596.8405360067309,423.79591288566047,338.634171805798,835.7065201642746
13.378193796585665,24.202927548693268,14.104251435184684,24.42284230625144,28.75108989193496,23.68744947574205,27.07865314388911,22.11640014382163
43.75763890017608,94.21115962323958,56.91221822383385,41.911416032190125,56.51699626158666,25.63941547661,59.98504025579632,53.9904518594183
516.4354400549904,444.4595506150267,460.6077336453568,492.6866740082053,321.76799631286656,588.2426173419577,760.4287303774533,371.5711798532882
1.1698631896282443,0.9289958196409852,3.670873341965245,-0.1109497515599473,0.6143247195477911,1.951881459978175,2.393502083451605,2.376569658347974
807.7286041579687,169.08657895179084,1476.6569088200797,1102.8306139421625,-567.3951664069616,226.0756540881987,988.520970990112,-387.277025521364
0.0011132683949689,0.0027774809340958,15051.081327438522,42455.52101891322,20562.463906949542,-13201.531497454149,14614.47652559086,-69.76104987859809
-50.558021769862194,1301.301446229624,2707.890595929244,-510.7710569663845,8467.888534383303,3715.3584471728536,-160.92587623690167,808.5252368707
-272.9609975119158,-487.9583603300124,-5355.713229442133,5240.209287881889,803.5999291082885,-7488.719954106544,-1206.2373797162595,-4061.7031945346826
16.42288717031184,11.458606612413458,31.07316910876904,30.61250734210593,27.63514510081048,25.62186702947306,27.965508130856072,28.74560388396945
47.88714554662019,59.77006590573437,75.08027852973484,41.94644963086214,29.573091031595897,45.55574304703895,88.98218432902522,43.65383715707922
586.5191065055465,603.1754086764419,288.8427981371772,536.7691443025755,499.0912070129573,425.98339767074617,217.8139413104913,321.45326596909337
3.095624529916001,0.2814893087663817,3.178029514887084,-0.2717515222386468,2.6853344087950908,-0.4618080012774381,1.1141747689157508,2.293651241575601
196.4774612689476,1895.4431311620783,-62.60855549994472,129.87285255382187,75.59881622798986,372.03979847196246,2037.8184235056503,-105.54830328446424
0.0010455190836137,-0.000216230020931,-815.4237784175812,8999.256758713982,14079.678771747156,10166.166875829267,7554.7283488384355,741.3040776165761
406.7222076607133,843.124190007083,-334.17792257503663,13258.474039444984,1483.1163117545832,16455.69386824067,1420.2083685428488,1854.2155885107493
-159.2804611175621,-203.22462081002143,-384.9949527350972,-1085.0435153056867,2393.3970213026514,5157.466776590605,-4186.23686888485,-235.6142217310189
29.880398449066988,17.051937689008597,37.89191095214778,27.92903697731436,23.77400511168864,15.116165911579406,19.70948909538977,27.95166612897334
68.9324816773175,65.93263949155813,36.34812782916857,15.949680916680409,31.264644596555414,98.96422736949378,82.11769056951161,58.53188557420548
549.5509003212114,499.7701556179909,658.7605248919675,536.9517557442126,509.8062069439365,254.7800102771872,356.9542526774331,377.29468881010007
1.141610668168994,1.2839748376022375,0.4382827765053252,-1.073197079313988,1.3779030349914922,3.1380185086571366,-1.2210167641762009,-0.0267840534337155
260.3453568156242,1651.762554313032,138.57708531680646,16.45870648353946,304.2739949575925,187.74636195247507,-234.0249178737577,356.9445100684425
0.0013451075687537,-0.0011695976563203,20282.84050929385,14087.961910686809,15364.667831707182,15315.758404675957,423.2187727691594,481.3421660777049
521.3995595489212,-736.5143651479194,-2108.084310662236,4401.93301960499,-188.76938186558692,-2024.72884233583,5692.543545129579,-438.42025584542745
91.45468147217942,353.93104428951114,758.7299234930215,3578.2288917873057,-596.8405360067309,423.79591288566047,338.634171805798,835.7065201642746
13.378193796585665,24.202927548693268,14.104251435184684,24.42284230625144,28.75108989193496,23.68744947574205,27.07865314388911,22.11640014382163
43.75763890017608,94.21115962323958,56.91221822383385,41.911416032190125,56.51699626158666,25.63941547661,59.98504025579632,53.9904518594183
516.4354400549904,444.4595506150267,460.6077336453568,492.6866740082053,321.76799631286656,588.2426173419577,760.4287303774533,371.5711798532882
1.1698631896282443,0.9289958196409852,3.670873341965245,-0.1109497515599473,0.6143247195477911,1.951881459978175,2.393502083451605,2.376569658347974
807.7286041579687,169.08657895179084,1476.6569088200797,1102.8306139421625,-567.3951664069616,226.0756540881987,988.520970990112,-387.277025521364
0.0011132683949689,0.0027774809340958,15051.081327438522,42455.52101891322,20562.463906949542,-13201.531497454149,14614.47652559086,-69.76104987859809
-50.558021769862194,1301.301446229624,2707.890595929244,-510.7710569663845,8467.888534383303,3715.3584471728536,-160.92587623690167,808.5252368707
-272.9609975119158,-487.9583603300124,-5355.713229442133,5240.209287881889,803.5999291082885,-7488.719954106544,-1206.2373797162595,-4061.7031945346826
16.42288717031184,11.458606612413458,31.07316910876904,30.61250734210593,27.63514510081048,25.62186702947306,27.965508130856072,28.74560388396945
47.88714554662019,59.77006590573437,75.08027852973484,41.94644963086214,29.573091031595897,45.55574304703895,88.98218432902522,43.65383715707922
586.5191065055465,603.1754086764419,288.8427981371772,536.7691443025755,499.0912070129573,425.98339767074617,217.8139413104913,321.45326596909337
3.095624529916001,0.2814893087663817,3.178029514887084,-0.2717515222386468,2.6853344087950908,-0.4618080012774381,1.1141747689157508,2.293651241575601
196.4774612689476,1895.4431311620783,-62.60855549994472,129.87285255382187,75.59881622798986,372.03979847196246,2037.8184235056503,-105.54830328446424
0.0010455190836137,-0.000216230020931,-815.4237784175812,8999.256758713982,14079.678771747156,10166.166875829267,7554.7283488384355,741.3040776165761
406.7222076607133,843.124190007083,-334.17792257503663,13258.474039444984,1483.1163117545832,16455.69386824067,1420.2083685428488,1854.2155885107493
-159.2804611175621,-203.22462081002143,-384.9949527350972,-1085.0435153056867,2393.3970213026514,5157.466776590605,-4186.23686888485,-235.6142217310189
29.880398449066988,17.051937689008597,37.89191095214778,27.92903697731436,23.77400511168864,15.116165911579406,19.70948909538977,27.95166612897334
68.9324816773175,65.93263949155813,36.34812782916857,15.949680916680409,31.264644596555414,98.96422736949378,82.11769056951161,58.53188557420548
549.5509003212114,499.7701556179909,658.7605248919675,536.9517557442126,509.8062069439365,254.7800102771872,356.9542526774331,377.29468881010007
1.141610668168994,1.2839748376022375,0.4382827765053252,-1.073197079313988,1.3779030349914922,3.1380185086571366,-1.2210167641762009,-0.0267840534337155
260.3453568156242,1651.762554313032,138.57708531680646,16.45870648353946,304.2739949575925,187.74636195247507,-234.0249178737577,356.9445100684425
0.0013451075687537,-0.0011695976563203,20282.84050929385,14087.961910686809,15364.667831707182,15315.758404675957,423.2187727691594,481.3421660777049
521.3995595489212,-736.5143651479194,-2108.084310662236,4401.93301960499,-188.76938186558692,-2024.72884233583,5692.543545129579,-438.42025584542745
91.45468147217942,353.93104428951114,758.7299234930215,3578.2288917873057,-596.8405360067309,423.79591288566047,338.634171805798,835.7065201642746
13.378193796585665,24.202927548693268,14.104251435184684,24.42284230625144,28.75108989193496,23.68744947574205,27.07865314388911,22.11640014382163
43.75763890017608,94.21115962323958,56.91221822383385,41.911416032190125,56.51699626158666,25.63941547661,59.98504025579632,53.9904518594183
516.4354400549904,444.4595506150267,460.6077336453568,492.6866740082053,321.76799631286656,588.2426173419577,760.4287303774533,371.5711798532882
1.1698631896282443,0.9289958196409852,3.670873341965245,-0.1109497515599473,0.6143247195477911,1.951881459978175,2.393502083451605,2.376569658347974
807.7286041579687,169.08657895179084,1476.6569088200797,1102.8306139421625,-567.3951664069616,226.0756540881987,988.520970990112,-387.277025521364
0.0011132683949689,0.0027774809340958,15051.081327438522,42455.52101891322,20562.463906949542,-13201.531497454149,14614.47652559086,-69.76104987859809
-50.558021769862194,1301.301446229624,2707.890595929244,-510.7710569663845,8467.888534383303,3715.3584471728536,-160.92587623690167,808.5252368707
-272.9609975119158,-487.9583603300124,-5355.713229442133,5240.209287881889,803.5999291082885,-7488.719954106544,-1206.2373797162595,-4061.7031945346826
16.42288717031184,11.458606612413458,31.07316910876904,30.61250734210593,27.63514510081048,25.62186702947306,27.965508130856072,28.74560388396945
47.88714554662019,59.77006590573437,75.08027852973484,41.94644963086214,29.573091031595897,45.55574304703895,88.98218432902522,43.65383715707922
586.5191065055465,603.1754086764419,288.8427981371772,536.7691443025755,499.0912070129573,425.98339767074617,217.8139413104913,321.45326596909337
3.095624529916001,0.2814893087663817,3.178029514887084,-0.2717515222386468,2.6853344087950908,-0.4618080012774381,1.1141747689157508,2.293651241575601
196.4774612689476,1895.4431311620783,-62.60855549994472,129.87285255382187,75.59881622798986,372.03979847196246,2037.8184235056503,-105.54830328446424
0.0010455190836137,-0.000216230020931,-815.4237784175812,8999.256758713982,14079.678771747156,10166.166875829267,7554.7283488384355,741.3040776165761
406.7222076607133,843.124190007083,-334.17792257503663,13258.474039444984,1483.1163117545832,16455.69386824067,1420.2083685428488,1854.2155885107493
-159.2804611175621,-203.22462081002143,-384.9949527350972,-1085.0435153056867,2393.3970213026514,5157.466776590605,-4186.23686888485,-235.6142217310189
29.880398449066988,17.051937689008597,37.89191095214778,27.92903697731436,23.77400511168864,15.116165911579406,19.70948909538977,27.95166612897334
68.9324816773175,65.93263949155813,36.34812782916857,15.949680916680409,31.264644596555414,98.96422736949378,82.11769056951161,58.53188557420548
549.5509003212114,499.7701556179909,658.7605248919675,536.9517557442126,509.8062069439365,254.7800102771872,356.9542526774331,377.29468881010007
1.141610668168994,1.2839748376022375,0.4382827765053252,-1.073197079313988,1.3779030349914922,3.1380185086571366,-1.2210167641762009,-0.0267840534337155
260.3453568156242,1651.762554313032,138.57708531680646,16.45870648353946,304.2739949575925,187.74636195247507,-234.0249178737577,356.9445100684425
0.0013451075687537,-0.0011695976563203,20282.84050929385,14087.961910686809,15364.667831707182,15315.758404675957,423.2187727691594,481.3421660777049
521.3995595489212,-736.5143651479194,-2108.084310662236,4401.93301960499,-188.76938186558692,-2024.72884233583,5692.543545129579,-438.42025584542745
91.45468147217942,353.93104428951114,758.7299234930215,3578.2288917873057,-596.8405360067309,423.79591288566047,338.634171805798,835.7065201642746
13.378193796585665,24.202927548693268,14.104251435184684,24.42284230625144,28.75108989193496,23.68744947574205,27.07865314388911,22.11640014382163
43.75763890017608,94.21115962323958,56.91221822383385,41.911416032190125,56.51699626158666,25.63941547661,59.98504025579632,53.9904518594183
516.4354400549904,444.4595506150267,460.6077336453568,492.6866740082053,321.76799631286656,588.2426173419577,760.4287303774533,371.5711798532882
1.1698631896282443,0.9289958196409852,3.670873341965245,-0.1109497515599473,0.6143247195477911,1.951881459978175,2.393502083451605,2.376569658347974
807.7286041579687,169.08657895179084,1476.6569088200797,1102.8306139421625,-567.3951664069616,226.0756540881987,988.520970990112,-387.277025521364
0.0011132683949689,0.0027774809340958,15051.081327438522,42455.52101891322,20562.463906949542,-13201.531497454149,14614.47652559086,-69.76104987859809
-50.558021769862194,1301.301446229624,2707.890595929244,-510.7710569663845,8467.888534383303,3715.3584471728536,-160.92587623690167,808.5252368707
-272.9609975119158,-487.9583603300124,-5355.713229442133,5240.209287881889,803.5999291082885,-7488.719954106544,-1206.2373797162595,-4061.7031945346826
16.42288717031184,11.458606612413458,31.07316910876904,30.61250734210593,27.63514510081048,25.62186702947306,27.965508130856072,28.74560388396945
47.88714554662019,59.77006590573437,75.08027852973484,41.94644963086214,29.573091031595897,45.55574304703895,88.98218432902522,43.65383715707922
586.5191065055465,603.1754086764419,288.8427981371772,536.7691443025755,499.0912070129573,425.98339767074617,217.8139413104913,321.45326596909337
3.095624529916001,0.2814893087663817,3.178029514887084,-0.2717515222386468,2.6853344087950908,-0.4618080012774381,1.1141747689157508,2.293651241575601
196.4774612689476,1895.4431311620783,-62.60855549994472,129.87285255382187,75.59881622798986,372.03979847196246,2037.8184235056503,-105.54830328446424
0.0010455190836137,-0.000216230020931,-815.4237784175812,8999.256758713982,14079.678771747156,10166.166875829267,7554.7283488384355,741.3040776165761
406.7222076607133,843.124190007083,-334.17792257503663,13258.474039444984,1483.1163117545832,16455.69386824067,1420.2083685428488,1854.2155885107493
-159.2804611175621,-203.22462081002143,-384.9949527350972,-1085.0435153056867,2393.3970213026514,5157.466776590605,-4186.23686888485,-235.6142217310189
29.880398449066988,17.051937689008597,37.89191095214778,27.92903697731436,23.77400511168864,15.116165911579406,19.70948909538977,27.95166612897334
68.9324816773175,65.93263949155813,36.34812782916857,15.949680916680409,31.264644596555414,98.96422736949378,82.11769056951161,58.53188557420548
549.5509003212114,499.7701556179909,658.7605248919675,536.9517557442126,509.8062069439365,254.7800102771872,356.9542526774331,377.29468881010007
1.141610668168994,1.2839748376022375,0.4382827765053252,-1.073197079313988,1.3779030349914922,3.1380185086571366,-1.2210167641762009,-0.0267840534337155
260.3453568156242,1651.762554313032,138.57708531680646,16.45870648353946,304.2739949575925,187.74636195247507,-234.0249178737577,356.9445100684425
0.0013451075687537,-0.0011695976563203,20282.84050929385,14087.961910686809,15364.667831707182,15315.758404675957,423.2187727691594,481.3421660777049
521.3995595489212,-736.5143651479194,-2108.084310662236,4401.93301960499,-188.76938186558692,-2024.72884233583,5692.543545129579,-438.42025584542745
91.45468147217942,353.93104428951114,758.7299234930215,3578.2288917873057,-596.8405360067309,423.79591288566047,338.634171805798,835.7065201642746
13.378193796585665,24.202927548693268,14.104251435184684,24.42284230625144,28.75108989193496,23.68744947574205,27.07865314388911,22.11640014382163
43.75763890017608,94.21115962323958,56.91221822383385,41.911416032190125,56.51699626158666,25.63941547661,59.98504025579632,53.9904518594183
516.4354400549904,444.4595506150267,460.6077336453568,492.6866740082053,321.76799631286656,588.2426173419577,760.4287303774533,371.5711798532882
1.1698631896282443,0.9289958196409852,3.670873341965245,-0.1109497515599473,0.6143247195477911,1.951881459978175,2.393502083451605,2.376569658347974
807.7286041579687,169.08657895179084,1476.6569088200797,1102.8306139421625,-567.3951664069616,226.0756540881987,988.520970990112,-387.277025521364
0.0011132683949689,0.0027774809340958,15051.081327438522,42455.52101891322,20562.463906949542,-13201.531497454149,14614.47652559086,-69.76104987859809
-50.558021769862194,1301.301446229624,2707.890595929244,-510.7710569663845,8467.888534383303,3715.3584471728536,-160.92587623690167,808.5252368707
-272.9609975119158,-487.9583603300124,-5355.713229442133,5240.209287881889,803.5999291082885,-7488.719954106544,-1206.2373797162595,-4061.7031945346826
16.42288717031184,11.458606612413458,31.07316910876904,30.61250734210593,27.63514510081048,25.62186702947306,27.965508130856072,28.74560388396945
47.88714554662019,59.77006590573437,75.08027852973484,41.94644963086214,29.573091031595897,45.55574304703895,88.98218432902522,43.65383715707922
586.5191065055465,603.1754086764419,288.8427981371772,536.7691443025755,499.0912070129573,425.98339767074617,217.8139413104913,321.45326596909337
3.095624529916001,0.2814893087663817,3.178029514887084,-0.2717515222386468,2.6853344087950908,-0.4618080012774381,1.1141747689157508,2.293651241575601
196.4774612689476,1895.4431311620783,-62.60855549994472,129.87285255382187,75.59881622798986,372.03979847196246,2037.8184235056503,-105.54830328446424
0.0010455190836137,-0.000216230020931,-815.4237784175812,8999.256758713982,14079.678771747156,10166.166875829267,7554.7283488384355,741.3040776165761
406.7222076607133,843.124190007083,-334.17792257503663,13258.474039444984,1483.1163117545832,16455.69386824067,1420.2083685428488,1854.2155885107493
-159.2804611175621,-203.22462081002143,-384.9949527350972,-1085.0435153056867,2393.3970213026514,5157.466776590605,-4186.23686888485,-235.6142217310189
29.880398449066988,17.051937689008597,37.89191095214778,27.92903697731436,23.77400511168864,15.116165911579406,19.70948909538977,27.95166612897334
68.9324816773175,65.93263949155813,36.34812782916857,15.949680916680409,31.264644596555414,98.96422736949378,82.11769056951161,58.53188557420548
549.5509003212114,499.7701556179909,658.7605248919675,536.9517557442126,509.8062069439365,254.7800102771872,356.9542526774331,377.29468881010007
1.141610668168994,1.2839748376022375,0.4382827765053252,-1.073197079313988,1.3779030349914922,3.1380185086571366,-1.2210167641762009,-0.0267840534337155
260.3453568156242,1651.762554313032,138.57708531680646,16.45870648353946,304.2739949575925,187.74636195247507,-234.0249178737577,356.9445100684425
0.0013451075687537,-0.0011695976563203,20282.84050929385,14087.961910686809,15364.667831707182,15315.758404675957,423.2187727691594,481.3421660777049
521.3995595489212,-736.5143651479194,-2108.084310662236,4401.93301960499,-188.76938186558692,-2024.72884233583,5692.543545129579,-438.42025584542745
91.45468147217942,353.93104428951114,758.7299234930215,3578.2288917873057,-596.8405360067309,423.79591288566047,338.634171805798,835.7065201642746
13.378193796585665,24.202927548693268,14.104251435184684,24.42284230625144,28.75108989193496,23.68744947574205,27.07865314388911,22.11640014382163
43.75763890017608,94.21115962323958,56.91221822383385,41.911416032190125,56.51699626158666,25.63941547661,59.98504025579632,53.9904518594183
516.4354400549904,444.4595506150267,460.6077336453568,492.6866740082053,321.76799631286656,588.2426173419577,760.4287303774533,371.5711798532882
1.1698631896282443,0.9289958196409852,3.670873341965245,-0.1109497515599473,0.6143247195477911,1.951881459978175,2.393502083451605,2.376569658347974
807.7286041579687,169.08657895179084,1476.6569088200797,1102.8306139421625,-567.3951664069616,226.0756540881987,988.520970990112,-387.277025521364
0.0011132683949689,0.0027774809340958,15051.081327438522,42455.52101891322,20562.463906949542,-13201.531497454149,14614.47652559086,-69.76104987859809
-50.558021769862194,1301.301446229624,2707.890595929244,-510.7710569663845,8467.888534383303,3715.3584471728536,-160.92587623690167,808.5252368707
-272.9609975119158,-487.9583603300124,-5355.713229442133,5240.209287881889,803.5999291082885,-7488.719954106544,-1206.2373797162595,-4061.7031945346826
16.42288717031184,11.458606612413458,31.07316910876904,30.61250734210593,27.63514510081048,25.62186702947306,27.965508130856072,28.74560388396945
47.88714554662019,59.77006590573437,75.08027852973484,41.94644963086214,29.573091031595897,45.55574304703895,88.98218432902522,43.65383715707922
586.5191065055465,603.1754086764419,288.8427981371772,536.7691443025755,499.0912070129573,425.98339767074617,217.8139413104913,321.45326596909337
3.095624529916001,0.2814893087663817,3.178029514887084,-0.2717515222386468,2.6853344087950908,-0.4618080012774381,1.1141747689157508,2.293651241575601
196.4774612689476,1895.4431311620783,-62.60855549994472,129.87285255382187,75.59881622798986,372.03979847196246,2037.8184235056503,-105.54830328446424
0.0010455190836137,-0.000216230020931,-815.4237784175812,8999.256758713982,14079.678771747156,10166.166875829267,7554.7283488384355,741.3040776165761
406.7222076607133,843.124190007083,-334.17792257503663,13258.474039444984,1483.1163117545832,16455.69386824067,1420.2083685428488,1854.2155885107493
-159.2804611175621,-203.22462081002143,-384.9949527350972,-1085.0435153056867,2393.3970213026514,5157.466776590605,-4186.23686888485,-235.6142217310189
29.880398449066988,17.051937689008597,37.89191095214778,27.92903697731436,23.77400511168864,15.116165911579406,19.70948909538977,27.95166612897334
68.9324816773175,65.93263949155813,36.34812782916857,15.949680916680409,31.264644596555414,98.96422736949378,82.11769056951161,58.53188557420548
549.5509003212114,499.7701556179909,658.7605248919675,536.9517557442126,509.8062069439365,254.7800102771872,356.9542526774331,377.29468881010007
1.141610668168994,1.2839748376022375,0.4382827765053252,-1.073197079313988,1.3779030349914922,3.1380185086571366,-1.2210167641762009,-0.0267840534337155
260.3453568156242,1651.762554313032,138.57708531680646,16.45870648353946,304.2739949575925,187.74636195247507,-234.0249178737577,356.9445100684425
0.0013451075687537,-0.0011695976563203,20282.84050929385,14087.961910686809,15364.667831707182,15315.758404675957,423.2187727691594,481.3421660777049
521.3995595489212,-736.5143651479194,-2108.084310662236,4401.93301960499,-188.76938186558692,-2024.72884233583,5692.543545129579,-438.42025584542745
91.45468147217942,353.93104428951114,758.7299234930215,3578.2288917873057,-596.8405360067309,423.79591288566047,338.634171805798,835.7065201642746
13.378193796585665,24.202927548693268,14.104251435184684,24.42284230625144,28.75108989193496,23.68744947574205,27.07865314388911,22.11640014382163
43.75763890017608,94.21115962323958,56.91221822383385,41.911416032190125,56.51699626158666,25.63941547661,59.98504025579632,53.9904518594183
516.4354400549904,444.4595506150267,460.6077336453568,492.6866740082053,321.76799631286656,588.2426173419577,760.4287303774533,371.5711798532882
1.1698631896282443,0.9289958196409852,3.670873341965245,-0.1109497515599473,0.6143247195477911,1.951881459978175,2.393502083451605,2.376569658347974
807.7286041579687,169.08657895179084,1476.6569088200797,1102.8306139421625,-567.3951664069616,226.0756540881987,988.520970990112,-387.277025521364
0.0011132683949689,0.0027774809340958,15051.081327438522,42455.52101891322,20562.463906949542,-13201.531497454149,14614.47652559086,-69.76104987859809
-50.558021769862194,1301.301446229624,2707.890595929244,-510.7710569663845,8467.888534383303,3715.3584471728536,-160.92587623690167,808.5252368707
-272.9609975119158,-487.9583603300124,-5355.713229442133,5240.209287881889,803.5999291082885,-7488.719954106544,-1206.2373797162595,-4061.7031945346826
16.42288717031184,11.458606612413458,31.07316910876904,30.61250734210593,27.63514510081048,25.62186702947306,27.965508130856072,28.74560388396945
47.88714554662019,59.77006590573437,75.08027852973484,41.94644963086214,29.573091031595897,45.55574304703895,88.98218432902522,43.65383715707922
586.5191065055465,603.1754086764419,288.8427981371772,536.7691443025755,499.0912070129573,425.98339767074617,217.8139413104913,321.45326596909337
3.095624529916001,0.2814893087663817,3.178029514887084,-0.2717515222386468,2.6853344087950908,-0.4618080012774381,1.1141747689157508,2.293651241575601
196.4774612689476,1895.4431311620783,-62.60855549994472,129.87285255382187,75.59881622798986,372.03979847196246,2037.8184235056503,-105.54830328446424
0.0010455190836137,-0.000216230020931,-815.4237784175812,8999.256758713982,14079.678771747156,10166.166875829267,7554.7283488384355,741.3040776165761
406.7222076607133,843.124190007083,-334.17792257503663,13258.474039444984,1483.1163117545832,16455.69386824067,1420.2083685428488,1854.2155885107493
-159.2804611175621,-203.22462081002143,-384.9949527350972,-1085.0435153056867,2393.3970213026514,5157.466776590605,-4186.23686888485,-235.6142217310189
29.880398449066988,17.051937689008597,37.89191095214778,27.92903697731436,23.77400511168864,15.116165911579406,19.70948909538977,27.95166612897334
68.9324816773175,65.93263949155813,36.34812782916857,15.949680916680409,31.264644596555414,98.96422736949378,82.11769056951161,58.53188557420548
549.5509003212114,499.7701556179909,658.7605248919675,536.9517557442126,509.8062069439365,254.7800102771872,356.9542526774331,377.29468881010007
1.141610668168994,1.2839748376022375,0.4382827765053252,-1.073197079313988,1.3779030349914922,3.1380185086571366,-1.2210167641762009,-0.0267840534337155
260.3453568156242,1651.762554313032,138.57708531680646,16.45870648353946,304.2739949575925,187.74636195247507,-234.0249178737577,356.9445100684425
0.0013451075687537,-0.0011695976563203,20282.84050929385,14087.961910686809,15364.667831707182,15315.758404675957,423.2187727691594,481.3421660777049
521.3995595489212,-736.5143651479194,-2108.084310662236,4401.93301960499,-188.76938186558692,-2024.72884233583,5692.543545129579,-438.42025584542745
91.45468147217942,353.93104428951114,758.7299234930215,3578.2288917873057,-596.8405360067309,423.79591288566047,338.634171805798,835.7065201642746
13.378193796585665,24.202927548693268,14.104251435184684,24.42284230625144,28.75108989193496,23.68744947574205,27.07865314388911,22.11640014382163
43.75763890017608,94.21115962323958,56.91221822383385,41.911416032190125,56.51699626158666,25.63941547661,59.98504025579632,53.9904518594183
516.4354400549904,444.4595506150267,460.6077336453568,492.6866740082053,321.76799631286656,588.2426173419577,760.4287303774533,371.5711798532882
1.1698631896282443,0.9289958196409852,3.670873341965245,-0.1109497515599473,0.6143247195477911,1.951881459978175,2.393502083451605,2.376569658347974
807.7286041579687,169.08657895179084,1476.6569088200797,1102.8306139421625,-567.3951664069616,226.0756540881987,988.520970990112,-387.277025521364
0.0011132683949689,0.0027774809340958,15051.081327438522,42455.52101891322,20562.463906949542,-13201.531497454149,14614.47652559086,-69.76104987859809
-50.558021769862194,1301.301446229624,2707.890595929244,-510.7710569663845,8467.888534383303,3715.3584471728536,-160.92587623690167,808.5252368707
-272.9609975119158,-487.9583603300124,-5355.713229442133,5240.209287881889,803.5999291082885,-7488.719954106544,-1206.2373797162595,-4061.7031945346826
16.42288717031184,11.458606612413458,31.07316910876904,30.61250734210593,27.63514510081048,25.62186702947306,27.965508130856072,28.74560388396945
47.88714554662019,59.77006590573437,75.08027852973484,41.94644963086214,29.573091031595897,45.55574304703895,88.98218432902522,43.65383715707922
586.5191065055465,603.1754086764419,288.8427981371772,536.7691443025755,499.0912070129573,425.98339767074617,217.8139413104913,321.45326596909337
3.095624529916001,0.2814893087663817,3.178029514887084,-0.2717515222386468,2.6853344087950908,-0.4618080012774381,1.1141747689157508,2.293651241575601
196.4774612689476,1895.4431311620783,-62.60855549994472,129.87285255382187,75.59881622798986,372.03979847196246,2037.8184235056503,-105.54830328446424
0.0010455190836137,-0.000216230020931,-815.4237784175812,8999.256758713982,14079.678771747156,10166.166875829267,7554.7283488384355,741.3040776165761
406.7222076607133,843.124190007083,-334.17792257503663,13258.474039444984,1483.1163117545832,16455.69386824067,1420.2083685428488,1854.2155885107493
-159.2804611175621,-203.22462081002143,-384.9949527350972,-1085.0435153056867,2393.3970213026514,5157.466776590605,-4186.23686888485,-235.6142217310189
29.880398449066988,17.051937689008597,37.89191095214778,27.92903697731436,23.77400511168864,15.116165911579406,19.70948909538977,27.95166612897334
68.9324816773175,65.93263949155813,36.34812782916857,15.949680916680409,31.264644596555414,98.96422736949378,82.11769056951161,58.53188557420548
549.5509003212114,499.7701556179909,658.7605248919675,536.9517557442126,509.8062069439365,254.7800102771872,356.9542526774331,377.29468881010007
1.141610668168994,1.2839748376022375,0.4382827765053252,-1.073197079313988,1.3779030349914922,3.1380185086571366,-1.2210167641762009,-0.0267840534337155
260.3453568156242,1651.762554313032,138.57708531680646,16.45870648353946,304.2739949575925,187.74636195247507,-234.0249178737577,356.9445100684425
0.0013451075687537,-0.0011695976563203,20282.84050929385,14087.961910686809,15364.667831707182,15315.758404675957,423.2187727691594,481.3421660777049
521.3995595489212,-736.5143651479194,-2108.084310662236,4401.93301960499,-188.76938186558692,-2024.72884233583,5692.543545129579,-438.42025584542745
91.45468147217942,353.93104428951114,758.7299234930215,3578.2288917873057,-596.8405360067309,423.79591288566047,338.634171805798,835.7065201642746
13.378193796585665,24.202927548693268,14.104251435184684,24.42284230625144,28.75108989193496,23.68744947574205,27.07865314388911,22.11640014382163
43.75763890017608,94.21115962323958,56.91221822383385,41.911416032190125,56.51699626158666,25.63941547661,59.98504025579632,53.9904518594183
516.4354400549904,444.4595506150267,460.6077336453568,492.6866740082053,321.76799631286656,588.2426173419577,760.4287303774533,371.5711798532882
1.1698631896282443,0.9289958196409852,3.670873341965245,-0.1109497515599473,0.6143247195477911,1.951881459978175,2.393502083451605,2.376569658347974
807.7286041579687,169.08657895179084,1476.6569088200797,1102.8306139421625,-567.3951664069616,226.0756540881987,988.520970990112,-387.277025521364
0.0011132683949689,0.0027774809340958,15051.081327438522,42455.52101891322,20562.463906949542,-13201.531497454149,14614.47652559086,-69.76104987859809
-50.558021769862194,1301.301446229624,2707.890595929244,-510.7710569663845,8467.888534383303,3715.3584471728536,-160.92587623690167,808.5252368707
-272.9609975119158,-487.9583603300124,-5355.713229442133,5240.209287881889,803.5999291082885,-7488.719954106544,-1206.2373797162595,-4061.7031945346826
16.42288717031184,11.458606612413458,31.07316910876904,30.61250734210593,27.63514510081048,25.62186702947306,27.965508130856072,28.74560388396945
47.88714554662019,59.77006590573437,75.08027852973484,41.94644963086214,29.573091031595897,45.55574304703895,88.98218432902522,43.65383715707922
586.5191065055465,603.1754086764419,288.8427981371772,536.7691443025755,499.0912070129573,425.98339767074617,217.8139413104913,321.45326596909337
3.095624529916001,0.2814893087663817,3.178029514887084,-0.2717515222386468,2.6853344087950908,-0.4618080012774381,1.1141747689157508,2.293651241575601
196.4774612689476,1895.4431311620783,-62.60855549994472,129.87285255382187,75.59881622798986,372.03979847196246,2037.8184235056503,-105.54830328446424
0.0010455190836137,-0.000216230020931,-815.4237784175812,8999.256758713982,14079.678771747156,10166.166875829267,7554.7283488384355,741.3040776165761
406.7222076607133,843.124190007083,-334.17792257503663,13258.474039444984,1483.1163117545832,16455.69386824067,1420.2083685428488,1854.2155885107493
-159.2804611175621,-203.22462081002143,-384.9949527350972,-1085.0435153056867,2393.3970213026514,5157.466776590605,-4186.23686888485,-235.6142217310189
29.880398449066988,17.051937689008597,37.89191095214778,27.92903697731436,23.77400511168864,15.116165911579406,19.70948909538977,27.95166612897334
68.9324816773175,65.93263949155813,36.34812782916857,15.949680916680409,31.264644596555414,98.96422736949378,82.11769056951161,58.53188557420548
549.5509003212114,499.7701556179909,658.7605248919675,536.9517557442126,509.8062069439365,254.7800102771872,356.9542526774331,377.29468881010007
1.141610668168994,1.2839748376022375,0.4382827765053252,-1.073197079313988,1.3779030349914922,3.1380185086571366,-1.2210167641762009,-0.0267840534337155
260.3453568156242,1651.762554313032,138.57708531680646,16.45870648353946,304.2739949575925,187.74636195247507,-234.0249178737577,356.9445100684425
0.0013451075687537,-0.0011695976563203,20282.84050929385,14087.961910686809,15364.667831707182,15315.758404675957,423.2187727691594,481.3421660777049
521.3995595489212,-736.5143651479194,-2108.084310662236,4401.93301960499,-188.76938186558692,-2024.72884233583,5692.543545129579,-438.42025584542745
91.45468147217942,353.93104428951114,758.7299234930215,3578.2288917873057,-596.8405360067309,423.79591288566047,338.634171805798,835.7065201642746
13.378193796585665,24.202927548693268,14.104251435184684,24.42284230625144,28.75108989193496,23.68744947574205,27.07865314388911,22.11640014382163
43.75763890017608,94.21115962323958,56.91221822383385,41.911416032190125,56.51699626158666,25.63941547661,59.98504025579632,53.9904518594183
516.4354400549904,444.4595506150267,460.6077336453568,492.6866740082053,321.76799631286656,588.2426173419577,760.4287303774533,371.5711798532882
1.1698631896282443,0.9289958196409852,3.670873341965245,-0.1109497515599473,0.6143247195477911,1.951881459978175,2.393502083451605,2.376569658347974
807.7286041579687,169.08657895179084,1476.6569088200797,1102.8306139421625,-567.3951664069616,226.0756540881987,988.520970990112,-387.277025521364
0.0011132683949689,0.0027774809340958,15051.081327438522,42455.52101891322,20562.463906949542,-13201.531497454149,14614.47652559086,-69.76104987859809
-50.558021769862194,1301.301446229624,2707.890595929244,-510.7710569663845,8467.888534383303,3715.3584471728536,-160.92587623690167,808.5252368707
-272.9609975119158,-487.9583603300124,-5355.713229442133,5240.209287881889,803.5999291082885,-7488.719954106544,-1206.2373797162595,-4061.7031945346826
16.42288717031184,11.458606612413458,31.07316910876904,30.61250734210593,27.63514510081048,25.62186702947306,27.965508130856072,28.74560388396945
47.88714554662019,59.77006590573437,75.08027852973484,41.94644963086214,29.573091031595897,45.55574304703895,88.98218432902522,43.65383715707922
586.5191065055465,603.1754086764419,288.8427981371772,536.7691443025755,499.0912070129573,425.98339767074617,217.8139413104913,321.45326596909337
3.095624529916001,0.2814893087663817,3.178029514887084,-0.2717515222386468,2.6853344087950908,-0.4618080012774381,1.1141747689157508,2.293651241575601
196.4774612689476,1895.4431311620783,-62.60855549994472,129.87285255382187,75.59881622798986,372.03979847196246,2037.8184235056503,-105.54830328446424
0.0010455190836137,-0.000216230020931,-815.4237784175812,8999.256758713982,14079.678771747156,10166.166875829267,7554.7283488384355,741.3040776165761
406.7222076607133,843.124190007083,-334.17792257503663,13258.474039444984,1483.1163117545832,16455.69386824067,1420.2083685428488,1854.2155885107493
-159.2804611175621,-203.22462081002143,-384.9949527350972,-1085.0435153056867,2393.3970213026514,5157.466776590605,-4186.23686888485,-235.6142217310189
29.880398449066988,17.051937689008597,37.89191095214778,27.92903697731436,23.77400511168864,15.116165911579406,19.70948909538977,27.95166612897334
68.9324816773175,65.93263949155813,36.34812782916857,15.949680916680409,31.264644596555414,98.96422736949378,82.11769056951161,58.53188557420548
549.5509003212114,499.7701556179909,658.7605248919675,536.9517557442126,509.8062069439365,254.7800102771872,356.9542526774331,377.29468881010007
1.141610668168994,1.2839748376022375,0.4382827765053252,-1.073197079313988,1.3779030349914922,3.1380185086571366,-1.2210167641762009,-0.0267840534337155
260.3453568156242,1651.762554313032,138.57708531680646,16.45870648353946,304.2739949575925,187.74636195247507,-234.0249178737577,356.9445100684425
0.0013451075687537,-0.0011695976563203,20282.84050929385,14087.961910686809,15364.667831707182,15315.758404675957,423.2187727691594,481.3421660777049
521.3995595489212,-736.5143651479194,-2108.084310662236,4401.93301960499,-188.76938186558692,-2024.72884233583,5692.543545129579,-438.42025584542745
91.45468147217942,353.93104428951114,758.7299234930215,3578.2288917873057,-596.8405360067309,423.79591288566047,338.634171805798,835.7065201642746
13.378193796585665,24.202927548693268,14.104251435184684,24.42284230625144,28.75108989193496,23.68744947574205,27.07865314388911,22.11640014382163
43.75763890017608,94.21115962323958,56.91221822383385,41.911416032190125,56.51699626158666,25.63941547661,59.98504025579632,53.9904518594183
516.4354400549904,444.4595506150267,460.6077336453568,492.6866740082053,321.76799631286656,588.2426173419577,760.4287303774533,371.5711798532882
1.1698631896282443,0.9289958196409852,3.670873341965245,-0.1109497515599473,0.6143247195477911,1.951881459978175,2.393502083451605,2.376569658347974
807.7286041579687,169.08657895179084,1476.6569088200797,1102.8306139421625,-567.3951664069616,226.0756540881987,988.520970990112,-387.277025521364
0.0011132683949689,0.0027774809340958,15051.081327438522,42455.52101891322,20562.463906949542,-13201.531497454149,14614.47652559086,-69.76104987859809
-50.558021769862194,1301.301446229624,2707.890595929244,-510.7710569663845,8467.888534383303,3715.3584471728536,-160.92587623690167,808.5252368707
-272.9609975119158,-487.9583603300124,-5355.713229442133,5240.209287881889,803.5999291082885,-7488.719954106544,-1206.2373797162595,-4061.7031945346826
16.42288717031184,11.458606612413458,31.07316910876904,30.61250734210593,27.63514510081048,25.62186702947306,27.965508130856072,28.74560388396945
47.88714554662019,59.77006590573437,75.08027852973484,41.94644963086214,29.573091031595897,45.55574304703895,88.98218432902522,43.65383715707922
586.5191065055465,603.1754086764419,288.8427981371772,536.7691443025755,499.0912070129573,425.98339767074617,217.8139413104913,321.45326596909337
3.095624529916001,0.2814893087663817,3.178029514887084,-0.2717515222386468,2.6853344087950908,-0.4618080012774381,1.1141747689157508,2.293651241575601
196.4774612689476,1895.4431311620783,-62.60855549994472,129.87285255382187,75.59881622798986,372.03979847196246,2037.8184235056503,-105.54830328446424
0.0010455190836137,-0.000216230020931,-815.4237784175812,8999.256758713982,14079.678771747156,10166.166875829267,7554.7283488384355,741.3040776165761
406.7222076607133,843.124190007083,-334.17792257503663,13258.474039444984,1483.1163117545832,16455.69386824067,1420.2083685428488,1854.2155885107493
-159.2804611175621,-203.22462081002143,-384.9949527350972,-1085.0435153056867,2393.3970213026514,5157.466776590605,-4186.23686888485,-235.6142217310189
29.880398449066988,17.051937689008597,37.89191095214778,27.92903697731436,23.77400511168864,15.116165911579406,19.70948909538977,27.95166612897334
68.9324816773175,65.93263949155813,36.34812782916857,15.949680916680409,31.264644596555414,98.96422736949378,82.11769056951161,58.53188557420548
549.5509003212114,499.7701556179909,658.7605248919675,536.9517557442126,509.8062069439365,254.7800102771872,356.9542526774331,377.29468881010007
1.141610668168994,1.2839748376022375,0.4382827765053252,-1.073197079313988,1.3779030349914922,3.1380185086571366,-1.2210167641762009,-0.0267840534337155
260.3453568156242,1651.762554313032,138.57708531680646,16.45870648353946,304.2739949575925,187.74636195247507,-234.0249178737577,356.9445100684425
0.0013451075687537,-0.0011695976563203,20282.84050929385,14087.961910686809,15364.667831707182,15315.758404675957,423.2187727691594,481.3421660777049
521.3995595489212,-736.5143651479194,-2108.084310662236,4401.93301960499,-188.76938186558692,-2024.72884233583,5692.543545129579,-438.42025584542745
91.45468147217942,353.93104428951114,758.7299234930215,3578.2288917873057,-596.8405360067309,423.79591288566047,338.634171805798,835.7065201642746
13.378193796585665,24.202927548693268,14.104251435184684,24.42284230625144,28.75108989193496,23.68744947574205,27.07865314388911,22.11640014382163
43.75763890017608,94.21115962323958,56.91221822383385,41.911416032190125,56.51699626158666,25.63941547661,59.98504025579632,53.9904518594183
516.4354400549904,444.4595506150267,460.6077336453568,492.6866740082053,321.76799631286656,588.2426173419577,760.4287303774533,371.5711798532882
1.1698631896282443,0.9289958196409852,3.670873341965245,-0.1109497515599473,0.6143247195477911,1.951881459978175,2.393502083451605,2.376569658347974
807.7286041579687,169.08657895179084,1476.6569088200797,1102.8306139421625,-567.3951664069616,226.0756540881987,988.520970990112,-387.277025521364
0.0011132683949689,0.0027774809340958,15051.081327438522,42455.52101891322,20562.463906949542,-13201.531497454149,14614.47652559086,-69.76104987859809
-50.558021769862194,1301.301446229624,2707.890595929244,-510.7710569663845,8467.888534383303,3715.3584471728536,-160.92587623690167,808.5252368707
-272.9609975119158,-487.9583603300124,-5355.713229442133,5240.209287881889,803.5999291082885,-7488.719954106544,-1206.2373797162595,-4061.7031945346826
16.42288717031184,11.458606612413458,31.07316910876904,30.61250734210593,27.63514510081048,25.62186702947306,27.965508130856072,28.74560388396945
47.88714554662019,59.77006590573437,75.08027852973484,41.94644963086214,29.573091031595897,45.55574304703895,88.98218432902522,43.65383715707922
586.5191065055465,603.1754086764419,288.8427981371772,536.7691443025755,499.0912070129573,425.98339767074617,217.8139413104913,321.45326596909337
3.095624529916001,0.2814893087663817,3.178029514887084,-0.2717515222386468,2.6853344087950908,-0.4618080012774381,1.1141747689157508,2.293651241575601
196.4774612689476,1895.4431311620783,-62.60855549994472,129.87285255382187,75.59881622798986,372.03979847196246,2037.8184235056503,-105.54830328446424
0.0010455190836137,-0.000216230020931,-815.4237784175812,8999.256758713982,14079.678771747156,10166.166875829267,7554.7283488384355,741.3040776165761
406.7222076607133,843.124190007083,-334.17792257503663,13258.474039444984,1483.1163117545832,16455.69386824067,1420.2083685428488,1854.2155885107493
-159.2804611175621,-203.22462081002143,-384.9949527350972,-1085.0435153056867,2393.3970213026514,5157.466776590605,-4186.23686888485,-235.6142217310189
29.880398449066988,17.051937689008597,37.89191095214778,27.92903697731436,23.77400511168864,15.116165911579406,19.70948909538977,27.95166612897334
68.9324816773175,65.93263949155813,36.34812782916857,15.949680916680409,31.264644596555414,98.96422736949378,82.11769056951161,58.53188557420548
549.5509003212114,499.7701556179909,658.7605248919675,536.9517557442126,509.8062069439365,254.7800102771872,356.9542526774331,377.29468881010007
1.141610668168994,1.2839748376022375,0.4382827765053252,-1.073197079313988,1.3779030349914922,3.1380185086571366,-1.2210167641762009,-0.0267840534337155
260.3453568156242,1651.762554313032,138.57708531680646,16.45870648353946,304.2739949575925,187.74636195247507,-234.0249178737577,356.9445100684425
0.0013451075687537,-0.0011695976563203,20282.84050929385,14087.961910686809,15364.667831707182,15315.758404675957,423.2187727691594,481.3421660777049
521.3995595489212,-736.5143651479194,-2108.084310662236,4401.93301960499,-188.76938186558692,-2024.72884233583,5692.543545129579,-438.42025584542745
91.45468147217942,353.93104428951114,758.7299234930215,3578.2288917873057,-596.8405360067309,423.79591288566047,338.634171805798,835.7065201642746
13.378193796585665,24.202927548693268,14.104251435184684,24.42284230625144,28.75108989193496,23.68744947574205,27.07865314388911,22.11640014382163
43.75763890017608,94.21115962323958,56.91221822383385,41.911416032190125,56.51699626158666,25.63941547661,59.98504025579632,53.9904518594183
516.4354400549904,444.4595506150267,460.6077336453568,492.6866740082053,321.76799631286656,588.2426173419577,760.4287303774533,371.5711798532882
1.1698631896282443,0.9289958196409852,3.670873341965245,-0.1109497515599473,0.6143247195477911,1.951881459978175,2.393502083451605,2.376569658347974
807.7286041579687,169.08657895179084,1476.6569088200797,1102.8306139421625,-567.3951664069616,226.0756540881987,988.520970990112,-387.277025521364
0.0011132683949689,0.0027774809340958,15051.081327438522,42455.52101891322,20562.463906949542,-13201.531497454149,14614.47652559086,-69.76104987859809
-50.558021769862194,1301.301446229624,2707.890595929244,-510.7710569663845,8467.888534383303,3715.3584471728536,-160.92587623690167,808.5252368707
-272.9609975119158,-487.9583603300124,-5355.713229442133,5240.209287881889,803.5999291082885,-7488.719954106544,-1206.2373797162595,-4061.7031945346826
16.42288717031184,11.458606612413458,31.07316910876904,30.61250734210593,27.63514510081048,25.62186702947306,27.965508130856072,28.74560388396945
47.88714554662019,59.77006590573437,75.08027852973484,41.94644963086214,29.573091031595897,45.55574304703895,88.98218432902522,43.65383715707922
586.5191065055465,603.1754086764419,288.8427981371772,536.7691443025755,499.0912070129573,425.98339767074617,217.8139413104913,321.45326596909337
3.095624529916001,0.2814893087663817,3.178029514887084,-0.2717515222386468,2.6853344087950908,-0.4618080012774381,1.1141747689157508,2.293651241575601
196.4774612689476,1895.4431311620783,-62.60855549994472,129.87285255382187,75.59881622798986,372.03979847196246,2037.8184235056503,-105.54830328446424
0.0010455190836137,-0.000216230020931,-815.4237784175812,8999.256758713982,14079.678771747156,10166.166875829267,7554.7283488384355,741.3040776165761
406.7222076607133,843.124190007083,-334.17792257503663,13258.474039444984,1483.1163117545832,16455.69386824067,1420.2083685428488,1854.2155885107493
-159.2804611175621,-203.22462081002143,-384.9949527350972,-1085.0435153056867,2393.3970213026514,5157.466776590605,-4186.23686888485,-235.6142217310189
29.880398449066988,17.051937689008597,37.89191095214778,27.92903697731436,23.77400511168864,15.116165911579406,19.70948909538977,27.95166612897334
68.9324816773175,65.93263949155813,36.34812782916857,15.949680916680409,31.264644596555414,98.96422736949378,82.11769056951161,58.53188557420548
549.5509003212114,499.7701556179909,658.7605248919675,536.9517557442126,509.8062069439365,254.7800102771872,356.9542526774331,377.29468881010007
1.141610668168994,1.2839748376022375,0.4382827765053252,-1.073197079313988,1.3779030349914922,3.1380185086571366,-1.2210167641762009,-0.0267840534337155
260.3453568156242,1651.762554313032,138.57708531680646,16.45870648353946,304.2739949575925,187.74636195247507,-234.0249178737577,356.9445100684425
0.0013451075687537,-0.0011695976563203,20282.84050929385,14087.961910686809,15364.667831707182,15315.758404675957,423.2187727691594,481.3421660777049
521.3995595489212,-736.5143651479194,-2108.084310662236,4401.93301960499,-188.76938186558692,-2024.72884233583,5692.543545129579,-438.42025584542745
91.45468147217942,353.93104428951114,758.7299234930215,3578.2288917873057,-596.8405360067309,423.79591288566047,338.634171805798,835.7065201642746
13.378193796585665,24.202927548693268,14.104251435184684,24.42284230625144,28.75108989193496,23.68744947574205,27.07865314388911,22.11640014382163
43.75763890017608,94.21115962323958,56.91221822383385,41.911416032190125,56.51699626158666,25.63941547661,59.98504025579632,53.9904518594183
516.4354400549904,444.4595506150267,460.6077336453568,492.6866740082053,321.76799631286656,588.2426173419577,760.4287303774533,371.5711798532882
1.1698631896282443,0.9289958196409852,3.670873341965245,-0.1109497515599473,0.6143247195477911,1.951881459978175,2.393502083451605,2.376569658347974
807.7286041579687,169.08657895179084,1476.6569088200797,1102.8306139421625,-567.3951664069616,226.0756540881987,988.520970990112,-387.277025521364
0.0011132683949689,0.0027774809340958,15051.081327438522,42455.52101891322,20562.463906949542,-13201.531497454149,14614.47652559086,-69.76104987859809
-50.558021769862194,1301.301446229624,2707.890595929244,-510.7710569663845,8467.888534383303,3715.3584471728536,-160.92587623690167,808.5252368707
-272.9609975119158,-487.9583603300124,-5355.713229442133,5240.209287881889,803.5999291082885,-7488.719954106544,-1206.2373797162595,-4061.7031945346826
16.42288717031184,11.458606612413458,31.07316910876904,30.61250734210593,27.63514510081048,25.62186702947306,27.965508130856072,28.74560388396945
47.88714554662019,59.77006590573437,75.08027852973484,41.94644963086214,29.573091031595897,45.55574304703895,88.98218432902522,43.65383715707922
586.5191065055465,603.1754086764419,288.8427981371772,536.7691443025755,499.0912070129573,425.98339767074617,217.8139413104913,321.45326596909337
3.095624529916001,0.2814893087663817,3.178029514887084,-0.2717515222386468,2.6853344087950908,-0.4618080012774381,1.1141747689157508,2.293651241575601
196.4774612689476,1895.4431311620783,-62.60855549994472,129.87285255382187,75.59881622798986,372.03979847196246,2037.8184235056503,-105.54830328446424
0.0010455190836137,-0.000216230020931,-815.4237784175812,8999.256758713982,14079.678771747156,10166.166875829267,7554.7283488384355,741.3040776165761
406.7222076607133,843.124190007083,-334.17792257503663,13258.474039444984,1483.1163117545832,16455.69386824067,1420.2083685428488,1854.2155885107493
-159.2804611175621,-203.22462081002143,-384.9949527350972,-1085.0435153056867,2393.3970213026514,5157.466776590605,-4186.23686888485,-235.6142217310189
29.880398449066988,17.051937689008597,37.89191095214778,27.92903697731436,23.77400511168864,15.116165911579406,19.70948909538977,27.95166612897334
68.9324816773175,65.93263949155813,36.34812782916857,15.949680916680409,31.264644596555414,98.96422736949378,82.11769056951161,58.53188557420548
549.5509003212114,499.7701556179909,658.7605248919675,536.9517557442126,509.8062069439365,254.7800102771872,356.9542526774331,377.29468881010007
1.141610668168994,1.2839748376022375,0.4382827765053252,-1.073197079313988,1.3779030349914922,3.1380185086571366,-1.2210167641762009,-0.0267840534337155
260.3453568156242,1651.762554313032,138.57708531680646,16.45870648353946,304.2739949575925,187.74636195247507,-234.0249178737577,356.9445100684425
0.0013451075687537,-0.0011695976563203,20282.84050929385,14087.961910686809,15364.667831707182,15315.758404675957,423.2187727691594,481.3421660777049
521.3995595489212,-736.5143651479194,-2108.084310662236,4401.93301960499,-188.76938186558692,-2024.72884233583,5692.543545129579,-438.42025584542745
91.45468147217942,353.93104428951114,758.7299234930215,3578.2288917873057,-596.8405360067309,423.79591288566047,338.634171805798,835.7065201642746
13.378193796585665,24.202927548693268,14.104251435184684,24.42284230625144,28.75108989193496,23.68744947574205,27.07865314388911,22.11640014382163
43.75763890017608,94.21115962323958,56.91221822383385,41.911416032190125,56.51699626158666,25.63941547661,59.98504025579632,53.9904518594183
516.4354400549904,444.4595506150267,460.6077336453568,492.6866740082053,321.76799631286656,588.2426173419577,760.4287303774533,371.5711798532882
1.1698631896282443,0.9289958196409852,3.670873341965245,-0.1109497515599473,0.6143247195477911,1.951881459978175,2.393502083451605,2.376569658347974
807.7286041579687,169.08657895179084,1476.6569088200797,1102.8306139421625,-567.3951664069616,226.0756540881987,988.520970990112,-387.277025521364
0.0011132683949689,0.0027774809340958,15051.081327438522,42455.52101891322,20562.463906949542,-13201.531497454149,14614.47652559086,-69.76104987859809
-50.558021769862194,1301.301446229624,2707.890595929244,-510.7710569663845,8467.888534383303,3715.3584471728536,-160.92587623690167,808.5252368707
-272.9609975119158,-487.9583603300124,-5355.713229442133,5240.209287881889,803.5999291082885,-7488.719954106544,-1206.2373797162595,-4061.7031945346826
16.42288717031184,11.458606612413458,31.07316910876904,30.61250734210593,27.63514510081048,25.62186702947306,27.965508130856072,28.74560388396945
47.88714554662019,59.77006590573437,75.08027852973484,41.94644963086214,29.573091031595897,45.55574304703895,88.98218432902522,43.65383715707922
586.5191065055465,603.1754086764419,288.8427981371772,536.7691443025755,499.0912070129573,425.98339767074617,217.8139413104913,321.45326596909337
3.095624529916001,0.2814893087663817,3.178029514887084,-0.2717515222386468,2.6853344087950908,-0.4618080012774381,1.1141747689157508,2.293651241575601
196.4774612689476,1895.4431311620783,-62.60855549994472,129.87285255382187,75.59881622798986,372.03979847196246,2037.8184235056503,-105.54830328446424
0.0010455190836137,-0.000216230020931,-815.4237784175812,8999.256758713982,14079.678771747156,10166.166875829267,7554.7283488384355,741.3040776165761
406.7222076607133,843.124190007083,-334.17792257503663,13258.474039444984,1483.1163117545832,16455.69386824067,1420.2083685428488,1854.2155885107493
-159.2804611175621,-203.22462081002143,-384.9949527350972,-1085.0435153056867,2393.3970213026514,5157.466776590605,-4186.23686888485,-235.6142217310189
29.880398449066988,17.051937689008597,37.89191095214778,27.92903697731436,23.77400511168864,15.116165911579406,19.70948909538977,27.95166612897334
68.9324816773175,65.93263949155813,36.34812782916857,15.949680916680409,31.264644596555414,98.96422736949378,82.11769056951161,58.53188557420548
549.5509003212114,499.7701556179909,658.7605248919675,536.9517557442126,509.8062069439365,254.7800102771872,356.9542526774331,377.29468881010007
1.141610668168994,1.2839748376022375,0.4382827765053252,-1.073197079313988,1.3779030349914922,3.1380185086571366,-1.2210167641762009,-0.0267840534337155
260.3453568156242,1651.762554313032,138.57708531680646,16.45870648353946,304.2739949575925,187.74636195247507,-234.0249178737577,356.9445100684425
0.0013451075687537,-0.0011695976563203,20282.84050929385,14087.961910686809,15364.667831707182,15315.758404675957,423.2187727691594,481.3421660777049
521.3995595489212,-736.5143651479194,-2108.084310662236,4401.93301960499,-188.76938186558692,-2024.72884233583,5692.543545129579,-438.42025584542745
91.45468147217942,353.93104428951114,758.7299234930215,3578.2288917873057,-596.8405360067309,423.79591288566047,338.634171805798,835.7065201642746
13.378193796585665,24.202927548693268,14.104251435184684,24.42284230625144,28.75108989193496,23.68744947574205,27.07865314388911,22.11640014382163
43.75763890017608,94.21115962323958,56.91221822383385,41.911416032190125,56.51699626158666,25.63941547661,59.98504025579632,53.9904518594183
516.4354400549904,444.4595506150267,460.6077336453568,492.6866740082053,321.76799631286656,588.2426173419577,760.4287303774533,371.5711798532882
1.1698631896282443,0.9289958196409852,3.670873341965245,-0.1109497515599473,0.6143247195477911,1.951881459978175,2.393502083451605,2.376569658347974
807.7286041579687,169.08657895179084,1476.6569088200797,1102.8306139421625,-567.3951664069616,226.0756540881987,988.520970990112,-387.277025521364
0.0011132683949689,0.0027774809340958,15051.081327438522,42455.52101891322,20562.463906949542,-13201.531497454149,14614.47652559086,-69.76104987859809
-50.558021769862194,1301.301446229624,2707.890595929244,-510.7710569663845,8467.888534383303,3715.3584471728536,-160.92587623690167,808.5252368707
-272.9609975119158,-487.9583603300124,-5355.713229442133,5240.209287881889,803.5999291082885,-7488.719954106544,-1206.2373797162595,-4061.7031945346826
16.42288717031184,11.458606612413458,31.07316910876904,30.61250734210593,27.63514510081048,25.62186702947306,27.965508130856072,28.74560388396945
47.88714554662019,59.77006590573437,75.08027852973484,41.94644963086214,29.573091031595897,45.55574304703895,88.98218432902522,43.65383715707922
586.5191065055465,603.1754086764419,288.8427981371772,536.7691443025755,499.0912070129573,425.98339767074617,217.8139413104913,321.45326596909337
3.095624529916001,0.2814893087663817,3.178029514887084,-0.2717515222386468,2.6853344087950908,-0.4618080012774381,1.1141747689157508,2.293651241575601
196.4774612689476,1895.4431311620783,-62.60855549994472,129.87285255382187,75.59881622798986,372.03979847196246,2037.8184235056503,-105.54830328446424
0.0010455190836137,-0.000216230020931,-815.4237784175812,8999.256758713982,14079.678771747156,10166.166875829267,7554.7283488384355,741.3040776165761
406.7222076607133,843.124190007083,-334.17792257503663,13258.474039444984,1483.1163117545832,16455.69386824067,1420.2083685428488,1854.2155885107493
-159.2804611175621,-203.22462081002143,-384.9949527350972,-1085.0435153056867,2393.3970213026514,5157.466776590605,-4186.23686888485,-235.6142217310189
29.880398449066988,17.051937689008597,37.89191095214778,27.92903697731436,23.77400511168864,15.116165911579406,19.70948909538977,27.95166612897334
68.9324816773175,65.93263949155813,36.34812782916857,15.949680916680409,31.264644596555414,98.96422736949378,82.11769056951161,58.53188557420548
549.5509003212114,499.7701556179909,658.7605248919675,536.9517557442126,509.8062069439365,254.7800102771872,356.9542526774331,377.29468881010007
1.141610668168994,1.2839748376022375,0.4382827765053252,-1.073197079313988,1.3779030349914922,3.1380185086571366,-1.2210167641762009,-0.0267840534337155
260.3453568156242,1651.762554313032,138.57708531680646,16.45870648353946,304.2739949575925,187.74636195247507,-234.0249178737577,356.9445100684425
0.0013451075687537,-0.0011695976563203,20282.84050929385,14087.961910686809,15364.667831707182,15315.758404675957,423.2187727691594,481.3421660777049
521.3995595489212,-736.5143651479194,-2108.084310662236,4401.93301960499,-188.76938186558692,-2024.72884233583,5692.543545129579,-438.42025584542745
91.45468147217942,353.93104428951114,758.7299234930215,3578.2288917873057,-596.8405360067309,423.79591288566047,338.634171805798,835.7065201642746
13.378193796585665,24.202927548693268,14.104251435184684,24.42284230625144,28.75108989193496,23.68744947574205,27.07865314388911,22.11640014382163
43.75763890017608,94.21115962323958,56.91221822383385,41.911416032190125,56.51699626158666,25.63941547661,59.98504025579632,53.9904518594183
516.4354400549904,444.4595506150267,460.6077336453568,492.6866740082053,321.76799631286656,588.2426173419577,760.4287303774533,371.5711798532882
1.1698631896282443,0.9289958196409852,3.670873341965245,-0.1109497515599473,0.6143247195477911,1.951881459978175,2.393502083451605,2.376569658347974
807.7286041579687,169.08657895179084,1476.6569088200797,1102.8306139421625,-567.3951664069616,226.0756540881987,988.520970990112,-387.277025521364
0.0011132683949689,0.0027774809340958,15051.081327438522,42455.52101891322,20562.463906949542,-13201.531497454149,14614.47652559086,-69.76104987859809
-50.558021769862194,1301.301446229624,2707.890595929244,-510.7710569663845,8467.888534383303,3715.3584471728536,-160.92587623690167,808.5252368707
-272.9609975119158,-487.9583603300124,-5355.713229442133,5240.209287881889,803.5999291082885,-7488.719954106544,-1206.2373797162595,-4061.7031945346826
16.42288717031184,11.458606612413458,31.07316910876904,30.61250734210593,27.63514510081048,25.62186702947306,27.965508130856072,28.74560388396945
47.88714554662019,59.77006590573437,75.08027852973484,41.94644963086214,29.573091031595897,45.55574304703895,88.98218432902522,43.65383715707922
586.5191065055465,603.1754086764419,288.8427981371772,536.7691443025755,499.0912070129573,425.98339767074617,217.8139413104913,321.45326596909337
3.095624529916001,0.2814893087663817,3.178029514887084,-0.2717515222386468,2.6853344087950908,-0.4618080012774381,1.1141747689157508,2.293651241575601
196.4774612689476,1895.4431311620783,-62.60855549994472,129.87285255382187,75.59881622798986,372.03979847196246,2037.8184235056503,-105.54830328446424
0.0010455190836137,-0.000216230020931,-815.4237784175812,8999.256758713982,14079.678771747156,10166.166875829267,7554.7283488384355,741.3040776165761
406.7222076607133,843.124190007083,-334.17792257503663,13258.474039444984,1483.1163117545832,16455.69386824067,1420.2083685428488,1854.2155885107493
-159.2804611175621,-203.22462081002143,-384.9949527350972,-1085.0435153056867,2393.3970213026514,5157.466776590605,-4186.23686888485,-235.6142217310189
29.880398449066988,17.051937689008597,37.89191095214778,27.92903697731436,23.77400511168864,15.116165911579406,19.70948909538977,27.95166612897334
68.9324816773175,65.93263949155813,36.34812782916857,15.949680916680409,31.264644596555414,98.96422736949378,82.11769056951161,58.53188557420548
549.5509003212114,499.7701556179909,658.7605248919675,536.9517557442126,509.8062069439365,254.7800102771872,356.9542526774331,377.29468881010007
1.141610668168994,1.2839748376022375,0.4382827765053252,-1.073197079313988,1.3779030349914922,3.1380185086571366,-1.2210167641762009,-0.0267840534337155
260.3453568156242,1651.762554313032,138.57708531680646,16.45870648353946,304.2739949575925,187.74636195247507,-234.0249178737577,356.9445100684425
0.0013451075687537,-0.0011695976563203,20282.84050929385,14087.961910686809,15364.667831707182,15315.758404675957,423.2187727691594,481.3421660777049
521.3995595489212,-736.5143651479194,-2108.084310662236,4401.93301960499,-188.76938186558692,-2024.72884233583,5692.543545129579,-438.42025584542745
91.45468147217942,353.93104428951114,758.7299234930215,3578.2288917873057,-596.8405360067309,423.79591288566047,338.634171805798,835.7065201642746
13.378193796585665,24.202927548693268,14.104251435184684,24.42284230625144,28.75108989193496,23.68744947574205,27.07865314388911,22.11640014382163
43.75763890017608,94.21115962323958,56.91221822383385,41.911416032190125,56.51699626158666,25.63941547661,59.98504025579632,53.9904518594183
516.4354400549904,444.4595506150267,460.6077336453568,492.6866740082053,321.76799631286656,588.2426173419577,760.4287303774533,371.5711798532882
1.1698631896282443,0.9289958196409852,3.670873341965245,-0.1109497515599473,0.6143247195477911,1.951881459978175,2.393502083451605,2.376569658347974
807.7286041579687,169.08657895179084,1476.6569088200797,1102.8306139421625,-567.3951664069616,226.0756540881987,988.520970990112,-387.277025521364
0.0011132683949689,0.0027774809340958,15051.081327438522,42455.52101891322,20562.463906949542,-13201.531497454149,14614.47652559086,-69.76104987859809
-50.558021769862194,1301.301446229624,2707.890595929244,-510.7710569663845,8467.888534383303,3715.3584471728536,-160.92587623690167,808.5252368707
-272.9609975119158,-487.9583603300124,-5355.713229442133,5240.209287881889,803.5999291082885,-7488.719954106544,-1206.2373797162595,-4061.7031945346826
16.42288717031184,11.458606612413458,31.07316910876904,30.61250734210593,27.63514510081048,25.62186702947306,27.965508130856072,28.74560388396945
47.88714554662019,59.77006590573437,75.08027852973484,41.94644963086214,29.573091031595897,45.55574304703895,88.98218432902522,43.65383715707922
586.5191065055465,603.1754086764419,288.8427981371772,536.7691443025755,499.0912070129573,425.98339767074617,217.8139413104913,321.45326596909337
3.095624529916001,0.2814893087663817,3.178029514887084,-0.2717515222386468,2.6853344087950908,-0.4618080012774381,1.1141747689157508,2.293651241575601
196.4774612689476,1895.4431311620783,-62.60855549994472,129.87285255382187,75.59881622798986,372.03979847196246,2037.8184235056503,-105.54830328446424
0.0010455190836137,-0.000216230020931,-815.4237784175812,8999.256758713982,14079.678771747156,10166.166875829267,7554.7283488384355,741.3040776165761
406.7222076607133,843.124190007083,-334.17792257503663,13258.474039444984,1483.1163117545832,16455.69386824067,1420.2083685428488,1854.2155885107493
-159.2804611175621,-203.22462081002143,-384.9949527350972,-1085.0435153056867,2393.3970213026514,5157.466776590605,-4186.23686888485,-235.6142217310189
29.880398449066988,17.051937689008597,37.89191095214778,27.92903697731436,23.77400511168864,15.116165911579406,19.70948909538977,27.95166612897334
68.9324816773175,65.93263949155813,36.34812782916857,15.949680916680409,31.264644596555414,98.96422736949378,82.11769056951161,58.53188557420548
549.5509003212114,499.7701556179909,658.7605248919675,536.9517557442126,509.8062069439365,254.7800102771872,356.9542526774331,377.29468881010007
1.141610668168994,1.2839748376022375,0.4382827765053252,-1.073197079313988,1.3779030349914922,3.1380185086571366,-1.2210167641762009,-0.0267840534337155
260.3453568156242,1651.762554313032,138.57708531680646,16.45870648353946,304.2739949575925,187.74636195247507,-234.0249178737577,356.9445100684425
0.0013451075687537,-0.0011695976563203,20282.84050929385,14087.961910686809,15364.667831707182,15315.758404675957,423.2187727691594,481.3421660777049
521.3995595489212,-736.5143651479194,-2108.084310662236,4401.93301960499,-188.76938186558692,-2024.72884233583,5692.543545129579,-438.42025584542745
91.45468147217942,353.93104428951114,758.7299234930215,3578.2288917873057,-596.8405360067309,423.79591288566047,338.634171805798,835.7065201642746
13.378193796585665,24.202927548693268,14.104251435184684,24.42284230625144,28.75108989193496,23.68744947574205,27.07865314388911,22.11640014382163
43.75763890017608,94.21115962323958,56.91221822383385,41.911416032190125,56.51699626158666,25.63941547661,59.98504025579632,53.9904518594183
516.4354400549904,444.4595506150267,460.6077336453568,492.6866740082053,321.76799631286656,588.2426173419577,760.4287303774533,371.5711798532882
1.1698631896282443,0.9289958196409852,3.670873341965245,-0.1109497515599473,0.6143247195477911,1.951881459978175,2.393502083451605,2.376569658347974
807.7286041579687,169.08657895179084,1476.6569088200797,1102.8306139421625,-567.3951664069616,226.0756540881987,988.520970990112,-387.277025521364
0.0011132683949689,0.0027774809340958,15051.081327438522,42455.52101891322,20562.463906949542,-13201.531497454149,14614.47652559086,-69.76104987859809
-50.558021769862194,1301.301446229624,2707.890595929244,-510.7710569663845,8467.888534383303,3715.3584471728536,-160.92587623690167,808.5252368707
-272.9609975119158,-487.9583603300124,-5355.713229442133,5240.209287881889,803.5999291082885,-7488.719954106544,-1206.2373797162595,-4061.7031945346826
16.42288717031184,11.458606612413458,31.07316910876904,30.61250734210593,27.63514510081048,25.62186702947306,27.965508130856072,28.74560388396945
47.88714554662019,59.77006590573437,75.08027852973484,41.94644963086214,29.573091031595897,45.55574304703895,88.98218432902522,43.65383715707922
586.5191065055465,603.1754086764419,288.8427981371772,536.7691443025755,499.0912070129573,425.98339767074617,217.8139413104913,321.45326596909337
3.095624529916001,0.2814893087663817,3.178029514887084,-0.2717515222386468,2.6853344087950908,-0.4618080012774381,1.1141747689157508,2.293651241575601
196.4774612689476,1895.4431311620783,-62.60855549994472,129.87285255382187,75.59881622798986,372.03979847196246,2037.8184235056503,-105.54830328446424
0.0010455190836137,-0.000216230020931,-815.4237784175812,8999.256758713982,14079.678771747156,10166.166875829267,7554.7283488384355,741.3040776165761
406.7222076607133,843.124190007083,-334.17792257503663,13258.474039444984,1483.1163117545832,16455.69386824067,1420.2083685428488,1854.2155885107493
-159.2804611175621,-203.22462081002143,-384.9949527350972,-1085.0435153056867,2393.3970213026514,5157.466776590605,-4186.23686888485,-235.6142217310189
29.880398449066988,17.051937689008597,37.89191095214778,27.92903697731436,23.77400511168864,15.116165911579406,19.70948909538977,27.95166612897334
68.9324816773175,65.93263949155813,36.34812782916857,15.949680916680409,31.264644596555414,98.96422736949378,82.11769056951161,58.53188557420548
549.5509003212114,499.7701556179909,658.7605248919675,536.9517557442126,509.8062069439365,254.7800102771872,356.9542526774331,377.29468881010007
1.141610668168994,1.2839748376022375,0.4382827765053252,-1.073197079313988,1.3779030349914922,3.1380185086571366,-1.2210167641762009,-0.0267840534337155
260.3453568156242,1651.762554313032,138.57708531680646,16.45870648353946,304.2739949575925,187.74636195247507,-234.0249178737577,356.9445100684425
0.0013451075687537,-0.0011695976563203,20282.84050929385,14087.961910686809,15364.667831707182,15315.758404675957,423.2187727691594,481.3421660777049
521.3995595489212,-736.5143651479194,-2108.084310662236,4401.93301960499,-188.76938186558692,-2024.72884233583,5692.543545129579,-438.42025584542745
91.45468147217942,353.93104428951114,758.7299234930215,3578.2288917873057,-596.8405360067309,423.79591288566047,338.634171805798,835.7065201642746
13.378193796585665,24.202927548693268,14.104251435184684,24.42284230625144,28.75108989193496,23.68744947574205,27.07865314388911,22.11640014382163
43.75763890017608,94.21115962323958,56.91221822383385,41.911416032190125,56.51699626158666,25.63941547661,59.98504025579632,53.9904518594183
516.4354400549904,444.4595506150267,460.6077336453568,492.6866740082053,321.76799631286656,588.2426173419577,760.4287303774533,371.5711798532882
1.1698631896282443,0.9289958196409852,3.670873341965245,-0.1109497515599473,0.6143247195477911,1.951881459978175,2.393502083451605,2.376569658347974
807.7286041579687,169.08657895179084,1476.6569088200797,1102.8306139421625,-567.3951664069616,226.0756540881987,988.520970990112,-387.277025521364
0.0011132683949689,0.0027774809340958,15051.081327438522,42455.52101891322,20562.463906949542,-13201.531497454149,14614.47652559086,-69.76104987859809
-50.558021769862194,1301.301446229624,2707.890595929244,-510.7710569663845,8467.888534383303,3715.3584471728536,-160.92587623690167,808.5252368707
-272.9609975119158,-487.9583603300124,-5355.713229442133,5240.209287881889,803.5999291082885,-7488.719954106544,-1206.2373797162595,-4061.7031945346826
16.42288717031184,11.458606612413458,31.07316910876904,30.61250734210593,27.63514510081048,25.62186702947306,27.965508130856072,28.74560388396945
47.88714554662019,59.77006590573437,75.08027852973484,41.94644963086214,29.573091031595897,45.55574304703895,88.98218432902522,43.65383715707922
586.5191065055465,603.1754086764419,288.8427981371772,536.7691443025755,499.0912070129573,425.98339767074617,217.8139413104913,321.45326596909337
3.095624529916001,0.2814893087663817,3.178029514887084,-0.2717515222386468,2.6853344087950908,-0.4618080012774381,1.1141747689157508,2.293651241575601
196.4774612689476,1895.4431311620783,-62.60855549994472,129.87285255382187,75.59881622798986,372.03979847196246,2037.8184235056503,-105.54830328446424
0.0010455190836137,-0.000216230020931,-815.4237784175812,8999.256758713982,14079.678771747156,10166.166875829267,7554.7283488384355,741.3040776165761
406.7222076607133,843.124190007083,-334.17792257503663,13258.474039444984,1483.1163117545832,16455.69386824067,1420.2083685428488,1854.2155885107493
-159.2804611175621,-203.22462081002143,-384.9949527350972,-1085.0435153056867,2393.3970213026514,5157.466776590605,-4186.23686888485,-235.6142217310189
29.880398449066988,17.051937689008597,37.89191095214778,27.92903697731436,23.77400511168864,15.116165911579406,19.70948909538977,27.95166612897334
68.9324816773175,65.93263949155813,36.34812782916857,15.949680916680409,31.264644596555414,98.96422736949378,82.11769056951161,58.53188557420548
549.5509003212114,499.7701556179909,658.7605248919675,536.9517557442126,509.8062069439365,254.7800102771872,356.9542526774331,377.29468881010007
1.141610668168994,1.2839748376022375,0.4382827765053252,-1.073197079313988,1.3779030349914922,3.1380185086571366,-1.2210167641762009,-0.0267840534337155
260.3453568156242,1651.762554313032,138.57708531680646,16.45870648353946,304.2739949575925,187.74636195247507,-234.0249178737577,356.9445100684425
0.0013451075687537,-0.0011695976563203,20282.84050929385,14087.961910686809,15364.667831707182,15315.758404675957,423.2187727691594,481.3421660777049
521.3995595489212,-736.5143651479194,-2108.084310662236,4401.93301960499,-188.76938186558692,-2024.72884233583,5692.543545129579,-438.42025584542745
91.45468147217942,353.93104428951114,758.7299234930215,3578.2288917873057,-596.8405360067309,423.79591288566047,338.634171805798,835.7065201642746
13.378193796585665,24.202927548693268,14.104251435184684,24.42284230625144,28.75108989193496,23.68744947574205,27.07865314388911,22.11640014382163
43.75763890017608,94.21115962323958,56.91221822383385,41.911416032190125,56.51699626158666,25.63941547661,59.98504025579632,53.9904518594183
516.4354400549904,444.4595506150267,460.6077336453568,492.6866740082053,321.76799631286656,588.2426173419577,760.4287303774533,371.5711798532882
1.1698631896282443,0.9289958196409852,3.670873341965245,-0.1109497515599473,0.6143247195477911,1.951881459978175,2.393502083451605,2.376569658347974
807.7286041579687,169.08657895179084,1476.6569088200797,1102.8306139421625,-567.3951664069616,226.0756540881987,988.520970990112,-387.277025521364
0.0011132683949689,0.0027774809340958,15051.081327438522,42455.52101891322,20562.463906949542,-13201.531497454149,14614.47652559086,-69.76104987859809
-50.558021769862194,1301.301446229624,2707.890595929244,-510.7710569663845,8467.888534383303,3715.3584471728536,-160.92587623690167,808.5252368707
-272.9609975119158,-487.9583603300124,-5355.713229442133,5240.209287881889,803.5999291082885,-7488.719954106544,-1206.2373797162595,-4061.7031945346826
16.42288717031184,11.458606612413458,31.07316910876904,30.61250734210593,27.63514510081048,25.62186702947306,27.965508130856072,28.74560388396945
47.88714554662019,59.77006590573437,75.08027852973484,41.94644963086214,29.573091031595897,45.55574304703895,88.98218432902522,43.65383715707922
586.5191065055465,603.1754086764419,288.8427981371772,536.7691443025755,499.0912070129573,425.98339767074617,217.8139413104913,321.45326596909337
3.095624529916001,0.2814893087663817,3.178029514887084,-0.2717515222386468,2.6853344087950908,-0.4618080012774381,1.1141747689157508,2.293651241575601
196.4774612689476,1895.4431311620783,-62.60855549994472,129.87285255382187,75.59881622798986,372.03979847196246,2037.8184235056503,-105.54830328446424
0.0010455190836137,-0.000216230020931,-815.4237784175812,8999.256758713982,14079.678771747156,10166.166875829267,7554.7283488384355,741.3040776165761
406.7222076607133,843.124190007083,-334.17792257503663,13258.474039444984,1483.1163117545832,16455.69386824067,1420.2083685428488,1854.2155885107493
-159.2804611175621,-203.22462081002143,-384.9949527350972,-1085.0435153056867,2393.3970213026514,5157.466776590605,-4186.23686888485,-235.6142217310189
29.880398449066988,17.051937689008597,37.89191095214778,27.92903697731436,23.77400511168864,15.116165911579406,19.70948909538977,27.95166612897334
68.9324816773175,65.93263949155813,36.34812782916857,15.949680916680409,31.264644596555414,98.96422736949378,82.11769056951161,58.53188557420548
549.5509003212114,499.7701556179909,658.7605248919675,536.9517557442126,509.8062069439365,254.7800102771872,356.9542526774331,377.29468881010007
1.141610668168994,1.2839748376022375,0.4382827765053252,-1.073197079313988,1.3779030349914922,3.1380185086571366,-1.2210167641762009,-0.0267840534337155
260.3453568156242,1651.762554313032,138.57708531680646,16.45870648353946,304.2739949575925,187.74636195247507,-234.0249178737577,356.9445100684425
0.0013451075687537,-0.0011695976563203,20282.84050929385,14087.961910686809,15364.667831707182,15315.758404675957,423.2187727691594,481.3421660777049
521.3995595489212,-736.5143651479194,-2108.084310662236,4401.93301960499,-188.76938186558692,-2024.72884233583,5692.543545129579,-438.42025584542745
91.45468147217942,353.93104428951114,758.7299234930215,3578.2288917873057,-596.8405360067309,423.79591288566047,338.634171805798,835.7065201642746
13.378193796585665,24.202927548693268,14.104251435184684,24.42284230625144,28.75108989193496,23.68744947574205,27.07865314388911,22.11640014382163
43.75763890017608,94.21115962323958,56.91221822383385,41.911416032190125,56.51699626158666,25.63941547661,59.98504025579632,53.9904518594183
516.4354400549904,444.4595506150267,460.6077336453568,492.6866740082053,321.76799631286656,588.2426173419577,760.4287303774533,371.5711798532882
1.1698631896282443,0.9289958196409852,3.670873341965245,-0.1109497515599473,0.6143247195477911,1.951881459978175,2.393502083451605,2.376569658347974
807.7286041579687,169.08657895179084,1476.6569088200797,1102.8306139421625,-567.3951664069616,226.0756540881987,988.520970990112,-387.277025521364
0.0011132683949689,0.0027774809340958,15051.081327438522,42455.52101891322,20562.463906949542,-13201.531497454149,14614.47652559086,-69.76104987859809
-50.558021769862194,1301.301446229624,2707.890595929244,-510.7710569663845,8467.888534383303,3715.3584471728536,-160.92587623690167,808.5252368707
-272.9609975119158,-487.9583603300124,-5355.713229442133,5240.209287881889,803.5999291082885,-7488.719954106544,-1206.2373797162595,-4061.7031945346826
16.42288717031184,11.458606612413458,31.07316910876904,30.61250734210593,27.63514510081048,25.62186702947306,27.965508130856072,28.74560388396945
47.88714554662019,59.77006590573437,75.08027852973484,41.94644963086214,29.573091031595897,45.55574304703895,88.98218432902522,43.65383715707922
586.5191065055465,603.1754086764419,288.8427981371772,536.7691443025755,499.0912070129573,425.98339767074617,217.8139413104913,321.45326596909337
3.095624529916001,0.2814893087663817,3.178029514887084,-0.2717515222386468,2.6853344087950908,-0.4618080012774381,1.1141747689157508,2.293651241575601
196.4774612689476,1895.4431311620783,-62.60855549994472,129.87285255382187,75.59881622798986,372.03979847196246,2037.8184235056503,-105.54830328446424
0.0010455190836137,-0.000216230020931,-815.4237784175812,8999.256758713982,14079.678771747156,10166.166875829267,7554.7283488384355,741.3040776165761
406.7222076607133,843.124190007083,-334.17792257503663,13258.474039444984,1483.1163117545832,16455.69386824067,1420.2083685428488,1854.2155885107493
-159.2804611175621,-203.22462081002143,-384.9949527350972,-1085.0435153056867,2393.3970213026514,5157.466776590605,-4186.23686888485,-235.6142217310189
29.880398449066988,17.051937689008597,37.89191095214778,27.92903697731436,23.77400511168864,15.116165911579406,19.70948909538977,27.95166612897334
68.9324816773175,65.93263949155813,36.34812782916857,15.949680916680409,31.264644596555414,98.96422736949378,82.11769056951161,58.53188557420548
549.5509003212114,499.7701556179909,658.7605248919675,536.9517557442126,509.8062069439365,254.7800102771872,356.9542526774331,377.29468881010007
1.141610668168994,1.2839748376022375,0.4382827765053252,-1.073197079313988,1.3779030349914922,3.1380185086571366,-1.2210167641762009,-0.0267840534337155
260.3453568156242,1651.762554313032,138.57708531680646,16.45870648353946,304.2739949575925,187.74636195247507,-234.0249178737577,356.9445100684425
0.0013451075687537,-0.0011695976563203,20282.84050929385,14087.961910686809,15364.667831707182,15315.758404675957,423.2187727691594,481.3421660777049
521.3995595489212,-736.5143651479194,-2108.084310662236,4401.93301960499,-188.76938186558692,-2024.72884233583,5692.543545129579,-438.42025584542745
91.45468147217942,353.93104428951114,758.7299234930215,3578.2288917873057,-596.8405360067309,423.79591288566047,338.634171805798,835.7065201642746
13.378193796585665,24.202927548693268,14.104251435184684,24.42284230625144,28.75108989193496,23.68744947574205,27.07865314388911,22.11640014382163
43.75763890017608,94.21115962323958,56.91221822383385,41.911416032190125,56.51699626158666,25.63941547661,59.98504025579632,53.9904518594183
516.4354400549904,444.4595506150267,460.6077336453568,492.6866740082053,321.76799631286656,588.2426173419577,760.4287303774533,371.5711798532882
1.1698631896282443,0.9289958196409852,3.670873341965245,-0.1109497515599473,0.6143247195477911,1.951881459978175,2.393502083451605,2.376569658347974
807.7286041579687,169.08657895179084,1476.6569088200797,1102.8306139421625,-567.3951664069616,226.0756540881987,988.520970990112,-387.277025521364
0.0011132683949689,0.0027774809340958,15051.081327438522,42455.52101891322,20562.463906949542,-13201.531497454149,14614.47652559086,-69.76104987859809
-50.558021769862194,1301.301446229624,2707.890595929244,-510.7710569663845,8467.888534383303,3715.3584471728536,-160.92587623690167,808.5252368707
-272.9609975119158,-487.9583603300124,-5355.713229442133,5240.209287881889,803.5999291082885,-7488.719954106544,-1206.2373797162595,-4061.7031945346826
16.42288717031184,11.458606612413458,31.07316910876904,30.61250734210593,27.63514510081048,25.62186702947306,27.965508130856072,28.74560388396945
47.88714554662019,59.77006590573437,75.08027852973484,41.94644963086214,29.573091031595897,45.55574304703895,88.98218432902522,43.65383715707922
586.5191065055465,603.1754086764419,288.8427981371772,536.7691443025755,499.0912070129573,425.98339767074617,217.8139413104913,321.45326596909337
3.095624529916001,0.2814893087663817,3.178029514887084,-0.2717515222386468,2.6853344087950908,-0.4618080012774381,1.1141747689157508,2.293651241575601
196.4774612689476,1895.4431311620783,-62.60855549994472,129.87285255382187,75.59881622798986,372.03979847196246,2037.8184235056503,-105.54830328446424
0.0010455190836137,-0.000216230020931,-815.4237784175812,8999.256758713982,14079.678771747156,10166.166875829267,7554.7283488384355,741.3040776165761
406.7222076607133,843.124190007083,-334.17792257503663,13258.474039444984,1483.1163117545832,16455.69386824067,1420.2083685428488,1854.2155885107493
-159.2804611175621,-203.22462081002143,-384.9949527350972,-1085.0435153056867,2393.3970213026514,5157.466776590605,-4186.23686888485,-235.6142217310189
29.880398449066988,17.051937689008597,37.89191095214778,27.92903697731436,23.77400511168864,15.116165911579406,19.70948909538977,27.95166612897334
68.9324816773175,65.93263949155813,36.34812782916857,15.949680916680409,31.264644596555414,98.96422736949378,82.11769056951161,58.53188557420548
549.5509003212114,499.7701556179909,658.7605248919675,536.9517557442126,509.8062069439365,254.7800102771872,356.9542526774331,377.29468881010007
1.141610668168994,1.2839748376022375,0.4382827765053252,-1.073197079313988,1.3779030349914922,3.1380185086571366,-1.2210167641762009,-0.0267840534337155
260.3453568156242,1651.762554313032,138.57708531680646,16.45870648353946,304.2739949575925,187.74636195247507,-234.0249178737577,356.9445100684425
0.0013451075687537,-0.0011695976563203,20282.84050929385,14087.961910686809,15364.667831707182,15315.758404675957,423.2187727691594,481.3421660777049
521.3995595489212,-736.5143651479194,-2108.084310662236,4401.93301960499,-188.76938186558692,-2024.72884233583,5692.543545129579,-438.42025584542745
91.45468147217942,353.93104428951114,758.7299234930215,3578.2288917873057,-596.8405360067309,423.79591288566047,338.634171805798,835.7065201642746
13.378193796585665,24.202927548693268,14.104251435184684,24.42284230625144,28.75108989193496,23.68744947574205,27.07865314388911,22.11640014382163
43.75763890017608,94.21115962323958,56.91221822383385,41.911416032190125,56.51699626158666,25.63941547661,59.98504025579632,53.9904518594183
516.4354400549904,444.4595506150267,460.6077336453568,492.6866740082053,321.76799631286656,588.2426173419577,760.4287303774533,371.5711798532882
1.1698631896282443,0.9289958196409852,3.670873341965245,-0.1109497515599473,0.6143247195477911,1.951881459978175,2.393502083451605,2.376569658347974
807.7286041579687,169.08657895179084,1476.6569088200797,1102.8306139421625,-567.3951664069616,226.0756540881987,988.520970990112,-387.277025521364
0.0011132683949689,0.0027774809340958,15051.081327438522,42455.52101891322,20562.463906949542,-13201.531497454149,14614.47652559086,-69.76104987859809
-50.558021769862194,1301.301446229624,2707.890595929244,-510.7710569663845,8467.888534383303,3715.3584471728536,-160.92587623690167,808.5252368707
-272.9609975119158,-487.9583603300124,-5355.713229442133,5240.209287881889,803.5999291082885,-7488.719954106544,-1206.2373797162595,-4061.7031945346826
16.42288717031184,11.458606612413458,31.07316910876904,30.61250734210593,27.63514510081048,25.62186702947306,27.965508130856072,28.74560388396945
47.88714554662019,59.77006590573437,75.08027852973484,41.94644963086214,29.573091031595897,45.55574304703895,88.98218432902522,43.65383715707922
586.5191065055465,603.1754086764419,288.8427981371772,536.7691443025755,499.0912070129573,425.98339767074617,217.8139413104913,321.45326596909337
3.095624529916001,0.2814893087663817,3.178029514887084,-0.2717515222386468,2.6853344087950908,-0.4618080012774381,1.1141747689157508,2.293651241575601
196.4774612689476,1895.4431311620783,-62.60855549994472,129.87285255382187,75.59881622798986,372.03979847196246,2037.8184235056503,-105.54830328446424
0.0010455190836137,-0.000216230020931,-815.4237784175812,8999.256758713982,14079.678771747156,10166.166875829267,7554.7283488384355,741.3040776165761
406.7222076607133,843.124190007083,-334.17792257503663,13258.474039444984,1483.1163117545832,16455.69386824067,1420.2083685428488,1854.2155885107493
-159.2804611175621,-203.22462081002143,-384.9949527350972,-1085.0435153056867,2393.3970213026514,5157.466776590605,-4186.23686888485,-235.6142217310189
29.880398449066988,17.051937689008597,37.89191095214778,27.92903697731436,23.77400511168864,15.116165911579406,19.70948909538977,27.95166612897334
68.9324816773175,65.93263949155813,36.34812782916857,15.949680916680409,31.264644596555414,98.96422736949378,82.11769056951161,58.53188557420548
549.5509003212114,499.7701556179909,658.7605248919675,536.9517557442126,509.8062069439365,254.7800102771872,356.9542526774331,377.29468881010007
1.141610668168994,1.2839748376022375,0.4382827765053252,-1.073197079313988,1.3779030349914922,3.1380185086571366,-1.2210167641762009,-0.0267840534337155
260.3453568156242,1651.762554313032,138.57708531680646,16.45870648353946,304.2739949575925,187.74636195247507,-234.0249178737577,356.9445100684425
0.0013451075687537,-0.0011695976563203,20282.84050929385,14087.961910686809,15364.667831707182,15315.758404675957,423.2187727691594,481.3421660777049
521.3995595489212,-736.5143651479194,-2108.084310662236,4401.93301960499,-188.76938186558692,-2024.72884233583,5692.543545129579,-438.42025584542745
91.45468147217942,353.93104428951114,758.7299234930215,3578.2288917873057,-596.8405360067309,423.79591288566047,338.634171805798,835.7065201642746
13.378193796585665,24.202927548693268,14.104251435184684,24.42284230625144,28.75108989193496,23.68744947574205,27.07865314388911,22.11640014382163
43.75763890017608,94.21115962323958,56.91221822383385,41.911416032190125,56.51699626158666,25.63941547661,59.98504025579632,53.9904518594183
516.4354400549904,444.4595506150267,460.6077336453568,492.6866740082053,321.76799631286656,588.2426173419577,760.4287303774533,371.5711798532882
1.1698631896282443,0.9289958196409852,3.670873341965245,-0.1109497515599473,0.6143247195477911,1.951881459978175,2.393502083451605,2.376569658347974
807.7286041579687,169.08657895179084,1476.6569088200797,1102.8306139421625,-567.3951664069616,226.0756540881987,988.520970990112,-387.277025521364
0.0011132683949689,0.0027774809340958,15051.081327438522,42455.52101891322,20562.463906949542,-13201.531497454149,14614.47652559086,-69.76104987859809
-50.558021769862194,1301.301446229624,2707.890595929244,-510.7710569663845,8467.888534383303,3715.3584471728536,-160.92587623690167,808.5252368707
-272.9609975119158,-487.9583603300124,-5355.713229442133,5240.209287881889,803.5999291082885,-7488.719954106544,-1206.2373797162595,-4061.7031945346826
16.42288717031184,11.458606612413458,31.07316910876904,30.61250734210593,27.63514510081048,25.62186702947306,27.965508130856072,28.74560388396945
47.88714554662019,59.77006590573437,75.08027852973484,41.94644963086214,29.573091031595897,45.55574304703895,88.98218432902522,43.65383715707922
586.5191065055465,603.1754086764419,288.8427981371772,536.7691443025755,499.0912070129573,425.98339767074617,217.8139413104913,321.45326596909337
3.095624529916001,0.2814893087663817,3.178029514887084,-0.2717515222386468,2.6853344087950908,-0.4618080012774381,1.1141747689157508,2.293651241575601
196.4774612689476,1895.4431311620783,-62.60855549994472,129.87285255382187,75.59881622798986,372.03979847196246,2037.8184235056503,-105.54830328446424
0.0010455190836137,-0.000216230020931,-815.4237784175812,8999.256758713982,14079.678771747156,10166.166875829267,7554.7283488384355,741.3040776165761
406.7222076607133,843.124190007083,-334.17792257503663,13258.474039444984,1483.1163117545832,16455.69386824067,1420.2083685428488,1854.2155885107493
-159.2804611175621,-203.22462081002143,-384.9949527350972,-1085.0435153056867,2393.3970213026514,5157.466776590605,-4186.23686888485,-235.6142217310189
29.880398449066988,17.051937689008597,37.89191095214778,27.92903697731436,23.77400511168864,15.116165911579406,19.70948909538977,27.95166612897334
68.9324816773175,65.93263949155813,36.34812782916857,15.949680916680409,31.264644596555414,98.96422736949378,82.11769056951161,58.53188557420548
549.5509003212114,499.7701556179909,658.7605248919675,536.9517557442126,509.8062069439365,254.7800102771872,356.9542526774331,377.29468881010007
1.141610668168994,1.2839748376022375,0.4382827765053252,-1.073197079313988,1.3779030349914922,3.1380185086571366,-1.2210167641762009,-0.0267840534337155
260.3453568156242,1651.762554313032,138.57708531680646,16.45870648353946,304.2739949575925,187.74636195247507,-234.0249178737577,356.9445100684425
0.0013451075687537,-0.0011695976563203,20282.84050929385,14087.961910686809,15364.667831707182,15315.758404675957,423.2187727691594,481.3421660777049
521.3995595489212,-736.5143651479194,-2108.084310662236,4401.93301960499,-188.76938186558692,-2024.72884233583,5692.543545129579,-438.42025584542745
91.45468147217942,353.93104428951114,758.7299234930215,3578.2288917873057,-596.8405360067309,423.79591288566047,338.634171805798,835.7065201642746
13.378193796585665,24.202927548693268,14.104251435184684,24.42284230625144,28.75108989193496,23.68744947574205,27.07865314388911,22.11640014382163
43.75763890017608,94.21115962323958,56.91221822383385,41.911416032190125,56.51699626158666,25.63941547661,59.98504025579632,53.9904518594183
516.4354400549904,444.4595506150267,460.6077336453568,492.6866740082053,321.76799631286656,588.2426173419577,760.4287303774533,371.5711798532882
1.1698631896282443,0.9289958196409852,3.670873341965245,-0.1109497515599473,0.6143247195477911,1.951881459978175,2.393502083451605,2.376569658347974
807.7286041579687,169.08657895179084,1476.6569088200797,1102.8306139421625,-567.3951664069616,226.0756540881987,988.520970990112,-387.277025521364
0.0011132683949689,0.0027774809340958,15051.081327438522,42455.52101891322,20562.463906949542,-13201.531497454149,14614.47652559086,-69.76104987859809
-50.558021769862194,1301.301446229624,2707.890595929244,-510.7710569663845,8467.888534383303,3715.3584471728536,-160.92587623690167,808.5252368707
-272.9609975119158,-487.9583603300124,-5355.713229442133,5240.209287881889,803.5999291082885,-7488.719954106544,-1206.2373797162595,-4061.7031945346826
