내부온도관측치,내부습도관측치,co2관측치,ec관측치,시간당분무량,시간당백색광량,시간당적색광량,시간당청색광량
24.183993905381744,27.46929968748033,33.44846492093745,37.14077115871461,37.832798081425736,33.2536544342226,35.31945564797485,29.47483312319829
38.50943336551597,89.72539551013419,60.62666357289862,53.1316522851346,77.92524573901815,47.78500191608478,42.4828570377486,31.66916496990873
518.5391292792863,443.5314769667577,390.942937476292,444.9326310155756,559.6999314684896,570.4563448887101,266.9820732021448,569.5932564466588
1.0565332275739605,0.3130499187591875,-0.2385758373795732,1.4871518864393618,1.4709134748340575,0.600360509639192,1.2402065337345494,-0.405388624536398
317.764562155131,326.0119055782333,-655.5619676200206,-381.84211044909534,16.338279077017035,1160.5329034717224,674.2314296330023,223.23652708224685
0.0011191130091501,-0.000823659832186,-3885.46270739341,14644.76177234678,18145.53615175419,16650.70634987525,22202.22473566335,978.1075001939024
-548.7208789387377,374.62897771600217,-2350.7657237672865,953.3944233301856,1356.562142999788,1338.757903315272,-2620.485304770238,1168.5349421871729
-100.40633053534916,225.0741139513169,235.63085876689564,-2043.756362346812,2109.11494158128,-1214.2616190769436,477.6102616543196,773.2937035538374
31.586541174922537,19.768488905726493,37.82924550199124,30.20630298525252,24.17176870848,20.59003713507736,24.94975753573557,14.463428639282224
54.09317293288321,85.17516187536444,90.2143889767946,33.923012981358,71.63367418985077,88.47445182613427,79.9074692568705,63.79594279030681
453.5403701388559,337.2822174939754,530.2988659231678,728.3183081549648,491.7264591868337,462.1545670188027,380.7736412205679,523.5984502335097
0.8492407744389336,0.2945301328589951,-1.0235544390939328,-0.6982208559947172,2.228616338616571,2.7238056729941658,0.3648334474619596,0.5972973414582314
427.1585677314273,429.7206902264995,507.0387648765587,-562.5875155881755,818.6098677742085,206.85835465548743,4.622104578656341,891.3192071739982
-0.0002050688559665,0.0010409917800602,-10566.555532027012,17839.013608484547,17979.61584322926,-4398.649833424983,-186.8980649722313,418.11072118783625
176.11285672410992,512.0094347564255,-1283.433582892401,-2259.501257075854,-2542.866345572386,-1000.1292662040776,-2168.2385979105693,1281.1722677898454
254.75178190639105,54.23174868472095,1266.9475304821258,4654.684365927388,-1307.9916862663024,8093.094174171503,1103.8059288456045,22.98671053555429
14.49427181038497,32.181083272825425,19.040394872700062,24.597784751886564,29.612988891394,25.56268573951416,23.12141959054499,21.99415874609825
39.22626431843683,66.26966843723613,61.55046353543692,37.54834652615771,61.50540848992819,23.85127318274552,61.22197397783202,42.60030433215945
399.56858398578606,550.0180525469535,516.9805825798808,761.0438715230075,444.40012849127663,708.0857117436558,635.3372027189334,370.6820956307149
0.639964971238497,1.7234327074611064,1.0051544724049166,1.421687466360657,1.950479282888447,0.4422519382776719,3.324721482426251,1.457457922035456
431.1438137750477,235.43299451840903,234.77783262005727,287.8248981670331,690.7624549133145,969.984112439659,651.1718011639829,-395.46798800953945
0.0007017805450647,0.0002965864377675,14279.165006947984,16639.452674964516,21465.1254616943,4214.118293890517,-1236.0937806196823,-22.124983406404723
246.46766961992373,710.3587468013588,367.3785899671903,-642.4670247061734,-541.8657073210247,11344.086096560535,1402.402098190083,1382.0953585014322
-266.97854567576337,-62.730868162395126,1925.440921846261,1655.4592739022517,751.9907082366999,-65.28478963777707,-789.236143924317,-776.5450197296205
24.183993905381744,27.46929968748033,33.44846492093745,37.14077115871461,37.832798081425736,33.2536544342226,35.31945564797485,29.47483312319829
38.50943336551597,89.72539551013419,60.62666357289862,53.1316522851346,77.92524573901815,47.78500191608478,42.4828570377486,31.66916496990873
518.5391292792863,443.5314769667577,390.942937476292,444.9326310155756,559.6999314684896,570.4563448887101,266.9820732021448,569.5932564466588
1.0565332275739605,0.3130499187591875,-0.2385758373795732,1.4871518864393618,1.4709134748340575,0.600360509639192,1.2402065337345494,-0.405388624536398
317.764562155131,326.0119055782333,-655.5619676200206,-381.84211044909534,16.338279077017035,1160.5329034717224,674.2314296330023,223.23652708224685
0.0011191130091501,-0.000823659832186,-3885.46270739341,14644.76177234678,18145.53615175419,16650.70634987525,22202.22473566335,978.1075001939024
-548.7208789387377,374.62897771600217,-2350.7657237672865,953.3944233301856,1356.562142999788,1338.757903315272,-2620.485304770238,1168.5349421871729
-100.40633053534916,225.0741139513169,235.63085876689564,-2043.756362346812,2109.11494158128,-1214.2616190769436,477.6102616543196,773.2937035538374
31.586541174922537,19.768488905726493,37.82924550199124,30.20630298525252,24.17176870848,20.59003713507736,24.94975753573557,14.463428639282224
54.09317293288321,85.17516187536444,90.2143889767946,33.923012981358,71.63367418985077,88.47445182613427,79.9074692568705,63.79594279030681
453.5403701388559,337.2822174939754,530.2988659231678,728.3183081549648,491.7264591868337,462.1545670188027,380.7736412205679,523.5984502335097
0.8492407744389336,0.2945301328589951,-1.0235544390939328,-0.6982208559947172,2.228616338616571,2.7238056729941658,0.3648334474619596,0.5972973414582314
427.1585677314273,429.7206902264995,507.0387648765587,-562.5875155881755,818.6098677742085,206.85835465548743,4.622104578656341,891.3192071739982
-0.0002050688559665,0.0010409917800602,-10566.555532027012,17839.013608484547,17979.61584322926,-4398.649833424983,-186.8980649722313,418.11072118783625
176.11285672410992,512.0094347564255,-1283.433582892401,-2259.501257075854,-2542.866345572386,-1000.1292662040776,-2168.2385979105693,1281.1722677898454
254.75178190639105,54.23174868472095,1266.9475304821258,4654.684365927388,-1307.9916862663024,8093.094174171503,1103.8059288456045,22.98671053555429
14.49427181038497,32.181083272825425,19.040394872700062,24.597784751886564,29.612988891394,25.56268573951416,23.12141959054499,21.99415874609825
39.22626431843683,66.26966843723613,61.55046353543692,37.54834652615771,61.50540848992819,23.85127318274552,61.22197397783202,42.60030433215945
399.56858398578606,550.0180525469535,516.9805825798808,761.0438715230075,444.40012849127663,708.0857117436558,635.3372027189334,370.6820956307149
0.639964971238497,1.7234327074611064,1.0051544724049166,1.421687466360657,1.950479282888447,0.4422519382776719,3.324721482426251,1.457457922035456
431.1438137750477,235.43299451840903,234.77783262005727,287.8248981670331,690.7624549133145,969.984112439659,651.1718011639829,-395.46798800953945
0.0007017805450647,0.0002965864377675,14279.165006947984,16639.452674964516,21465.1254616943,4214.118293890517,-1236.0937806196823,-22.124983406404723
246.46766961992373,710.3587468013588,367.3785899671903,-642.4670247061734,-541.8657073210247,11344.086096560535,1402.402098190083,1382.0953585014322
-266.97854567576337,-62.730868162395126,1925.440921846261,1655.4592739022517,751.9907082366999,-65.28478963777707,-789.236143924317,-776.5450197296205
24.183993905381744,27.46929968748033,33.44846492093745,37.14077115871461,37.832798081425736,33.2536544342226,35.31945564797485,29.47483312319829
38.50943336551597,89.72539551013419,60.62666357289862,53.1316522851346,77.92524573901815,47.78500191608478,42.4828570377486,31.66916496990873
518.5391292792863,443.5314769667577,390.942937476292,444.9326310155756,559.6999314684896,570.4563448887101,266.9820732021448,569.5932564466588
1.0565332275739605,0.3130499187591875,-0.2385758373795732,1.4871518864393618,1.4709134748340575,0.600360509639192,1.2402065337345494,-0.405388624536398
317.764562155131,326.0119055782333,-655.5619676200206,-381.84211044909534,16.338279077017035,1160.5329034717224,674.2314296330023,223.23652708224685
0.0011191130091501,-0.000823659832186,-3885.46270739341,14644.76177234678,18145.53615175419,16650.70634987525,22202.22473566335,978.1075001939024
-548.7208789387377,374.62897771600217,-2350.7657237672865,953.3944233301856,1356.562142999788,1338.757903315272,-2620.485304770238,1168.5349421871729
-100.40633053534916,225.0741139513169,235.63085876689564,-2043.756362346812,2109.11494158128,-1214.2616190769436,477.6102616543196,773.2937035538374
31.586541174922537,19.768488905726493,37.82924550199124,30.20630298525252,24.17176870848,20.59003713507736,24.94975753573557,14.463428639282224
54.09317293288321,85.17516187536444,90.2143889767946,33.923012981358,71.63367418985077,88.47445182613427,79.9074692568705,63.79594279030681
453.5403701388559,337.2822174939754,530.2988659231678,728.3183081549648,491.7264591868337,462.1545670188027,380.7736412205679,523.5984502335097
0.8492407744389336,0.2945301328589951,-1.0235544390939328,-0.6982208559947172,2.228616338616571,2.7238056729941658,0.3648334474619596,0.5972973414582314
427.1585677314273,429.7206902264995,507.0387648765587,-562.5875155881755,818.6098677742085,206.85835465548743,4.622104578656341,891.3192071739982
-0.0002050688559665,0.0010409917800602,-10566.555532027012,17839.013608484547,17979.61584322926,-4398.649833424983,-186.8980649722313,418.11072118783625
176.11285672410992,512.0094347564255,-1283.433582892401,-2259.501257075854,-2542.866345572386,-1000.1292662040776,-2168.2385979105693,1281.1722677898454
254.75178190639105,54.23174868472095,1266.9475304821258,4654.684365927388,-1307.9916862663024,8093.094174171503,1103.8059288456045,22.98671053555429
14.49427181038497,32.181083272825425,19.040394872700062,24.597784751886564,29.612988891394,25.56268573951416,23.12141959054499,21.99415874609825
39.22626431843683,66.26966843723613,61.55046353543692,37.54834652615771,61.50540848992819,23.85127318274552,61.22197397783202,42.60030433215945
399.56858398578606,550.0180525469535,516.9805825798808,761.0438715230075,444.40012849127663,708.0857117436558,635.3372027189334,370.6820956307149
0.639964971238497,1.7234327074611064,1.0051544724049166,1.421687466360657,1.950479282888447,0.4422519382776719,3.324721482426251,1.457457922035456
431.1438137750477,235.43299451840903,234.77783262005727,287.8248981670331,690.7624549133145,969.984112439659,651.1718011639829,-395.46798800953945
0.0007017805450647,0.0002965864377675,14279.165006947984,16639.452674964516,21465.1254616943,4214.118293890517,-1236.0937806196823,-22.124983406404723
246.46766961992373,710.3587468013588,367.3785899671903,-642.4670247061734,-541.8657073210247,11344.086096560535,1402.402098190083,1382.0953585014322
-266.97854567576337,-62.730868162395126,1925.440921846261,1655.4592739022517,751.9907082366999,-65.28478963777707,-789.236143924317,-776.5450197296205
24.183993905381744,27.46929968748033,33.44846492093745,37.14077115871461,37.832798081425736,33.2536544342226,35.31945564797485,29.47483312319829
38.50943336551597,89.72539551013419,60.62666357289862,53.1316522851346,77.92524573901815,47.78500191608478,42.4828570377486,31.66916496990873
518.5391292792863,443.5314769667577,390.942937476292,444.9326310155756,559.6999314684896,570.4563448887101,266.9820732021448,569.5932564466588
1.0565332275739605,0.3130499187591875,-0.2385758373795732,1.4871518864393618,1.4709134748340575,0.600360509639192,1.2402065337345494,-0.405388624536398
317.764562155131,326.0119055782333,-655.5619676200206,-381.84211044909534,16.338279077017035,1160.5329034717224,674.2314296330023,223.23652708224685
0.0011191130091501,-0.000823659832186,-3885.46270739341,14644.76177234678,18145.53615175419,16650.70634987525,22202.22473566335,978.1075001939024
-548.7208789387377,374.62897771600217,-2350.7657237672865,953.3944233301856,1356.562142999788,1338.757903315272,-2620.485304770238,1168.5349421871729
-100.40633053534916,225.0741139513169,235.63085876689564,-2043.756362346812,2109.11494158128,-1214.2616190769436,477.6102616543196,773.2937035538374
31.586541174922537,19.768488905726493,37.82924550199124,30.20630298525252,24.17176870848,20.59003713507736,24.94975753573557,14.463428639282224
54.09317293288321,85.17516187536444,90.2143889767946,33.923012981358,71.63367418985077,88.47445182613427,79.9074692568705,63.79594279030681
453.5403701388559,337.2822174939754,530.2988659231678,728.3183081549648,491.7264591868337,462.1545670188027,380.7736412205679,523.5984502335097
0.8492407744389336,0.2945301328589951,-1.0235544390939328,-0.6982208559947172,2.228616338616571,2.7238056729941658,0.3648334474619596,0.5972973414582314
427.1585677314273,429.7206902264995,507.0387648765587,-562.5875155881755,818.6098677742085,206.85835465548743,4.622104578656341,891.3192071739982
-0.0002050688559665,0.0010409917800602,-10566.555532027012,17839.013608484547,17979.61584322926,-4398.649833424983,-186.8980649722313,418.11072118783625
176.11285672410992,512.0094347564255,-1283.433582892401,-2259.501257075854,-2542.866345572386,-1000.1292662040776,-2168.2385979105693,1281.1722677898454
254.75178190639105,54.23174868472095,1266.9475304821258,4654.684365927388,-1307.9916862663024,8093.094174171503,1103.8059288456045,22.98671053555429
14.49427181038497,32.181083272825425,19.040394872700062,24.597784751886564,29.612988891394,25.56268573951416,23.12141959054499,21.99415874609825
39.22626431843683,66.26966843723613,61.55046353543692,37.54834652615771,61.50540848992819,23.85127318274552,61.22197397783202,42.60030433215945
399.56858398578606,550.0180525469535,516.9805825798808,761.0438715230075,444.40012849127663,708.0857117436558,635.3372027189334,370.6820956307149
0.639964971238497,1.7234327074611064,1.0051544724049166,1.421687466360657,1.950479282888447,0.4422519382776719,3.324721482426251,1.457457922035456
431.1438137750477,235.43299451840903,234.77783262005727,287.8248981670331,690.7624549133145,969.984112439659,651.1718011639829,-395.46798800953945
0.0007017805450647,0.0002965864377675,14279.165006947984,16639.452674964516,21465.1254616943,4214.118293890517,-1236.0937806196823,-22.124983406404723
246.46766961992373,710.3587468013588,367.3785899671903,-642.4670247061734,-541.8657073210247,11344.086096560535,1402.402098190083,1382.0953585014322
-266.97854567576337,-62.730868162395126,1925.440921846261,1655.4592739022517,751.9907082366999,-65.28478963777707,-789.236143924317,-776.5450197296205
24.183993905381744,27.46929968748033,33.44846492093745,37.14077115871461,37.832798081425736,33.2536544342226,35.31945564797485,29.47483312319829
38.50943336551597,89.72539551013419,60.62666357289862,53.1316522851346,77.92524573901815,47.78500191608478,42.4828570377486,31.66916496990873
518.5391292792863,443.5314769667577,390.942937476292,444.9326310155756,559.6999314684896,570.4563448887101,266.9820732021448,569.5932564466588
1.0565332275739605,0.3130499187591875,-0.2385758373795732,1.4871518864393618,1.4709134748340575,0.600360509639192,1.2402065337345494,-0.405388624536398
317.764562155131,326.0119055782333,-655.5619676200206,-381.84211044909534,16.338279077017035,1160.5329034717224,674.2314296330023,223.23652708224685
0.0011191130091501,-0.000823659832186,-3885.46270739341,14644.76177234678,18145.53615175419,16650.70634987525,22202.22473566335,978.1075001939024
-548.7208789387377,374.62897771600217,-2350.7657237672865,953.3944233301856,1356.562142999788,1338.757903315272,-2620.485304770238,1168.5349421871729
-100.40633053534916,225.0741139513169,235.63085876689564,-2043.756362346812,2109.11494158128,-1214.2616190769436,477.6102616543196,773.2937035538374
31.586541174922537,19.768488905726493,37.82924550199124,30.20630298525252,24.17176870848,20.59003713507736,24.94975753573557,14.463428639282224
54.09317293288321,85.17516187536444,90.2143889767946,33.923012981358,71.63367418985077,88.47445182613427,79.9074692568705,63.79594279030681
453.5403701388559,337.2822174939754,530.2988659231678,728.3183081549648,491.7264591868337,462.1545670188027,380.7736412205679,523.5984502335097
0.8492407744389336,0.2945301328589951,-1.0235544390939328,-0.6982208559947172,2.228616338616571,2.7238056729941658,0.3648334474619596,0.5972973414582314
427.1585677314273,429.7206902264995,507.0387648765587,-562.5875155881755,818.6098677742085,206.85835465548743,4.622104578656341,891.3192071739982
-0.0002050688559665,0.0010409917800602,-10566.555532027012,17839.013608484547,17979.61584322926,-4398.649833424983,-186.8980649722313,418.11072118783625
176.11285672410992,512.0094347564255,-1283.433582892401,-2259.501257075854,-2542.866345572386,-1000.1292662040776,-2168.2385979105693,1281.1722677898454
254.75178190639105,54.23174868472095,1266.9475304821258,4654.684365927388,-1307.9916862663024,8093.094174171503,1103.8059288456045,22.98671053555429
14.49427181038497,32.181083272825425,19.040394872700062,24.597784751886564,29.612988891394,25.56268573951416,23.12141959054499,21.99415874609825
39.22626431843683,66.26966843723613,61.55046353543692,37.54834652615771,61.50540848992819,23.85127318274552,61.22197397783202,42.60030433215945
399.56858398578606,550.0180525469535,516.9805825798808,761.0438715230075,444.40012849127663,708.0857117436558,635.3372027189334,370.6820956307149
0.639964971238497,1.7234327074611064,1.0051544724049166,1.421687466360657,1.950479282888447,0.4422519382776719,3.324721482426251,1.457457922035456
431.1438137750477,235.43299451840903,234.77783262005727,287.8248981670331,690.7624549133145,969.984112439659,651.1718011639829,-395.46798800953945
0.0007017805450647,0.0002965864377675,14279.165006947984,16639.452674964516,21465.1254616943,4214.118293890517,-1236.0937806196823,-22.124983406404723
246.46766961992373,710.3587468013588,367.3785899671903,-642.4670247061734,-541.8657073210247,11344.086096560535,1402.402098190083,1382.0953585014322
-266.97854567576337,-62.730868162395126,1925.440921846261,1655.4592739022517,751.9907082366999,-65.28478963777707,-789.236143924317,-776.5450197296205
24.183993905381744,27.46929968748033,33.44846492093745,37.14077115871461,37.832798081425736,33.2536544342226,35.31945564797485,29.47483312319829
38.50943336551597,89.72539551013419,60.62666357289862,53.1316522851346,77.92524573901815,47.78500191608478,42.4828570377486,31.66916496990873
518.5391292792863,443.5314769667577,390.942937476292,444.9326310155756,559.6999314684896,570.4563448887101,266.9820732021448,569.5932564466588
1.0565332275739605,0.3130499187591875,-0.2385758373795732,1.4871518864393618,1.4709134748340575,0.600360509639192,1.2402065337345494,-0.405388624536398
317.764562155131,326.0119055782333,-655.5619676200206,-381.84211044909534,16.338279077017035,1160.5329034717224,674.2314296330023,223.23652708224685
0.0011191130091501,-0.000823659832186,-3885.46270739341,14644.76177234678,18145.53615175419,16650.70634987525,22202.22473566335,978.1075001939024
-548.7208789387377,374.62897771600217,-2350.7657237672865,953.3944233301856,1356.562142999788,1338.757903315272,-2620.485304770238,1168.5349421871729
-100.40633053534916,225.0741139513169,235.63085876689564,-2043.756362346812,2109.11494158128,-1214.2616190769436,477.6102616543196,773.2937035538374
31.586541174922537,19.768488905726493,37.82924550199124,30.20630298525252,24.17176870848,20.59003713507736,24.94975753573557,14.463428639282224
54.09317293288321,85.17516187536444,90.2143889767946,33.923012981358,71.63367418985077,88.47445182613427,79.9074692568705,63.79594279030681
453.5403701388559,337.2822174939754,530.2988659231678,728.3183081549648,491.7264591868337,462.1545670188027,380.7736412205679,523.5984502335097
0.8492407744389336,0.2945301328589951,-1.0235544390939328,-0.6982208559947172,2.228616338616571,2.7238056729941658,0.3648334474619596,0.5972973414582314
427.1585677314273,429.7206902264995,507.0387648765587,-562.5875155881755,818.6098677742085,206.85835465548743,4.622104578656341,891.3192071739982
-0.0002050688559665,0.0010409917800602,-10566.555532027012,17839.013608484547,17979.61584322926,-4398.649833424983,-186.8980649722313,418.11072118783625
176.11285672410992,512.0094347564255,-1283.433582892401,-2259.501257075854,-2542.866345572386,-1000.1292662040776,-2168.2385979105693,1281.1722677898454
254.75178190639105,54.23174868472095,1266.9475304821258,4654.684365927388,-1307.9916862663024,8093.094174171503,1103.8059288456045,22.98671053555429
14.49427181038497,32.181083272825425,19.040394872700062,24.597784751886564,29.612988891394,25.56268573951416,23.12141959054499,21.99415874609825
39.22626431843683,66.26966843723613,61.55046353543692,37.54834652615771,61.50540848992819,23.85127318274552,61.22197397783202,42.60030433215945
399.56858398578606,550.0180525469535,516.9805825798808,761.0438715230075,444.40012849127663,708.0857117436558,635.3372027189334,370.6820956307149
0.639964971238497,1.7234327074611064,1.0051544724049166,1.421687466360657,1.950479282888447,0.4422519382776719,3.324721482426251,1.457457922035456
431.1438137750477,235.43299451840903,234.77783262005727,287.8248981670331,690.7624549133145,969.984112439659,651.1718011639829,-395.46798800953945
0.0007017805450647,0.0002965864377675,14279.165006947984,16639.452674964516,21465.1254616943,4214.118293890517,-1236.0937806196823,-22.124983406404723
246.46766961992373,710.3587468013588,367.3785899671903,-642.4670247061734,-541.8657073210247,11344.086096560535,1402.402098190083,1382.0953585014322
-266.97854567576337,-62.730868162395126,1925.440921846261,1655.4592739022517,751.9907082366999,-65.28478963777707,-789.236143924317,-776.5450197296205
24.183993905381744,27.46929968748033,33.44846492093745,37.14077115871461,37.832798081425736,33.2536544342226,35.31945564797485,29.47483312319829
38.50943336551597,89.72539551013419,60.62666357289862,53.1316522851346,77.92524573901815,47.78500191608478,42.4828570377486,31.66916496990873
518.5391292792863,443.5314769667577,390.942937476292,444.9326310155756,559.6999314684896,570.4563448887101,266.9820732021448,569.5932564466588
1.0565332275739605,0.3130499187591875,-0.2385758373795732,1.4871518864393618,1.4709134748340575,0.600360509639192,1.2402065337345494,-0.405388624536398
317.764562155131,326.0119055782333,-655.5619676200206,-381.84211044909534,16.338279077017035,1160.5329034717224,674.2314296330023,223.23652708224685
0.0011191130091501,-0.000823659832186,-3885.46270739341,14644.76177234678,18145.53615175419,16650.70634987525,22202.22473566335,978.1075001939024
-548.7208789387377,374.62897771600217,-2350.7657237672865,953.3944233301856,1356.562142999788,1338.757903315272,-2620.485304770238,1168.5349421871729
-100.40633053534916,225.0741139513169,235.63085876689564,-2043.756362346812,2109.11494158128,-1214.2616190769436,477.6102616543196,773.2937035538374
31.586541174922537,19.768488905726493,37.82924550199124,30.20630298525252,24.17176870848,20.59003713507736,24.94975753573557,14.463428639282224
54.09317293288321,85.17516187536444,90.2143889767946,33.923012981358,71.63367418985077,88.47445182613427,79.9074692568705,63.79594279030681
453.5403701388559,337.2822174939754,530.2988659231678,728.3183081549648,491.7264591868337,462.1545670188027,380.7736412205679,523.5984502335097
0.8492407744389336,0.2945301328589951,-1.0235544390939328,-0.6982208559947172,2.228616338616571,2.7238056729941658,0.3648334474619596,0.5972973414582314
427.1585677314273,429.7206902264995,507.0387648765587,-562.5875155881755,818.6098677742085,206.85835465548743,4.622104578656341,891.3192071739982
-0.0002050688559665,0.0010409917800602,-10566.555532027012,17839.013608484547,17979.61584322926,-4398.649833424983,-186.8980649722313,418.11072118783625
176.11285672410992,512.0094347564255,-1283.433582892401,-2259.501257075854,-2542.866345572386,-1000.1292662040776,-2168.2385979105693,1281.1722677898454
254.75178190639105,54.23174868472095,1266.9475304821258,4654.684365927388,-1307.9916862663024,8093.094174171503,1103.8059288456045,22.98671053555429
14.49427181038497,32.181083272825425,19.040394872700062,24.597784751886564,29.612988891394,25.56268573951416,23.12141959054499,21.99415874609825
39.22626431843683,66.26966843723613,61.55046353543692,37.54834652615771,61.50540848992819,23.85127318274552,61.22197397783202,42.60030433215945
399.56858398578606,550.0180525469535,516.9805825798808,761.0438715230075,444.40012849127663,708.0857117436558,635.3372027189334,370.6820956307149
0.639964971238497,1.7234327074611064,1.0051544724049166,1.421687466360657,1.950479282888447,0.4422519382776719,3.324721482426251,1.457457922035456
431.1438137750477,235.43299451840903,234.77783262005727,287.8248981670331,690.7624549133145,969.984112439659,651.1718011639829,-395.46798800953945
0.0007017805450647,0.0002965864377675,14279.165006947984,16639.452674964516,21465.1254616943,4214.118293890517,-1236.0937806196823,-22.124983406404723
246.46766961992373,710.3587468013588,367.3785899671903,-642.4670247061734,-541.8657073210247,11344.086096560535,1402.402098190083,1382.0953585014322
-266.97854567576337,-62.730868162395126,1925.440921846261,1655.4592739022517,751.9907082366999,-65.28478963777707,-789.236143924317,-776.5450197296205
24.183993905381744,27.46929968748033,33.44846492093745,37.14077115871461,37.832798081425736,33.2536544342226,35.31945564797485,29.47483312319829
38.50943336551597,89.72539551013419,60.62666357289862,53.1316522851346,77.92524573901815,47.78500191608478,42.4828570377486,31.66916496990873
518.5391292792863,443.5314769667577,390.942937476292,444.9326310155756,559.6999314684896,570.4563448887101,266.9820732021448,569.5932564466588
1.0565332275739605,0.3130499187591875,-0.2385758373795732,1.4871518864393618,1.4709134748340575,0.600360509639192,1.2402065337345494,-0.405388624536398
317.764562155131,326.0119055782333,-655.5619676200206,-381.84211044909534,16.338279077017035,1160.5329034717224,674.2314296330023,223.23652708224685
0.0011191130091501,-0.000823659832186,-3885.46270739341,14644.76177234678,18145.53615175419,16650.70634987525,22202.22473566335,978.1075001939024
-548.7208789387377,374.62897771600217,-2350.7657237672865,953.3944233301856,1356.562142999788,1338.757903315272,-2620.485304770238,1168.5349421871729
-100.40633053534916,225.0741139513169,235.63085876689564,-2043.756362346812,2109.11494158128,-1214.2616190769436,477.6102616543196,773.2937035538374
31.586541174922537,19.768488905726493,37.82924550199124,30.20630298525252,24.17176870848,20.59003713507736,24.94975753573557,14.463428639282224
54.09317293288321,85.17516187536444,90.2143889767946,33.923012981358,71.63367418985077,88.47445182613427,79.9074692568705,63.79594279030681
453.5403701388559,337.2822174939754,530.2988659231678,728.3183081549648,491.7264591868337,462.1545670188027,380.7736412205679,523.5984502335097
0.8492407744389336,0.2945301328589951,-1.0235544390939328,-0.6982208559947172,2.228616338616571,2.7238056729941658,0.3648334474619596,0.5972973414582314
427.1585677314273,429.7206902264995,507.0387648765587,-562.5875155881755,818.6098677742085,206.85835465548743,4.622104578656341,891.3192071739982
-0.0002050688559665,0.0010409917800602,-10566.555532027012,17839.013608484547,17979.61584322926,-4398.649833424983,-186.8980649722313,418.11072118783625
176.11285672410992,512.0094347564255,-1283.433582892401,-2259.501257075854,-2542.866345572386,-1000.1292662040776,-2168.2385979105693,1281.1722677898454
254.75178190639105,54.23174868472095,1266.9475304821258,4654.684365927388,-1307.9916862663024,8093.094174171503,1103.8059288456045,22.98671053555429
14.49427181038497,32.181083272825425,19.040394872700062,24.597784751886564,29.612988891394,25.56268573951416,23.12141959054499,21.99415874609825
39.22626431843683,66.26966843723613,61.55046353543692,37.54834652615771,61.50540848992819,23.85127318274552,61.22197397783202,42.60030433215945
399.56858398578606,550.0180525469535,516.9805825798808,761.0438715230075,444.40012849127663,708.0857117436558,635.3372027189334,370.6820956307149
0.639964971238497,1.7234327074611064,1.0051544724049166,1.421687466360657,1.950479282888447,0.4422519382776719,3.324721482426251,1.457457922035456
431.1438137750477,235.43299451840903,234.77783262005727,287.8248981670331,690.7624549133145,969.984112439659,651.1718011639829,-395.46798800953945
0.0007017805450647,0.0002965864377675,14279.165006947984,16639.452674964516,21465.1254616943,4214.118293890517,-1236.0937806196823,-22.124983406404723
246.46766961992373,710.3587468013588,367.3785899671903,-642.4670247061734,-541.8657073210247,11344.086096560535,1402.402098190083,1382.0953585014322
-266.97854567576337,-62.730868162395126,1925.440921846261,1655.4592739022517,751.9907082366999,-65.28478963777707,-789.236143924317,-776.5450197296205
24.183993905381744,27.46929968748033,33.44846492093745,37.14077115871461,37.832798081425736,33.2536544342226,35.31945564797485,29.47483312319829
38.50943336551597,89.72539551013419,60.62666357289862,53.1316522851346,77.92524573901815,47.78500191608478,42.4828570377486,31.66916496990873
518.5391292792863,443.5314769667577,390.942937476292,444.9326310155756,559.6999314684896,570.4563448887101,266.9820732021448,569.5932564466588
1.0565332275739605,0.3130499187591875,-0.2385758373795732,1.4871518864393618,1.4709134748340575,0.600360509639192,1.2402065337345494,-0.405388624536398
317.764562155131,326.0119055782333,-655.5619676200206,-381.84211044909534,16.338279077017035,1160.5329034717224,674.2314296330023,223.23652708224685
0.0011191130091501,-0.000823659832186,-3885.46270739341,14644.76177234678,18145.53615175419,16650.70634987525,22202.22473566335,978.1075001939024
-548.7208789387377,374.62897771600217,-2350.7657237672865,953.3944233301856,1356.562142999788,1338.757903315272,-2620.485304770238,1168.5349421871729
-100.40633053534916,225.0741139513169,235.63085876689564,-2043.756362346812,2109.11494158128,-1214.2616190769436,477.6102616543196,773.2937035538374
31.586541174922537,19.768488905726493,37.82924550199124,30.20630298525252,24.17176870848,20.59003713507736,24.94975753573557,14.463428639282224
54.09317293288321,85.17516187536444,90.2143889767946,33.923012981358,71.63367418985077,88.47445182613427,79.9074692568705,63.79594279030681
453.5403701388559,337.2822174939754,530.2988659231678,728.3183081549648,491.7264591868337,462.1545670188027,380.7736412205679,523.5984502335097
0.8492407744389336,0.2945301328589951,-1.0235544390939328,-0.6982208559947172,2.228616338616571,2.7238056729941658,0.3648334474619596,0.5972973414582314
427.1585677314273,429.7206902264995,507.0387648765587,-562.5875155881755,818.6098677742085,206.85835465548743,4.622104578656341,891.3192071739982
-0.0002050688559665,0.0010409917800602,-10566.555532027012,17839.013608484547,17979.61584322926,-4398.649833424983,-186.8980649722313,418.11072118783625
176.11285672410992,512.0094347564255,-1283.433582892401,-2259.501257075854,-2542.866345572386,-1000.1292662040776,-2168.2385979105693,1281.1722677898454
254.75178190639105,54.23174868472095,1266.9475304821258,4654.684365927388,-1307.9916862663024,8093.094174171503,1103.8059288456045,22.98671053555429
14.49427181038497,32.181083272825425,19.040394872700062,24.597784751886564,29.612988891394,25.56268573951416,23.12141959054499,21.99415874609825
39.22626431843683,66.26966843723613,61.55046353543692,37.54834652615771,61.50540848992819,23.85127318274552,61.22197397783202,42.60030433215945
399.56858398578606,550.0180525469535,516.9805825798808,761.0438715230075,444.40012849127663,708.0857117436558,635.3372027189334,370.6820956307149
0.639964971238497,1.7234327074611064,1.0051544724049166,1.421687466360657,1.950479282888447,0.4422519382776719,3.324721482426251,1.457457922035456
431.1438137750477,235.43299451840903,234.77783262005727,287.8248981670331,690.7624549133145,969.984112439659,651.1718011639829,-395.46798800953945
0.0007017805450647,0.0002965864377675,14279.165006947984,16639.452674964516,21465.1254616943,4214.118293890517,-1236.0937806196823,-22.124983406404723
246.46766961992373,710.3587468013588,367.3785899671903,-642.4670247061734,-541.8657073210247,11344.086096560535,1402.402098190083,1382.0953585014322
-266.97854567576337,-62.730868162395126,1925.440921846261,1655.4592739022517,751.9907082366999,-65.28478963777707,-789.236143924317,-776.5450197296205
24.183993905381744,27.46929968748033,33.44846492093745,37.14077115871461,37.832798081425736,33.2536544342226,35.31945564797485,29.47483312319829
38.50943336551597,89.72539551013419,60.62666357289862,53.1316522851346,77.92524573901815,47.78500191608478,42.4828570377486,31.66916496990873
518.5391292792863,443.5314769667577,390.942937476292,444.9326310155756,559.6999314684896,570.4563448887101,266.9820732021448,569.5932564466588
1.0565332275739605,0.3130499187591875,-0.2385758373795732,1.4871518864393618,1.4709134748340575,0.600360509639192,1.2402065337345494,-0.405388624536398
317.764562155131,326.0119055782333,-655.5619676200206,-381.84211044909534,16.338279077017035,1160.5329034717224,674.2314296330023,223.23652708224685
0.0011191130091501,-0.000823659832186,-3885.46270739341,14644.76177234678,18145.53615175419,16650.70634987525,22202.22473566335,978.1075001939024
-548.7208789387377,374.62897771600217,-2350.7657237672865,953.3944233301856,1356.562142999788,1338.757903315272,-2620.485304770238,1168.5349421871729
-100.40633053534916,225.0741139513169,235.63085876689564,-2043.756362346812,2109.11494158128,-1214.2616190769436,477.6102616543196,773.2937035538374
31.586541174922537,19.768488905726493,37.82924550199124,30.20630298525252,24.17176870848,20.59003713507736,24.94975753573557,14.463428639282224
54.09317293288321,85.17516187536444,90.2143889767946,33.923012981358,71.63367418985077,88.47445182613427,79.9074692568705,63.79594279030681
453.5403701388559,337.2822174939754,530.2988659231678,728.3183081549648,491.7264591868337,462.1545670188027,380.7736412205679,523.5984502335097
0.8492407744389336,0.2945301328589951,-1.0235544390939328,-0.6982208559947172,2.228616338616571,2.7238056729941658,0.3648334474619596,0.5972973414582314
427.1585677314273,429.7206902264995,507.0387648765587,-562.5875155881755,818.6098677742085,206.85835465548743,4.622104578656341,891.3192071739982
-0.0002050688559665,0.0010409917800602,-10566.555532027012,17839.013608484547,17979.61584322926,-4398.649833424983,-186.8980649722313,418.11072118783625
176.11285672410992,512.0094347564255,-1283.433582892401,-2259.501257075854,-2542.866345572386,-1000.1292662040776,-2168.2385979105693,1281.1722677898454
254.75178190639105,54.23174868472095,1266.9475304821258,4654.684365927388,-1307.9916862663024,8093.094174171503,1103.8059288456045,22.98671053555429
14.49427181038497,32.181083272825425,19.040394872700062,24.597784751886564,29.612988891394,25.56268573951416,23.12141959054499,21.99415874609825
39.22626431843683,66.26966843723613,61.55046353543692,37.54834652615771,61.50540848992819,23.85127318274552,61.22197397783202,42.60030433215945
399.56858398578606,550.0180525469535,516.9805825798808,761.0438715230075,444.40012849127663,708.0857117436558,635.3372027189334,370.6820956307149
0.639964971238497,1.7234327074611064,1.0051544724049166,1.421687466360657,1.950479282888447,0.4422519382776719,3.324721482426251,1.457457922035456
431.1438137750477,235.43299451840903,234.77783262005727,287.8248981670331,690.7624549133145,969.984112439659,651.1718011639829,-395.46798800953945
0.0007017805450647,0.0002965864377675,14279.165006947984,16639.452674964516,21465.1254616943,4214.118293890517,-1236.0937806196823,-22.124983406404723
246.46766961992373,710.3587468013588,367.3785899671903,-642.4670247061734,-541.8657073210247,11344.086096560535,1402.402098190083,1382.0953585014322
-266.97854567576337,-62.730868162395126,1925.440921846261,1655.4592739022517,751.9907082366999,-65.28478963777707,-789.236143924317,-776.5450197296205
24.183993905381744,27.46929968748033,33.44846492093745,37.14077115871461,37.832798081425736,33.2536544342226,35.31945564797485,29.47483312319829
38.50943336551597,89.72539551013419,60.62666357289862,53.1316522851346,77.92524573901815,47.78500191608478,42.4828570377486,31.66916496990873
518.5391292792863,443.5314769667577,390.942937476292,444.9326310155756,559.6999314684896,570.4563448887101,266.9820732021448,569.5932564466588
1.0565332275739605,0.3130499187591875,-0.2385758373795732,1.4871518864393618,1.4709134748340575,0.600360509639192,1.2402065337345494,-0.405388624536398
317.764562155131,326.0119055782333,-655.5619676200206,-381.84211044909534,16.338279077017035,1160.5329034717224,674.2314296330023,223.23652708224685
0.0011191130091501,-0.000823659832186,-3885.46270739341,14644.76177234678,18145.53615175419,16650.70634987525,22202.22473566335,978.1075001939024
-548.7208789387377,374.62897771600217,-2350.7657237672865,953.3944233301856,1356.562142999788,1338.757903315272,-2620.485304770238,1168.5349421871729
-100.40633053534916,225.0741139513169,235.63085876689564,-2043.756362346812,2109.11494158128,-1214.2616190769436,477.6102616543196,773.2937035538374
31.586541174922537,19.768488905726493,37.82924550199124,30.20630298525252,24.17176870848,20.59003713507736,24.94975753573557,14.463428639282224
54.09317293288321,85.17516187536444,90.2143889767946,33.923012981358,71.63367418985077,88.47445182613427,79.9074692568705,63.79594279030681
453.5403701388559,337.2822174939754,530.2988659231678,728.3183081549648,491.7264591868337,462.1545670188027,380.7736412205679,523.5984502335097
0.8492407744389336,0.2945301328589951,-1.0235544390939328,-0.6982208559947172,2.228616338616571,2.7238056729941658,0.3648334474619596,0.5972973414582314
427.1585677314273,429.7206902264995,507.0387648765587,-562.5875155881755,818.6098677742085,206.85835465548743,4.622104578656341,891.3192071739982
-0.0002050688559665,0.0010409917800602,-10566.555532027012,17839.013608484547,17979.61584322926,-4398.649833424983,-186.8980649722313,418.11072118783625
176.11285672410992,512.0094347564255,-1283.433582892401,-2259.501257075854,-2542.866345572386,-1000.1292662040776,-2168.2385979105693,1281.1722677898454
254.75178190639105,54.23174868472095,1266.9475304821258,4654.684365927388,-1307.9916862663024,8093.094174171503,1103.8059288456045,22.98671053555429
14.49427181038497,32.181083272825425,19.040394872700062,24.597784751886564,29.612988891394,25.56268573951416,23.12141959054499,21.99415874609825
39.22626431843683,66.26966843723613,61.55046353543692,37.54834652615771,61.50540848992819,23.85127318274552,61.22197397783202,42.60030433215945
399.56858398578606,550.0180525469535,516.9805825798808,761.0438715230075,444.40012849127663,708.0857117436558,635.3372027189334,370.6820956307149
0.639964971238497,1.7234327074611064,1.0051544724049166,1.421687466360657,1.950479282888447,0.4422519382776719,3.324721482426251,1.457457922035456
431.1438137750477,235.43299451840903,234.77783262005727,287.8248981670331,690.7624549133145,969.984112439659,651.1718011639829,-395.46798800953945
0.0007017805450647,0.0002965864377675,14279.165006947984,16639.452674964516,21465.1254616943,4214.118293890517,-1236.0937806196823,-22.124983406404723
246.46766961992373,710.3587468013588,367.3785899671903,-642.4670247061734,-541.8657073210247,11344.086096560535,1402.402098190083,1382.0953585014322
-266.97854567576337,-62.730868162395126,1925.440921846261,1655.4592739022517,751.9907082366999,-65.28478963777707,-789.236143924317,-776.5450197296205
24.183993905381744,27.46929968748033,33.44846492093745,37.14077115871461,37.832798081425736,33.2536544342226,35.31945564797485,29.47483312319829
38.50943336551597,89.72539551013419,60.62666357289862,53.1316522851346,77.92524573901815,47.78500191608478,42.4828570377486,31.66916496990873
518.5391292792863,443.5314769667577,390.942937476292,444.9326310155756,559.6999314684896,570.4563448887101,266.9820732021448,569.5932564466588
1.0565332275739605,0.3130499187591875,-0.2385758373795732,1.4871518864393618,1.4709134748340575,0.600360509639192,1.2402065337345494,-0.405388624536398
317.764562155131,326.0119055782333,-655.5619676200206,-381.84211044909534,16.338279077017035,1160.5329034717224,674.2314296330023,223.23652708224685
0.0011191130091501,-0.000823659832186,-3885.46270739341,14644.76177234678,18145.53615175419,16650.70634987525,22202.22473566335,978.1075001939024
-548.7208789387377,374.62897771600217,-2350.7657237672865,953.3944233301856,1356.562142999788,1338.757903315272,-2620.485304770238,1168.5349421871729
-100.40633053534916,225.0741139513169,235.63085876689564,-2043.756362346812,2109.11494158128,-1214.2616190769436,477.6102616543196,773.2937035538374
31.586541174922537,19.768488905726493,37.82924550199124,30.20630298525252,24.17176870848,20.59003713507736,24.94975753573557,14.463428639282224
54.09317293288321,85.17516187536444,90.2143889767946,33.923012981358,71.63367418985077,88.47445182613427,79.9074692568705,63.79594279030681
453.5403701388559,337.2822174939754,530.2988659231678,728.3183081549648,491.7264591868337,462.1545670188027,380.7736412205679,523.5984502335097
0.8492407744389336,0.2945301328589951,-1.0235544390939328,-0.6982208559947172,2.228616338616571,2.7238056729941658,0.3648334474619596,0.5972973414582314
427.1585677314273,429.7206902264995,507.0387648765587,-562.5875155881755,818.6098677742085,206.85835465548743,4.622104578656341,891.3192071739982
-0.0002050688559665,0.0010409917800602,-10566.555532027012,17839.013608484547,17979.61584322926,-4398.649833424983,-186.8980649722313,418.11072118783625
176.11285672410992,512.0094347564255,-1283.433582892401,-2259.501257075854,-2542.866345572386,-1000.1292662040776,-2168.2385979105693,1281.1722677898454
254.75178190639105,54.23174868472095,1266.9475304821258,4654.684365927388,-1307.9916862663024,8093.094174171503,1103.8059288456045,22.98671053555429
14.49427181038497,32.181083272825425,19.040394872700062,24.597784751886564,29.612988891394,25.56268573951416,23.12141959054499,21.99415874609825
39.22626431843683,66.26966843723613,61.55046353543692,37.54834652615771,61.50540848992819,23.85127318274552,61.22197397783202,42.60030433215945
399.56858398578606,550.0180525469535,516.9805825798808,761.0438715230075,444.40012849127663,708.0857117436558,635.3372027189334,370.6820956307149
0.639964971238497,1.7234327074611064,1.0051544724049166,1.421687466360657,1.950479282888447,0.4422519382776719,3.324721482426251,1.457457922035456
431.1438137750477,235.43299451840903,234.77783262005727,287.8248981670331,690.7624549133145,969.984112439659,651.1718011639829,-395.46798800953945
0.0007017805450647,0.0002965864377675,14279.165006947984,16639.452674964516,21465.1254616943,4214.118293890517,-1236.0937806196823,-22.124983406404723
246.46766961992373,710.3587468013588,367.3785899671903,-642.4670247061734,-541.8657073210247,11344.086096560535,1402.402098190083,1382.0953585014322
-266.97854567576337,-62.730868162395126,1925.440921846261,1655.4592739022517,751.9907082366999,-65.28478963777707,-789.236143924317,-776.5450197296205
24.183993905381744,27.46929968748033,33.44846492093745,37.14077115871461,37.832798081425736,33.2536544342226,35.31945564797485,29.47483312319829
38.50943336551597,89.72539551013419,60.62666357289862,53.1316522851346,77.92524573901815,47.78500191608478,42.4828570377486,31.66916496990873
518.5391292792863,443.5314769667577,390.942937476292,444.9326310155756,559.6999314684896,570.4563448887101,266.9820732021448,569.5932564466588
1.0565332275739605,0.3130499187591875,-0.2385758373795732,1.4871518864393618,1.4709134748340575,0.600360509639192,1.2402065337345494,-0.405388624536398
317.764562155131,326.0119055782333,-655.5619676200206,-381.84211044909534,16.338279077017035,1160.5329034717224,674.2314296330023,223.23652708224685
0.0011191130091501,-0.000823659832186,-3885.46270739341,14644.76177234678,18145.53615175419,16650.70634987525,22202.22473566335,978.1075001939024
-548.7208789387377,374.62897771600217,-2350.7657237672865,953.3944233301856,1356.562142999788,1338.757903315272,-2620.485304770238,1168.5349421871729
-100.40633053534916,225.0741139513169,235.63085876689564,-2043.756362346812,2109.11494158128,-1214.2616190769436,477.6102616543196,773.2937035538374
31.586541174922537,19.768488905726493,37.82924550199124,30.20630298525252,24.17176870848,20.59003713507736,24.94975753573557,14.463428639282224
54.09317293288321,85.17516187536444,90.2143889767946,33.923012981358,71.63367418985077,88.47445182613427,79.9074692568705,63.79594279030681
453.5403701388559,337.2822174939754,530.2988659231678,728.3183081549648,491.7264591868337,462.1545670188027,380.7736412205679,523.5984502335097
0.8492407744389336,0.2945301328589951,-1.0235544390939328,-0.6982208559947172,2.228616338616571,2.7238056729941658,0.3648334474619596,0.5972973414582314
427.1585677314273,429.7206902264995,507.0387648765587,-562.5875155881755,818.6098677742085,206.85835465548743,4.622104578656341,891.3192071739982
-0.0002050688559665,0.0010409917800602,-10566.555532027012,17839.013608484547,17979.61584322926,-4398.649833424983,-186.8980649722313,418.11072118783625
176.11285672410992,512.0094347564255,-1283.433582892401,-2259.501257075854,-2542.866345572386,-1000.1292662040776,-2168.2385979105693,1281.1722677898454
254.75178190639105,54.23174868472095,1266.9475304821258,4654.684365927388,-1307.9916862663024,8093.094174171503,1103.8059288456045,22.98671053555429
14.49427181038497,32.181083272825425,19.040394872700062,24.597784751886564,29.612988891394,25.56268573951416,23.12141959054499,21.99415874609825
39.22626431843683,66.26966843723613,61.55046353543692,37.54834652615771,61.50540848992819,23.85127318274552,61.22197397783202,42.60030433215945
399.56858398578606,550.0180525469535,516.9805825798808,761.0438715230075,444.40012849127663,708.0857117436558,635.3372027189334,370.6820956307149
0.639964971238497,1.7234327074611064,1.0051544724049166,1.421687466360657,1.950479282888447,0.4422519382776719,3.324721482426251,1.457457922035456
431.1438137750477,235.43299451840903,234.77783262005727,287.8248981670331,690.7624549133145,969.984112439659,651.1718011639829,-395.46798800953945
0.0007017805450647,0.0002965864377675,14279.165006947984,16639.452674964516,21465.1254616943,4214.118293890517,-1236.0937806196823,-22.124983406404723
246.46766961992373,710.3587468013588,367.3785899671903,-642.4670247061734,-541.8657073210247,11344.086096560535,1402.402098190083,1382.0953585014322
-266.97854567576337,-62.730868162395126,1925.440921846261,1655.4592739022517,751.9907082366999,-65.28478963777707,-789.236143924317,-776.5450197296205
24.183993905381744,27.46929968748033,33.44846492093745,37.14077115871461,37.832798081425736,33.2536544342226,35.31945564797485,29.47483312319829
38.50943336551597,89.72539551013419,60.62666357289862,53.1316522851346,77.92524573901815,47.78500191608478,42.4828570377486,31.66916496990873
518.5391292792863,443.5314769667577,390.942937476292,444.9326310155756,559.6999314684896,570.4563448887101,266.9820732021448,569.5932564466588
1.0565332275739605,0.3130499187591875,-0.2385758373795732,1.4871518864393618,1.4709134748340575,0.600360509639192,1.2402065337345494,-0.405388624536398
317.764562155131,326.0119055782333,-655.5619676200206,-381.84211044909534,16.338279077017035,1160.5329034717224,674.2314296330023,223.23652708224685
0.0011191130091501,-0.000823659832186,-3885.46270739341,14644.76177234678,18145.53615175419,16650.70634987525,22202.22473566335,978.1075001939024
-548.7208789387377,374.62897771600217,-2350.7657237672865,953.3944233301856,1356.562142999788,1338.757903315272,-2620.485304770238,1168.5349421871729
-100.40633053534916,225.0741139513169,235.63085876689564,-2043.756362346812,2109.11494158128,-1214.2616190769436,477.6102616543196,773.2937035538374
31.586541174922537,19.768488905726493,37.82924550199124,30.20630298525252,24.17176870848,20.59003713507736,24.94975753573557,14.463428639282224
54.09317293288321,85.17516187536444,90.2143889767946,33.923012981358,71.63367418985077,88.47445182613427,79.9074692568705,63.79594279030681
453.5403701388559,337.2822174939754,530.2988659231678,728.3183081549648,491.7264591868337,462.1545670188027,380.7736412205679,523.5984502335097
0.8492407744389336,0.2945301328589951,-1.0235544390939328,-0.6982208559947172,2.228616338616571,2.7238056729941658,0.3648334474619596,0.5972973414582314
427.1585677314273,429.7206902264995,507.0387648765587,-562.5875155881755,818.6098677742085,206.85835465548743,4.622104578656341,891.3192071739982
-0.0002050688559665,0.0010409917800602,-10566.555532027012,17839.013608484547,17979.61584322926,-4398.649833424983,-186.8980649722313,418.11072118783625
176.11285672410992,512.0094347564255,-1283.433582892401,-2259.501257075854,-2542.866345572386,-1000.1292662040776,-2168.2385979105693,1281.1722677898454
254.75178190639105,54.23174868472095,1266.9475304821258,4654.684365927388,-1307.9916862663024,8093.094174171503,1103.8059288456045,22.98671053555429
14.49427181038497,32.181083272825425,19.040394872700062,24.597784751886564,29.612988891394,25.56268573951416,23.12141959054499,21.99415874609825
39.22626431843683,66.26966843723613,61.55046353543692,37.54834652615771,61.50540848992819,23.85127318274552,61.22197397783202,42.60030433215945
399.56858398578606,550.0180525469535,516.9805825798808,761.0438715230075,444.40012849127663,708.0857117436558,635.3372027189334,370.6820956307149
0.639964971238497,1.7234327074611064,1.0051544724049166,1.421687466360657,1.950479282888447,0.4422519382776719,3.324721482426251,1.457457922035456
431.1438137750477,235.43299451840903,234.77783262005727,287.8248981670331,690.7624549133145,969.984112439659,651.1718011639829,-395.46798800953945
0.0007017805450647,0.0002965864377675,14279.165006947984,16639.452674964516,21465.1254616943,4214.118293890517,-1236.0937806196823,-22.124983406404723
246.46766961992373,710.3587468013588,367.3785899671903,-642.4670247061734,-541.8657073210247,11344.086096560535,1402.402098190083,1382.0953585014322
-266.97854567576337,-62.730868162395126,1925.440921846261,1655.4592739022517,751.9907082366999,-65.28478963777707,-789.236143924317,-776.5450197296205
24.183993905381744,27.46929968748033,33.44846492093745,37.14077115871461,37.832798081425736,33.2536544342226,35.31945564797485,29.47483312319829
38.50943336551597,89.72539551013419,60.62666357289862,53.1316522851346,77.92524573901815,47.78500191608478,42.4828570377486,31.66916496990873
518.5391292792863,443.5314769667577,390.942937476292,444.9326310155756,559.6999314684896,570.4563448887101,266.9820732021448,569.5932564466588
1.0565332275739605,0.3130499187591875,-0.2385758373795732,1.4871518864393618,1.4709134748340575,0.600360509639192,1.2402065337345494,-0.405388624536398
317.764562155131,326.0119055782333,-655.5619676200206,-381.84211044909534,16.338279077017035,1160.5329034717224,674.2314296330023,223.23652708224685
0.0011191130091501,-0.000823659832186,-3885.46270739341,14644.76177234678,18145.53615175419,16650.70634987525,22202.22473566335,978.1075001939024
-548.7208789387377,374.62897771600217,-2350.7657237672865,953.3944233301856,1356.562142999788,1338.757903315272,-2620.485304770238,1168.5349421871729
-100.40633053534916,225.0741139513169,235.63085876689564,-2043.756362346812,2109.11494158128,-1214.2616190769436,477.6102616543196,773.2937035538374
31.586541174922537,19.768488905726493,37.82924550199124,30.20630298525252,24.17176870848,20.59003713507736,24.94975753573557,14.463428639282224
54.09317293288321,85.17516187536444,90.2143889767946,33.923012981358,71.63367418985077,88.47445182613427,79.9074692568705,63.79594279030681
453.5403701388559,337.2822174939754,530.2988659231678,728.3183081549648,491.7264591868337,462.1545670188027,380.7736412205679,523.5984502335097
0.8492407744389336,0.2945301328589951,-1.0235544390939328,-0.6982208559947172,2.228616338616571,2.7238056729941658,0.3648334474619596,0.5972973414582314
427.1585677314273,429.7206902264995,507.0387648765587,-562.5875155881755,818.6098677742085,206.85835465548743,4.622104578656341,891.3192071739982
-0.0002050688559665,0.0010409917800602,-10566.555532027012,17839.013608484547,17979.61584322926,-4398.649833424983,-186.8980649722313,418.11072118783625
176.11285672410992,512.0094347564255,-1283.433582892401,-2259.501257075854,-2542.866345572386,-1000.1292662040776,-2168.2385979105693,1281.1722677898454
254.75178190639105,54.23174868472095,1266.9475304821258,4654.684365927388,-1307.9916862663024,8093.094174171503,1103.8059288456045,22.98671053555429
14.49427181038497,32.181083272825425,19.040394872700062,24.597784751886564,29.612988891394,25.56268573951416,23.12141959054499,21.99415874609825
39.22626431843683,66.26966843723613,61.55046353543692,37.54834652615771,61.50540848992819,23.85127318274552,61.22197397783202,42.60030433215945
399.56858398578606,550.0180525469535,516.9805825798808,761.0438715230075,444.40012849127663,708.0857117436558,635.3372027189334,370.6820956307149
0.639964971238497,1.7234327074611064,1.0051544724049166,1.421687466360657,1.950479282888447,0.4422519382776719,3.324721482426251,1.457457922035456
431.1438137750477,235.43299451840903,234.77783262005727,287.8248981670331,690.7624549133145,969.984112439659,651.1718011639829,-395.46798800953945
0.0007017805450647,0.0002965864377675,14279.165006947984,16639.452674964516,21465.1254616943,4214.118293890517,-1236.0937806196823,-22.124983406404723
246.46766961992373,710.3587468013588,367.3785899671903,-642.4670247061734,-541.8657073210247,11344.086096560535,1402.402098190083,1382.0953585014322
-266.97854567576337,-62.730868162395126,1925.440921846261,1655.4592739022517,751.9907082366999,-65.28478963777707,-789.236143924317,-776.5450197296205
24.183993905381744,27.46929968748033,33.44846492093745,37.14077115871461,37.832798081425736,33.2536544342226,35.31945564797485,29.47483312319829
38.50943336551597,89.72539551013419,60.62666357289862,53.1316522851346,77.92524573901815,47.78500191608478,42.4828570377486,31.66916496990873
518.5391292792863,443.5314769667577,390.942937476292,444.9326310155756,559.6999314684896,570.4563448887101,266.9820732021448,569.5932564466588
1.0565332275739605,0.3130499187591875,-0.2385758373795732,1.4871518864393618,1.4709134748340575,0.600360509639192,1.2402065337345494,-0.405388624536398
317.764562155131,326.0119055782333,-655.5619676200206,-381.84211044909534,16.338279077017035,1160.5329034717224,674.2314296330023,223.23652708224685
0.0011191130091501,-0.000823659832186,-3885.46270739341,14644.76177234678,18145.53615175419,16650.70634987525,22202.22473566335,978.1075001939024
-548.7208789387377,374.62897771600217,-2350.7657237672865,953.3944233301856,1356.562142999788,1338.757903315272,-2620.485304770238,1168.5349421871729
-100.40633053534916,225.0741139513169,235.63085876689564,-2043.756362346812,2109.11494158128,-1214.2616190769436,477.6102616543196,773.2937035538374
31.586541174922537,19.768488905726493,37.82924550199124,30.20630298525252,24.17176870848,20.59003713507736,24.94975753573557,14.463428639282224
54.09317293288321,85.17516187536444,90.2143889767946,33.923012981358,71.63367418985077,88.47445182613427,79.9074692568705,63.79594279030681
453.5403701388559,337.2822174939754,530.2988659231678,728.3183081549648,491.7264591868337,462.1545670188027,380.7736412205679,523.5984502335097
0.8492407744389336,0.2945301328589951,-1.0235544390939328,-0.6982208559947172,2.228616338616571,2.7238056729941658,0.3648334474619596,0.5972973414582314
427.1585677314273,429.7206902264995,507.0387648765587,-562.5875155881755,818.6098677742085,206.85835465548743,4.622104578656341,891.3192071739982
-0.0002050688559665,0.0010409917800602,-10566.555532027012,17839.013608484547,17979.61584322926,-4398.649833424983,-186.8980649722313,418.11072118783625
176.11285672410992,512.0094347564255,-1283.433582892401,-2259.501257075854,-2542.866345572386,-1000.1292662040776,-2168.2385979105693,1281.1722677898454
254.75178190639105,54.23174868472095,1266.9475304821258,4654.684365927388,-1307.9916862663024,8093.094174171503,1103.8059288456045,22.98671053555429
14.49427181038497,32.181083272825425,19.040394872700062,24.597784751886564,29.612988891394,25.56268573951416,23.12141959054499,21.99415874609825
39.22626431843683,66.26966843723613,61.55046353543692,37.54834652615771,61.50540848992819,23.85127318274552,61.22197397783202,42.60030433215945
399.56858398578606,550.0180525469535,516.9805825798808,761.0438715230075,444.40012849127663,708.0857117436558,635.3372027189334,370.6820956307149
0.639964971238497,1.7234327074611064,1.0051544724049166,1.421687466360657,1.950479282888447,0.4422519382776719,3.324721482426251,1.457457922035456
431.1438137750477,235.43299451840903,234.77783262005727,287.8248981670331,690.7624549133145,969.984112439659,651.1718011639829,-395.46798800953945
0.0007017805450647,0.0002965864377675,14279.165006947984,16639.452674964516,21465.1254616943,4214.118293890517,-1236.0937806196823,-22.124983406404723
246.46766961992373,710.3587468013588,367.3785899671903,-642.4670247061734,-541.8657073210247,11344.086096560535,1402.402098190083,1382.0953585014322
-266.97854567576337,-62.730868162395126,1925.440921846261,1655.4592739022517,751.9907082366999,-65.28478963777707,-789.236143924317,-776.5450197296205
24.183993905381744,27.46929968748033,33.44846492093745,37.14077115871461,37.832798081425736,33.2536544342226,35.31945564797485,29.47483312319829
38.50943336551597,89.72539551013419,60.62666357289862,53.1316522851346,77.92524573901815,47.78500191608478,42.4828570377486,31.66916496990873
518.5391292792863,443.5314769667577,390.942937476292,444.9326310155756,559.6999314684896,570.4563448887101,266.9820732021448,569.5932564466588
1.0565332275739605,0.3130499187591875,-0.2385758373795732,1.4871518864393618,1.4709134748340575,0.600360509639192,1.2402065337345494,-0.405388624536398
317.764562155131,326.0119055782333,-655.5619676200206,-381.84211044909534,16.338279077017035,1160.5329034717224,674.2314296330023,223.23652708224685
0.0011191130091501,-0.000823659832186,-3885.46270739341,14644.76177234678,18145.53615175419,16650.70634987525,22202.22473566335,978.1075001939024
-548.7208789387377,374.62897771600217,-2350.7657237672865,953.3944233301856,1356.562142999788,1338.757903315272,-2620.485304770238,1168.5349421871729
-100.40633053534916,225.0741139513169,235.63085876689564,-2043.756362346812,2109.11494158128,-1214.2616190769436,477.6102616543196,773.2937035538374
31.586541174922537,19.768488905726493,37.82924550199124,30.20630298525252,24.17176870848,20.59003713507736,24.94975753573557,14.463428639282224
54.09317293288321,85.17516187536444,90.2143889767946,33.923012981358,71.63367418985077,88.47445182613427,79.9074692568705,63.79594279030681
453.5403701388559,337.2822174939754,530.2988659231678,728.3183081549648,491.7264591868337,462.1545670188027,380.7736412205679,523.5984502335097
0.8492407744389336,0.2945301328589951,-1.0235544390939328,-0.6982208559947172,2.228616338616571,2.7238056729941658,0.3648334474619596,0.5972973414582314
427.1585677314273,429.7206902264995,507.0387648765587,-562.5875155881755,818.6098677742085,206.85835465548743,4.622104578656341,891.3192071739982
-0.0002050688559665,0.0010409917800602,-10566.555532027012,17839.013608484547,17979.61584322926,-4398.649833424983,-186.8980649722313,418.11072118783625
176.11285672410992,512.0094347564255,-1283.433582892401,-2259.501257075854,-2542.866345572386,-1000.1292662040776,-2168.2385979105693,1281.1722677898454
254.75178190639105,54.23174868472095,1266.9475304821258,4654.684365927388,-1307.9916862663024,8093.094174171503,1103.8059288456045,22.98671053555429
14.49427181038497,32.181083272825425,19.040394872700062,24.597784751886564,29.612988891394,25.56268573951416,23.12141959054499,21.99415874609825
39.22626431843683,66.26966843723613,61.55046353543692,37.54834652615771,61.50540848992819,23.85127318274552,61.22197397783202,42.60030433215945
399.56858398578606,550.0180525469535,516.9805825798808,761.0438715230075,444.40012849127663,708.0857117436558,635.3372027189334,370.6820956307149
0.639964971238497,1.7234327074611064,1.0051544724049166,1.421687466360657,1.950479282888447,0.4422519382776719,3.324721482426251,1.457457922035456
431.1438137750477,235.43299451840903,234.77783262005727,287.8248981670331,690.7624549133145,969.984112439659,651.1718011639829,-395.46798800953945
0.0007017805450647,0.0002965864377675,14279.165006947984,16639.452674964516,21465.1254616943,4214.118293890517,-1236.0937806196823,-22.124983406404723
246.46766961992373,710.3587468013588,367.3785899671903,-642.4670247061734,-541.8657073210247,11344.086096560535,1402.402098190083,1382.0953585014322
-266.97854567576337,-62.730868162395126,1925.440921846261,1655.4592739022517,751.9907082366999,-65.28478963777707,-789.236143924317,-776.5450197296205
24.183993905381744,27.46929968748033,33.44846492093745,37.14077115871461,37.832798081425736,33.2536544342226,35.31945564797485,29.47483312319829
38.50943336551597,89.72539551013419,60.62666357289862,53.1316522851346,77.92524573901815,47.78500191608478,42.4828570377486,31.66916496990873
518.5391292792863,443.5314769667577,390.942937476292,444.9326310155756,559.6999314684896,570.4563448887101,266.9820732021448,569.5932564466588
1.0565332275739605,0.3130499187591875,-0.2385758373795732,1.4871518864393618,1.4709134748340575,0.600360509639192,1.2402065337345494,-0.405388624536398
317.764562155131,326.0119055782333,-655.5619676200206,-381.84211044909534,16.338279077017035,1160.5329034717224,674.2314296330023,223.23652708224685
0.0011191130091501,-0.000823659832186,-3885.46270739341,14644.76177234678,18145.53615175419,16650.70634987525,22202.22473566335,978.1075001939024
-548.7208789387377,374.62897771600217,-2350.7657237672865,953.3944233301856,1356.562142999788,1338.757903315272,-2620.485304770238,1168.5349421871729
-100.40633053534916,225.0741139513169,235.63085876689564,-2043.756362346812,2109.11494158128,-1214.2616190769436,477.6102616543196,773.2937035538374
31.586541174922537,19.768488905726493,37.82924550199124,30.20630298525252,24.17176870848,20.59003713507736,24.94975753573557,14.463428639282224
54.09317293288321,85.17516187536444,90.2143889767946,33.923012981358,71.63367418985077,88.47445182613427,79.9074692568705,63.79594279030681
453.5403701388559,337.2822174939754,530.2988659231678,728.3183081549648,491.7264591868337,462.1545670188027,380.7736412205679,523.5984502335097
0.8492407744389336,0.2945301328589951,-1.0235544390939328,-0.6982208559947172,2.228616338616571,2.7238056729941658,0.3648334474619596,0.5972973414582314
427.1585677314273,429.7206902264995,507.0387648765587,-562.5875155881755,818.6098677742085,206.85835465548743,4.622104578656341,891.3192071739982
-0.0002050688559665,0.0010409917800602,-10566.555532027012,17839.013608484547,17979.61584322926,-4398.649833424983,-186.8980649722313,418.11072118783625
176.11285672410992,512.0094347564255,-1283.433582892401,-2259.501257075854,-2542.866345572386,-1000.1292662040776,-2168.2385979105693,1281.1722677898454
254.75178190639105,54.23174868472095,1266.9475304821258,4654.684365927388,-1307.9916862663024,8093.094174171503,1103.8059288456045,22.98671053555429
14.49427181038497,32.181083272825425,19.040394872700062,24.597784751886564,29.612988891394,25.56268573951416,23.12141959054499,21.99415874609825
39.22626431843683,66.26966843723613,61.55046353543692,37.54834652615771,61.50540848992819,23.85127318274552,61.22197397783202,42.60030433215945
399.56858398578606,550.0180525469535,516.9805825798808,761.0438715230075,444.40012849127663,708.0857117436558,635.3372027189334,370.6820956307149
0.639964971238497,1.7234327074611064,1.0051544724049166,1.421687466360657,1.950479282888447,0.4422519382776719,3.324721482426251,1.457457922035456
431.1438137750477,235.43299451840903,234.77783262005727,287.8248981670331,690.7624549133145,969.984112439659,651.1718011639829,-395.46798800953945
0.0007017805450647,0.0002965864377675,14279.165006947984,16639.452674964516,21465.1254616943,4214.118293890517,-1236.0937806196823,-22.124983406404723
246.46766961992373,710.3587468013588,367.3785899671903,-642.4670247061734,-541.8657073210247,11344.086096560535,1402.402098190083,1382.0953585014322
-266.97854567576337,-62.730868162395126,1925.440921846261,1655.4592739022517,751.9907082366999,-65.28478963777707,-789.236143924317,-776.5450197296205
24.183993905381744,27.46929968748033,33.44846492093745,37.14077115871461,37.832798081425736,33.2536544342226,35.31945564797485,29.47483312319829
38.50943336551597,89.72539551013419,60.62666357289862,53.1316522851346,77.92524573901815,47.78500191608478,42.4828570377486,31.66916496990873
518.5391292792863,443.5314769667577,390.942937476292,444.9326310155756,559.6999314684896,570.4563448887101,266.9820732021448,569.5932564466588
1.0565332275739605,0.3130499187591875,-0.2385758373795732,1.4871518864393618,1.4709134748340575,0.600360509639192,1.2402065337345494,-0.405388624536398
317.764562155131,326.0119055782333,-655.5619676200206,-381.84211044909534,16.338279077017035,1160.5329034717224,674.2314296330023,223.23652708224685
0.0011191130091501,-0.000823659832186,-3885.46270739341,14644.76177234678,18145.53615175419,16650.70634987525,22202.22473566335,978.1075001939024
-548.7208789387377,374.62897771600217,-2350.7657237672865,953.3944233301856,1356.562142999788,1338.757903315272,-2620.485304770238,1168.5349421871729
-100.40633053534916,225.0741139513169,235.63085876689564,-2043.756362346812,2109.11494158128,-1214.2616190769436,477.6102616543196,773.2937035538374
31.586541174922537,19.768488905726493,37.82924550199124,30.20630298525252,24.17176870848,20.59003713507736,24.94975753573557,14.463428639282224
54.09317293288321,85.17516187536444,90.2143889767946,33.923012981358,71.63367418985077,88.47445182613427,79.9074692568705,63.79594279030681
453.5403701388559,337.2822174939754,530.2988659231678,728.3183081549648,491.7264591868337,462.1545670188027,380.7736412205679,523.5984502335097
0.8492407744389336,0.2945301328589951,-1.0235544390939328,-0.6982208559947172,2.228616338616571,2.7238056729941658,0.3648334474619596,0.5972973414582314
427.1585677314273,429.7206902264995,507.0387648765587,-562.5875155881755,818.6098677742085,206.85835465548743,4.622104578656341,891.3192071739982
-0.0002050688559665,0.0010409917800602,-10566.555532027012,17839.013608484547,17979.61584322926,-4398.649833424983,-186.8980649722313,418.11072118783625
176.11285672410992,512.0094347564255,-1283.433582892401,-2259.501257075854,-2542.866345572386,-1000.1292662040776,-2168.2385979105693,1281.1722677898454
254.75178190639105,54.23174868472095,1266.9475304821258,4654.684365927388,-1307.9916862663024,8093.094174171503,1103.8059288456045,22.98671053555429
14.49427181038497,32.181083272825425,19.040394872700062,24.597784751886564,29.612988891394,25.56268573951416,23.12141959054499,21.99415874609825
39.22626431843683,66.26966843723613,61.55046353543692,37.54834652615771,61.50540848992819,23.85127318274552,61.22197397783202,42.60030433215945
399.56858398578606,550.0180525469535,516.9805825798808,761.0438715230075,444.40012849127663,708.0857117436558,635.3372027189334,370.6820956307149
0.639964971238497,1.7234327074611064,1.0051544724049166,1.421687466360657,1.950479282888447,0.4422519382776719,3.324721482426251,1.457457922035456
431.1438137750477,235.43299451840903,234.77783262005727,287.8248981670331,690.7624549133145,969.984112439659,651.1718011639829,-395.46798800953945
0.0007017805450647,0.0002965864377675,14279.165006947984,16639.452674964516,21465.1254616943,4214.118293890517,-1236.0937806196823,-22.124983406404723
246.46766961992373,710.3587468013588,367.3785899671903,-642.4670247061734,-541.8657073210247,11344.086096560535,1402.402098190083,1382.0953585014322
-266.97854567576337,-62.730868162395126,1925.440921846261,1655.4592739022517,751.9907082366999,-65.28478963777707,-789.236143924317,-776.5450197296205
24.183993905381744,27.46929968748033,33.44846492093745,37.14077115871461,37.832798081425736,33.2536544342226,35.31945564797485,29.47483312319829
38.50943336551597,89.72539551013419,60.62666357289862,53.1316522851346,77.92524573901815,47.78500191608478,42.4828570377486,31.66916496990873
518.5391292792863,443.5314769667577,390.942937476292,444.9326310155756,559.6999314684896,570.4563448887101,266.9820732021448,569.5932564466588
1.0565332275739605,0.3130499187591875,-0.2385758373795732,1.4871518864393618,1.4709134748340575,0.600360509639192,1.2402065337345494,-0.405388624536398
317.764562155131,326.0119055782333,-655.5619676200206,-381.84211044909534,16.338279077017035,1160.5329034717224,674.2314296330023,223.23652708224685
0.0011191130091501,-0.000823659832186,-3885.46270739341,14644.76177234678,18145.53615175419,16650.70634987525,22202.22473566335,978.1075001939024
-548.7208789387377,374.62897771600217,-2350.7657237672865,953.3944233301856,1356.562142999788,1338.757903315272,-2620.485304770238,1168.5349421871729
-100.40633053534916,225.0741139513169,235.63085876689564,-2043.756362346812,2109.11494158128,-1214.2616190769436,477.6102616543196,773.2937035538374
31.586541174922537,19.768488905726493,37.82924550199124,30.20630298525252,24.17176870848,20.59003713507736,24.94975753573557,14.463428639282224
54.09317293288321,85.17516187536444,90.2143889767946,33.923012981358,71.63367418985077,88.47445182613427,79.9074692568705,63.79594279030681
453.5403701388559,337.2822174939754,530.2988659231678,728.3183081549648,491.7264591868337,462.1545670188027,380.7736412205679,523.5984502335097
0.8492407744389336,0.2945301328589951,-1.0235544390939328,-0.6982208559947172,2.228616338616571,2.7238056729941658,0.3648334474619596,0.5972973414582314
427.1585677314273,429.7206902264995,507.0387648765587,-562.5875155881755,818.6098677742085,206.85835465548743,4.622104578656341,891.3192071739982
-0.0002050688559665,0.0010409917800602,-10566.555532027012,17839.013608484547,17979.61584322926,-4398.649833424983,-186.8980649722313,418.11072118783625
176.11285672410992,512.0094347564255,-1283.433582892401,-2259.501257075854,-2542.866345572386,-1000.1292662040776,-2168.2385979105693,1281.1722677898454
254.75178190639105,54.23174868472095,1266.9475304821258,4654.684365927388,-1307.9916862663024,8093.094174171503,1103.8059288456045,22.98671053555429
14.49427181038497,32.181083272825425,19.040394872700062,24.597784751886564,29.612988891394,25.56268573951416,23.12141959054499,21.99415874609825
39.22626431843683,66.26966843723613,61.55046353543692,37.54834652615771,61.50540848992819,23.85127318274552,61.22197397783202,42.60030433215945
399.56858398578606,550.0180525469535,516.9805825798808,761.0438715230075,444.40012849127663,708.0857117436558,635.3372027189334,370.6820956307149
0.639964971238497,1.7234327074611064,1.0051544724049166,1.421687466360657,1.950479282888447,0.4422519382776719,3.324721482426251,1.457457922035456
431.1438137750477,235.43299451840903,234.77783262005727,287.8248981670331,690.7624549133145,969.984112439659,651.1718011639829,-395.46798800953945
0.0007017805450647,0.0002965864377675,14279.165006947984,16639.452674964516,21465.1254616943,4214.118293890517,-1236.0937806196823,-22.124983406404723
246.46766961992373,710.3587468013588,367.3785899671903,-642.4670247061734,-541.8657073210247,11344.086096560535,1402.402098190083,1382.0953585014322
-266.97854567576337,-62.730868162395126,1925.440921846261,1655.4592739022517,751.9907082366999,-65.28478963777707,-789.236143924317,-776.5450197296205
24.183993905381744,27.46929968748033,33.44846492093745,37.14077115871461,37.832798081425736,33.2536544342226,35.31945564797485,29.47483312319829
38.50943336551597,89.72539551013419,60.62666357289862,53.1316522851346,77.92524573901815,47.78500191608478,42.4828570377486,31.66916496990873
518.5391292792863,443.5314769667577,390.942937476292,444.9326310155756,559.6999314684896,570.4563448887101,266.9820732021448,569.5932564466588
1.0565332275739605,0.3130499187591875,-0.2385758373795732,1.4871518864393618,1.4709134748340575,0.600360509639192,1.2402065337345494,-0.405388624536398
317.764562155131,326.0119055782333,-655.5619676200206,-381.84211044909534,16.338279077017035,1160.5329034717224,674.2314296330023,223.23652708224685
0.0011191130091501,-0.000823659832186,-3885.46270739341,14644.76177234678,18145.53615175419,16650.70634987525,22202.22473566335,978.1075001939024
-548.7208789387377,374.62897771600217,-2350.7657237672865,953.3944233301856,1356.562142999788,1338.757903315272,-2620.485304770238,1168.5349421871729
-100.40633053534916,225.0741139513169,235.63085876689564,-2043.756362346812,2109.11494158128,-1214.2616190769436,477.6102616543196,773.2937035538374
31.586541174922537,19.768488905726493,37.82924550199124,30.20630298525252,24.17176870848,20.59003713507736,24.94975753573557,14.463428639282224
54.09317293288321,85.17516187536444,90.2143889767946,33.923012981358,71.63367418985077,88.47445182613427,79.9074692568705,63.79594279030681
453.5403701388559,337.2822174939754,530.2988659231678,728.3183081549648,491.7264591868337,462.1545670188027,380.7736412205679,523.5984502335097
0.8492407744389336,0.2945301328589951,-1.0235544390939328,-0.6982208559947172,2.228616338616571,2.7238056729941658,0.3648334474619596,0.5972973414582314
427.1585677314273,429.7206902264995,507.0387648765587,-562.5875155881755,818.6098677742085,206.85835465548743,4.622104578656341,891.3192071739982
-0.0002050688559665,0.0010409917800602,-10566.555532027012,17839.013608484547,17979.61584322926,-4398.649833424983,-186.8980649722313,418.11072118783625
176.11285672410992,512.0094347564255,-1283.433582892401,-2259.501257075854,-2542.866345572386,-1000.1292662040776,-2168.2385979105693,1281.1722677898454
254.75178190639105,54.23174868472095,1266.9475304821258,4654.684365927388,-1307.9916862663024,8093.094174171503,1103.8059288456045,22.98671053555429
14.49427181038497,32.181083272825425,19.040394872700062,24.597784751886564,29.612988891394,25.56268573951416,23.12141959054499,21.99415874609825
39.22626431843683,66.26966843723613,61.55046353543692,37.54834652615771,61.50540848992819,23.85127318274552,61.22197397783202,42.60030433215945
399.56858398578606,550.0180525469535,516.9805825798808,761.0438715230075,444.40012849127663,708.0857117436558,635.3372027189334,370.6820956307149
0.639964971238497,1.7234327074611064,1.0051544724049166,1.421687466360657,1.950479282888447,0.4422519382776719,3.324721482426251,1.457457922035456
431.1438137750477,235.43299451840903,234.77783262005727,287.8248981670331,690.7624549133145,969.984112439659,651.1718011639829,-395.46798800953945
0.0007017805450647,0.0002965864377675,14279.165006947984,16639.452674964516,21465.1254616943,4214.118293890517,-1236.0937806196823,-22.124983406404723
246.46766961992373,710.3587468013588,367.3785899671903,-642.4670247061734,-541.8657073210247,11344.086096560535,1402.402098190083,1382.0953585014322
-266.97854567576337,-62.730868162395126,1925.440921846261,1655.4592739022517,751.9907082366999,-65.28478963777707,-789.236143924317,-776.5450197296205
24.183993905381744,27.46929968748033,33.44846492093745,37.14077115871461,37.832798081425736,33.2536544342226,35.31945564797485,29.47483312319829
38.50943336551597,89.72539551013419,60.62666357289862,53.1316522851346,77.92524573901815,47.78500191608478,42.4828570377486,31.66916496990873
518.5391292792863,443.5314769667577,390.942937476292,444.9326310155756,559.6999314684896,570.4563448887101,266.9820732021448,569.5932564466588
1.0565332275739605,0.3130499187591875,-0.2385758373795732,1.4871518864393618,1.4709134748340575,0.600360509639192,1.2402065337345494,-0.405388624536398
317.764562155131,326.0119055782333,-655.5619676200206,-381.84211044909534,16.338279077017035,1160.5329034717224,674.2314296330023,223.23652708224685
0.0011191130091501,-0.000823659832186,-3885.46270739341,14644.76177234678,18145.53615175419,16650.70634987525,22202.22473566335,978.1075001939024
-548.7208789387377,374.62897771600217,-2350.7657237672865,953.3944233301856,1356.562142999788,1338.757903315272,-2620.485304770238,1168.5349421871729
-100.40633053534916,225.0741139513169,235.63085876689564,-2043.756362346812,2109.11494158128,-1214.2616190769436,477.6102616543196,773.2937035538374
31.586541174922537,19.768488905726493,37.82924550199124,30.20630298525252,24.17176870848,20.59003713507736,24.94975753573557,14.463428639282224
54.09317293288321,85.17516187536444,90.2143889767946,33.923012981358,71.63367418985077,88.47445182613427,79.9074692568705,63.79594279030681
453.5403701388559,337.2822174939754,530.2988659231678,728.3183081549648,491.7264591868337,462.1545670188027,380.7736412205679,523.5984502335097
0.8492407744389336,0.2945301328589951,-1.0235544390939328,-0.6982208559947172,2.228616338616571,2.7238056729941658,0.3648334474619596,0.5972973414582314
427.1585677314273,429.7206902264995,507.0387648765587,-562.5875155881755,818.6098677742085,206.85835465548743,4.622104578656341,891.3192071739982
-0.0002050688559665,0.0010409917800602,-10566.555532027012,17839.013608484547,17979.61584322926,-4398.649833424983,-186.8980649722313,418.11072118783625
176.11285672410992,512.0094347564255,-1283.433582892401,-2259.501257075854,-2542.866345572386,-1000.1292662040776,-2168.2385979105693,1281.1722677898454
254.75178190639105,54.23174868472095,1266.9475304821258,4654.684365927388,-1307.9916862663024,8093.094174171503,1103.8059288456045,22.98671053555429
14.49427181038497,32.181083272825425,19.040394872700062,24.597784751886564,29.612988891394,25.56268573951416,23.12141959054499,21.99415874609825
39.22626431843683,66.26966843723613,61.55046353543692,37.54834652615771,61.50540848992819,23.85127318274552,61.22197397783202,42.60030433215945
399.56858398578606,550.0180525469535,516.9805825798808,761.0438715230075,444.40012849127663,708.0857117436558,635.3372027189334,370.6820956307149
0.639964971238497,1.7234327074611064,1.0051544724049166,1.421687466360657,1.950479282888447,0.4422519382776719,3.324721482426251,1.457457922035456
431.1438137750477,235.43299451840903,234.77783262005727,287.8248981670331,690.7624549133145,969.984112439659,651.1718011639829,-395.46798800953945
0.0007017805450647,0.0002965864377675,14279.165006947984,16639.452674964516,21465.1254616943,4214.118293890517,-1236.0937806196823,-22.124983406404723
246.46766961992373,710.3587468013588,367.3785899671903,-642.4670247061734,-541.8657073210247,11344.086096560535,1402.402098190083,1382.0953585014322
-266.97854567576337,-62.730868162395126,1925.440921846261,1655.4592739022517,751.9907082366999,-65.28478963777707,-789.236143924317,-776.5450197296205
24.183993905381744,27.46929968748033,33.44846492093745,37.14077115871461,37.832798081425736,33.2536544342226,35.31945564797485,29.47483312319829
38.50943336551597,89.72539551013419,60.62666357289862,53.1316522851346,77.92524573901815,47.78500191608478,42.4828570377486,31.66916496990873
518.5391292792863,443.5314769667577,390.942937476292,444.9326310155756,559.6999314684896,570.4563448887101,266.9820732021448,569.5932564466588
1.0565332275739605,0.3130499187591875,-0.2385758373795732,1.4871518864393618,1.4709134748340575,0.600360509639192,1.2402065337345494,-0.405388624536398
317.764562155131,326.0119055782333,-655.5619676200206,-381.84211044909534,16.338279077017035,1160.5329034717224,674.2314296330023,223.23652708224685
0.0011191130091501,-0.000823659832186,-3885.46270739341,14644.76177234678,18145.53615175419,16650.70634987525,22202.22473566335,978.1075001939024
-548.7208789387377,374.62897771600217,-2350.7657237672865,953.3944233301856,1356.562142999788,1338.757903315272,-2620.485304770238,1168.5349421871729
-100.40633053534916,225.0741139513169,235.63085876689564,-2043.756362346812,2109.11494158128,-1214.2616190769436,477.6102616543196,773.2937035538374
31.586541174922537,19.768488905726493,37.82924550199124,30.20630298525252,24.17176870848,20.59003713507736,24.94975753573557,14.463428639282224
54.09317293288321,85.17516187536444,90.2143889767946,33.923012981358,71.63367418985077,88.47445182613427,79.9074692568705,63.79594279030681
453.5403701388559,337.2822174939754,530.2988659231678,728.3183081549648,491.7264591868337,462.1545670188027,380.7736412205679,523.5984502335097
0.8492407744389336,0.2945301328589951,-1.0235544390939328,-0.6982208559947172,2.228616338616571,2.7238056729941658,0.3648334474619596,0.5972973414582314
427.1585677314273,429.7206902264995,507.0387648765587,-562.5875155881755,818.6098677742085,206.85835465548743,4.622104578656341,891.3192071739982
-0.0002050688559665,0.0010409917800602,-10566.555532027012,17839.013608484547,17979.61584322926,-4398.649833424983,-186.8980649722313,418.11072118783625
176.11285672410992,512.0094347564255,-1283.433582892401,-2259.501257075854,-2542.866345572386,-1000.1292662040776,-2168.2385979105693,1281.1722677898454
254.75178190639105,54.23174868472095,1266.9475304821258,4654.684365927388,-1307.9916862663024,8093.094174171503,1103.8059288456045,22.98671053555429
14.49427181038497,32.181083272825425,19.040394872700062,24.597784751886564,29.612988891394,25.56268573951416,23.12141959054499,21.99415874609825
39.22626431843683,66.26966843723613,61.55046353543692,37.54834652615771,61.50540848992819,23.85127318274552,61.22197397783202,42.60030433215945
399.56858398578606,550.0180525469535,516.9805825798808,761.0438715230075,444.40012849127663,708.0857117436558,635.3372027189334,370.6820956307149
0.639964971238497,1.7234327074611064,1.0051544724049166,1.421687466360657,1.950479282888447,0.4422519382776719,3.324721482426251,1.457457922035456
431.1438137750477,235.43299451840903,234.77783262005727,287.8248981670331,690.7624549133145,969.984112439659,651.1718011639829,-395.46798800953945
0.0007017805450647,0.0002965864377675,14279.165006947984,16639.452674964516,21465.1254616943,4214.118293890517,-1236.0937806196823,-22.124983406404723
246.46766961992373,710.3587468013588,367.3785899671903,-642.4670247061734,-541.8657073210247,11344.086096560535,1402.402098190083,1382.0953585014322
-266.97854567576337,-62.730868162395126,1925.440921846261,1655.4592739022517,751.9907082366999,-65.28478963777707,-789.236143924317,-776.5450197296205
24.183993905381744,27.46929968748033,33.44846492093745,37.14077115871461,37.832798081425736,33.2536544342226,35.31945564797485,29.47483312319829
38.50943336551597,89.72539551013419,60.62666357289862,53.1316522851346,77.92524573901815,47.78500191608478,42.4828570377486,31.66916496990873
518.5391292792863,443.5314769667577,390.942937476292,444.9326310155756,559.6999314684896,570.4563448887101,266.9820732021448,569.5932564466588
1.0565332275739605,0.3130499187591875,-0.2385758373795732,1.4871518864393618,1.4709134748340575,0.600360509639192,1.2402065337345494,-0.405388624536398
317.764562155131,326.0119055782333,-655.5619676200206,-381.84211044909534,16.338279077017035,1160.5329034717224,674.2314296330023,223.23652708224685
0.0011191130091501,-0.000823659832186,-3885.46270739341,14644.76177234678,18145.53615175419,16650.70634987525,22202.22473566335,978.1075001939024
-548.7208789387377,374.62897771600217,-2350.7657237672865,953.3944233301856,1356.562142999788,1338.757903315272,-2620.485304770238,1168.5349421871729
-100.40633053534916,225.0741139513169,235.63085876689564,-2043.756362346812,2109.11494158128,-1214.2616190769436,477.6102616543196,773.2937035538374
31.586541174922537,19.768488905726493,37.82924550199124,30.20630298525252,24.17176870848,20.59003713507736,24.94975753573557,14.463428639282224
54.09317293288321,85.17516187536444,90.2143889767946,33.923012981358,71.63367418985077,88.47445182613427,79.9074692568705,63.79594279030681
453.5403701388559,337.2822174939754,530.2988659231678,728.3183081549648,491.7264591868337,462.1545670188027,380.7736412205679,523.5984502335097
0.8492407744389336,0.2945301328589951,-1.0235544390939328,-0.6982208559947172,2.228616338616571,2.7238056729941658,0.3648334474619596,0.5972973414582314
427.1585677314273,429.7206902264995,507.0387648765587,-562.5875155881755,818.6098677742085,206.85835465548743,4.622104578656341,891.3192071739982
-0.0002050688559665,0.0010409917800602,-10566.555532027012,17839.013608484547,17979.61584322926,-4398.649833424983,-186.8980649722313,418.11072118783625
176.11285672410992,512.0094347564255,-1283.433582892401,-2259.501257075854,-2542.866345572386,-1000.1292662040776,-2168.2385979105693,1281.1722677898454
254.75178190639105,54.23174868472095,1266.9475304821258,4654.684365927388,-1307.9916862663024,8093.094174171503,1103.8059288456045,22.98671053555429
14.49427181038497,32.181083272825425,19.040394872700062,24.597784751886564,29.612988891394,25.56268573951416,23.12141959054499,21.99415874609825
39.22626431843683,66.26966843723613,61.55046353543692,37.54834652615771,61.50540848992819,23.85127318274552,61.22197397783202,42.60030433215945
399.56858398578606,550.0180525469535,516.9805825798808,761.0438715230075,444.40012849127663,708.0857117436558,635.3372027189334,370.6820956307149
0.639964971238497,1.7234327074611064,1.0051544724049166,1.421687466360657,1.950479282888447,0.4422519382776719,3.324721482426251,1.457457922035456
431.1438137750477,235.43299451840903,234.77783262005727,287.8248981670331,690.7624549133145,969.984112439659,651.1718011639829,-395.46798800953945
0.0007017805450647,0.0002965864377675,14279.165006947984,16639.452674964516,21465.1254616943,4214.118293890517,-1236.0937806196823,-22.124983406404723
246.46766961992373,710.3587468013588,367.3785899671903,-642.4670247061734,-541.8657073210247,11344.086096560535,1402.402098190083,1382.0953585014322
-266.97854567576337,-62.730868162395126,1925.440921846261,1655.4592739022517,751.9907082366999,-65.28478963777707,-789.236143924317,-776.5450197296205
24.183993905381744,27.46929968748033,33.44846492093745,37.14077115871461,37.832798081425736,33.2536544342226,35.31945564797485,29.47483312319829
38.50943336551597,89.72539551013419,60.62666357289862,53.1316522851346,77.92524573901815,47.78500191608478,42.4828570377486,31.66916496990873
518.5391292792863,443.5314769667577,390.942937476292,444.9326310155756,559.6999314684896,570.4563448887101,266.9820732021448,569.5932564466588
1.0565332275739605,0.3130499187591875,-0.2385758373795732,1.4871518864393618,1.4709134748340575,0.600360509639192,1.2402065337345494,-0.405388624536398
317.764562155131,326.0119055782333,-655.5619676200206,-381.84211044909534,16.338279077017035,1160.5329034717224,674.2314296330023,223.23652708224685
0.0011191130091501,-0.000823659832186,-3885.46270739341,14644.76177234678,18145.53615175419,16650.70634987525,22202.22473566335,978.1075001939024
-548.7208789387377,374.62897771600217,-2350.7657237672865,953.3944233301856,1356.562142999788,1338.757903315272,-2620.485304770238,1168.5349421871729
-100.40633053534916,225.0741139513169,235.63085876689564,-2043.756362346812,2109.11494158128,-1214.2616190769436,477.6102616543196,773.2937035538374
31.586541174922537,19.768488905726493,37.82924550199124,30.20630298525252,24.17176870848,20.59003713507736,24.94975753573557,14.463428639282224
54.09317293288321,85.17516187536444,90.2143889767946,33.923012981358,71.63367418985077,88.47445182613427,79.9074692568705,63.79594279030681
453.5403701388559,337.2822174939754,530.2988659231678,728.3183081549648,491.7264591868337,462.1545670188027,380.7736412205679,523.5984502335097
0.8492407744389336,0.2945301328589951,-1.0235544390939328,-0.6982208559947172,2.228616338616571,2.7238056729941658,0.3648334474619596,0.5972973414582314
427.1585677314273,429.7206902264995,507.0387648765587,-562.5875155881755,818.6098677742085,206.85835465548743,4.622104578656341,891.3192071739982
-0.0002050688559665,0.0010409917800602,-10566.555532027012,17839.013608484547,17979.61584322926,-4398.649833424983,-186.8980649722313,418.11072118783625
176.11285672410992,512.0094347564255,-1283.433582892401,-2259.501257075854,-2542.866345572386,-1000.1292662040776,-2168.2385979105693,1281.1722677898454
254.75178190639105,54.23174868472095,1266.9475304821258,4654.684365927388,-1307.9916862663024,8093.094174171503,1103.8059288456045,22.98671053555429
14.49427181038497,32.181083272825425,19.040394872700062,24.597784751886564,29.612988891394,25.56268573951416,23.12141959054499,21.99415874609825
39.22626431843683,66.26966843723613,61.55046353543692,37.54834652615771,61.50540848992819,23.85127318274552,61.22197397783202,42.60030433215945
399.56858398578606,550.0180525469535,516.9805825798808,761.0438715230075,444.40012849127663,708.0857117436558,635.3372027189334,370.6820956307149
0.639964971238497,1.7234327074611064,1.0051544724049166,1.421687466360657,1.950479282888447,0.4422519382776719,3.324721482426251,1.457457922035456
431.1438137750477,235.43299451840903,234.77783262005727,287.8248981670331,690.7624549133145,969.984112439659,651.1718011639829,-395.46798800953945
0.0007017805450647,0.0002965864377675,14279.165006947984,16639.452674964516,21465.1254616943,4214.118293890517,-1236.0937806196823,-22.124983406404723
246.46766961992373,710.3587468013588,367.3785899671903,-642.4670247061734,-541.8657073210247,11344.086096560535,1402.402098190083,1382.0953585014322
-266.97854567576337,-62.730868162395126,1925.440921846261,1655.4592739022517,751.9907082366999,-65.28478963777707,-789.236143924317,-776.5450197296205
24.183993905381744,27.46929968748033,33.44846492093745,37.14077115871461,37.832798081425736,33.2536544342226,35.31945564797485,29.47483312319829
38.50943336551597,89.72539551013419,60.62666357289862,53.1316522851346,77.92524573901815,47.78500191608478,42.4828570377486,31.66916496990873
518.5391292792863,443.5314769667577,390.942937476292,444.9326310155756,559.6999314684896,570.4563448887101,266.9820732021448,569.5932564466588
1.0565332275739605,0.3130499187591875,-0.2385758373795732,1.4871518864393618,1.4709134748340575,0.600360509639192,1.2402065337345494,-0.405388624536398
317.764562155131,326.0119055782333,-655.5619676200206,-381.84211044909534,16.338279077017035,1160.5329034717224,674.2314296330023,223.23652708224685
0.0011191130091501,-0.000823659832186,-3885.46270739341,14644.76177234678,18145.53615175419,16650.70634987525,22202.22473566335,978.1075001939024
-548.7208789387377,374.62897771600217,-2350.7657237672865,953.3944233301856,1356.562142999788,1338.757903315272,-2620.485304770238,1168.5349421871729
-100.40633053534916,225.0741139513169,235.63085876689564,-2043.756362346812,2109.11494158128,-1214.2616190769436,477.6102616543196,773.2937035538374
31.586541174922537,19.768488905726493,37.82924550199124,30.20630298525252,24.17176870848,20.59003713507736,24.94975753573557,14.463428639282224
54.09317293288321,85.17516187536444,90.2143889767946,33.923012981358,71.63367418985077,88.47445182613427,79.9074692568705,63.79594279030681
453.5403701388559,337.2822174939754,530.2988659231678,728.3183081549648,491.7264591868337,462.1545670188027,380.7736412205679,523.5984502335097
0.8492407744389336,0.2945301328589951,-1.0235544390939328,-0.6982208559947172,2.228616338616571,2.7238056729941658,0.3648334474619596,0.5972973414582314
427.1585677314273,429.7206902264995,507.0387648765587,-562.5875155881755,818.6098677742085,206.85835465548743,4.622104578656341,891.3192071739982
-0.0002050688559665,0.0010409917800602,-10566.555532027012,17839.013608484547,17979.61584322926,-4398.649833424983,-186.8980649722313,418.11072118783625
176.11285672410992,512.0094347564255,-1283.433582892401,-2259.501257075854,-2542.866345572386,-1000.1292662040776,-2168.2385979105693,1281.1722677898454
254.75178190639105,54.23174868472095,1266.9475304821258,4654.684365927388,-1307.9916862663024,8093.094174171503,1103.8059288456045,22.98671053555429
14.49427181038497,32.181083272825425,19.040394872700062,24.597784751886564,29.612988891394,25.56268573951416,23.12141959054499,21.99415874609825
39.22626431843683,66.26966843723613,61.55046353543692,37.54834652615771,61.50540848992819,23.85127318274552,61.22197397783202,42.60030433215945
399.56858398578606,550.0180525469535,516.9805825798808,761.0438715230075,444.40012849127663,708.0857117436558,635.3372027189334,370.6820956307149
0.639964971238497,1.7234327074611064,1.0051544724049166,1.421687466360657,1.950479282888447,0.4422519382776719,3.324721482426251,1.457457922035456
431.1438137750477,235.43299451840903,234.77783262005727,287.8248981670331,690.7624549133145,969.984112439659,651.1718011639829,-395.46798800953945
0.0007017805450647,0.0002965864377675,14279.165006947984,16639.452674964516,21465.1254616943,4214.118293890517,-1236.0937806196823,-22.124983406404723
246.46766961992373,710.3587468013588,367.3785899671903,-642.4670247061734,-541.8657073210247,11344.086096560535,1402.402098190083,1382.0953585014322
-266.97854567576337,-62.730868162395126,1925.440921846261,1655.4592739022517,751.9907082366999,-65.28478963777707,-789.236143924317,-776.5450197296205
24.183993905381744,27.46929968748033,33.44846492093745,37.14077115871461,37.832798081425736,33.2536544342226,35.31945564797485,29.47483312319829
38.50943336551597,89.72539551013419,60.62666357289862,53.1316522851346,77.92524573901815,47.78500191608478,42.4828570377486,31.66916496990873
518.5391292792863,443.5314769667577,390.942937476292,444.9326310155756,559.6999314684896,570.4563448887101,266.9820732021448,569.5932564466588
1.0565332275739605,0.3130499187591875,-0.2385758373795732,1.4871518864393618,1.4709134748340575,0.600360509639192,1.2402065337345494,-0.405388624536398
317.764562155131,326.0119055782333,-655.5619676200206,-381.84211044909534,16.338279077017035,1160.5329034717224,674.2314296330023,223.23652708224685
0.0011191130091501,-0.000823659832186,-3885.46270739341,14644.76177234678,18145.53615175419,16650.70634987525,22202.22473566335,978.1075001939024
-548.7208789387377,374.62897771600217,-2350.7657237672865,953.3944233301856,1356.562142999788,1338.757903315272,-2620.485304770238,1168.5349421871729
-100.40633053534916,225.0741139513169,235.63085876689564,-2043.756362346812,2109.11494158128,-1214.2616190769436,477.6102616543196,773.2937035538374
31.586541174922537,19.768488905726493,37.82924550199124,30.20630298525252,24.17176870848,20.59003713507736,24.94975753573557,14.463428639282224
54.09317293288321,85.17516187536444,90.2143889767946,33.923012981358,71.63367418985077,88.47445182613427,79.9074692568705,63.79594279030681
453.5403701388559,337.2822174939754,530.2988659231678,728.3183081549648,491.7264591868337,462.1545670188027,380.7736412205679,523.5984502335097
0.8492407744389336,0.2945301328589951,-1.0235544390939328,-0.6982208559947172,2.228616338616571,2.7238056729941658,0.3648334474619596,0.5972973414582314
427.1585677314273,429.7206902264995,507.0387648765587,-562.5875155881755,818.6098677742085,206.85835465548743,4.622104578656341,891.3192071739982
-0.0002050688559665,0.0010409917800602,-10566.555532027012,17839.013608484547,17979.61584322926,-4398.649833424983,-186.8980649722313,418.11072118783625
176.11285672410992,512.0094347564255,-1283.433582892401,-2259.501257075854,-2542.866345572386,-1000.1292662040776,-2168.2385979105693,1281.1722677898454
254.75178190639105,54.23174868472095,1266.9475304821258,4654.684365927388,-1307.9916862663024,8093.094174171503,1103.8059288456045,22.98671053555429
14.49427181038497,32.181083272825425,19.040394872700062,24.597784751886564,29.612988891394,25.56268573951416,23.12141959054499,21.99415874609825
39.22626431843683,66.26966843723613,61.55046353543692,37.54834652615771,61.50540848992819,23.85127318274552,61.22197397783202,42.60030433215945
399.56858398578606,550.0180525469535,516.9805825798808,761.0438715230075,444.40012849127663,708.0857117436558,635.3372027189334,370.6820956307149
0.639964971238497,1.7234327074611064,1.0051544724049166,1.421687466360657,1.950479282888447,0.4422519382776719,3.324721482426251,1.457457922035456
431.1438137750477,235.43299451840903,234.77783262005727,287.8248981670331,690.7624549133145,969.984112439659,651.1718011639829,-395.46798800953945
0.0007017805450647,0.0002965864377675,14279.165006947984,16639.452674964516,21465.1254616943,4214.118293890517,-1236.0937806196823,-22.124983406404723
246.46766961992373,710.3587468013588,367.3785899671903,-642.4670247061734,-541.8657073210247,11344.086096560535,1402.402098190083,1382.0953585014322
-266.97854567576337,-62.730868162395126,1925.440921846261,1655.4592739022517,751.9907082366999,-65.28478963777707,-789.236143924317,-776.5450197296205
24.183993905381744,27.46929968748033,33.44846492093745,37.14077115871461,37.832798081425736,33.2536544342226,35.31945564797485,29.47483312319829
38.50943336551597,89.72539551013419,60.62666357289862,53.1316522851346,77.92524573901815,47.78500191608478,42.4828570377486,31.66916496990873
518.5391292792863,443.5314769667577,390.942937476292,444.9326310155756,559.6999314684896,570.4563448887101,266.9820732021448,569.5932564466588
1.0565332275739605,0.3130499187591875,-0.2385758373795732,1.4871518864393618,1.4709134748340575,0.600360509639192,1.2402065337345494,-0.405388624536398
317.764562155131,326.0119055782333,-655.5619676200206,-381.84211044909534,16.338279077017035,1160.5329034717224,674.2314296330023,223.23652708224685
0.0011191130091501,-0.000823659832186,-3885.46270739341,14644.76177234678,18145.53615175419,16650.70634987525,22202.22473566335,978.1075001939024
-548.7208789387377,374.62897771600217,-2350.7657237672865,953.3944233301856,1356.562142999788,1338.757903315272,-2620.485304770238,1168.5349421871729
-100.40633053534916,225.0741139513169,235.63085876689564,-2043.756362346812,2109.11494158128,-1214.2616190769436,477.6102616543196,773.2937035538374
31.586541174922537,19.768488905726493,37.82924550199124,30.20630298525252,24.17176870848,20.59003713507736,24.94975753573557,14.463428639282224
54.09317293288321,85.17516187536444,90.2143889767946,33.923012981358,71.63367418985077,88.47445182613427,79.9074692568705,63.79594279030681
453.5403701388559,337.2822174939754,530.2988659231678,728.3183081549648,491.7264591868337,462.1545670188027,380.7736412205679,523.5984502335097
0.8492407744389336,0.2945301328589951,-1.0235544390939328,-0.6982208559947172,2.228616338616571,2.7238056729941658,0.3648334474619596,0.5972973414582314
427.1585677314273,429.7206902264995,507.0387648765587,-562.5875155881755,818.6098677742085,206.85835465548743,4.622104578656341,891.3192071739982
-0.0002050688559665,0.0010409917800602,-10566.555532027012,17839.013608484547,17979.61584322926,-4398.649833424983,-186.8980649722313,418.11072118783625
176.11285672410992,512.0094347564255,-1283.433582892401,-2259.501257075854,-2542.866345572386,-1000.1292662040776,-2168.2385979105693,1281.1722677898454
254.75178190639105,54.23174868472095,1266.9475304821258,4654.684365927388,-1307.9916862663024,8093.094174171503,1103.8059288456045,22.98671053555429
14.49427181038497,32.181083272825425,19.040394872700062,24.597784751886564,29.612988891394,25.56268573951416,23.12141959054499,21.99415874609825
39.22626431843683,66.26966843723613,61.55046353543692,37.54834652615771,61.50540848992819,23.85127318274552,61.22197397783202,42.60030433215945
399.56858398578606,550.0180525469535,516.9805825798808,761.0438715230075,444.40012849127663,708.0857117436558,635.3372027189334,370.6820956307149
0.639964971238497,1.7234327074611064,1.0051544724049166,1.421687466360657,1.950479282888447,0.4422519382776719,3.324721482426251,1.457457922035456
431.1438137750477,235.43299451840903,234.77783262005727,287.8248981670331,690.7624549133145,969.984112439659,651.1718011639829,-395.46798800953945
0.0007017805450647,0.0002965864377675,14279.165006947984,16639.452674964516,21465.1254616943,4214.118293890517,-1236.0937806196823,-22.124983406404723
246.46766961992373,710.3587468013588,367.3785899671903,-642.4670247061734,-541.8657073210247,11344.086096560535,1402.402098190083,1382.0953585014322
-266.97854567576337,-62.730868162395126,1925.440921846261,1655.4592739022517,751.9907082366999,-65.28478963777707,-789.236143924317,-776.5450197296205
