내부온도관측치,내부습도관측치,co2관측치,ec관측치,시간당분무량,시간당백색광량,시간당적색광량,시간당청색광량
18.435074577858288,18.51933560566433,37.00539964360512,33.759846955787,25.237681321015764,28.52300686079236,21.321599445117062,24.354373107602463
87.59816877797665,74.95970938653878,64.58023698946002,49.904253822937534,35.397114436901745,33.90696902979205,49.31724153290214,60.63871848139211
713.9816946224857,578.5297747234328,390.4143365412551,491.75603481122846,466.127199953699,409.5351604632645,41.22994139663752,356.0055632330669
0.4416516529270593,1.9885900927422,1.1639671198348471,1.435682649487069,1.930046594526957,-0.5308816535434011,-1.7447662557723798,3.1919379637764056
319.7684430144792,4.669807299341024,-128.97114608977495,874.4625838128136,1397.808626070027,1002.1995171213164,335.1417681750639,327.847717649142
0.0019884378722486,-0.0011709934480187,-2163.0337497881364,3797.5674687811993,20131.27620224966,19312.007074223555,4635.993604492131,1049.760491152083
9820.90986175259,1329.2363200407906,-1882.657549201609,2923.980637688885,2582.524572343687,3198.195158253999,1082.370026318937,1871.42891944398
-381.23651586449176,94.51096891360852,636.0886461343835,-2364.183038544729,2545.010962926633,3334.079811264577,-4112.354264683244,-82.3007782428709
30.84518800326336,23.868201096570832,33.30651116813824,28.84989402398513,27.17053924404803,21.64853249259115,29.198366004251856,28.873753648796846
78.29023273640554,54.90565733258724,25.40124707134464,47.79297819991319,34.49976969656609,81.0043757246443,62.92865007004888,66.4828336569646
629.7422716023406,503.3409884611132,442.67001147161153,753.9395361281704,649.7083563790117,302.84622368630585,312.2010155724321,395.917430860976
2.037151249176721,0.7588566319623268,-0.5764860554148352,-1.4980130793009516,3.913861965890538,0.9254111468291132,-0.3671077176714465,-0.2052336409123993
48.81871384416018,715.8744499495759,111.18674000918668,-546.9478327247465,408.3590928396149,-128.94207769309972,815.4567287720043,454.2615943120089
-0.0003472674047502,0.0026093883027908,1281.3512416889394,14537.826126271786,9470.107856200131,14116.102326904418,-4570.841235639227,403.3550134556724
274.87609509188786,2083.995958612809,-618.0535432102728,-1146.197875148352,-147.45558971026298,1978.526411149648,7707.808578553469,426.72125461885815
-62.411790836966944,-87.49785865112199,-522.2305584886814,4315.727499634683,-195.6635285122452,946.616824822866,-246.5910685228017,989.7572233262172
16.95606422280086,17.98428372056486,24.965117417065592,27.44173453193753,27.47830469149425,28.638177490305548,18.64767241609369,18.69011111254393
35.45886534599082,82.0414417972818,50.38897846291155,74.26309955388618,77.96593495163154,22.17931100514342,57.402671022979206,47.26818366897355
465.94454814332965,424.6216782648544,526.4738947338491,880.4720378797188,442.32697518952494,647.5124769846564,849.835688655754,393.44046321358087
-0.7837665920687358,-1.8479066620144229,2.761109282433739,-0.0594507545049136,2.667314428151723,1.60804008510163,0.9752051668676902,1.941632234700236
-188.7644866871237,-117.48819642582676,1311.957693243455,174.92966798345486,689.4698786506758,793.7052709706535,413.2701245999267,-185.9072561934803
0.0004930462570488,0.0007558585710476,13322.473464424336,5314.090837898701,15289.410678983642,16537.310169766046,640.364506942883,-152.3878077097142
729.9267356230465,-1409.4096308278386,1734.8537877353629,-183.97585266559724,365.5665175298136,3975.011896596703,-341.6811357739006,-1103.2637484680731
165.07525962027995,395.0566050758624,-345.5576830312974,3666.3421050445695,3946.579529513799,424.35109986467626,-364.05854692039327,-4429.050876267852
18.435074577858288,18.51933560566433,37.00539964360512,33.759846955787,25.237681321015764,28.52300686079236,21.321599445117062,24.354373107602463
87.59816877797665,74.95970938653878,64.58023698946002,49.904253822937534,35.397114436901745,33.90696902979205,49.31724153290214,60.63871848139211
713.9816946224857,578.5297747234328,390.4143365412551,491.75603481122846,466.127199953699,409.5351604632645,41.22994139663752,356.0055632330669
0.4416516529270593,1.9885900927422,1.1639671198348471,1.435682649487069,1.930046594526957,-0.5308816535434011,-1.7447662557723798,3.1919379637764056
319.7684430144792,4.669807299341024,-128.97114608977495,874.4625838128136,1397.808626070027,1002.1995171213164,335.1417681750639,327.847717649142
0.0019884378722486,-0.0011709934480187,-2163.0337497881364,3797.5674687811993,20131.27620224966,19312.007074223555,4635.993604492131,1049.760491152083
9820.90986175259,1329.2363200407906,-1882.657549201609,2923.980637688885,2582.524572343687,3198.195158253999,1082.370026318937,1871.42891944398
-381.23651586449176,94.51096891360852,636.0886461343835,-2364.183038544729,2545.010962926633,3334.079811264577,-4112.354264683244,-82.3007782428709
30.84518800326336,23.868201096570832,33.30651116813824,28.84989402398513,27.17053924404803,21.64853249259115,29.198366004251856,28.873753648796846
78.29023273640554,54.90565733258724,25.40124707134464,47.79297819991319,34.49976969656609,81.0043757246443,62.92865007004888,66.4828336569646
629.7422716023406,503.3409884611132,442.67001147161153,753.9395361281704,649.7083563790117,302.84622368630585,312.2010155724321,395.917430860976
2.037151249176721,0.7588566319623268,-0.5764860554148352,-1.4980130793009516,3.913861965890538,0.9254111468291132,-0.3671077176714465,-0.2052336409123993
48.81871384416018,715.8744499495759,111.18674000918668,-546.9478327247465,408.3590928396149,-128.94207769309972,815.4567287720043,454.2615943120089
-0.0003472674047502,0.0026093883027908,1281.3512416889394,14537.826126271786,9470.107856200131,14116.102326904418,-4570.841235639227,403.3550134556724
274.87609509188786,2083.995958612809,-618.0535432102728,-1146.197875148352,-147.45558971026298,1978.526411149648,7707.808578553469,426.72125461885815
-62.411790836966944,-87.49785865112199,-522.2305584886814,4315.727499634683,-195.6635285122452,946.616824822866,-246.5910685228017,989.7572233262172
16.95606422280086,17.98428372056486,24.965117417065592,27.44173453193753,27.47830469149425,28.638177490305548,18.64767241609369,18.69011111254393
35.45886534599082,82.0414417972818,50.38897846291155,74.26309955388618,77.96593495163154,22.17931100514342,57.402671022979206,47.26818366897355
465.94454814332965,424.6216782648544,526.4738947338491,880.4720378797188,442.32697518952494,647.5124769846564,849.835688655754,393.44046321358087
-0.7837665920687358,-1.8479066620144229,2.761109282433739,-0.0594507545049136,2.667314428151723,1.60804008510163,0.9752051668676902,1.941632234700236
-188.7644866871237,-117.48819642582676,1311.957693243455,174.92966798345486,689.4698786506758,793.7052709706535,413.2701245999267,-185.9072561934803
0.0004930462570488,0.0007558585710476,13322.473464424336,5314.090837898701,15289.410678983642,16537.310169766046,640.364506942883,-152.3878077097142
729.9267356230465,-1409.4096308278386,1734.8537877353629,-183.97585266559724,365.5665175298136,3975.011896596703,-341.6811357739006,-1103.2637484680731
165.07525962027995,395.0566050758624,-345.5576830312974,3666.3421050445695,3946.579529513799,424.35109986467626,-364.05854692039327,-4429.050876267852
18.435074577858288,18.51933560566433,37.00539964360512,33.759846955787,25.237681321015764,28.52300686079236,21.321599445117062,24.354373107602463
87.59816877797665,74.95970938653878,64.58023698946002,49.904253822937534,35.397114436901745,33.90696902979205,49.31724153290214,60.63871848139211
713.9816946224857,578.5297747234328,390.4143365412551,491.75603481122846,466.127199953699,409.5351604632645,41.22994139663752,356.0055632330669
0.4416516529270593,1.9885900927422,1.1639671198348471,1.435682649487069,1.930046594526957,-0.5308816535434011,-1.7447662557723798,3.1919379637764056
319.7684430144792,4.669807299341024,-128.97114608977495,874.4625838128136,1397.808626070027,1002.1995171213164,335.1417681750639,327.847717649142
0.0019884378722486,-0.0011709934480187,-2163.0337497881364,3797.5674687811993,20131.27620224966,19312.007074223555,4635.993604492131,1049.760491152083
9820.90986175259,1329.2363200407906,-1882.657549201609,2923.980637688885,2582.524572343687,3198.195158253999,1082.370026318937,1871.42891944398
-381.23651586449176,94.51096891360852,636.0886461343835,-2364.183038544729,2545.010962926633,3334.079811264577,-4112.354264683244,-82.3007782428709
30.84518800326336,23.868201096570832,33.30651116813824,28.84989402398513,27.17053924404803,21.64853249259115,29.198366004251856,28.873753648796846
78.29023273640554,54.90565733258724,25.40124707134464,47.79297819991319,34.49976969656609,81.0043757246443,62.92865007004888,66.4828336569646
629.7422716023406,503.3409884611132,442.67001147161153,753.9395361281704,649.7083563790117,302.84622368630585,312.2010155724321,395.917430860976
2.037151249176721,0.7588566319623268,-0.5764860554148352,-1.4980130793009516,3.913861965890538,0.9254111468291132,-0.3671077176714465,-0.2052336409123993
48.81871384416018,715.8744499495759,111.18674000918668,-546.9478327247465,408.3590928396149,-128.94207769309972,815.4567287720043,454.2615943120089
-0.0003472674047502,0.0026093883027908,1281.3512416889394,14537.826126271786,9470.107856200131,14116.102326904418,-4570.841235639227,403.3550134556724
274.87609509188786,2083.995958612809,-618.0535432102728,-1146.197875148352,-147.45558971026298,1978.526411149648,7707.808578553469,426.72125461885815
-62.411790836966944,-87.49785865112199,-522.2305584886814,4315.727499634683,-195.6635285122452,946.616824822866,-246.5910685228017,989.7572233262172
16.95606422280086,17.98428372056486,24.965117417065592,27.44173453193753,27.47830469149425,28.638177490305548,18.64767241609369,18.69011111254393
35.45886534599082,82.0414417972818,50.38897846291155,74.26309955388618,77.96593495163154,22.17931100514342,57.402671022979206,47.26818366897355
465.94454814332965,424.6216782648544,526.4738947338491,880.4720378797188,442.32697518952494,647.5124769846564,849.835688655754,393.44046321358087
-0.7837665920687358,-1.8479066620144229,2.761109282433739,-0.0594507545049136,2.667314428151723,1.60804008510163,0.9752051668676902,1.941632234700236
-188.7644866871237,-117.48819642582676,1311.957693243455,174.92966798345486,689.4698786506758,793.7052709706535,413.2701245999267,-185.9072561934803
0.0004930462570488,0.0007558585710476,13322.473464424336,5314.090837898701,15289.410678983642,16537.310169766046,640.364506942883,-152.3878077097142
729.9267356230465,-1409.4096308278386,1734.8537877353629,-183.97585266559724,365.5665175298136,3975.011896596703,-341.6811357739006,-1103.2637484680731
165.07525962027995,395.0566050758624,-345.5576830312974,3666.3421050445695,3946.579529513799,424.35109986467626,-364.05854692039327,-4429.050876267852
18.435074577858288,18.51933560566433,37.00539964360512,33.759846955787,25.237681321015764,28.52300686079236,21.321599445117062,24.354373107602463
87.59816877797665,74.95970938653878,64.58023698946002,49.904253822937534,35.397114436901745,33.90696902979205,49.31724153290214,60.63871848139211
713.9816946224857,578.5297747234328,390.4143365412551,491.75603481122846,466.127199953699,409.5351604632645,41.22994139663752,356.0055632330669
0.4416516529270593,1.9885900927422,1.1639671198348471,1.435682649487069,1.930046594526957,-0.5308816535434011,-1.7447662557723798,3.1919379637764056
319.7684430144792,4.669807299341024,-128.97114608977495,874.4625838128136,1397.808626070027,1002.1995171213164,335.1417681750639,327.847717649142
0.0019884378722486,-0.0011709934480187,-2163.0337497881364,3797.5674687811993,20131.27620224966,19312.007074223555,4635.993604492131,1049.760491152083
9820.90986175259,1329.2363200407906,-1882.657549201609,2923.980637688885,2582.524572343687,3198.195158253999,1082.370026318937,1871.42891944398
-381.23651586449176,94.51096891360852,636.0886461343835,-2364.183038544729,2545.010962926633,3334.079811264577,-4112.354264683244,-82.3007782428709
30.84518800326336,23.868201096570832,33.30651116813824,28.84989402398513,27.17053924404803,21.64853249259115,29.198366004251856,28.873753648796846
78.29023273640554,54.90565733258724,25.40124707134464,47.79297819991319,34.49976969656609,81.0043757246443,62.92865007004888,66.4828336569646
629.7422716023406,503.3409884611132,442.67001147161153,753.9395361281704,649.7083563790117,302.84622368630585,312.2010155724321,395.917430860976
2.037151249176721,0.7588566319623268,-0.5764860554148352,-1.4980130793009516,3.913861965890538,0.9254111468291132,-0.3671077176714465,-0.2052336409123993
48.81871384416018,715.8744499495759,111.18674000918668,-546.9478327247465,408.3590928396149,-128.94207769309972,815.4567287720043,454.2615943120089
-0.0003472674047502,0.0026093883027908,1281.3512416889394,14537.826126271786,9470.107856200131,14116.102326904418,-4570.841235639227,403.3550134556724
274.87609509188786,2083.995958612809,-618.0535432102728,-1146.197875148352,-147.45558971026298,1978.526411149648,7707.808578553469,426.72125461885815
-62.411790836966944,-87.49785865112199,-522.2305584886814,4315.727499634683,-195.6635285122452,946.616824822866,-246.5910685228017,989.7572233262172
16.95606422280086,17.98428372056486,24.965117417065592,27.44173453193753,27.47830469149425,28.638177490305548,18.64767241609369,18.69011111254393
35.45886534599082,82.0414417972818,50.38897846291155,74.26309955388618,77.96593495163154,22.17931100514342,57.402671022979206,47.26818366897355
465.94454814332965,424.6216782648544,526.4738947338491,880.4720378797188,442.32697518952494,647.5124769846564,849.835688655754,393.44046321358087
-0.7837665920687358,-1.8479066620144229,2.761109282433739,-0.0594507545049136,2.667314428151723,1.60804008510163,0.9752051668676902,1.941632234700236
-188.7644866871237,-117.48819642582676,1311.957693243455,174.92966798345486,689.4698786506758,793.7052709706535,413.2701245999267,-185.9072561934803
0.0004930462570488,0.0007558585710476,13322.473464424336,5314.090837898701,15289.410678983642,16537.310169766046,640.364506942883,-152.3878077097142
729.9267356230465,-1409.4096308278386,1734.8537877353629,-183.97585266559724,365.5665175298136,3975.011896596703,-341.6811357739006,-1103.2637484680731
165.07525962027995,395.0566050758624,-345.5576830312974,3666.3421050445695,3946.579529513799,424.35109986467626,-364.05854692039327,-4429.050876267852
18.435074577858288,18.51933560566433,37.00539964360512,33.759846955787,25.237681321015764,28.52300686079236,21.321599445117062,24.354373107602463
87.59816877797665,74.95970938653878,64.58023698946002,49.904253822937534,35.397114436901745,33.90696902979205,49.31724153290214,60.63871848139211
713.9816946224857,578.5297747234328,390.4143365412551,491.75603481122846,466.127199953699,409.5351604632645,41.22994139663752,356.0055632330669
0.4416516529270593,1.9885900927422,1.1639671198348471,1.435682649487069,1.930046594526957,-0.5308816535434011,-1.7447662557723798,3.1919379637764056
319.7684430144792,4.669807299341024,-128.97114608977495,874.4625838128136,1397.808626070027,1002.1995171213164,335.1417681750639,327.847717649142
0.0019884378722486,-0.0011709934480187,-2163.0337497881364,3797.5674687811993,20131.27620224966,19312.007074223555,4635.993604492131,1049.760491152083
9820.90986175259,1329.2363200407906,-1882.657549201609,2923.980637688885,2582.524572343687,3198.195158253999,1082.370026318937,1871.42891944398
-381.23651586449176,94.51096891360852,636.0886461343835,-2364.183038544729,2545.010962926633,3334.079811264577,-4112.354264683244,-82.3007782428709
30.84518800326336,23.868201096570832,33.30651116813824,28.84989402398513,27.17053924404803,21.64853249259115,29.198366004251856,28.873753648796846
78.29023273640554,54.90565733258724,25.40124707134464,47.79297819991319,34.49976969656609,81.0043757246443,62.92865007004888,66.4828336569646
629.7422716023406,503.3409884611132,442.67001147161153,753.9395361281704,649.7083563790117,302.84622368630585,312.2010155724321,395.917430860976
2.037151249176721,0.7588566319623268,-0.5764860554148352,-1.4980130793009516,3.913861965890538,0.9254111468291132,-0.3671077176714465,-0.2052336409123993
48.81871384416018,715.8744499495759,111.18674000918668,-546.9478327247465,408.3590928396149,-128.94207769309972,815.4567287720043,454.2615943120089
-0.0003472674047502,0.0026093883027908,1281.3512416889394,14537.826126271786,9470.107856200131,14116.102326904418,-4570.841235639227,403.3550134556724
274.87609509188786,2083.995958612809,-618.0535432102728,-1146.197875148352,-147.45558971026298,1978.526411149648,7707.808578553469,426.72125461885815
-62.411790836966944,-87.49785865112199,-522.2305584886814,4315.727499634683,-195.6635285122452,946.616824822866,-246.5910685228017,989.7572233262172
16.95606422280086,17.98428372056486,24.965117417065592,27.44173453193753,27.47830469149425,28.638177490305548,18.64767241609369,18.69011111254393
35.45886534599082,82.0414417972818,50.38897846291155,74.26309955388618,77.96593495163154,22.17931100514342,57.402671022979206,47.26818366897355
465.94454814332965,424.6216782648544,526.4738947338491,880.4720378797188,442.32697518952494,647.5124769846564,849.835688655754,393.44046321358087
-0.7837665920687358,-1.8479066620144229,2.761109282433739,-0.0594507545049136,2.667314428151723,1.60804008510163,0.9752051668676902,1.941632234700236
-188.7644866871237,-117.48819642582676,1311.957693243455,174.92966798345486,689.4698786506758,793.7052709706535,413.2701245999267,-185.9072561934803
0.0004930462570488,0.0007558585710476,13322.473464424336,5314.090837898701,15289.410678983642,16537.310169766046,640.364506942883,-152.3878077097142
729.9267356230465,-1409.4096308278386,1734.8537877353629,-183.97585266559724,365.5665175298136,3975.011896596703,-341.6811357739006,-1103.2637484680731
165.07525962027995,395.0566050758624,-345.5576830312974,3666.3421050445695,3946.579529513799,424.35109986467626,-364.05854692039327,-4429.050876267852
18.435074577858288,18.51933560566433,37.00539964360512,33.759846955787,25.237681321015764,28.52300686079236,21.321599445117062,24.354373107602463
87.59816877797665,74.95970938653878,64.58023698946002,49.904253822937534,35.397114436901745,33.90696902979205,49.31724153290214,60.63871848139211
713.9816946224857,578.5297747234328,390.4143365412551,491.75603481122846,466.127199953699,409.5351604632645,41.22994139663752,356.0055632330669
0.4416516529270593,1.9885900927422,1.1639671198348471,1.435682649487069,1.930046594526957,-0.5308816535434011,-1.7447662557723798,3.1919379637764056
319.7684430144792,4.669807299341024,-128.97114608977495,874.4625838128136,1397.808626070027,1002.1995171213164,335.1417681750639,327.847717649142
0.0019884378722486,-0.0011709934480187,-2163.0337497881364,3797.5674687811993,20131.27620224966,19312.007074223555,4635.993604492131,1049.760491152083
9820.90986175259,1329.2363200407906,-1882.657549201609,2923.980637688885,2582.524572343687,3198.195158253999,1082.370026318937,1871.42891944398
-381.23651586449176,94.51096891360852,636.0886461343835,-2364.183038544729,2545.010962926633,3334.079811264577,-4112.354264683244,-82.3007782428709
30.84518800326336,23.868201096570832,33.30651116813824,28.84989402398513,27.17053924404803,21.64853249259115,29.198366004251856,28.873753648796846
78.29023273640554,54.90565733258724,25.40124707134464,47.79297819991319,34.49976969656609,81.0043757246443,62.92865007004888,66.4828336569646
629.7422716023406,503.3409884611132,442.67001147161153,753.9395361281704,649.7083563790117,302.84622368630585,312.2010155724321,395.917430860976
2.037151249176721,0.7588566319623268,-0.5764860554148352,-1.4980130793009516,3.913861965890538,0.9254111468291132,-0.3671077176714465,-0.2052336409123993
48.81871384416018,715.8744499495759,111.18674000918668,-546.9478327247465,408.3590928396149,-128.94207769309972,815.4567287720043,454.2615943120089
-0.0003472674047502,0.0026093883027908,1281.3512416889394,14537.826126271786,9470.107856200131,14116.102326904418,-4570.841235639227,403.3550134556724
274.87609509188786,2083.995958612809,-618.0535432102728,-1146.197875148352,-147.45558971026298,1978.526411149648,7707.808578553469,426.72125461885815
-62.411790836966944,-87.49785865112199,-522.2305584886814,4315.727499634683,-195.6635285122452,946.616824822866,-246.5910685228017,989.7572233262172
16.95606422280086,17.98428372056486,24.965117417065592,27.44173453193753,27.47830469149425,28.638177490305548,18.64767241609369,18.69011111254393
35.45886534599082,82.0414417972818,50.38897846291155,74.26309955388618,77.96593495163154,22.17931100514342,57.402671022979206,47.26818366897355
465.94454814332965,424.6216782648544,526.4738947338491,880.4720378797188,442.32697518952494,647.5124769846564,849.835688655754,393.44046321358087
-0.7837665920687358,-1.8479066620144229,2.761109282433739,-0.0594507545049136,2.667314428151723,1.60804008510163,0.9752051668676902,1.941632234700236
-188.7644866871237,-117.48819642582676,1311.957693243455,174.92966798345486,689.4698786506758,793.7052709706535,413.2701245999267,-185.9072561934803
0.0004930462570488,0.0007558585710476,13322.473464424336,5314.090837898701,15289.410678983642,16537.310169766046,640.364506942883,-152.3878077097142
729.9267356230465,-1409.4096308278386,1734.8537877353629,-183.97585266559724,365.5665175298136,3975.011896596703,-341.6811357739006,-1103.2637484680731
165.07525962027995,395.0566050758624,-345.5576830312974,3666.3421050445695,3946.579529513799,424.35109986467626,-364.05854692039327,-4429.050876267852
18.435074577858288,18.51933560566433,37.00539964360512,33.759846955787,25.237681321015764,28.52300686079236,21.321599445117062,24.354373107602463
87.59816877797665,74.95970938653878,64.58023698946002,49.904253822937534,35.397114436901745,33.90696902979205,49.31724153290214,60.63871848139211
713.9816946224857,578.5297747234328,390.4143365412551,491.75603481122846,466.127199953699,409.5351604632645,41.22994139663752,356.0055632330669
0.4416516529270593,1.9885900927422,1.1639671198348471,1.435682649487069,1.930046594526957,-0.5308816535434011,-1.7447662557723798,3.1919379637764056
319.7684430144792,4.669807299341024,-128.97114608977495,874.4625838128136,1397.808626070027,1002.1995171213164,335.1417681750639,327.847717649142
0.0019884378722486,-0.0011709934480187,-2163.0337497881364,3797.5674687811993,20131.27620224966,19312.007074223555,4635.993604492131,1049.760491152083
9820.90986175259,1329.2363200407906,-1882.657549201609,2923.980637688885,2582.524572343687,3198.195158253999,1082.370026318937,1871.42891944398
-381.23651586449176,94.51096891360852,636.0886461343835,-2364.183038544729,2545.010962926633,3334.079811264577,-4112.354264683244,-82.3007782428709
30.84518800326336,23.868201096570832,33.30651116813824,28.84989402398513,27.17053924404803,21.64853249259115,29.198366004251856,28.873753648796846
78.29023273640554,54.90565733258724,25.40124707134464,47.79297819991319,34.49976969656609,81.0043757246443,62.92865007004888,66.4828336569646
629.7422716023406,503.3409884611132,442.67001147161153,753.9395361281704,649.7083563790117,302.84622368630585,312.2010155724321,395.917430860976
2.037151249176721,0.7588566319623268,-0.5764860554148352,-1.4980130793009516,3.913861965890538,0.9254111468291132,-0.3671077176714465,-0.2052336409123993
48.81871384416018,715.8744499495759,111.18674000918668,-546.9478327247465,408.3590928396149,-128.94207769309972,815.4567287720043,454.2615943120089
-0.0003472674047502,0.0026093883027908,1281.3512416889394,14537.826126271786,9470.107856200131,14116.102326904418,-4570.841235639227,403.3550134556724
274.87609509188786,2083.995958612809,-618.0535432102728,-1146.197875148352,-147.45558971026298,1978.526411149648,7707.808578553469,426.72125461885815
-62.411790836966944,-87.49785865112199,-522.2305584886814,4315.727499634683,-195.6635285122452,946.616824822866,-246.5910685228017,989.7572233262172
16.95606422280086,17.98428372056486,24.965117417065592,27.44173453193753,27.47830469149425,28.638177490305548,18.64767241609369,18.69011111254393
35.45886534599082,82.0414417972818,50.38897846291155,74.26309955388618,77.96593495163154,22.17931100514342,57.402671022979206,47.26818366897355
465.94454814332965,424.6216782648544,526.4738947338491,880.4720378797188,442.32697518952494,647.5124769846564,849.835688655754,393.44046321358087
-0.7837665920687358,-1.8479066620144229,2.761109282433739,-0.0594507545049136,2.667314428151723,1.60804008510163,0.9752051668676902,1.941632234700236
-188.7644866871237,-117.48819642582676,1311.957693243455,174.92966798345486,689.4698786506758,793.7052709706535,413.2701245999267,-185.9072561934803
0.0004930462570488,0.0007558585710476,13322.473464424336,5314.090837898701,15289.410678983642,16537.310169766046,640.364506942883,-152.3878077097142
729.9267356230465,-1409.4096308278386,1734.8537877353629,-183.97585266559724,365.5665175298136,3975.011896596703,-341.6811357739006,-1103.2637484680731
165.07525962027995,395.0566050758624,-345.5576830312974,3666.3421050445695,3946.579529513799,424.35109986467626,-364.05854692039327,-4429.050876267852
18.435074577858288,18.51933560566433,37.00539964360512,33.759846955787,25.237681321015764,28.52300686079236,21.321599445117062,24.354373107602463
87.59816877797665,74.95970938653878,64.58023698946002,49.904253822937534,35.397114436901745,33.90696902979205,49.31724153290214,60.63871848139211
713.9816946224857,578.5297747234328,390.4143365412551,491.75603481122846,466.127199953699,409.5351604632645,41.22994139663752,356.0055632330669
0.4416516529270593,1.9885900927422,1.1639671198348471,1.435682649487069,1.930046594526957,-0.5308816535434011,-1.7447662557723798,3.1919379637764056
319.7684430144792,4.669807299341024,-128.97114608977495,874.4625838128136,1397.808626070027,1002.1995171213164,335.1417681750639,327.847717649142
0.0019884378722486,-0.0011709934480187,-2163.0337497881364,3797.5674687811993,20131.27620224966,19312.007074223555,4635.993604492131,1049.760491152083
9820.90986175259,1329.2363200407906,-1882.657549201609,2923.980637688885,2582.524572343687,3198.195158253999,1082.370026318937,1871.42891944398
-381.23651586449176,94.51096891360852,636.0886461343835,-2364.183038544729,2545.010962926633,3334.079811264577,-4112.354264683244,-82.3007782428709
30.84518800326336,23.868201096570832,33.30651116813824,28.84989402398513,27.17053924404803,21.64853249259115,29.198366004251856,28.873753648796846
78.29023273640554,54.90565733258724,25.40124707134464,47.79297819991319,34.49976969656609,81.0043757246443,62.92865007004888,66.4828336569646
629.7422716023406,503.3409884611132,442.67001147161153,753.9395361281704,649.7083563790117,302.84622368630585,312.2010155724321,395.917430860976
2.037151249176721,0.7588566319623268,-0.5764860554148352,-1.4980130793009516,3.913861965890538,0.9254111468291132,-0.3671077176714465,-0.2052336409123993
48.81871384416018,715.8744499495759,111.18674000918668,-546.9478327247465,408.3590928396149,-128.94207769309972,815.4567287720043,454.2615943120089
-0.0003472674047502,0.0026093883027908,1281.3512416889394,14537.826126271786,9470.107856200131,14116.102326904418,-4570.841235639227,403.3550134556724
274.87609509188786,2083.995958612809,-618.0535432102728,-1146.197875148352,-147.45558971026298,1978.526411149648,7707.808578553469,426.72125461885815
-62.411790836966944,-87.49785865112199,-522.2305584886814,4315.727499634683,-195.6635285122452,946.616824822866,-246.5910685228017,989.7572233262172
16.95606422280086,17.98428372056486,24.965117417065592,27.44173453193753,27.47830469149425,28.638177490305548,18.64767241609369,18.69011111254393
35.45886534599082,82.0414417972818,50.38897846291155,74.26309955388618,77.96593495163154,22.17931100514342,57.402671022979206,47.26818366897355
465.94454814332965,424.6216782648544,526.4738947338491,880.4720378797188,442.32697518952494,647.5124769846564,849.835688655754,393.44046321358087
-0.7837665920687358,-1.8479066620144229,2.761109282433739,-0.0594507545049136,2.667314428151723,1.60804008510163,0.9752051668676902,1.941632234700236
-188.7644866871237,-117.48819642582676,1311.957693243455,174.92966798345486,689.4698786506758,793.7052709706535,413.2701245999267,-185.9072561934803
0.0004930462570488,0.0007558585710476,13322.473464424336,5314.090837898701,15289.410678983642,16537.310169766046,640.364506942883,-152.3878077097142
729.9267356230465,-1409.4096308278386,1734.8537877353629,-183.97585266559724,365.5665175298136,3975.011896596703,-341.6811357739006,-1103.2637484680731
165.07525962027995,395.0566050758624,-345.5576830312974,3666.3421050445695,3946.579529513799,424.35109986467626,-364.05854692039327,-4429.050876267852
18.435074577858288,18.51933560566433,37.00539964360512,33.759846955787,25.237681321015764,28.52300686079236,21.321599445117062,24.354373107602463
87.59816877797665,74.95970938653878,64.58023698946002,49.904253822937534,35.397114436901745,33.90696902979205,49.31724153290214,60.63871848139211
713.9816946224857,578.5297747234328,390.4143365412551,491.75603481122846,466.127199953699,409.5351604632645,41.22994139663752,356.0055632330669
0.4416516529270593,1.9885900927422,1.1639671198348471,1.435682649487069,1.930046594526957,-0.5308816535434011,-1.7447662557723798,3.1919379637764056
319.7684430144792,4.669807299341024,-128.97114608977495,874.4625838128136,1397.808626070027,1002.1995171213164,335.1417681750639,327.847717649142
0.0019884378722486,-0.0011709934480187,-2163.0337497881364,3797.5674687811993,20131.27620224966,19312.007074223555,4635.993604492131,1049.760491152083
9820.90986175259,1329.2363200407906,-1882.657549201609,2923.980637688885,2582.524572343687,3198.195158253999,1082.370026318937,1871.42891944398
-381.23651586449176,94.51096891360852,636.0886461343835,-2364.183038544729,2545.010962926633,3334.079811264577,-4112.354264683244,-82.3007782428709
30.84518800326336,23.868201096570832,33.30651116813824,28.84989402398513,27.17053924404803,21.64853249259115,29.198366004251856,28.873753648796846
78.29023273640554,54.90565733258724,25.40124707134464,47.79297819991319,34.49976969656609,81.0043757246443,62.92865007004888,66.4828336569646
629.7422716023406,503.3409884611132,442.67001147161153,753.9395361281704,649.7083563790117,302.84622368630585,312.2010155724321,395.917430860976
2.037151249176721,0.7588566319623268,-0.5764860554148352,-1.4980130793009516,3.913861965890538,0.9254111468291132,-0.3671077176714465,-0.2052336409123993
48.81871384416018,715.8744499495759,111.18674000918668,-546.9478327247465,408.3590928396149,-128.94207769309972,815.4567287720043,454.2615943120089
-0.0003472674047502,0.0026093883027908,1281.3512416889394,14537.826126271786,9470.107856200131,14116.102326904418,-4570.841235639227,403.3550134556724
274.87609509188786,2083.995958612809,-618.0535432102728,-1146.197875148352,-147.45558971026298,1978.526411149648,7707.808578553469,426.72125461885815
-62.411790836966944,-87.49785865112199,-522.2305584886814,4315.727499634683,-195.6635285122452,946.616824822866,-246.5910685228017,989.7572233262172
16.95606422280086,17.98428372056486,24.965117417065592,27.44173453193753,27.47830469149425,28.638177490305548,18.64767241609369,18.69011111254393
35.45886534599082,82.0414417972818,50.38897846291155,74.26309955388618,77.96593495163154,22.17931100514342,57.402671022979206,47.26818366897355
465.94454814332965,424.6216782648544,526.4738947338491,880.4720378797188,442.32697518952494,647.5124769846564,849.835688655754,393.44046321358087
-0.7837665920687358,-1.8479066620144229,2.761109282433739,-0.0594507545049136,2.667314428151723,1.60804008510163,0.9752051668676902,1.941632234700236
-188.7644866871237,-117.48819642582676,1311.957693243455,174.92966798345486,689.4698786506758,793.7052709706535,413.2701245999267,-185.9072561934803
0.0004930462570488,0.0007558585710476,13322.473464424336,5314.090837898701,15289.410678983642,16537.310169766046,640.364506942883,-152.3878077097142
729.9267356230465,-1409.4096308278386,1734.8537877353629,-183.97585266559724,365.5665175298136,3975.011896596703,-341.6811357739006,-1103.2637484680731
165.07525962027995,395.0566050758624,-345.5576830312974,3666.3421050445695,3946.579529513799,424.35109986467626,-364.05854692039327,-4429.050876267852
18.435074577858288,18.51933560566433,37.00539964360512,33.759846955787,25.237681321015764,28.52300686079236,21.321599445117062,24.354373107602463
87.59816877797665,74.95970938653878,64.58023698946002,49.904253822937534,35.397114436901745,33.90696902979205,49.31724153290214,60.63871848139211
713.9816946224857,578.5297747234328,390.4143365412551,491.75603481122846,466.127199953699,409.5351604632645,41.22994139663752,356.0055632330669
0.4416516529270593,1.9885900927422,1.1639671198348471,1.435682649487069,1.930046594526957,-0.5308816535434011,-1.7447662557723798,3.1919379637764056
319.7684430144792,4.669807299341024,-128.97114608977495,874.4625838128136,1397.808626070027,1002.1995171213164,335.1417681750639,327.847717649142
0.0019884378722486,-0.0011709934480187,-2163.0337497881364,3797.5674687811993,20131.27620224966,19312.007074223555,4635.993604492131,1049.760491152083
9820.90986175259,1329.2363200407906,-1882.657549201609,2923.980637688885,2582.524572343687,3198.195158253999,1082.370026318937,1871.42891944398
-381.23651586449176,94.51096891360852,636.0886461343835,-2364.183038544729,2545.010962926633,3334.079811264577,-4112.354264683244,-82.3007782428709
30.84518800326336,23.868201096570832,33.30651116813824,28.84989402398513,27.17053924404803,21.64853249259115,29.198366004251856,28.873753648796846
78.29023273640554,54.90565733258724,25.40124707134464,47.79297819991319,34.49976969656609,81.0043757246443,62.92865007004888,66.4828336569646
629.7422716023406,503.3409884611132,442.67001147161153,753.9395361281704,649.7083563790117,302.84622368630585,312.2010155724321,395.917430860976
2.037151249176721,0.7588566319623268,-0.5764860554148352,-1.4980130793009516,3.913861965890538,0.9254111468291132,-0.3671077176714465,-0.2052336409123993
48.81871384416018,715.8744499495759,111.18674000918668,-546.9478327247465,408.3590928396149,-128.94207769309972,815.4567287720043,454.2615943120089
-0.0003472674047502,0.0026093883027908,1281.3512416889394,14537.826126271786,9470.107856200131,14116.102326904418,-4570.841235639227,403.3550134556724
274.87609509188786,2083.995958612809,-618.0535432102728,-1146.197875148352,-147.45558971026298,1978.526411149648,7707.808578553469,426.72125461885815
-62.411790836966944,-87.49785865112199,-522.2305584886814,4315.727499634683,-195.6635285122452,946.616824822866,-246.5910685228017,989.7572233262172
16.95606422280086,17.98428372056486,24.965117417065592,27.44173453193753,27.47830469149425,28.638177490305548,18.64767241609369,18.69011111254393
35.45886534599082,82.0414417972818,50.38897846291155,74.26309955388618,77.96593495163154,22.17931100514342,57.402671022979206,47.26818366897355
465.94454814332965,424.6216782648544,526.4738947338491,880.4720378797188,442.32697518952494,647.5124769846564,849.835688655754,393.44046321358087
-0.7837665920687358,-1.8479066620144229,2.761109282433739,-0.0594507545049136,2.667314428151723,1.60804008510163,0.9752051668676902,1.941632234700236
-188.7644866871237,-117.48819642582676,1311.957693243455,174.92966798345486,689.4698786506758,793.7052709706535,413.2701245999267,-185.9072561934803
0.0004930462570488,0.0007558585710476,13322.473464424336,5314.090837898701,15289.410678983642,16537.310169766046,640.364506942883,-152.3878077097142
729.9267356230465,-1409.4096308278386,1734.8537877353629,-183.97585266559724,365.5665175298136,3975.011896596703,-341.6811357739006,-1103.2637484680731
165.07525962027995,395.0566050758624,-345.5576830312974,3666.3421050445695,3946.579529513799,424.35109986467626,-364.05854692039327,-4429.050876267852
18.435074577858288,18.51933560566433,37.00539964360512,33.759846955787,25.237681321015764,28.52300686079236,21.321599445117062,24.354373107602463
87.59816877797665,74.95970938653878,64.58023698946002,49.904253822937534,35.397114436901745,33.90696902979205,49.31724153290214,60.63871848139211
713.9816946224857,578.5297747234328,390.4143365412551,491.75603481122846,466.127199953699,409.5351604632645,41.22994139663752,356.0055632330669
0.4416516529270593,1.9885900927422,1.1639671198348471,1.435682649487069,1.930046594526957,-0.5308816535434011,-1.7447662557723798,3.1919379637764056
319.7684430144792,4.669807299341024,-128.97114608977495,874.4625838128136,1397.808626070027,1002.1995171213164,335.1417681750639,327.847717649142
0.0019884378722486,-0.0011709934480187,-2163.0337497881364,3797.5674687811993,20131.27620224966,19312.007074223555,4635.993604492131,1049.760491152083
9820.90986175259,1329.2363200407906,-1882.657549201609,2923.980637688885,2582.524572343687,3198.195158253999,1082.370026318937,1871.42891944398
-381.23651586449176,94.51096891360852,636.0886461343835,-2364.183038544729,2545.010962926633,3334.079811264577,-4112.354264683244,-82.3007782428709
30.84518800326336,23.868201096570832,33.30651116813824,28.84989402398513,27.17053924404803,21.64853249259115,29.198366004251856,28.873753648796846
78.29023273640554,54.90565733258724,25.40124707134464,47.79297819991319,34.49976969656609,81.0043757246443,62.92865007004888,66.4828336569646
629.7422716023406,503.3409884611132,442.67001147161153,753.9395361281704,649.7083563790117,302.84622368630585,312.2010155724321,395.917430860976
2.037151249176721,0.7588566319623268,-0.5764860554148352,-1.4980130793009516,3.913861965890538,0.9254111468291132,-0.3671077176714465,-0.2052336409123993
48.81871384416018,715.8744499495759,111.18674000918668,-546.9478327247465,408.3590928396149,-128.94207769309972,815.4567287720043,454.2615943120089
-0.0003472674047502,0.0026093883027908,1281.3512416889394,14537.826126271786,9470.107856200131,14116.102326904418,-4570.841235639227,403.3550134556724
274.87609509188786,2083.995958612809,-618.0535432102728,-1146.197875148352,-147.45558971026298,1978.526411149648,7707.808578553469,426.72125461885815
-62.411790836966944,-87.49785865112199,-522.2305584886814,4315.727499634683,-195.6635285122452,946.616824822866,-246.5910685228017,989.7572233262172
16.95606422280086,17.98428372056486,24.965117417065592,27.44173453193753,27.47830469149425,28.638177490305548,18.64767241609369,18.69011111254393
35.45886534599082,82.0414417972818,50.38897846291155,74.26309955388618,77.96593495163154,22.17931100514342,57.402671022979206,47.26818366897355
465.94454814332965,424.6216782648544,526.4738947338491,880.4720378797188,442.32697518952494,647.5124769846564,849.835688655754,393.44046321358087
-0.7837665920687358,-1.8479066620144229,2.761109282433739,-0.0594507545049136,2.667314428151723,1.60804008510163,0.9752051668676902,1.941632234700236
-188.7644866871237,-117.48819642582676,1311.957693243455,174.92966798345486,689.4698786506758,793.7052709706535,413.2701245999267,-185.9072561934803
0.0004930462570488,0.0007558585710476,13322.473464424336,5314.090837898701,15289.410678983642,16537.310169766046,640.364506942883,-152.3878077097142
729.9267356230465,-1409.4096308278386,1734.8537877353629,-183.97585266559724,365.5665175298136,3975.011896596703,-341.6811357739006,-1103.2637484680731
165.07525962027995,395.0566050758624,-345.5576830312974,3666.3421050445695,3946.579529513799,424.35109986467626,-364.05854692039327,-4429.050876267852
18.435074577858288,18.51933560566433,37.00539964360512,33.759846955787,25.237681321015764,28.52300686079236,21.321599445117062,24.354373107602463
87.59816877797665,74.95970938653878,64.58023698946002,49.904253822937534,35.397114436901745,33.90696902979205,49.31724153290214,60.63871848139211
713.9816946224857,578.5297747234328,390.4143365412551,491.75603481122846,466.127199953699,409.5351604632645,41.22994139663752,356.0055632330669
0.4416516529270593,1.9885900927422,1.1639671198348471,1.435682649487069,1.930046594526957,-0.5308816535434011,-1.7447662557723798,3.1919379637764056
319.7684430144792,4.669807299341024,-128.97114608977495,874.4625838128136,1397.808626070027,1002.1995171213164,335.1417681750639,327.847717649142
0.0019884378722486,-0.0011709934480187,-2163.0337497881364,3797.5674687811993,20131.27620224966,19312.007074223555,4635.993604492131,1049.760491152083
9820.90986175259,1329.2363200407906,-1882.657549201609,2923.980637688885,2582.524572343687,3198.195158253999,1082.370026318937,1871.42891944398
-381.23651586449176,94.51096891360852,636.0886461343835,-2364.183038544729,2545.010962926633,3334.079811264577,-4112.354264683244,-82.3007782428709
30.84518800326336,23.868201096570832,33.30651116813824,28.84989402398513,27.17053924404803,21.64853249259115,29.198366004251856,28.873753648796846
78.29023273640554,54.90565733258724,25.40124707134464,47.79297819991319,34.49976969656609,81.0043757246443,62.92865007004888,66.4828336569646
629.7422716023406,503.3409884611132,442.67001147161153,753.9395361281704,649.7083563790117,302.84622368630585,312.2010155724321,395.917430860976
2.037151249176721,0.7588566319623268,-0.5764860554148352,-1.4980130793009516,3.913861965890538,0.9254111468291132,-0.3671077176714465,-0.2052336409123993
48.81871384416018,715.8744499495759,111.18674000918668,-546.9478327247465,408.3590928396149,-128.94207769309972,815.4567287720043,454.2615943120089
-0.0003472674047502,0.0026093883027908,1281.3512416889394,14537.826126271786,9470.107856200131,14116.102326904418,-4570.841235639227,403.3550134556724
274.87609509188786,2083.995958612809,-618.0535432102728,-1146.197875148352,-147.45558971026298,1978.526411149648,7707.808578553469,426.72125461885815
-62.411790836966944,-87.49785865112199,-522.2305584886814,4315.727499634683,-195.6635285122452,946.616824822866,-246.5910685228017,989.7572233262172
16.95606422280086,17.98428372056486,24.965117417065592,27.44173453193753,27.47830469149425,28.638177490305548,18.64767241609369,18.69011111254393
35.45886534599082,82.0414417972818,50.38897846291155,74.26309955388618,77.96593495163154,22.17931100514342,57.402671022979206,47.26818366897355
465.94454814332965,424.6216782648544,526.4738947338491,880.4720378797188,442.32697518952494,647.5124769846564,849.835688655754,393.44046321358087
-0.7837665920687358,-1.8479066620144229,2.761109282433739,-0.0594507545049136,2.667314428151723,1.60804008510163,0.9752051668676902,1.941632234700236
-188.7644866871237,-117.48819642582676,1311.957693243455,174.92966798345486,689.4698786506758,793.7052709706535,413.2701245999267,-185.9072561934803
0.0004930462570488,0.0007558585710476,13322.473464424336,5314.090837898701,15289.410678983642,16537.310169766046,640.364506942883,-152.3878077097142
729.9267356230465,-1409.4096308278386,1734.8537877353629,-183.97585266559724,365.5665175298136,3975.011896596703,-341.6811357739006,-1103.2637484680731
165.07525962027995,395.0566050758624,-345.5576830312974,3666.3421050445695,3946.579529513799,424.35109986467626,-364.05854692039327,-4429.050876267852
18.435074577858288,18.51933560566433,37.00539964360512,33.759846955787,25.237681321015764,28.52300686079236,21.321599445117062,24.354373107602463
87.59816877797665,74.95970938653878,64.58023698946002,49.904253822937534,35.397114436901745,33.90696902979205,49.31724153290214,60.63871848139211
713.9816946224857,578.5297747234328,390.4143365412551,491.75603481122846,466.127199953699,409.5351604632645,41.22994139663752,356.0055632330669
0.4416516529270593,1.9885900927422,1.1639671198348471,1.435682649487069,1.930046594526957,-0.5308816535434011,-1.7447662557723798,3.1919379637764056
319.7684430144792,4.669807299341024,-128.97114608977495,874.4625838128136,1397.808626070027,1002.1995171213164,335.1417681750639,327.847717649142
0.0019884378722486,-0.0011709934480187,-2163.0337497881364,3797.5674687811993,20131.27620224966,19312.007074223555,4635.993604492131,1049.760491152083
9820.90986175259,1329.2363200407906,-1882.657549201609,2923.980637688885,2582.524572343687,3198.195158253999,1082.370026318937,1871.42891944398
-381.23651586449176,94.51096891360852,636.0886461343835,-2364.183038544729,2545.010962926633,3334.079811264577,-4112.354264683244,-82.3007782428709
30.84518800326336,23.868201096570832,33.30651116813824,28.84989402398513,27.17053924404803,21.64853249259115,29.198366004251856,28.873753648796846
78.29023273640554,54.90565733258724,25.40124707134464,47.79297819991319,34.49976969656609,81.0043757246443,62.92865007004888,66.4828336569646
629.7422716023406,503.3409884611132,442.67001147161153,753.9395361281704,649.7083563790117,302.84622368630585,312.2010155724321,395.917430860976
2.037151249176721,0.7588566319623268,-0.5764860554148352,-1.4980130793009516,3.913861965890538,0.9254111468291132,-0.3671077176714465,-0.2052336409123993
48.81871384416018,715.8744499495759,111.18674000918668,-546.9478327247465,408.3590928396149,-128.94207769309972,815.4567287720043,454.2615943120089
-0.0003472674047502,0.0026093883027908,1281.3512416889394,14537.826126271786,9470.107856200131,14116.102326904418,-4570.841235639227,403.3550134556724
274.87609509188786,2083.995958612809,-618.0535432102728,-1146.197875148352,-147.45558971026298,1978.526411149648,7707.808578553469,426.72125461885815
-62.411790836966944,-87.49785865112199,-522.2305584886814,4315.727499634683,-195.6635285122452,946.616824822866,-246.5910685228017,989.7572233262172
16.95606422280086,17.98428372056486,24.965117417065592,27.44173453193753,27.47830469149425,28.638177490305548,18.64767241609369,18.69011111254393
35.45886534599082,82.0414417972818,50.38897846291155,74.26309955388618,77.96593495163154,22.17931100514342,57.402671022979206,47.26818366897355
465.94454814332965,424.6216782648544,526.4738947338491,880.4720378797188,442.32697518952494,647.5124769846564,849.835688655754,393.44046321358087
-0.7837665920687358,-1.8479066620144229,2.761109282433739,-0.0594507545049136,2.667314428151723,1.60804008510163,0.9752051668676902,1.941632234700236
-188.7644866871237,-117.48819642582676,1311.957693243455,174.92966798345486,689.4698786506758,793.7052709706535,413.2701245999267,-185.9072561934803
0.0004930462570488,0.0007558585710476,13322.473464424336,5314.090837898701,15289.410678983642,16537.310169766046,640.364506942883,-152.3878077097142
729.9267356230465,-1409.4096308278386,1734.8537877353629,-183.97585266559724,365.5665175298136,3975.011896596703,-341.6811357739006,-1103.2637484680731
165.07525962027995,395.0566050758624,-345.5576830312974,3666.3421050445695,3946.579529513799,424.35109986467626,-364.05854692039327,-4429.050876267852
18.435074577858288,18.51933560566433,37.00539964360512,33.759846955787,25.237681321015764,28.52300686079236,21.321599445117062,24.354373107602463
87.59816877797665,74.95970938653878,64.58023698946002,49.904253822937534,35.397114436901745,33.90696902979205,49.31724153290214,60.63871848139211
713.9816946224857,578.5297747234328,390.4143365412551,491.75603481122846,466.127199953699,409.5351604632645,41.22994139663752,356.0055632330669
0.4416516529270593,1.9885900927422,1.1639671198348471,1.435682649487069,1.930046594526957,-0.5308816535434011,-1.7447662557723798,3.1919379637764056
319.7684430144792,4.669807299341024,-128.97114608977495,874.4625838128136,1397.808626070027,1002.1995171213164,335.1417681750639,327.847717649142
0.0019884378722486,-0.0011709934480187,-2163.0337497881364,3797.5674687811993,20131.27620224966,19312.007074223555,4635.993604492131,1049.760491152083
9820.90986175259,1329.2363200407906,-1882.657549201609,2923.980637688885,2582.524572343687,3198.195158253999,1082.370026318937,1871.42891944398
-381.23651586449176,94.51096891360852,636.0886461343835,-2364.183038544729,2545.010962926633,3334.079811264577,-4112.354264683244,-82.3007782428709
30.84518800326336,23.868201096570832,33.30651116813824,28.84989402398513,27.17053924404803,21.64853249259115,29.198366004251856,28.873753648796846
78.29023273640554,54.90565733258724,25.40124707134464,47.79297819991319,34.49976969656609,81.0043757246443,62.92865007004888,66.4828336569646
629.7422716023406,503.3409884611132,442.67001147161153,753.9395361281704,649.7083563790117,302.84622368630585,312.2010155724321,395.917430860976
2.037151249176721,0.7588566319623268,-0.5764860554148352,-1.4980130793009516,3.913861965890538,0.9254111468291132,-0.3671077176714465,-0.2052336409123993
48.81871384416018,715.8744499495759,111.18674000918668,-546.9478327247465,408.3590928396149,-128.94207769309972,815.4567287720043,454.2615943120089
-0.0003472674047502,0.0026093883027908,1281.3512416889394,14537.826126271786,9470.107856200131,14116.102326904418,-4570.841235639227,403.3550134556724
274.87609509188786,2083.995958612809,-618.0535432102728,-1146.197875148352,-147.45558971026298,1978.526411149648,7707.808578553469,426.72125461885815
-62.411790836966944,-87.49785865112199,-522.2305584886814,4315.727499634683,-195.6635285122452,946.616824822866,-246.5910685228017,989.7572233262172
16.95606422280086,17.98428372056486,24.965117417065592,27.44173453193753,27.47830469149425,28.638177490305548,18.64767241609369,18.69011111254393
35.45886534599082,82.0414417972818,50.38897846291155,74.26309955388618,77.96593495163154,22.17931100514342,57.402671022979206,47.26818366897355
465.94454814332965,424.6216782648544,526.4738947338491,880.4720378797188,442.32697518952494,647.5124769846564,849.835688655754,393.44046321358087
-0.7837665920687358,-1.8479066620144229,2.761109282433739,-0.0594507545049136,2.667314428151723,1.60804008510163,0.9752051668676902,1.941632234700236
-188.7644866871237,-117.48819642582676,1311.957693243455,174.92966798345486,689.4698786506758,793.7052709706535,413.2701245999267,-185.9072561934803
0.0004930462570488,0.0007558585710476,13322.473464424336,5314.090837898701,15289.410678983642,16537.310169766046,640.364506942883,-152.3878077097142
729.9267356230465,-1409.4096308278386,1734.8537877353629,-183.97585266559724,365.5665175298136,3975.011896596703,-341.6811357739006,-1103.2637484680731
165.07525962027995,395.0566050758624,-345.5576830312974,3666.3421050445695,3946.579529513799,424.35109986467626,-364.05854692039327,-4429.050876267852
18.435074577858288,18.51933560566433,37.00539964360512,33.759846955787,25.237681321015764,28.52300686079236,21.321599445117062,24.354373107602463
87.59816877797665,74.95970938653878,64.58023698946002,49.904253822937534,35.397114436901745,33.90696902979205,49.31724153290214,60.63871848139211
713.9816946224857,578.5297747234328,390.4143365412551,491.75603481122846,466.127199953699,409.5351604632645,41.22994139663752,356.0055632330669
0.4416516529270593,1.9885900927422,1.1639671198348471,1.435682649487069,1.930046594526957,-0.5308816535434011,-1.7447662557723798,3.1919379637764056
319.7684430144792,4.669807299341024,-128.97114608977495,874.4625838128136,1397.808626070027,1002.1995171213164,335.1417681750639,327.847717649142
0.0019884378722486,-0.0011709934480187,-2163.0337497881364,3797.5674687811993,20131.27620224966,19312.007074223555,4635.993604492131,1049.760491152083
9820.90986175259,1329.2363200407906,-1882.657549201609,2923.980637688885,2582.524572343687,3198.195158253999,1082.370026318937,1871.42891944398
-381.23651586449176,94.51096891360852,636.0886461343835,-2364.183038544729,2545.010962926633,3334.079811264577,-4112.354264683244,-82.3007782428709
30.84518800326336,23.868201096570832,33.30651116813824,28.84989402398513,27.17053924404803,21.64853249259115,29.198366004251856,28.873753648796846
78.29023273640554,54.90565733258724,25.40124707134464,47.79297819991319,34.49976969656609,81.0043757246443,62.92865007004888,66.4828336569646
629.7422716023406,503.3409884611132,442.67001147161153,753.9395361281704,649.7083563790117,302.84622368630585,312.2010155724321,395.917430860976
2.037151249176721,0.7588566319623268,-0.5764860554148352,-1.4980130793009516,3.913861965890538,0.9254111468291132,-0.3671077176714465,-0.2052336409123993
48.81871384416018,715.8744499495759,111.18674000918668,-546.9478327247465,408.3590928396149,-128.94207769309972,815.4567287720043,454.2615943120089
-0.0003472674047502,0.0026093883027908,1281.3512416889394,14537.826126271786,9470.107856200131,14116.102326904418,-4570.841235639227,403.3550134556724
274.87609509188786,2083.995958612809,-618.0535432102728,-1146.197875148352,-147.45558971026298,1978.526411149648,7707.808578553469,426.72125461885815
-62.411790836966944,-87.49785865112199,-522.2305584886814,4315.727499634683,-195.6635285122452,946.616824822866,-246.5910685228017,989.7572233262172
16.95606422280086,17.98428372056486,24.965117417065592,27.44173453193753,27.47830469149425,28.638177490305548,18.64767241609369,18.69011111254393
35.45886534599082,82.0414417972818,50.38897846291155,74.26309955388618,77.96593495163154,22.17931100514342,57.402671022979206,47.26818366897355
465.94454814332965,424.6216782648544,526.4738947338491,880.4720378797188,442.32697518952494,647.5124769846564,849.835688655754,393.44046321358087
-0.7837665920687358,-1.8479066620144229,2.761109282433739,-0.0594507545049136,2.667314428151723,1.60804008510163,0.9752051668676902,1.941632234700236
-188.7644866871237,-117.48819642582676,1311.957693243455,174.92966798345486,689.4698786506758,793.7052709706535,413.2701245999267,-185.9072561934803
0.0004930462570488,0.0007558585710476,13322.473464424336,5314.090837898701,15289.410678983642,16537.310169766046,640.364506942883,-152.3878077097142
729.9267356230465,-1409.4096308278386,1734.8537877353629,-183.97585266559724,365.5665175298136,3975.011896596703,-341.6811357739006,-1103.2637484680731
165.07525962027995,395.0566050758624,-345.5576830312974,3666.3421050445695,3946.579529513799,424.35109986467626,-364.05854692039327,-4429.050876267852
18.435074577858288,18.51933560566433,37.00539964360512,33.759846955787,25.237681321015764,28.52300686079236,21.321599445117062,24.354373107602463
87.59816877797665,74.95970938653878,64.58023698946002,49.904253822937534,35.397114436901745,33.90696902979205,49.31724153290214,60.63871848139211
713.9816946224857,578.5297747234328,390.4143365412551,491.75603481122846,466.127199953699,409.5351604632645,41.22994139663752,356.0055632330669
0.4416516529270593,1.9885900927422,1.1639671198348471,1.435682649487069,1.930046594526957,-0.5308816535434011,-1.7447662557723798,3.1919379637764056
319.7684430144792,4.669807299341024,-128.97114608977495,874.4625838128136,1397.808626070027,1002.1995171213164,335.1417681750639,327.847717649142
0.0019884378722486,-0.0011709934480187,-2163.0337497881364,3797.5674687811993,20131.27620224966,19312.007074223555,4635.993604492131,1049.760491152083
9820.90986175259,1329.2363200407906,-1882.657549201609,2923.980637688885,2582.524572343687,3198.195158253999,1082.370026318937,1871.42891944398
-381.23651586449176,94.51096891360852,636.0886461343835,-2364.183038544729,2545.010962926633,3334.079811264577,-4112.354264683244,-82.3007782428709
30.84518800326336,23.868201096570832,33.30651116813824,28.84989402398513,27.17053924404803,21.64853249259115,29.198366004251856,28.873753648796846
78.29023273640554,54.90565733258724,25.40124707134464,47.79297819991319,34.49976969656609,81.0043757246443,62.92865007004888,66.4828336569646
629.7422716023406,503.3409884611132,442.67001147161153,753.9395361281704,649.7083563790117,302.84622368630585,312.2010155724321,395.917430860976
2.037151249176721,0.7588566319623268,-0.5764860554148352,-1.4980130793009516,3.913861965890538,0.9254111468291132,-0.3671077176714465,-0.2052336409123993
48.81871384416018,715.8744499495759,111.18674000918668,-546.9478327247465,408.3590928396149,-128.94207769309972,815.4567287720043,454.2615943120089
-0.0003472674047502,0.0026093883027908,1281.3512416889394,14537.826126271786,9470.107856200131,14116.102326904418,-4570.841235639227,403.3550134556724
274.87609509188786,2083.995958612809,-618.0535432102728,-1146.197875148352,-147.45558971026298,1978.526411149648,7707.808578553469,426.72125461885815
-62.411790836966944,-87.49785865112199,-522.2305584886814,4315.727499634683,-195.6635285122452,946.616824822866,-246.5910685228017,989.7572233262172
16.95606422280086,17.98428372056486,24.965117417065592,27.44173453193753,27.47830469149425,28.638177490305548,18.64767241609369,18.69011111254393
35.45886534599082,82.0414417972818,50.38897846291155,74.26309955388618,77.96593495163154,22.17931100514342,57.402671022979206,47.26818366897355
465.94454814332965,424.6216782648544,526.4738947338491,880.4720378797188,442.32697518952494,647.5124769846564,849.835688655754,393.44046321358087
-0.7837665920687358,-1.8479066620144229,2.761109282433739,-0.0594507545049136,2.667314428151723,1.60804008510163,0.9752051668676902,1.941632234700236
-188.7644866871237,-117.48819642582676,1311.957693243455,174.92966798345486,689.4698786506758,793.7052709706535,413.2701245999267,-185.9072561934803
0.0004930462570488,0.0007558585710476,13322.473464424336,5314.090837898701,15289.410678983642,16537.310169766046,640.364506942883,-152.3878077097142
729.9267356230465,-1409.4096308278386,1734.8537877353629,-183.97585266559724,365.5665175298136,3975.011896596703,-341.6811357739006,-1103.2637484680731
165.07525962027995,395.0566050758624,-345.5576830312974,3666.3421050445695,3946.579529513799,424.35109986467626,-364.05854692039327,-4429.050876267852
18.435074577858288,18.51933560566433,37.00539964360512,33.759846955787,25.237681321015764,28.52300686079236,21.321599445117062,24.354373107602463
87.59816877797665,74.95970938653878,64.58023698946002,49.904253822937534,35.397114436901745,33.90696902979205,49.31724153290214,60.63871848139211
713.9816946224857,578.5297747234328,390.4143365412551,491.75603481122846,466.127199953699,409.5351604632645,41.22994139663752,356.0055632330669
0.4416516529270593,1.9885900927422,1.1639671198348471,1.435682649487069,1.930046594526957,-0.5308816535434011,-1.7447662557723798,3.1919379637764056
319.7684430144792,4.669807299341024,-128.97114608977495,874.4625838128136,1397.808626070027,1002.1995171213164,335.1417681750639,327.847717649142
0.0019884378722486,-0.0011709934480187,-2163.0337497881364,3797.5674687811993,20131.27620224966,19312.007074223555,4635.993604492131,1049.760491152083
9820.90986175259,1329.2363200407906,-1882.657549201609,2923.980637688885,2582.524572343687,3198.195158253999,1082.370026318937,1871.42891944398
-381.23651586449176,94.51096891360852,636.0886461343835,-2364.183038544729,2545.010962926633,3334.079811264577,-4112.354264683244,-82.3007782428709
30.84518800326336,23.868201096570832,33.30651116813824,28.84989402398513,27.17053924404803,21.64853249259115,29.198366004251856,28.873753648796846
78.29023273640554,54.90565733258724,25.40124707134464,47.79297819991319,34.49976969656609,81.0043757246443,62.92865007004888,66.4828336569646
629.7422716023406,503.3409884611132,442.67001147161153,753.9395361281704,649.7083563790117,302.84622368630585,312.2010155724321,395.917430860976
2.037151249176721,0.7588566319623268,-0.5764860554148352,-1.4980130793009516,3.913861965890538,0.9254111468291132,-0.3671077176714465,-0.2052336409123993
48.81871384416018,715.8744499495759,111.18674000918668,-546.9478327247465,408.3590928396149,-128.94207769309972,815.4567287720043,454.2615943120089
-0.0003472674047502,0.0026093883027908,1281.3512416889394,14537.826126271786,9470.107856200131,14116.102326904418,-4570.841235639227,403.3550134556724
274.87609509188786,2083.995958612809,-618.0535432102728,-1146.197875148352,-147.45558971026298,1978.526411149648,7707.808578553469,426.72125461885815
-62.411790836966944,-87.49785865112199,-522.2305584886814,4315.727499634683,-195.6635285122452,946.616824822866,-246.5910685228017,989.7572233262172
16.95606422280086,17.98428372056486,24.965117417065592,27.44173453193753,27.47830469149425,28.638177490305548,18.64767241609369,18.69011111254393
35.45886534599082,82.0414417972818,50.38897846291155,74.26309955388618,77.96593495163154,22.17931100514342,57.402671022979206,47.26818366897355
465.94454814332965,424.6216782648544,526.4738947338491,880.4720378797188,442.32697518952494,647.5124769846564,849.835688655754,393.44046321358087
-0.7837665920687358,-1.8479066620144229,2.761109282433739,-0.0594507545049136,2.667314428151723,1.60804008510163,0.9752051668676902,1.941632234700236
-188.7644866871237,-117.48819642582676,1311.957693243455,174.92966798345486,689.4698786506758,793.7052709706535,413.2701245999267,-185.9072561934803
0.0004930462570488,0.0007558585710476,13322.473464424336,5314.090837898701,15289.410678983642,16537.310169766046,640.364506942883,-152.3878077097142
729.9267356230465,-1409.4096308278386,1734.8537877353629,-183.97585266559724,365.5665175298136,3975.011896596703,-341.6811357739006,-1103.2637484680731
165.07525962027995,395.0566050758624,-345.5576830312974,3666.3421050445695,3946.579529513799,424.35109986467626,-364.05854692039327,-4429.050876267852
18.435074577858288,18.51933560566433,37.00539964360512,33.759846955787,25.237681321015764,28.52300686079236,21.321599445117062,24.354373107602463
87.59816877797665,74.95970938653878,64.58023698946002,49.904253822937534,35.397114436901745,33.90696902979205,49.31724153290214,60.63871848139211
713.9816946224857,578.5297747234328,390.4143365412551,491.75603481122846,466.127199953699,409.5351604632645,41.22994139663752,356.0055632330669
0.4416516529270593,1.9885900927422,1.1639671198348471,1.435682649487069,1.930046594526957,-0.5308816535434011,-1.7447662557723798,3.1919379637764056
319.7684430144792,4.669807299341024,-128.97114608977495,874.4625838128136,1397.808626070027,1002.1995171213164,335.1417681750639,327.847717649142
0.0019884378722486,-0.0011709934480187,-2163.0337497881364,3797.5674687811993,20131.27620224966,19312.007074223555,4635.993604492131,1049.760491152083
9820.90986175259,1329.2363200407906,-1882.657549201609,2923.980637688885,2582.524572343687,3198.195158253999,1082.370026318937,1871.42891944398
-381.23651586449176,94.51096891360852,636.0886461343835,-2364.183038544729,2545.010962926633,3334.079811264577,-4112.354264683244,-82.3007782428709
30.84518800326336,23.868201096570832,33.30651116813824,28.84989402398513,27.17053924404803,21.64853249259115,29.198366004251856,28.873753648796846
78.29023273640554,54.90565733258724,25.40124707134464,47.79297819991319,34.49976969656609,81.0043757246443,62.92865007004888,66.4828336569646
629.7422716023406,503.3409884611132,442.67001147161153,753.9395361281704,649.7083563790117,302.84622368630585,312.2010155724321,395.917430860976
2.037151249176721,0.7588566319623268,-0.5764860554148352,-1.4980130793009516,3.913861965890538,0.9254111468291132,-0.3671077176714465,-0.2052336409123993
48.81871384416018,715.8744499495759,111.18674000918668,-546.9478327247465,408.3590928396149,-128.94207769309972,815.4567287720043,454.2615943120089
-0.0003472674047502,0.0026093883027908,1281.3512416889394,14537.826126271786,9470.107856200131,14116.102326904418,-4570.841235639227,403.3550134556724
274.87609509188786,2083.995958612809,-618.0535432102728,-1146.197875148352,-147.45558971026298,1978.526411149648,7707.808578553469,426.72125461885815
-62.411790836966944,-87.49785865112199,-522.2305584886814,4315.727499634683,-195.6635285122452,946.616824822866,-246.5910685228017,989.7572233262172
16.95606422280086,17.98428372056486,24.965117417065592,27.44173453193753,27.47830469149425,28.638177490305548,18.64767241609369,18.69011111254393
35.45886534599082,82.0414417972818,50.38897846291155,74.26309955388618,77.96593495163154,22.17931100514342,57.402671022979206,47.26818366897355
465.94454814332965,424.6216782648544,526.4738947338491,880.4720378797188,442.32697518952494,647.5124769846564,849.835688655754,393.44046321358087
-0.7837665920687358,-1.8479066620144229,2.761109282433739,-0.0594507545049136,2.667314428151723,1.60804008510163,0.9752051668676902,1.941632234700236
-188.7644866871237,-117.48819642582676,1311.957693243455,174.92966798345486,689.4698786506758,793.7052709706535,413.2701245999267,-185.9072561934803
0.0004930462570488,0.0007558585710476,13322.473464424336,5314.090837898701,15289.410678983642,16537.310169766046,640.364506942883,-152.3878077097142
729.9267356230465,-1409.4096308278386,1734.8537877353629,-183.97585266559724,365.5665175298136,3975.011896596703,-341.6811357739006,-1103.2637484680731
165.07525962027995,395.0566050758624,-345.5576830312974,3666.3421050445695,3946.579529513799,424.35109986467626,-364.05854692039327,-4429.050876267852
18.435074577858288,18.51933560566433,37.00539964360512,33.759846955787,25.237681321015764,28.52300686079236,21.321599445117062,24.354373107602463
87.59816877797665,74.95970938653878,64.58023698946002,49.904253822937534,35.397114436901745,33.90696902979205,49.31724153290214,60.63871848139211
713.9816946224857,578.5297747234328,390.4143365412551,491.75603481122846,466.127199953699,409.5351604632645,41.22994139663752,356.0055632330669
0.4416516529270593,1.9885900927422,1.1639671198348471,1.435682649487069,1.930046594526957,-0.5308816535434011,-1.7447662557723798,3.1919379637764056
319.7684430144792,4.669807299341024,-128.97114608977495,874.4625838128136,1397.808626070027,1002.1995171213164,335.1417681750639,327.847717649142
0.0019884378722486,-0.0011709934480187,-2163.0337497881364,3797.5674687811993,20131.27620224966,19312.007074223555,4635.993604492131,1049.760491152083
9820.90986175259,1329.2363200407906,-1882.657549201609,2923.980637688885,2582.524572343687,3198.195158253999,1082.370026318937,1871.42891944398
-381.23651586449176,94.51096891360852,636.0886461343835,-2364.183038544729,2545.010962926633,3334.079811264577,-4112.354264683244,-82.3007782428709
30.84518800326336,23.868201096570832,33.30651116813824,28.84989402398513,27.17053924404803,21.64853249259115,29.198366004251856,28.873753648796846
78.29023273640554,54.90565733258724,25.40124707134464,47.79297819991319,34.49976969656609,81.0043757246443,62.92865007004888,66.4828336569646
629.7422716023406,503.3409884611132,442.67001147161153,753.9395361281704,649.7083563790117,302.84622368630585,312.2010155724321,395.917430860976
2.037151249176721,0.7588566319623268,-0.5764860554148352,-1.4980130793009516,3.913861965890538,0.9254111468291132,-0.3671077176714465,-0.2052336409123993
48.81871384416018,715.8744499495759,111.18674000918668,-546.9478327247465,408.3590928396149,-128.94207769309972,815.4567287720043,454.2615943120089
-0.0003472674047502,0.0026093883027908,1281.3512416889394,14537.826126271786,9470.107856200131,14116.102326904418,-4570.841235639227,403.3550134556724
274.87609509188786,2083.995958612809,-618.0535432102728,-1146.197875148352,-147.45558971026298,1978.526411149648,7707.808578553469,426.72125461885815
-62.411790836966944,-87.49785865112199,-522.2305584886814,4315.727499634683,-195.6635285122452,946.616824822866,-246.5910685228017,989.7572233262172
16.95606422280086,17.98428372056486,24.965117417065592,27.44173453193753,27.47830469149425,28.638177490305548,18.64767241609369,18.69011111254393
35.45886534599082,82.0414417972818,50.38897846291155,74.26309955388618,77.96593495163154,22.17931100514342,57.402671022979206,47.26818366897355
465.94454814332965,424.6216782648544,526.4738947338491,880.4720378797188,442.32697518952494,647.5124769846564,849.835688655754,393.44046321358087
-0.7837665920687358,-1.8479066620144229,2.761109282433739,-0.0594507545049136,2.667314428151723,1.60804008510163,0.9752051668676902,1.941632234700236
-188.7644866871237,-117.48819642582676,1311.957693243455,174.92966798345486,689.4698786506758,793.7052709706535,413.2701245999267,-185.9072561934803
0.0004930462570488,0.0007558585710476,13322.473464424336,5314.090837898701,15289.410678983642,16537.310169766046,640.364506942883,-152.3878077097142
729.9267356230465,-1409.4096308278386,1734.8537877353629,-183.97585266559724,365.5665175298136,3975.011896596703,-341.6811357739006,-1103.2637484680731
165.07525962027995,395.0566050758624,-345.5576830312974,3666.3421050445695,3946.579529513799,424.35109986467626,-364.05854692039327,-4429.050876267852
18.435074577858288,18.51933560566433,37.00539964360512,33.759846955787,25.237681321015764,28.52300686079236,21.321599445117062,24.354373107602463
87.59816877797665,74.95970938653878,64.58023698946002,49.904253822937534,35.397114436901745,33.90696902979205,49.31724153290214,60.63871848139211
713.9816946224857,578.5297747234328,390.4143365412551,491.75603481122846,466.127199953699,409.5351604632645,41.22994139663752,356.0055632330669
0.4416516529270593,1.9885900927422,1.1639671198348471,1.435682649487069,1.930046594526957,-0.5308816535434011,-1.7447662557723798,3.1919379637764056
319.7684430144792,4.669807299341024,-128.97114608977495,874.4625838128136,1397.808626070027,1002.1995171213164,335.1417681750639,327.847717649142
0.0019884378722486,-0.0011709934480187,-2163.0337497881364,3797.5674687811993,20131.27620224966,19312.007074223555,4635.993604492131,1049.760491152083
9820.90986175259,1329.2363200407906,-1882.657549201609,2923.980637688885,2582.524572343687,3198.195158253999,1082.370026318937,1871.42891944398
-381.23651586449176,94.51096891360852,636.0886461343835,-2364.183038544729,2545.010962926633,3334.079811264577,-4112.354264683244,-82.3007782428709
30.84518800326336,23.868201096570832,33.30651116813824,28.84989402398513,27.17053924404803,21.64853249259115,29.198366004251856,28.873753648796846
78.29023273640554,54.90565733258724,25.40124707134464,47.79297819991319,34.49976969656609,81.0043757246443,62.92865007004888,66.4828336569646
629.7422716023406,503.3409884611132,442.67001147161153,753.9395361281704,649.7083563790117,302.84622368630585,312.2010155724321,395.917430860976
2.037151249176721,0.7588566319623268,-0.5764860554148352,-1.4980130793009516,3.913861965890538,0.9254111468291132,-0.3671077176714465,-0.2052336409123993
48.81871384416018,715.8744499495759,111.18674000918668,-546.9478327247465,408.3590928396149,-128.94207769309972,815.4567287720043,454.2615943120089
-0.0003472674047502,0.0026093883027908,1281.3512416889394,14537.826126271786,9470.107856200131,14116.102326904418,-4570.841235639227,403.3550134556724
274.87609509188786,2083.995958612809,-618.0535432102728,-1146.197875148352,-147.45558971026298,1978.526411149648,7707.808578553469,426.72125461885815
-62.411790836966944,-87.49785865112199,-522.2305584886814,4315.727499634683,-195.6635285122452,946.616824822866,-246.5910685228017,989.7572233262172
16.95606422280086,17.98428372056486,24.965117417065592,27.44173453193753,27.47830469149425,28.638177490305548,18.64767241609369,18.69011111254393
35.45886534599082,82.0414417972818,50.38897846291155,74.26309955388618,77.96593495163154,22.17931100514342,57.402671022979206,47.26818366897355
465.94454814332965,424.6216782648544,526.4738947338491,880.4720378797188,442.32697518952494,647.5124769846564,849.835688655754,393.44046321358087
-0.7837665920687358,-1.8479066620144229,2.761109282433739,-0.0594507545049136,2.667314428151723,1.60804008510163,0.9752051668676902,1.941632234700236
-188.7644866871237,-117.48819642582676,1311.957693243455,174.92966798345486,689.4698786506758,793.7052709706535,413.2701245999267,-185.9072561934803
0.0004930462570488,0.0007558585710476,13322.473464424336,5314.090837898701,15289.410678983642,16537.310169766046,640.364506942883,-152.3878077097142
729.9267356230465,-1409.4096308278386,1734.8537877353629,-183.97585266559724,365.5665175298136,3975.011896596703,-341.6811357739006,-1103.2637484680731
165.07525962027995,395.0566050758624,-345.5576830312974,3666.3421050445695,3946.579529513799,424.35109986467626,-364.05854692039327,-4429.050876267852
18.435074577858288,18.51933560566433,37.00539964360512,33.759846955787,25.237681321015764,28.52300686079236,21.321599445117062,24.354373107602463
87.59816877797665,74.95970938653878,64.58023698946002,49.904253822937534,35.397114436901745,33.90696902979205,49.31724153290214,60.63871848139211
713.9816946224857,578.5297747234328,390.4143365412551,491.75603481122846,466.127199953699,409.5351604632645,41.22994139663752,356.0055632330669
0.4416516529270593,1.9885900927422,1.1639671198348471,1.435682649487069,1.930046594526957,-0.5308816535434011,-1.7447662557723798,3.1919379637764056
319.7684430144792,4.669807299341024,-128.97114608977495,874.4625838128136,1397.808626070027,1002.1995171213164,335.1417681750639,327.847717649142
0.0019884378722486,-0.0011709934480187,-2163.0337497881364,3797.5674687811993,20131.27620224966,19312.007074223555,4635.993604492131,1049.760491152083
9820.90986175259,1329.2363200407906,-1882.657549201609,2923.980637688885,2582.524572343687,3198.195158253999,1082.370026318937,1871.42891944398
-381.23651586449176,94.51096891360852,636.0886461343835,-2364.183038544729,2545.010962926633,3334.079811264577,-4112.354264683244,-82.3007782428709
30.84518800326336,23.868201096570832,33.30651116813824,28.84989402398513,27.17053924404803,21.64853249259115,29.198366004251856,28.873753648796846
78.29023273640554,54.90565733258724,25.40124707134464,47.79297819991319,34.49976969656609,81.0043757246443,62.92865007004888,66.4828336569646
629.7422716023406,503.3409884611132,442.67001147161153,753.9395361281704,649.7083563790117,302.84622368630585,312.2010155724321,395.917430860976
2.037151249176721,0.7588566319623268,-0.5764860554148352,-1.4980130793009516,3.913861965890538,0.9254111468291132,-0.3671077176714465,-0.2052336409123993
48.81871384416018,715.8744499495759,111.18674000918668,-546.9478327247465,408.3590928396149,-128.94207769309972,815.4567287720043,454.2615943120089
-0.0003472674047502,0.0026093883027908,1281.3512416889394,14537.826126271786,9470.107856200131,14116.102326904418,-4570.841235639227,403.3550134556724
274.87609509188786,2083.995958612809,-618.0535432102728,-1146.197875148352,-147.45558971026298,1978.526411149648,7707.808578553469,426.72125461885815
-62.411790836966944,-87.49785865112199,-522.2305584886814,4315.727499634683,-195.6635285122452,946.616824822866,-246.5910685228017,989.7572233262172
16.95606422280086,17.98428372056486,24.965117417065592,27.44173453193753,27.47830469149425,28.638177490305548,18.64767241609369,18.69011111254393
35.45886534599082,82.0414417972818,50.38897846291155,74.26309955388618,77.96593495163154,22.17931100514342,57.402671022979206,47.26818366897355
465.94454814332965,424.6216782648544,526.4738947338491,880.4720378797188,442.32697518952494,647.5124769846564,849.835688655754,393.44046321358087
-0.7837665920687358,-1.8479066620144229,2.761109282433739,-0.0594507545049136,2.667314428151723,1.60804008510163,0.9752051668676902,1.941632234700236
-188.7644866871237,-117.48819642582676,1311.957693243455,174.92966798345486,689.4698786506758,793.7052709706535,413.2701245999267,-185.9072561934803
0.0004930462570488,0.0007558585710476,13322.473464424336,5314.090837898701,15289.410678983642,16537.310169766046,640.364506942883,-152.3878077097142
729.9267356230465,-1409.4096308278386,1734.8537877353629,-183.97585266559724,365.5665175298136,3975.011896596703,-341.6811357739006,-1103.2637484680731
165.07525962027995,395.0566050758624,-345.5576830312974,3666.3421050445695,3946.579529513799,424.35109986467626,-364.05854692039327,-4429.050876267852
18.435074577858288,18.51933560566433,37.00539964360512,33.759846955787,25.237681321015764,28.52300686079236,21.321599445117062,24.354373107602463
87.59816877797665,74.95970938653878,64.58023698946002,49.904253822937534,35.397114436901745,33.90696902979205,49.31724153290214,60.63871848139211
713.9816946224857,578.5297747234328,390.4143365412551,491.75603481122846,466.127199953699,409.5351604632645,41.22994139663752,356.0055632330669
0.4416516529270593,1.9885900927422,1.1639671198348471,1.435682649487069,1.930046594526957,-0.5308816535434011,-1.7447662557723798,3.1919379637764056
319.7684430144792,4.669807299341024,-128.97114608977495,874.4625838128136,1397.808626070027,1002.1995171213164,335.1417681750639,327.847717649142
0.0019884378722486,-0.0011709934480187,-2163.0337497881364,3797.5674687811993,20131.27620224966,19312.007074223555,4635.993604492131,1049.760491152083
9820.90986175259,1329.2363200407906,-1882.657549201609,2923.980637688885,2582.524572343687,3198.195158253999,1082.370026318937,1871.42891944398
-381.23651586449176,94.51096891360852,636.0886461343835,-2364.183038544729,2545.010962926633,3334.079811264577,-4112.354264683244,-82.3007782428709
30.84518800326336,23.868201096570832,33.30651116813824,28.84989402398513,27.17053924404803,21.64853249259115,29.198366004251856,28.873753648796846
78.29023273640554,54.90565733258724,25.40124707134464,47.79297819991319,34.49976969656609,81.0043757246443,62.92865007004888,66.4828336569646
629.7422716023406,503.3409884611132,442.67001147161153,753.9395361281704,649.7083563790117,302.84622368630585,312.2010155724321,395.917430860976
2.037151249176721,0.7588566319623268,-0.5764860554148352,-1.4980130793009516,3.913861965890538,0.9254111468291132,-0.3671077176714465,-0.2052336409123993
48.81871384416018,715.8744499495759,111.18674000918668,-546.9478327247465,408.3590928396149,-128.94207769309972,815.4567287720043,454.2615943120089
-0.0003472674047502,0.0026093883027908,1281.3512416889394,14537.826126271786,9470.107856200131,14116.102326904418,-4570.841235639227,403.3550134556724
274.87609509188786,2083.995958612809,-618.0535432102728,-1146.197875148352,-147.45558971026298,1978.526411149648,7707.808578553469,426.72125461885815
-62.411790836966944,-87.49785865112199,-522.2305584886814,4315.727499634683,-195.6635285122452,946.616824822866,-246.5910685228017,989.7572233262172
16.95606422280086,17.98428372056486,24.965117417065592,27.44173453193753,27.47830469149425,28.638177490305548,18.64767241609369,18.69011111254393
35.45886534599082,82.0414417972818,50.38897846291155,74.26309955388618,77.96593495163154,22.17931100514342,57.402671022979206,47.26818366897355
465.94454814332965,424.6216782648544,526.4738947338491,880.4720378797188,442.32697518952494,647.5124769846564,849.835688655754,393.44046321358087
-0.7837665920687358,-1.8479066620144229,2.761109282433739,-0.0594507545049136,2.667314428151723,1.60804008510163,0.9752051668676902,1.941632234700236
-188.7644866871237,-117.48819642582676,1311.957693243455,174.92966798345486,689.4698786506758,793.7052709706535,413.2701245999267,-185.9072561934803
0.0004930462570488,0.0007558585710476,13322.473464424336,5314.090837898701,15289.410678983642,16537.310169766046,640.364506942883,-152.3878077097142
729.9267356230465,-1409.4096308278386,1734.8537877353629,-183.97585266559724,365.5665175298136,3975.011896596703,-341.6811357739006,-1103.2637484680731
165.07525962027995,395.0566050758624,-345.5576830312974,3666.3421050445695,3946.579529513799,424.35109986467626,-364.05854692039327,-4429.050876267852
18.435074577858288,18.51933560566433,37.00539964360512,33.759846955787,25.237681321015764,28.52300686079236,21.321599445117062,24.354373107602463
87.59816877797665,74.95970938653878,64.58023698946002,49.904253822937534,35.397114436901745,33.90696902979205,49.31724153290214,60.63871848139211
713.9816946224857,578.5297747234328,390.4143365412551,491.75603481122846,466.127199953699,409.5351604632645,41.22994139663752,356.0055632330669
0.4416516529270593,1.9885900927422,1.1639671198348471,1.435682649487069,1.930046594526957,-0.5308816535434011,-1.7447662557723798,3.1919379637764056
319.7684430144792,4.669807299341024,-128.97114608977495,874.4625838128136,1397.808626070027,1002.1995171213164,335.1417681750639,327.847717649142
0.0019884378722486,-0.0011709934480187,-2163.0337497881364,3797.5674687811993,20131.27620224966,19312.007074223555,4635.993604492131,1049.760491152083
9820.90986175259,1329.2363200407906,-1882.657549201609,2923.980637688885,2582.524572343687,3198.195158253999,1082.370026318937,1871.42891944398
-381.23651586449176,94.51096891360852,636.0886461343835,-2364.183038544729,2545.010962926633,3334.079811264577,-4112.354264683244,-82.3007782428709
30.84518800326336,23.868201096570832,33.30651116813824,28.84989402398513,27.17053924404803,21.64853249259115,29.198366004251856,28.873753648796846
78.29023273640554,54.90565733258724,25.40124707134464,47.79297819991319,34.49976969656609,81.0043757246443,62.92865007004888,66.4828336569646
629.7422716023406,503.3409884611132,442.67001147161153,753.9395361281704,649.7083563790117,302.84622368630585,312.2010155724321,395.917430860976
2.037151249176721,0.7588566319623268,-0.5764860554148352,-1.4980130793009516,3.913861965890538,0.9254111468291132,-0.3671077176714465,-0.2052336409123993
48.81871384416018,715.8744499495759,111.18674000918668,-546.9478327247465,408.3590928396149,-128.94207769309972,815.4567287720043,454.2615943120089
-0.0003472674047502,0.0026093883027908,1281.3512416889394,14537.826126271786,9470.107856200131,14116.102326904418,-4570.841235639227,403.3550134556724
274.87609509188786,2083.995958612809,-618.0535432102728,-1146.197875148352,-147.45558971026298,1978.526411149648,7707.808578553469,426.72125461885815
-62.411790836966944,-87.49785865112199,-522.2305584886814,4315.727499634683,-195.6635285122452,946.616824822866,-246.5910685228017,989.7572233262172
16.95606422280086,17.98428372056486,24.965117417065592,27.44173453193753,27.47830469149425,28.638177490305548,18.64767241609369,18.69011111254393
35.45886534599082,82.0414417972818,50.38897846291155,74.26309955388618,77.96593495163154,22.17931100514342,57.402671022979206,47.26818366897355
465.94454814332965,424.6216782648544,526.4738947338491,880.4720378797188,442.32697518952494,647.5124769846564,849.835688655754,393.44046321358087
-0.7837665920687358,-1.8479066620144229,2.761109282433739,-0.0594507545049136,2.667314428151723,1.60804008510163,0.9752051668676902,1.941632234700236
-188.7644866871237,-117.48819642582676,1311.957693243455,174.92966798345486,689.4698786506758,793.7052709706535,413.2701245999267,-185.9072561934803
0.0004930462570488,0.0007558585710476,13322.473464424336,5314.090837898701,15289.410678983642,16537.310169766046,640.364506942883,-152.3878077097142
729.9267356230465,-1409.4096308278386,1734.8537877353629,-183.97585266559724,365.5665175298136,3975.011896596703,-341.6811357739006,-1103.2637484680731
165.07525962027995,395.0566050758624,-345.5576830312974,3666.3421050445695,3946.579529513799,424.35109986467626,-364.05854692039327,-4429.050876267852
18.435074577858288,18.51933560566433,37.00539964360512,33.759846955787,25.237681321015764,28.52300686079236,21.321599445117062,24.354373107602463
87.59816877797665,74.95970938653878,64.58023698946002,49.904253822937534,35.397114436901745,33.90696902979205,49.31724153290214,60.63871848139211
713.9816946224857,578.5297747234328,390.4143365412551,491.75603481122846,466.127199953699,409.5351604632645,41.22994139663752,356.0055632330669
0.4416516529270593,1.9885900927422,1.1639671198348471,1.435682649487069,1.930046594526957,-0.5308816535434011,-1.7447662557723798,3.1919379637764056
319.7684430144792,4.669807299341024,-128.97114608977495,874.4625838128136,1397.808626070027,1002.1995171213164,335.1417681750639,327.847717649142
0.0019884378722486,-0.0011709934480187,-2163.0337497881364,3797.5674687811993,20131.27620224966,19312.007074223555,4635.993604492131,1049.760491152083
9820.90986175259,1329.2363200407906,-1882.657549201609,2923.980637688885,2582.524572343687,3198.195158253999,1082.370026318937,1871.42891944398
-381.23651586449176,94.51096891360852,636.0886461343835,-2364.183038544729,2545.010962926633,3334.079811264577,-4112.354264683244,-82.3007782428709
30.84518800326336,23.868201096570832,33.30651116813824,28.84989402398513,27.17053924404803,21.64853249259115,29.198366004251856,28.873753648796846
78.29023273640554,54.90565733258724,25.40124707134464,47.79297819991319,34.49976969656609,81.0043757246443,62.92865007004888,66.4828336569646
629.7422716023406,503.3409884611132,442.67001147161153,753.9395361281704,649.7083563790117,302.84622368630585,312.2010155724321,395.917430860976
2.037151249176721,0.7588566319623268,-0.5764860554148352,-1.4980130793009516,3.913861965890538,0.9254111468291132,-0.3671077176714465,-0.2052336409123993
48.81871384416018,715.8744499495759,111.18674000918668,-546.9478327247465,408.3590928396149,-128.94207769309972,815.4567287720043,454.2615943120089
-0.0003472674047502,0.0026093883027908,1281.3512416889394,14537.826126271786,9470.107856200131,14116.102326904418,-4570.841235639227,403.3550134556724
274.87609509188786,2083.995958612809,-618.0535432102728,-1146.197875148352,-147.45558971026298,1978.526411149648,7707.808578553469,426.72125461885815
-62.411790836966944,-87.49785865112199,-522.2305584886814,4315.727499634683,-195.6635285122452,946.616824822866,-246.5910685228017,989.7572233262172
16.95606422280086,17.98428372056486,24.965117417065592,27.44173453193753,27.47830469149425,28.638177490305548,18.64767241609369,18.69011111254393
35.45886534599082,82.0414417972818,50.38897846291155,74.26309955388618,77.96593495163154,22.17931100514342,57.402671022979206,47.26818366897355
465.94454814332965,424.6216782648544,526.4738947338491,880.4720378797188,442.32697518952494,647.5124769846564,849.835688655754,393.44046321358087
-0.7837665920687358,-1.8479066620144229,2.761109282433739,-0.0594507545049136,2.667314428151723,1.60804008510163,0.9752051668676902,1.941632234700236
-188.7644866871237,-117.48819642582676,1311.957693243455,174.92966798345486,689.4698786506758,793.7052709706535,413.2701245999267,-185.9072561934803
0.0004930462570488,0.0007558585710476,13322.473464424336,5314.090837898701,15289.410678983642,16537.310169766046,640.364506942883,-152.3878077097142
729.9267356230465,-1409.4096308278386,1734.8537877353629,-183.97585266559724,365.5665175298136,3975.011896596703,-341.6811357739006,-1103.2637484680731
165.07525962027995,395.0566050758624,-345.5576830312974,3666.3421050445695,3946.579529513799,424.35109986467626,-364.05854692039327,-4429.050876267852
18.435074577858288,18.51933560566433,37.00539964360512,33.759846955787,25.237681321015764,28.52300686079236,21.321599445117062,24.354373107602463
87.59816877797665,74.95970938653878,64.58023698946002,49.904253822937534,35.397114436901745,33.90696902979205,49.31724153290214,60.63871848139211
713.9816946224857,578.5297747234328,390.4143365412551,491.75603481122846,466.127199953699,409.5351604632645,41.22994139663752,356.0055632330669
0.4416516529270593,1.9885900927422,1.1639671198348471,1.435682649487069,1.930046594526957,-0.5308816535434011,-1.7447662557723798,3.1919379637764056
319.7684430144792,4.669807299341024,-128.97114608977495,874.4625838128136,1397.808626070027,1002.1995171213164,335.1417681750639,327.847717649142
0.0019884378722486,-0.0011709934480187,-2163.0337497881364,3797.5674687811993,20131.27620224966,19312.007074223555,4635.993604492131,1049.760491152083
9820.90986175259,1329.2363200407906,-1882.657549201609,2923.980637688885,2582.524572343687,3198.195158253999,1082.370026318937,1871.42891944398
-381.23651586449176,94.51096891360852,636.0886461343835,-2364.183038544729,2545.010962926633,3334.079811264577,-4112.354264683244,-82.3007782428709
30.84518800326336,23.868201096570832,33.30651116813824,28.84989402398513,27.17053924404803,21.64853249259115,29.198366004251856,28.873753648796846
78.29023273640554,54.90565733258724,25.40124707134464,47.79297819991319,34.49976969656609,81.0043757246443,62.92865007004888,66.4828336569646
629.7422716023406,503.3409884611132,442.67001147161153,753.9395361281704,649.7083563790117,302.84622368630585,312.2010155724321,395.917430860976
2.037151249176721,0.7588566319623268,-0.5764860554148352,-1.4980130793009516,3.913861965890538,0.9254111468291132,-0.3671077176714465,-0.2052336409123993
48.81871384416018,715.8744499495759,111.18674000918668,-546.9478327247465,408.3590928396149,-128.94207769309972,815.4567287720043,454.2615943120089
-0.0003472674047502,0.0026093883027908,1281.3512416889394,14537.826126271786,9470.107856200131,14116.102326904418,-4570.841235639227,403.3550134556724
274.87609509188786,2083.995958612809,-618.0535432102728,-1146.197875148352,-147.45558971026298,1978.526411149648,7707.808578553469,426.72125461885815
-62.411790836966944,-87.49785865112199,-522.2305584886814,4315.727499634683,-195.6635285122452,946.616824822866,-246.5910685228017,989.7572233262172
16.95606422280086,17.98428372056486,24.965117417065592,27.44173453193753,27.47830469149425,28.638177490305548,18.64767241609369,18.69011111254393
35.45886534599082,82.0414417972818,50.38897846291155,74.26309955388618,77.96593495163154,22.17931100514342,57.402671022979206,47.26818366897355
465.94454814332965,424.6216782648544,526.4738947338491,880.4720378797188,442.32697518952494,647.5124769846564,849.835688655754,393.44046321358087
-0.7837665920687358,-1.8479066620144229,2.761109282433739,-0.0594507545049136,2.667314428151723,1.60804008510163,0.9752051668676902,1.941632234700236
-188.7644866871237,-117.48819642582676,1311.957693243455,174.92966798345486,689.4698786506758,793.7052709706535,413.2701245999267,-185.9072561934803
0.0004930462570488,0.0007558585710476,13322.473464424336,5314.090837898701,15289.410678983642,16537.310169766046,640.364506942883,-152.3878077097142
729.9267356230465,-1409.4096308278386,1734.8537877353629,-183.97585266559724,365.5665175298136,3975.011896596703,-341.6811357739006,-1103.2637484680731
165.07525962027995,395.0566050758624,-345.5576830312974,3666.3421050445695,3946.579529513799,424.35109986467626,-364.05854692039327,-4429.050876267852
18.435074577858288,18.51933560566433,37.00539964360512,33.759846955787,25.237681321015764,28.52300686079236,21.321599445117062,24.354373107602463
87.59816877797665,74.95970938653878,64.58023698946002,49.904253822937534,35.397114436901745,33.90696902979205,49.31724153290214,60.63871848139211
713.9816946224857,578.5297747234328,390.4143365412551,491.75603481122846,466.127199953699,409.5351604632645,41.22994139663752,356.0055632330669
0.4416516529270593,1.9885900927422,1.1639671198348471,1.435682649487069,1.930046594526957,-0.5308816535434011,-1.7447662557723798,3.1919379637764056
319.7684430144792,4.669807299341024,-128.97114608977495,874.4625838128136,1397.808626070027,1002.1995171213164,335.1417681750639,327.847717649142
0.0019884378722486,-0.0011709934480187,-2163.0337497881364,3797.5674687811993,20131.27620224966,19312.007074223555,4635.993604492131,1049.760491152083
9820.90986175259,1329.2363200407906,-1882.657549201609,2923.980637688885,2582.524572343687,3198.195158253999,1082.370026318937,1871.42891944398
-381.23651586449176,94.51096891360852,636.0886461343835,-2364.183038544729,2545.010962926633,3334.079811264577,-4112.354264683244,-82.3007782428709
30.84518800326336,23.868201096570832,33.30651116813824,28.84989402398513,27.17053924404803,21.64853249259115,29.198366004251856,28.873753648796846
78.29023273640554,54.90565733258724,25.40124707134464,47.79297819991319,34.49976969656609,81.0043757246443,62.92865007004888,66.4828336569646
629.7422716023406,503.3409884611132,442.67001147161153,753.9395361281704,649.7083563790117,302.84622368630585,312.2010155724321,395.917430860976
2.037151249176721,0.7588566319623268,-0.5764860554148352,-1.4980130793009516,3.913861965890538,0.9254111468291132,-0.3671077176714465,-0.2052336409123993
48.81871384416018,715.8744499495759,111.18674000918668,-546.9478327247465,408.3590928396149,-128.94207769309972,815.4567287720043,454.2615943120089
-0.0003472674047502,0.0026093883027908,1281.3512416889394,14537.826126271786,9470.107856200131,14116.102326904418,-4570.841235639227,403.3550134556724
274.87609509188786,2083.995958612809,-618.0535432102728,-1146.197875148352,-147.45558971026298,1978.526411149648,7707.808578553469,426.72125461885815
-62.411790836966944,-87.49785865112199,-522.2305584886814,4315.727499634683,-195.6635285122452,946.616824822866,-246.5910685228017,989.7572233262172
16.95606422280086,17.98428372056486,24.965117417065592,27.44173453193753,27.47830469149425,28.638177490305548,18.64767241609369,18.69011111254393
35.45886534599082,82.0414417972818,50.38897846291155,74.26309955388618,77.96593495163154,22.17931100514342,57.402671022979206,47.26818366897355
465.94454814332965,424.6216782648544,526.4738947338491,880.4720378797188,442.32697518952494,647.5124769846564,849.835688655754,393.44046321358087
-0.7837665920687358,-1.8479066620144229,2.761109282433739,-0.0594507545049136,2.667314428151723,1.60804008510163,0.9752051668676902,1.941632234700236
-188.7644866871237,-117.48819642582676,1311.957693243455,174.92966798345486,689.4698786506758,793.7052709706535,413.2701245999267,-185.9072561934803
0.0004930462570488,0.0007558585710476,13322.473464424336,5314.090837898701,15289.410678983642,16537.310169766046,640.364506942883,-152.3878077097142
729.9267356230465,-1409.4096308278386,1734.8537877353629,-183.97585266559724,365.5665175298136,3975.011896596703,-341.6811357739006,-1103.2637484680731
165.07525962027995,395.0566050758624,-345.5576830312974,3666.3421050445695,3946.579529513799,424.35109986467626,-364.05854692039327,-4429.050876267852
18.435074577858288,18.51933560566433,37.00539964360512,33.759846955787,25.237681321015764,28.52300686079236,21.321599445117062,24.354373107602463
87.59816877797665,74.95970938653878,64.58023698946002,49.904253822937534,35.397114436901745,33.90696902979205,49.31724153290214,60.63871848139211
713.9816946224857,578.5297747234328,390.4143365412551,491.75603481122846,466.127199953699,409.5351604632645,41.22994139663752,356.0055632330669
0.4416516529270593,1.9885900927422,1.1639671198348471,1.435682649487069,1.930046594526957,-0.5308816535434011,-1.7447662557723798,3.1919379637764056
319.7684430144792,4.669807299341024,-128.97114608977495,874.4625838128136,1397.808626070027,1002.1995171213164,335.1417681750639,327.847717649142
0.0019884378722486,-0.0011709934480187,-2163.0337497881364,3797.5674687811993,20131.27620224966,19312.007074223555,4635.993604492131,1049.760491152083
9820.90986175259,1329.2363200407906,-1882.657549201609,2923.980637688885,2582.524572343687,3198.195158253999,1082.370026318937,1871.42891944398
-381.23651586449176,94.51096891360852,636.0886461343835,-2364.183038544729,2545.010962926633,3334.079811264577,-4112.354264683244,-82.3007782428709
30.84518800326336,23.868201096570832,33.30651116813824,28.84989402398513,27.17053924404803,21.64853249259115,29.198366004251856,28.873753648796846
78.29023273640554,54.90565733258724,25.40124707134464,47.79297819991319,34.49976969656609,81.0043757246443,62.92865007004888,66.4828336569646
629.7422716023406,503.3409884611132,442.67001147161153,753.9395361281704,649.7083563790117,302.84622368630585,312.2010155724321,395.917430860976
2.037151249176721,0.7588566319623268,-0.5764860554148352,-1.4980130793009516,3.913861965890538,0.9254111468291132,-0.3671077176714465,-0.2052336409123993
48.81871384416018,715.8744499495759,111.18674000918668,-546.9478327247465,408.3590928396149,-128.94207769309972,815.4567287720043,454.2615943120089
-0.0003472674047502,0.0026093883027908,1281.3512416889394,14537.826126271786,9470.107856200131,14116.102326904418,-4570.841235639227,403.3550134556724
274.87609509188786,2083.995958612809,-618.0535432102728,-1146.197875148352,-147.45558971026298,1978.526411149648,7707.808578553469,426.72125461885815
-62.411790836966944,-87.49785865112199,-522.2305584886814,4315.727499634683,-195.6635285122452,946.616824822866,-246.5910685228017,989.7572233262172
16.95606422280086,17.98428372056486,24.965117417065592,27.44173453193753,27.47830469149425,28.638177490305548,18.64767241609369,18.69011111254393
35.45886534599082,82.0414417972818,50.38897846291155,74.26309955388618,77.96593495163154,22.17931100514342,57.402671022979206,47.26818366897355
465.94454814332965,424.6216782648544,526.4738947338491,880.4720378797188,442.32697518952494,647.5124769846564,849.835688655754,393.44046321358087
-0.7837665920687358,-1.8479066620144229,2.761109282433739,-0.0594507545049136,2.667314428151723,1.60804008510163,0.9752051668676902,1.941632234700236
-188.7644866871237,-117.48819642582676,1311.957693243455,174.92966798345486,689.4698786506758,793.7052709706535,413.2701245999267,-185.9072561934803
0.0004930462570488,0.0007558585710476,13322.473464424336,5314.090837898701,15289.410678983642,16537.310169766046,640.364506942883,-152.3878077097142
729.9267356230465,-1409.4096308278386,1734.8537877353629,-183.97585266559724,365.5665175298136,3975.011896596703,-341.6811357739006,-1103.2637484680731
165.07525962027995,395.0566050758624,-345.5576830312974,3666.3421050445695,3946.579529513799,424.35109986467626,-364.05854692039327,-4429.050876267852
18.435074577858288,18.51933560566433,37.00539964360512,33.759846955787,25.237681321015764,28.52300686079236,21.321599445117062,24.354373107602463
87.59816877797665,74.95970938653878,64.58023698946002,49.904253822937534,35.397114436901745,33.90696902979205,49.31724153290214,60.63871848139211
713.9816946224857,578.5297747234328,390.4143365412551,491.75603481122846,466.127199953699,409.5351604632645,41.22994139663752,356.0055632330669
0.4416516529270593,1.9885900927422,1.1639671198348471,1.435682649487069,1.930046594526957,-0.5308816535434011,-1.7447662557723798,3.1919379637764056
319.7684430144792,4.669807299341024,-128.97114608977495,874.4625838128136,1397.808626070027,1002.1995171213164,335.1417681750639,327.847717649142
0.0019884378722486,-0.0011709934480187,-2163.0337497881364,3797.5674687811993,20131.27620224966,19312.007074223555,4635.993604492131,1049.760491152083
9820.90986175259,1329.2363200407906,-1882.657549201609,2923.980637688885,2582.524572343687,3198.195158253999,1082.370026318937,1871.42891944398
-381.23651586449176,94.51096891360852,636.0886461343835,-2364.183038544729,2545.010962926633,3334.079811264577,-4112.354264683244,-82.3007782428709
30.84518800326336,23.868201096570832,33.30651116813824,28.84989402398513,27.17053924404803,21.64853249259115,29.198366004251856,28.873753648796846
78.29023273640554,54.90565733258724,25.40124707134464,47.79297819991319,34.49976969656609,81.0043757246443,62.92865007004888,66.4828336569646
629.7422716023406,503.3409884611132,442.67001147161153,753.9395361281704,649.7083563790117,302.84622368630585,312.2010155724321,395.917430860976
2.037151249176721,0.7588566319623268,-0.5764860554148352,-1.4980130793009516,3.913861965890538,0.9254111468291132,-0.3671077176714465,-0.2052336409123993
48.81871384416018,715.8744499495759,111.18674000918668,-546.9478327247465,408.3590928396149,-128.94207769309972,815.4567287720043,454.2615943120089
-0.0003472674047502,0.0026093883027908,1281.3512416889394,14537.826126271786,9470.107856200131,14116.102326904418,-4570.841235639227,403.3550134556724
274.87609509188786,2083.995958612809,-618.0535432102728,-1146.197875148352,-147.45558971026298,1978.526411149648,7707.808578553469,426.72125461885815
-62.411790836966944,-87.49785865112199,-522.2305584886814,4315.727499634683,-195.6635285122452,946.616824822866,-246.5910685228017,989.7572233262172
16.95606422280086,17.98428372056486,24.965117417065592,27.44173453193753,27.47830469149425,28.638177490305548,18.64767241609369,18.69011111254393
35.45886534599082,82.0414417972818,50.38897846291155,74.26309955388618,77.96593495163154,22.17931100514342,57.402671022979206,47.26818366897355
465.94454814332965,424.6216782648544,526.4738947338491,880.4720378797188,442.32697518952494,647.5124769846564,849.835688655754,393.44046321358087
-0.7837665920687358,-1.8479066620144229,2.761109282433739,-0.0594507545049136,2.667314428151723,1.60804008510163,0.9752051668676902,1.941632234700236
-188.7644866871237,-117.48819642582676,1311.957693243455,174.92966798345486,689.4698786506758,793.7052709706535,413.2701245999267,-185.9072561934803
0.0004930462570488,0.0007558585710476,13322.473464424336,5314.090837898701,15289.410678983642,16537.310169766046,640.364506942883,-152.3878077097142
729.9267356230465,-1409.4096308278386,1734.8537877353629,-183.97585266559724,365.5665175298136,3975.011896596703,-341.6811357739006,-1103.2637484680731
165.07525962027995,395.0566050758624,-345.5576830312974,3666.3421050445695,3946.579529513799,424.35109986467626,-364.05854692039327,-4429.050876267852
