내부온도관측치,내부습도관측치,co2관측치,ec관측치,시간당분무량,시간당백색광량,시간당적색광량,시간당청색광량
11.994953405997204,23.47907545444256,39.97328236580857,29.223314320321165,27.94165047605652,38.98347728397134,31.69195064651696,31.75912426502033
31.356005060767096,107.47814074814168,83.43315077983715,80.72727784666591,43.7062676494132,74.31371690376572,51.435859163936335,40.98283793825071
509.9869862140962,721.4433347788054,405.3708751249407,534.3816158321938,430.8094393355125,492.0546721493217,312.26550100028646,287.6032250549089
2.4276497527612344,1.50049263110648,0.3612523647588042,-0.1415034935668422,0.0517799820529816,3.483528963464081,-0.431909172836576,0.0469343954811554
218.136734634869,-266.88049797860606,-27.647993608964384,1051.5498909421344,1907.8871892072343,-110.49986224126484,1229.5898968275842,29.36999401774169
0.0002540759652036,-0.0006412458696855,-5880.2976212286,18707.58702319621,17562.882547648558,12091.614523477838,-2843.09065509846,743.7931846901755
178.98811278963709,-126.5475261709086,-2400.5412785190783,1106.025017633718,773.0070404308359,829.0394997038758,-2603.367597476797,1137.9260543415778
-139.42982107964338,-274.54927535932745,-1676.6675838891276,-1673.221883875631,2567.719260087275,4862.49680136688,-730.230806851859,666.5352385284873
35.09569448821638,28.52135250884133,35.67918714981753,26.92805930001881,28.6690495548087,19.123069679727337,30.75436712138461,22.858771548775085
60.10090822136422,72.72526191391326,58.70201149790012,38.59008144485739,35.30134736565895,67.03107816391255,66.77950228530192,58.72775054325022
646.4971506267749,417.1621770168577,684.5969395843221,598.0248824018108,708.0826839736922,298.6629911361596,664.6878669399027,671.1799091029887
2.0388177498667712,1.2484743350891931,0.6797471896799083,-0.3864263428179364,2.44393692985369,4.033331075850107,-0.6206262426121614,0.5833620492836191
133.6021090910094,1552.0030928395504,103.40738759633392,633.8288709824989,393.00030770211,1621.749216835244,513.2896168435868,1389.8475141748338
0.0014269592256901,0.0021577311467988,9154.558738353622,20708.111101941377,-11518.499661570955,16273.178142800623,-3952.261575813111,582.7584103448295
715.3625640982945,1559.4876806904867,-2773.861037897429,-1513.5717260196511,173.50811771740797,-2139.622606766108,563.6584370238457,-465.5186330298647
-322.6149154129111,-305.52177961890686,-712.1390692421477,10038.059300570756,-571.2534818456372,1612.8635055736845,86.53786229628268,-107.44154819079012
23.28313283815672,24.172981292966128,34.557829447270635,33.72436167978685,27.04954282473895,34.517064742321615,24.12342530966296,18.256217849904544
39.75370795515918,67.48440535372718,61.409375714363215,38.68860514716445,84.7500462220366,34.52180245676115,40.81041702514467,53.446344758554105
399.5920004648914,378.9380115596414,473.6270017181237,756.35626016996,264.9294612411119,291.3512478395586,774.9402185670895,485.1862615456437
-1.2106351222076148,-0.3871540360030152,3.492843170818988,-1.3886972627774403,2.023882138346732,0.131523755526135,1.4584021694227118,3.0347007413161755
1884.7243041250813,-86.49177445603942,801.2403730794462,1969.176127886148,1533.9136694728277,-593.4096570895115,-40.20308558922278,1673.831078721878
0.0007245299232972,-0.0012128984742632,19196.023084630026,24874.56605958364,20721.657887826583,14222.4167384108,3162.9534540928844,-185.6964443884941
317.3077892617056,647.6673190597261,14802.278836450489,254.5798138850785,44.84601477874986,5253.363538184751,398.6986839595781,119.15348311587952
271.26002476710846,68.65327570631798,347.1741360519709,-639.5191482929919,3523.0844186896747,685.8843863130137,-1477.0755259947257,-573.1794397747487
11.994953405997204,23.47907545444256,39.97328236580857,29.223314320321165,27.94165047605652,38.98347728397134,31.69195064651696,31.75912426502033
31.356005060767096,107.47814074814168,83.43315077983715,80.72727784666591,43.7062676494132,74.31371690376572,51.435859163936335,40.98283793825071
509.9869862140962,721.4433347788054,405.3708751249407,534.3816158321938,430.8094393355125,492.0546721493217,312.26550100028646,287.6032250549089
2.4276497527612344,1.50049263110648,0.3612523647588042,-0.1415034935668422,0.0517799820529816,3.483528963464081,-0.431909172836576,0.0469343954811554
218.136734634869,-266.88049797860606,-27.647993608964384,1051.5498909421344,1907.8871892072343,-110.49986224126484,1229.5898968275842,29.36999401774169
0.0002540759652036,-0.0006412458696855,-5880.2976212286,18707.58702319621,17562.882547648558,12091.614523477838,-2843.09065509846,743.7931846901755
178.98811278963709,-126.5475261709086,-2400.5412785190783,1106.025017633718,773.0070404308359,829.0394997038758,-2603.367597476797,1137.9260543415778
-139.42982107964338,-274.54927535932745,-1676.6675838891276,-1673.221883875631,2567.719260087275,4862.49680136688,-730.230806851859,666.5352385284873
35.09569448821638,28.52135250884133,35.67918714981753,26.92805930001881,28.6690495548087,19.123069679727337,30.75436712138461,22.858771548775085
60.10090822136422,72.72526191391326,58.70201149790012,38.59008144485739,35.30134736565895,67.03107816391255,66.77950228530192,58.72775054325022
646.4971506267749,417.1621770168577,684.5969395843221,598.0248824018108,708.0826839736922,298.6629911361596,664.6878669399027,671.1799091029887
2.0388177498667712,1.2484743350891931,0.6797471896799083,-0.3864263428179364,2.44393692985369,4.033331075850107,-0.6206262426121614,0.5833620492836191
133.6021090910094,1552.0030928395504,103.40738759633392,633.8288709824989,393.00030770211,1621.749216835244,513.2896168435868,1389.8475141748338
0.0014269592256901,0.0021577311467988,9154.558738353622,20708.111101941377,-11518.499661570955,16273.178142800623,-3952.261575813111,582.7584103448295
715.3625640982945,1559.4876806904867,-2773.861037897429,-1513.5717260196511,173.50811771740797,-2139.622606766108,563.6584370238457,-465.5186330298647
-322.6149154129111,-305.52177961890686,-712.1390692421477,10038.059300570756,-571.2534818456372,1612.8635055736845,86.53786229628268,-107.44154819079012
23.28313283815672,24.172981292966128,34.557829447270635,33.72436167978685,27.04954282473895,34.517064742321615,24.12342530966296,18.256217849904544
39.75370795515918,67.48440535372718,61.409375714363215,38.68860514716445,84.7500462220366,34.52180245676115,40.81041702514467,53.446344758554105
399.5920004648914,378.9380115596414,473.6270017181237,756.35626016996,264.9294612411119,291.3512478395586,774.9402185670895,485.1862615456437
-1.2106351222076148,-0.3871540360030152,3.492843170818988,-1.3886972627774403,2.023882138346732,0.131523755526135,1.4584021694227118,3.0347007413161755
1884.7243041250813,-86.49177445603942,801.2403730794462,1969.176127886148,1533.9136694728277,-593.4096570895115,-40.20308558922278,1673.831078721878
0.0007245299232972,-0.0012128984742632,19196.023084630026,24874.56605958364,20721.657887826583,14222.4167384108,3162.9534540928844,-185.6964443884941
317.3077892617056,647.6673190597261,14802.278836450489,254.5798138850785,44.84601477874986,5253.363538184751,398.6986839595781,119.15348311587952
271.26002476710846,68.65327570631798,347.1741360519709,-639.5191482929919,3523.0844186896747,685.8843863130137,-1477.0755259947257,-573.1794397747487
11.994953405997204,23.47907545444256,39.97328236580857,29.223314320321165,27.94165047605652,38.98347728397134,31.69195064651696,31.75912426502033
31.356005060767096,107.47814074814168,83.43315077983715,80.72727784666591,43.7062676494132,74.31371690376572,51.435859163936335,40.98283793825071
509.9869862140962,721.4433347788054,405.3708751249407,534.3816158321938,430.8094393355125,492.0546721493217,312.26550100028646,287.6032250549089
2.4276497527612344,1.50049263110648,0.3612523647588042,-0.1415034935668422,0.0517799820529816,3.483528963464081,-0.431909172836576,0.0469343954811554
218.136734634869,-266.88049797860606,-27.647993608964384,1051.5498909421344,1907.8871892072343,-110.49986224126484,1229.5898968275842,29.36999401774169
0.0002540759652036,-0.0006412458696855,-5880.2976212286,18707.58702319621,17562.882547648558,12091.614523477838,-2843.09065509846,743.7931846901755
178.98811278963709,-126.5475261709086,-2400.5412785190783,1106.025017633718,773.0070404308359,829.0394997038758,-2603.367597476797,1137.9260543415778
-139.42982107964338,-274.54927535932745,-1676.6675838891276,-1673.221883875631,2567.719260087275,4862.49680136688,-730.230806851859,666.5352385284873
35.09569448821638,28.52135250884133,35.67918714981753,26.92805930001881,28.6690495548087,19.123069679727337,30.75436712138461,22.858771548775085
60.10090822136422,72.72526191391326,58.70201149790012,38.59008144485739,35.30134736565895,67.03107816391255,66.77950228530192,58.72775054325022
646.4971506267749,417.1621770168577,684.5969395843221,598.0248824018108,708.0826839736922,298.6629911361596,664.6878669399027,671.1799091029887
2.0388177498667712,1.2484743350891931,0.6797471896799083,-0.3864263428179364,2.44393692985369,4.033331075850107,-0.6206262426121614,0.5833620492836191
133.6021090910094,1552.0030928395504,103.40738759633392,633.8288709824989,393.00030770211,1621.749216835244,513.2896168435868,1389.8475141748338
0.0014269592256901,0.0021577311467988,9154.558738353622,20708.111101941377,-11518.499661570955,16273.178142800623,-3952.261575813111,582.7584103448295
715.3625640982945,1559.4876806904867,-2773.861037897429,-1513.5717260196511,173.50811771740797,-2139.622606766108,563.6584370238457,-465.5186330298647
-322.6149154129111,-305.52177961890686,-712.1390692421477,10038.059300570756,-571.2534818456372,1612.8635055736845,86.53786229628268,-107.44154819079012
23.28313283815672,24.172981292966128,34.557829447270635,33.72436167978685,27.04954282473895,34.517064742321615,24.12342530966296,18.256217849904544
39.75370795515918,67.48440535372718,61.409375714363215,38.68860514716445,84.7500462220366,34.52180245676115,40.81041702514467,53.446344758554105
399.5920004648914,378.9380115596414,473.6270017181237,756.35626016996,264.9294612411119,291.3512478395586,774.9402185670895,485.1862615456437
-1.2106351222076148,-0.3871540360030152,3.492843170818988,-1.3886972627774403,2.023882138346732,0.131523755526135,1.4584021694227118,3.0347007413161755
1884.7243041250813,-86.49177445603942,801.2403730794462,1969.176127886148,1533.9136694728277,-593.4096570895115,-40.20308558922278,1673.831078721878
0.0007245299232972,-0.0012128984742632,19196.023084630026,24874.56605958364,20721.657887826583,14222.4167384108,3162.9534540928844,-185.6964443884941
317.3077892617056,647.6673190597261,14802.278836450489,254.5798138850785,44.84601477874986,5253.363538184751,398.6986839595781,119.15348311587952
271.26002476710846,68.65327570631798,347.1741360519709,-639.5191482929919,3523.0844186896747,685.8843863130137,-1477.0755259947257,-573.1794397747487
11.994953405997204,23.47907545444256,39.97328236580857,29.223314320321165,27.94165047605652,38.98347728397134,31.69195064651696,31.75912426502033
31.356005060767096,107.47814074814168,83.43315077983715,80.72727784666591,43.7062676494132,74.31371690376572,51.435859163936335,40.98283793825071
509.9869862140962,721.4433347788054,405.3708751249407,534.3816158321938,430.8094393355125,492.0546721493217,312.26550100028646,287.6032250549089
2.4276497527612344,1.50049263110648,0.3612523647588042,-0.1415034935668422,0.0517799820529816,3.483528963464081,-0.431909172836576,0.0469343954811554
218.136734634869,-266.88049797860606,-27.647993608964384,1051.5498909421344,1907.8871892072343,-110.49986224126484,1229.5898968275842,29.36999401774169
0.0002540759652036,-0.0006412458696855,-5880.2976212286,18707.58702319621,17562.882547648558,12091.614523477838,-2843.09065509846,743.7931846901755
178.98811278963709,-126.5475261709086,-2400.5412785190783,1106.025017633718,773.0070404308359,829.0394997038758,-2603.367597476797,1137.9260543415778
-139.42982107964338,-274.54927535932745,-1676.6675838891276,-1673.221883875631,2567.719260087275,4862.49680136688,-730.230806851859,666.5352385284873
35.09569448821638,28.52135250884133,35.67918714981753,26.92805930001881,28.6690495548087,19.123069679727337,30.75436712138461,22.858771548775085
60.10090822136422,72.72526191391326,58.70201149790012,38.59008144485739,35.30134736565895,67.03107816391255,66.77950228530192,58.72775054325022
646.4971506267749,417.1621770168577,684.5969395843221,598.0248824018108,708.0826839736922,298.6629911361596,664.6878669399027,671.1799091029887
2.0388177498667712,1.2484743350891931,0.6797471896799083,-0.3864263428179364,2.44393692985369,4.033331075850107,-0.6206262426121614,0.5833620492836191
133.6021090910094,1552.0030928395504,103.40738759633392,633.8288709824989,393.00030770211,1621.749216835244,513.2896168435868,1389.8475141748338
0.0014269592256901,0.0021577311467988,9154.558738353622,20708.111101941377,-11518.499661570955,16273.178142800623,-3952.261575813111,582.7584103448295
715.3625640982945,1559.4876806904867,-2773.861037897429,-1513.5717260196511,173.50811771740797,-2139.622606766108,563.6584370238457,-465.5186330298647
-322.6149154129111,-305.52177961890686,-712.1390692421477,10038.059300570756,-571.2534818456372,1612.8635055736845,86.53786229628268,-107.44154819079012
23.28313283815672,24.172981292966128,34.557829447270635,33.72436167978685,27.04954282473895,34.517064742321615,24.12342530966296,18.256217849904544
39.75370795515918,67.48440535372718,61.409375714363215,38.68860514716445,84.7500462220366,34.52180245676115,40.81041702514467,53.446344758554105
399.5920004648914,378.9380115596414,473.6270017181237,756.35626016996,264.9294612411119,291.3512478395586,774.9402185670895,485.1862615456437
-1.2106351222076148,-0.3871540360030152,3.492843170818988,-1.3886972627774403,2.023882138346732,0.131523755526135,1.4584021694227118,3.0347007413161755
1884.7243041250813,-86.49177445603942,801.2403730794462,1969.176127886148,1533.9136694728277,-593.4096570895115,-40.20308558922278,1673.831078721878
0.0007245299232972,-0.0012128984742632,19196.023084630026,24874.56605958364,20721.657887826583,14222.4167384108,3162.9534540928844,-185.6964443884941
317.3077892617056,647.6673190597261,14802.278836450489,254.5798138850785,44.84601477874986,5253.363538184751,398.6986839595781,119.15348311587952
271.26002476710846,68.65327570631798,347.1741360519709,-639.5191482929919,3523.0844186896747,685.8843863130137,-1477.0755259947257,-573.1794397747487
11.994953405997204,23.47907545444256,39.97328236580857,29.223314320321165,27.94165047605652,38.98347728397134,31.69195064651696,31.75912426502033
31.356005060767096,107.47814074814168,83.43315077983715,80.72727784666591,43.7062676494132,74.31371690376572,51.435859163936335,40.98283793825071
509.9869862140962,721.4433347788054,405.3708751249407,534.3816158321938,430.8094393355125,492.0546721493217,312.26550100028646,287.6032250549089
2.4276497527612344,1.50049263110648,0.3612523647588042,-0.1415034935668422,0.0517799820529816,3.483528963464081,-0.431909172836576,0.0469343954811554
218.136734634869,-266.88049797860606,-27.647993608964384,1051.5498909421344,1907.8871892072343,-110.49986224126484,1229.5898968275842,29.36999401774169
0.0002540759652036,-0.0006412458696855,-5880.2976212286,18707.58702319621,17562.882547648558,12091.614523477838,-2843.09065509846,743.7931846901755
178.98811278963709,-126.5475261709086,-2400.5412785190783,1106.025017633718,773.0070404308359,829.0394997038758,-2603.367597476797,1137.9260543415778
-139.42982107964338,-274.54927535932745,-1676.6675838891276,-1673.221883875631,2567.719260087275,4862.49680136688,-730.230806851859,666.5352385284873
35.09569448821638,28.52135250884133,35.67918714981753,26.92805930001881,28.6690495548087,19.123069679727337,30.75436712138461,22.858771548775085
60.10090822136422,72.72526191391326,58.70201149790012,38.59008144485739,35.30134736565895,67.03107816391255,66.77950228530192,58.72775054325022
646.4971506267749,417.1621770168577,684.5969395843221,598.0248824018108,708.0826839736922,298.6629911361596,664.6878669399027,671.1799091029887
2.0388177498667712,1.2484743350891931,0.6797471896799083,-0.3864263428179364,2.44393692985369,4.033331075850107,-0.6206262426121614,0.5833620492836191
133.6021090910094,1552.0030928395504,103.40738759633392,633.8288709824989,393.00030770211,1621.749216835244,513.2896168435868,1389.8475141748338
0.0014269592256901,0.0021577311467988,9154.558738353622,20708.111101941377,-11518.499661570955,16273.178142800623,-3952.261575813111,582.7584103448295
715.3625640982945,1559.4876806904867,-2773.861037897429,-1513.5717260196511,173.50811771740797,-2139.622606766108,563.6584370238457,-465.5186330298647
-322.6149154129111,-305.52177961890686,-712.1390692421477,10038.059300570756,-571.2534818456372,1612.8635055736845,86.53786229628268,-107.44154819079012
23.28313283815672,24.172981292966128,34.557829447270635,33.72436167978685,27.04954282473895,34.517064742321615,24.12342530966296,18.256217849904544
39.75370795515918,67.48440535372718,61.409375714363215,38.68860514716445,84.7500462220366,34.52180245676115,40.81041702514467,53.446344758554105
399.5920004648914,378.9380115596414,473.6270017181237,756.35626016996,264.9294612411119,291.3512478395586,774.9402185670895,485.1862615456437
-1.2106351222076148,-0.3871540360030152,3.492843170818988,-1.3886972627774403,2.023882138346732,0.131523755526135,1.4584021694227118,3.0347007413161755
1884.7243041250813,-86.49177445603942,801.2403730794462,1969.176127886148,1533.9136694728277,-593.4096570895115,-40.20308558922278,1673.831078721878
0.0007245299232972,-0.0012128984742632,19196.023084630026,24874.56605958364,20721.657887826583,14222.4167384108,3162.9534540928844,-185.6964443884941
317.3077892617056,647.6673190597261,14802.278836450489,254.5798138850785,44.84601477874986,5253.363538184751,398.6986839595781,119.15348311587952
271.26002476710846,68.65327570631798,347.1741360519709,-639.5191482929919,3523.0844186896747,685.8843863130137,-1477.0755259947257,-573.1794397747487
11.994953405997204,23.47907545444256,39.97328236580857,29.223314320321165,27.94165047605652,38.98347728397134,31.69195064651696,31.75912426502033
31.356005060767096,107.47814074814168,83.43315077983715,80.72727784666591,43.7062676494132,74.31371690376572,51.435859163936335,40.98283793825071
509.9869862140962,721.4433347788054,405.3708751249407,534.3816158321938,430.8094393355125,492.0546721493217,312.26550100028646,287.6032250549089
2.4276497527612344,1.50049263110648,0.3612523647588042,-0.1415034935668422,0.0517799820529816,3.483528963464081,-0.431909172836576,0.0469343954811554
218.136734634869,-266.88049797860606,-27.647993608964384,1051.5498909421344,1907.8871892072343,-110.49986224126484,1229.5898968275842,29.36999401774169
0.0002540759652036,-0.0006412458696855,-5880.2976212286,18707.58702319621,17562.882547648558,12091.614523477838,-2843.09065509846,743.7931846901755
178.98811278963709,-126.5475261709086,-2400.5412785190783,1106.025017633718,773.0070404308359,829.0394997038758,-2603.367597476797,1137.9260543415778
-139.42982107964338,-274.54927535932745,-1676.6675838891276,-1673.221883875631,2567.719260087275,4862.49680136688,-730.230806851859,666.5352385284873
35.09569448821638,28.52135250884133,35.67918714981753,26.92805930001881,28.6690495548087,19.123069679727337,30.75436712138461,22.858771548775085
60.10090822136422,72.72526191391326,58.70201149790012,38.59008144485739,35.30134736565895,67.03107816391255,66.77950228530192,58.72775054325022
646.4971506267749,417.1621770168577,684.5969395843221,598.0248824018108,708.0826839736922,298.6629911361596,664.6878669399027,671.1799091029887
2.0388177498667712,1.2484743350891931,0.6797471896799083,-0.3864263428179364,2.44393692985369,4.033331075850107,-0.6206262426121614,0.5833620492836191
133.6021090910094,1552.0030928395504,103.40738759633392,633.8288709824989,393.00030770211,1621.749216835244,513.2896168435868,1389.8475141748338
0.0014269592256901,0.0021577311467988,9154.558738353622,20708.111101941377,-11518.499661570955,16273.178142800623,-3952.261575813111,582.7584103448295
715.3625640982945,1559.4876806904867,-2773.861037897429,-1513.5717260196511,173.50811771740797,-2139.622606766108,563.6584370238457,-465.5186330298647
-322.6149154129111,-305.52177961890686,-712.1390692421477,10038.059300570756,-571.2534818456372,1612.8635055736845,86.53786229628268,-107.44154819079012
23.28313283815672,24.172981292966128,34.557829447270635,33.72436167978685,27.04954282473895,34.517064742321615,24.12342530966296,18.256217849904544
39.75370795515918,67.48440535372718,61.409375714363215,38.68860514716445,84.7500462220366,34.52180245676115,40.81041702514467,53.446344758554105
399.5920004648914,378.9380115596414,473.6270017181237,756.35626016996,264.9294612411119,291.3512478395586,774.9402185670895,485.1862615456437
-1.2106351222076148,-0.3871540360030152,3.492843170818988,-1.3886972627774403,2.023882138346732,0.131523755526135,1.4584021694227118,3.0347007413161755
1884.7243041250813,-86.49177445603942,801.2403730794462,1969.176127886148,1533.9136694728277,-593.4096570895115,-40.20308558922278,1673.831078721878
0.0007245299232972,-0.0012128984742632,19196.023084630026,24874.56605958364,20721.657887826583,14222.4167384108,3162.9534540928844,-185.6964443884941
317.3077892617056,647.6673190597261,14802.278836450489,254.5798138850785,44.84601477874986,5253.363538184751,398.6986839595781,119.15348311587952
271.26002476710846,68.65327570631798,347.1741360519709,-639.5191482929919,3523.0844186896747,685.8843863130137,-1477.0755259947257,-573.1794397747487
11.994953405997204,23.47907545444256,39.97328236580857,29.223314320321165,27.94165047605652,38.98347728397134,31.69195064651696,31.75912426502033
31.356005060767096,107.47814074814168,83.43315077983715,80.72727784666591,43.7062676494132,74.31371690376572,51.435859163936335,40.98283793825071
509.9869862140962,721.4433347788054,405.3708751249407,534.3816158321938,430.8094393355125,492.0546721493217,312.26550100028646,287.6032250549089
2.4276497527612344,1.50049263110648,0.3612523647588042,-0.1415034935668422,0.0517799820529816,3.483528963464081,-0.431909172836576,0.0469343954811554
218.136734634869,-266.88049797860606,-27.647993608964384,1051.5498909421344,1907.8871892072343,-110.49986224126484,1229.5898968275842,29.36999401774169
0.0002540759652036,-0.0006412458696855,-5880.2976212286,18707.58702319621,17562.882547648558,12091.614523477838,-2843.09065509846,743.7931846901755
178.98811278963709,-126.5475261709086,-2400.5412785190783,1106.025017633718,773.0070404308359,829.0394997038758,-2603.367597476797,1137.9260543415778
-139.42982107964338,-274.54927535932745,-1676.6675838891276,-1673.221883875631,2567.719260087275,4862.49680136688,-730.230806851859,666.5352385284873
35.09569448821638,28.52135250884133,35.67918714981753,26.92805930001881,28.6690495548087,19.123069679727337,30.75436712138461,22.858771548775085
60.10090822136422,72.72526191391326,58.70201149790012,38.59008144485739,35.30134736565895,67.03107816391255,66.77950228530192,58.72775054325022
646.4971506267749,417.1621770168577,684.5969395843221,598.0248824018108,708.0826839736922,298.6629911361596,664.6878669399027,671.1799091029887
2.0388177498667712,1.2484743350891931,0.6797471896799083,-0.3864263428179364,2.44393692985369,4.033331075850107,-0.6206262426121614,0.5833620492836191
133.6021090910094,1552.0030928395504,103.40738759633392,633.8288709824989,393.00030770211,1621.749216835244,513.2896168435868,1389.8475141748338
0.0014269592256901,0.0021577311467988,9154.558738353622,20708.111101941377,-11518.499661570955,16273.178142800623,-3952.261575813111,582.7584103448295
715.3625640982945,1559.4876806904867,-2773.861037897429,-1513.5717260196511,173.50811771740797,-2139.622606766108,563.6584370238457,-465.5186330298647
-322.6149154129111,-305.52177961890686,-712.1390692421477,10038.059300570756,-571.2534818456372,1612.8635055736845,86.53786229628268,-107.44154819079012
23.28313283815672,24.172981292966128,34.557829447270635,33.72436167978685,27.04954282473895,34.517064742321615,24.12342530966296,18.256217849904544
39.75370795515918,67.48440535372718,61.409375714363215,38.68860514716445,84.7500462220366,34.52180245676115,40.81041702514467,53.446344758554105
399.5920004648914,378.9380115596414,473.6270017181237,756.35626016996,264.9294612411119,291.3512478395586,774.9402185670895,485.1862615456437
-1.2106351222076148,-0.3871540360030152,3.492843170818988,-1.3886972627774403,2.023882138346732,0.131523755526135,1.4584021694227118,3.0347007413161755
1884.7243041250813,-86.49177445603942,801.2403730794462,1969.176127886148,1533.9136694728277,-593.4096570895115,-40.20308558922278,1673.831078721878
0.0007245299232972,-0.0012128984742632,19196.023084630026,24874.56605958364,20721.657887826583,14222.4167384108,3162.9534540928844,-185.6964443884941
317.3077892617056,647.6673190597261,14802.278836450489,254.5798138850785,44.84601477874986,5253.363538184751,398.6986839595781,119.15348311587952
271.26002476710846,68.65327570631798,347.1741360519709,-639.5191482929919,3523.0844186896747,685.8843863130137,-1477.0755259947257,-573.1794397747487
11.994953405997204,23.47907545444256,39.97328236580857,29.223314320321165,27.94165047605652,38.98347728397134,31.69195064651696,31.75912426502033
31.356005060767096,107.47814074814168,83.43315077983715,80.72727784666591,43.7062676494132,74.31371690376572,51.435859163936335,40.98283793825071
509.9869862140962,721.4433347788054,405.3708751249407,534.3816158321938,430.8094393355125,492.0546721493217,312.26550100028646,287.6032250549089
2.4276497527612344,1.50049263110648,0.3612523647588042,-0.1415034935668422,0.0517799820529816,3.483528963464081,-0.431909172836576,0.0469343954811554
218.136734634869,-266.88049797860606,-27.647993608964384,1051.5498909421344,1907.8871892072343,-110.49986224126484,1229.5898968275842,29.36999401774169
0.0002540759652036,-0.0006412458696855,-5880.2976212286,18707.58702319621,17562.882547648558,12091.614523477838,-2843.09065509846,743.7931846901755
178.98811278963709,-126.5475261709086,-2400.5412785190783,1106.025017633718,773.0070404308359,829.0394997038758,-2603.367597476797,1137.9260543415778
-139.42982107964338,-274.54927535932745,-1676.6675838891276,-1673.221883875631,2567.719260087275,4862.49680136688,-730.230806851859,666.5352385284873
35.09569448821638,28.52135250884133,35.67918714981753,26.92805930001881,28.6690495548087,19.123069679727337,30.75436712138461,22.858771548775085
60.10090822136422,72.72526191391326,58.70201149790012,38.59008144485739,35.30134736565895,67.03107816391255,66.77950228530192,58.72775054325022
646.4971506267749,417.1621770168577,684.5969395843221,598.0248824018108,708.0826839736922,298.6629911361596,664.6878669399027,671.1799091029887
2.0388177498667712,1.2484743350891931,0.6797471896799083,-0.3864263428179364,2.44393692985369,4.033331075850107,-0.6206262426121614,0.5833620492836191
133.6021090910094,1552.0030928395504,103.40738759633392,633.8288709824989,393.00030770211,1621.749216835244,513.2896168435868,1389.8475141748338
0.0014269592256901,0.0021577311467988,9154.558738353622,20708.111101941377,-11518.499661570955,16273.178142800623,-3952.261575813111,582.7584103448295
715.3625640982945,1559.4876806904867,-2773.861037897429,-1513.5717260196511,173.50811771740797,-2139.622606766108,563.6584370238457,-465.5186330298647
-322.6149154129111,-305.52177961890686,-712.1390692421477,10038.059300570756,-571.2534818456372,1612.8635055736845,86.53786229628268,-107.44154819079012
23.28313283815672,24.172981292966128,34.557829447270635,33.72436167978685,27.04954282473895,34.517064742321615,24.12342530966296,18.256217849904544
39.75370795515918,67.48440535372718,61.409375714363215,38.68860514716445,84.7500462220366,34.52180245676115,40.81041702514467,53.446344758554105
399.5920004648914,378.9380115596414,473.6270017181237,756.35626016996,264.9294612411119,291.3512478395586,774.9402185670895,485.1862615456437
-1.2106351222076148,-0.3871540360030152,3.492843170818988,-1.3886972627774403,2.023882138346732,0.131523755526135,1.4584021694227118,3.0347007413161755
1884.7243041250813,-86.49177445603942,801.2403730794462,1969.176127886148,1533.9136694728277,-593.4096570895115,-40.20308558922278,1673.831078721878
0.0007245299232972,-0.0012128984742632,19196.023084630026,24874.56605958364,20721.657887826583,14222.4167384108,3162.9534540928844,-185.6964443884941
317.3077892617056,647.6673190597261,14802.278836450489,254.5798138850785,44.84601477874986,5253.363538184751,398.6986839595781,119.15348311587952
271.26002476710846,68.65327570631798,347.1741360519709,-639.5191482929919,3523.0844186896747,685.8843863130137,-1477.0755259947257,-573.1794397747487
11.994953405997204,23.47907545444256,39.97328236580857,29.223314320321165,27.94165047605652,38.98347728397134,31.69195064651696,31.75912426502033
31.356005060767096,107.47814074814168,83.43315077983715,80.72727784666591,43.7062676494132,74.31371690376572,51.435859163936335,40.98283793825071
509.9869862140962,721.4433347788054,405.3708751249407,534.3816158321938,430.8094393355125,492.0546721493217,312.26550100028646,287.6032250549089
2.4276497527612344,1.50049263110648,0.3612523647588042,-0.1415034935668422,0.0517799820529816,3.483528963464081,-0.431909172836576,0.0469343954811554
218.136734634869,-266.88049797860606,-27.647993608964384,1051.5498909421344,1907.8871892072343,-110.49986224126484,1229.5898968275842,29.36999401774169
0.0002540759652036,-0.0006412458696855,-5880.2976212286,18707.58702319621,17562.882547648558,12091.614523477838,-2843.09065509846,743.7931846901755
178.98811278963709,-126.5475261709086,-2400.5412785190783,1106.025017633718,773.0070404308359,829.0394997038758,-2603.367597476797,1137.9260543415778
-139.42982107964338,-274.54927535932745,-1676.6675838891276,-1673.221883875631,2567.719260087275,4862.49680136688,-730.230806851859,666.5352385284873
35.09569448821638,28.52135250884133,35.67918714981753,26.92805930001881,28.6690495548087,19.123069679727337,30.75436712138461,22.858771548775085
60.10090822136422,72.72526191391326,58.70201149790012,38.59008144485739,35.30134736565895,67.03107816391255,66.77950228530192,58.72775054325022
646.4971506267749,417.1621770168577,684.5969395843221,598.0248824018108,708.0826839736922,298.6629911361596,664.6878669399027,671.1799091029887
2.0388177498667712,1.2484743350891931,0.6797471896799083,-0.3864263428179364,2.44393692985369,4.033331075850107,-0.6206262426121614,0.5833620492836191
133.6021090910094,1552.0030928395504,103.40738759633392,633.8288709824989,393.00030770211,1621.749216835244,513.2896168435868,1389.8475141748338
0.0014269592256901,0.0021577311467988,9154.558738353622,20708.111101941377,-11518.499661570955,16273.178142800623,-3952.261575813111,582.7584103448295
715.3625640982945,1559.4876806904867,-2773.861037897429,-1513.5717260196511,173.50811771740797,-2139.622606766108,563.6584370238457,-465.5186330298647
-322.6149154129111,-305.52177961890686,-712.1390692421477,10038.059300570756,-571.2534818456372,1612.8635055736845,86.53786229628268,-107.44154819079012
23.28313283815672,24.172981292966128,34.557829447270635,33.72436167978685,27.04954282473895,34.517064742321615,24.12342530966296,18.256217849904544
39.75370795515918,67.48440535372718,61.409375714363215,38.68860514716445,84.7500462220366,34.52180245676115,40.81041702514467,53.446344758554105
399.5920004648914,378.9380115596414,473.6270017181237,756.35626016996,264.9294612411119,291.3512478395586,774.9402185670895,485.1862615456437
-1.2106351222076148,-0.3871540360030152,3.492843170818988,-1.3886972627774403,2.023882138346732,0.131523755526135,1.4584021694227118,3.0347007413161755
1884.7243041250813,-86.49177445603942,801.2403730794462,1969.176127886148,1533.9136694728277,-593.4096570895115,-40.20308558922278,1673.831078721878
0.0007245299232972,-0.0012128984742632,19196.023084630026,24874.56605958364,20721.657887826583,14222.4167384108,3162.9534540928844,-185.6964443884941
317.3077892617056,647.6673190597261,14802.278836450489,254.5798138850785,44.84601477874986,5253.363538184751,398.6986839595781,119.15348311587952
271.26002476710846,68.65327570631798,347.1741360519709,-639.5191482929919,3523.0844186896747,685.8843863130137,-1477.0755259947257,-573.1794397747487
11.994953405997204,23.47907545444256,39.97328236580857,29.223314320321165,27.94165047605652,38.98347728397134,31.69195064651696,31.75912426502033
31.356005060767096,107.47814074814168,83.43315077983715,80.72727784666591,43.7062676494132,74.31371690376572,51.435859163936335,40.98283793825071
509.9869862140962,721.4433347788054,405.3708751249407,534.3816158321938,430.8094393355125,492.0546721493217,312.26550100028646,287.6032250549089
2.4276497527612344,1.50049263110648,0.3612523647588042,-0.1415034935668422,0.0517799820529816,3.483528963464081,-0.431909172836576,0.0469343954811554
218.136734634869,-266.88049797860606,-27.647993608964384,1051.5498909421344,1907.8871892072343,-110.49986224126484,1229.5898968275842,29.36999401774169
0.0002540759652036,-0.0006412458696855,-5880.2976212286,18707.58702319621,17562.882547648558,12091.614523477838,-2843.09065509846,743.7931846901755
178.98811278963709,-126.5475261709086,-2400.5412785190783,1106.025017633718,773.0070404308359,829.0394997038758,-2603.367597476797,1137.9260543415778
-139.42982107964338,-274.54927535932745,-1676.6675838891276,-1673.221883875631,2567.719260087275,4862.49680136688,-730.230806851859,666.5352385284873
35.09569448821638,28.52135250884133,35.67918714981753,26.92805930001881,28.6690495548087,19.123069679727337,30.75436712138461,22.858771548775085
60.10090822136422,72.72526191391326,58.70201149790012,38.59008144485739,35.30134736565895,67.03107816391255,66.77950228530192,58.72775054325022
646.4971506267749,417.1621770168577,684.5969395843221,598.0248824018108,708.0826839736922,298.6629911361596,664.6878669399027,671.1799091029887
2.0388177498667712,1.2484743350891931,0.6797471896799083,-0.3864263428179364,2.44393692985369,4.033331075850107,-0.6206262426121614,0.5833620492836191
133.6021090910094,1552.0030928395504,103.40738759633392,633.8288709824989,393.00030770211,1621.749216835244,513.2896168435868,1389.8475141748338
0.0014269592256901,0.0021577311467988,9154.558738353622,20708.111101941377,-11518.499661570955,16273.178142800623,-3952.261575813111,582.7584103448295
715.3625640982945,1559.4876806904867,-2773.861037897429,-1513.5717260196511,173.50811771740797,-2139.622606766108,563.6584370238457,-465.5186330298647
-322.6149154129111,-305.52177961890686,-712.1390692421477,10038.059300570756,-571.2534818456372,1612.8635055736845,86.53786229628268,-107.44154819079012
23.28313283815672,24.172981292966128,34.557829447270635,33.72436167978685,27.04954282473895,34.517064742321615,24.12342530966296,18.256217849904544
39.75370795515918,67.48440535372718,61.409375714363215,38.68860514716445,84.7500462220366,34.52180245676115,40.81041702514467,53.446344758554105
399.5920004648914,378.9380115596414,473.6270017181237,756.35626016996,264.9294612411119,291.3512478395586,774.9402185670895,485.1862615456437
-1.2106351222076148,-0.3871540360030152,3.492843170818988,-1.3886972627774403,2.023882138346732,0.131523755526135,1.4584021694227118,3.0347007413161755
1884.7243041250813,-86.49177445603942,801.2403730794462,1969.176127886148,1533.9136694728277,-593.4096570895115,-40.20308558922278,1673.831078721878
0.0007245299232972,-0.0012128984742632,19196.023084630026,24874.56605958364,20721.657887826583,14222.4167384108,3162.9534540928844,-185.6964443884941
317.3077892617056,647.6673190597261,14802.278836450489,254.5798138850785,44.84601477874986,5253.363538184751,398.6986839595781,119.15348311587952
271.26002476710846,68.65327570631798,347.1741360519709,-639.5191482929919,3523.0844186896747,685.8843863130137,-1477.0755259947257,-573.1794397747487
11.994953405997204,23.47907545444256,39.97328236580857,29.223314320321165,27.94165047605652,38.98347728397134,31.69195064651696,31.75912426502033
31.356005060767096,107.47814074814168,83.43315077983715,80.72727784666591,43.7062676494132,74.31371690376572,51.435859163936335,40.98283793825071
509.9869862140962,721.4433347788054,405.3708751249407,534.3816158321938,430.8094393355125,492.0546721493217,312.26550100028646,287.6032250549089
2.4276497527612344,1.50049263110648,0.3612523647588042,-0.1415034935668422,0.0517799820529816,3.483528963464081,-0.431909172836576,0.0469343954811554
218.136734634869,-266.88049797860606,-27.647993608964384,1051.5498909421344,1907.8871892072343,-110.49986224126484,1229.5898968275842,29.36999401774169
0.0002540759652036,-0.0006412458696855,-5880.2976212286,18707.58702319621,17562.882547648558,12091.614523477838,-2843.09065509846,743.7931846901755
178.98811278963709,-126.5475261709086,-2400.5412785190783,1106.025017633718,773.0070404308359,829.0394997038758,-2603.367597476797,1137.9260543415778
-139.42982107964338,-274.54927535932745,-1676.6675838891276,-1673.221883875631,2567.719260087275,4862.49680136688,-730.230806851859,666.5352385284873
35.09569448821638,28.52135250884133,35.67918714981753,26.92805930001881,28.6690495548087,19.123069679727337,30.75436712138461,22.858771548775085
60.10090822136422,72.72526191391326,58.70201149790012,38.59008144485739,35.30134736565895,67.03107816391255,66.77950228530192,58.72775054325022
646.4971506267749,417.1621770168577,684.5969395843221,598.0248824018108,708.0826839736922,298.6629911361596,664.6878669399027,671.1799091029887
2.0388177498667712,1.2484743350891931,0.6797471896799083,-0.3864263428179364,2.44393692985369,4.033331075850107,-0.6206262426121614,0.5833620492836191
133.6021090910094,1552.0030928395504,103.40738759633392,633.8288709824989,393.00030770211,1621.749216835244,513.2896168435868,1389.8475141748338
0.0014269592256901,0.0021577311467988,9154.558738353622,20708.111101941377,-11518.499661570955,16273.178142800623,-3952.261575813111,582.7584103448295
715.3625640982945,1559.4876806904867,-2773.861037897429,-1513.5717260196511,173.50811771740797,-2139.622606766108,563.6584370238457,-465.5186330298647
-322.6149154129111,-305.52177961890686,-712.1390692421477,10038.059300570756,-571.2534818456372,1612.8635055736845,86.53786229628268,-107.44154819079012
23.28313283815672,24.172981292966128,34.557829447270635,33.72436167978685,27.04954282473895,34.517064742321615,24.12342530966296,18.256217849904544
39.75370795515918,67.48440535372718,61.409375714363215,38.68860514716445,84.7500462220366,34.52180245676115,40.81041702514467,53.446344758554105
399.5920004648914,378.9380115596414,473.6270017181237,756.35626016996,264.9294612411119,291.3512478395586,774.9402185670895,485.1862615456437
-1.2106351222076148,-0.3871540360030152,3.492843170818988,-1.3886972627774403,2.023882138346732,0.131523755526135,1.4584021694227118,3.0347007413161755
1884.7243041250813,-86.49177445603942,801.2403730794462,1969.176127886148,1533.9136694728277,-593.4096570895115,-40.20308558922278,1673.831078721878
0.0007245299232972,-0.0012128984742632,19196.023084630026,24874.56605958364,20721.657887826583,14222.4167384108,3162.9534540928844,-185.6964443884941
317.3077892617056,647.6673190597261,14802.278836450489,254.5798138850785,44.84601477874986,5253.363538184751,398.6986839595781,119.15348311587952
271.26002476710846,68.65327570631798,347.1741360519709,-639.5191482929919,3523.0844186896747,685.8843863130137,-1477.0755259947257,-573.1794397747487
11.994953405997204,23.47907545444256,39.97328236580857,29.223314320321165,27.94165047605652,38.98347728397134,31.69195064651696,31.75912426502033
31.356005060767096,107.47814074814168,83.43315077983715,80.72727784666591,43.7062676494132,74.31371690376572,51.435859163936335,40.98283793825071
509.9869862140962,721.4433347788054,405.3708751249407,534.3816158321938,430.8094393355125,492.0546721493217,312.26550100028646,287.6032250549089
2.4276497527612344,1.50049263110648,0.3612523647588042,-0.1415034935668422,0.0517799820529816,3.483528963464081,-0.431909172836576,0.0469343954811554
218.136734634869,-266.88049797860606,-27.647993608964384,1051.5498909421344,1907.8871892072343,-110.49986224126484,1229.5898968275842,29.36999401774169
0.0002540759652036,-0.0006412458696855,-5880.2976212286,18707.58702319621,17562.882547648558,12091.614523477838,-2843.09065509846,743.7931846901755
178.98811278963709,-126.5475261709086,-2400.5412785190783,1106.025017633718,773.0070404308359,829.0394997038758,-2603.367597476797,1137.9260543415778
-139.42982107964338,-274.54927535932745,-1676.6675838891276,-1673.221883875631,2567.719260087275,4862.49680136688,-730.230806851859,666.5352385284873
35.09569448821638,28.52135250884133,35.67918714981753,26.92805930001881,28.6690495548087,19.123069679727337,30.75436712138461,22.858771548775085
60.10090822136422,72.72526191391326,58.70201149790012,38.59008144485739,35.30134736565895,67.03107816391255,66.77950228530192,58.72775054325022
646.4971506267749,417.1621770168577,684.5969395843221,598.0248824018108,708.0826839736922,298.6629911361596,664.6878669399027,671.1799091029887
2.0388177498667712,1.2484743350891931,0.6797471896799083,-0.3864263428179364,2.44393692985369,4.033331075850107,-0.6206262426121614,0.5833620492836191
133.6021090910094,1552.0030928395504,103.40738759633392,633.8288709824989,393.00030770211,1621.749216835244,513.2896168435868,1389.8475141748338
0.0014269592256901,0.0021577311467988,9154.558738353622,20708.111101941377,-11518.499661570955,16273.178142800623,-3952.261575813111,582.7584103448295
715.3625640982945,1559.4876806904867,-2773.861037897429,-1513.5717260196511,173.50811771740797,-2139.622606766108,563.6584370238457,-465.5186330298647
-322.6149154129111,-305.52177961890686,-712.1390692421477,10038.059300570756,-571.2534818456372,1612.8635055736845,86.53786229628268,-107.44154819079012
23.28313283815672,24.172981292966128,34.557829447270635,33.72436167978685,27.04954282473895,34.517064742321615,24.12342530966296,18.256217849904544
39.75370795515918,67.48440535372718,61.409375714363215,38.68860514716445,84.7500462220366,34.52180245676115,40.81041702514467,53.446344758554105
399.5920004648914,378.9380115596414,473.6270017181237,756.35626016996,264.9294612411119,291.3512478395586,774.9402185670895,485.1862615456437
-1.2106351222076148,-0.3871540360030152,3.492843170818988,-1.3886972627774403,2.023882138346732,0.131523755526135,1.4584021694227118,3.0347007413161755
1884.7243041250813,-86.49177445603942,801.2403730794462,1969.176127886148,1533.9136694728277,-593.4096570895115,-40.20308558922278,1673.831078721878
0.0007245299232972,-0.0012128984742632,19196.023084630026,24874.56605958364,20721.657887826583,14222.4167384108,3162.9534540928844,-185.6964443884941
317.3077892617056,647.6673190597261,14802.278836450489,254.5798138850785,44.84601477874986,5253.363538184751,398.6986839595781,119.15348311587952
271.26002476710846,68.65327570631798,347.1741360519709,-639.5191482929919,3523.0844186896747,685.8843863130137,-1477.0755259947257,-573.1794397747487
11.994953405997204,23.47907545444256,39.97328236580857,29.223314320321165,27.94165047605652,38.98347728397134,31.69195064651696,31.75912426502033
31.356005060767096,107.47814074814168,83.43315077983715,80.72727784666591,43.7062676494132,74.31371690376572,51.435859163936335,40.98283793825071
509.9869862140962,721.4433347788054,405.3708751249407,534.3816158321938,430.8094393355125,492.0546721493217,312.26550100028646,287.6032250549089
2.4276497527612344,1.50049263110648,0.3612523647588042,-0.1415034935668422,0.0517799820529816,3.483528963464081,-0.431909172836576,0.0469343954811554
218.136734634869,-266.88049797860606,-27.647993608964384,1051.5498909421344,1907.8871892072343,-110.49986224126484,1229.5898968275842,29.36999401774169
0.0002540759652036,-0.0006412458696855,-5880.2976212286,18707.58702319621,17562.882547648558,12091.614523477838,-2843.09065509846,743.7931846901755
178.98811278963709,-126.5475261709086,-2400.5412785190783,1106.025017633718,773.0070404308359,829.0394997038758,-2603.367597476797,1137.9260543415778
-139.42982107964338,-274.54927535932745,-1676.6675838891276,-1673.221883875631,2567.719260087275,4862.49680136688,-730.230806851859,666.5352385284873
35.09569448821638,28.52135250884133,35.67918714981753,26.92805930001881,28.6690495548087,19.123069679727337,30.75436712138461,22.858771548775085
60.10090822136422,72.72526191391326,58.70201149790012,38.59008144485739,35.30134736565895,67.03107816391255,66.77950228530192,58.72775054325022
646.4971506267749,417.1621770168577,684.5969395843221,598.0248824018108,708.0826839736922,298.6629911361596,664.6878669399027,671.1799091029887
2.0388177498667712,1.2484743350891931,0.6797471896799083,-0.3864263428179364,2.44393692985369,4.033331075850107,-0.6206262426121614,0.5833620492836191
133.6021090910094,1552.0030928395504,103.40738759633392,633.8288709824989,393.00030770211,1621.749216835244,513.2896168435868,1389.8475141748338
0.0014269592256901,0.0021577311467988,9154.558738353622,20708.111101941377,-11518.499661570955,16273.178142800623,-3952.261575813111,582.7584103448295
715.3625640982945,1559.4876806904867,-2773.861037897429,-1513.5717260196511,173.50811771740797,-2139.622606766108,563.6584370238457,-465.5186330298647
-322.6149154129111,-305.52177961890686,-712.1390692421477,10038.059300570756,-571.2534818456372,1612.8635055736845,86.53786229628268,-107.44154819079012
23.28313283815672,24.172981292966128,34.557829447270635,33.72436167978685,27.04954282473895,34.517064742321615,24.12342530966296,18.256217849904544
39.75370795515918,67.48440535372718,61.409375714363215,38.68860514716445,84.7500462220366,34.52180245676115,40.81041702514467,53.446344758554105
399.5920004648914,378.9380115596414,473.6270017181237,756.35626016996,264.9294612411119,291.3512478395586,774.9402185670895,485.1862615456437
-1.2106351222076148,-0.3871540360030152,3.492843170818988,-1.3886972627774403,2.023882138346732,0.131523755526135,1.4584021694227118,3.0347007413161755
1884.7243041250813,-86.49177445603942,801.2403730794462,1969.176127886148,1533.9136694728277,-593.4096570895115,-40.20308558922278,1673.831078721878
0.0007245299232972,-0.0012128984742632,19196.023084630026,24874.56605958364,20721.657887826583,14222.4167384108,3162.9534540928844,-185.6964443884941
317.3077892617056,647.6673190597261,14802.278836450489,254.5798138850785,44.84601477874986,5253.363538184751,398.6986839595781,119.15348311587952
271.26002476710846,68.65327570631798,347.1741360519709,-639.5191482929919,3523.0844186896747,685.8843863130137,-1477.0755259947257,-573.1794397747487
11.994953405997204,23.47907545444256,39.97328236580857,29.223314320321165,27.94165047605652,38.98347728397134,31.69195064651696,31.75912426502033
31.356005060767096,107.47814074814168,83.43315077983715,80.72727784666591,43.7062676494132,74.31371690376572,51.435859163936335,40.98283793825071
509.9869862140962,721.4433347788054,405.3708751249407,534.3816158321938,430.8094393355125,492.0546721493217,312.26550100028646,287.6032250549089
2.4276497527612344,1.50049263110648,0.3612523647588042,-0.1415034935668422,0.0517799820529816,3.483528963464081,-0.431909172836576,0.0469343954811554
218.136734634869,-266.88049797860606,-27.647993608964384,1051.5498909421344,1907.8871892072343,-110.49986224126484,1229.5898968275842,29.36999401774169
0.0002540759652036,-0.0006412458696855,-5880.2976212286,18707.58702319621,17562.882547648558,12091.614523477838,-2843.09065509846,743.7931846901755
178.98811278963709,-126.5475261709086,-2400.5412785190783,1106.025017633718,773.0070404308359,829.0394997038758,-2603.367597476797,1137.9260543415778
-139.42982107964338,-274.54927535932745,-1676.6675838891276,-1673.221883875631,2567.719260087275,4862.49680136688,-730.230806851859,666.5352385284873
35.09569448821638,28.52135250884133,35.67918714981753,26.92805930001881,28.6690495548087,19.123069679727337,30.75436712138461,22.858771548775085
60.10090822136422,72.72526191391326,58.70201149790012,38.59008144485739,35.30134736565895,67.03107816391255,66.77950228530192,58.72775054325022
646.4971506267749,417.1621770168577,684.5969395843221,598.0248824018108,708.0826839736922,298.6629911361596,664.6878669399027,671.1799091029887
2.0388177498667712,1.2484743350891931,0.6797471896799083,-0.3864263428179364,2.44393692985369,4.033331075850107,-0.6206262426121614,0.5833620492836191
133.6021090910094,1552.0030928395504,103.40738759633392,633.8288709824989,393.00030770211,1621.749216835244,513.2896168435868,1389.8475141748338
0.0014269592256901,0.0021577311467988,9154.558738353622,20708.111101941377,-11518.499661570955,16273.178142800623,-3952.261575813111,582.7584103448295
715.3625640982945,1559.4876806904867,-2773.861037897429,-1513.5717260196511,173.50811771740797,-2139.622606766108,563.6584370238457,-465.5186330298647
-322.6149154129111,-305.52177961890686,-712.1390692421477,10038.059300570756,-571.2534818456372,1612.8635055736845,86.53786229628268,-107.44154819079012
23.28313283815672,24.172981292966128,34.557829447270635,33.72436167978685,27.04954282473895,34.517064742321615,24.12342530966296,18.256217849904544
39.75370795515918,67.48440535372718,61.409375714363215,38.68860514716445,84.7500462220366,34.52180245676115,40.81041702514467,53.446344758554105
399.5920004648914,378.9380115596414,473.6270017181237,756.35626016996,264.9294612411119,291.3512478395586,774.9402185670895,485.1862615456437
-1.2106351222076148,-0.3871540360030152,3.492843170818988,-1.3886972627774403,2.023882138346732,0.131523755526135,1.4584021694227118,3.0347007413161755
1884.7243041250813,-86.49177445603942,801.2403730794462,1969.176127886148,1533.9136694728277,-593.4096570895115,-40.20308558922278,1673.831078721878
0.0007245299232972,-0.0012128984742632,19196.023084630026,24874.56605958364,20721.657887826583,14222.4167384108,3162.9534540928844,-185.6964443884941
317.3077892617056,647.6673190597261,14802.278836450489,254.5798138850785,44.84601477874986,5253.363538184751,398.6986839595781,119.15348311587952
271.26002476710846,68.65327570631798,347.1741360519709,-639.5191482929919,3523.0844186896747,685.8843863130137,-1477.0755259947257,-573.1794397747487
11.994953405997204,23.47907545444256,39.97328236580857,29.223314320321165,27.94165047605652,38.98347728397134,31.69195064651696,31.75912426502033
31.356005060767096,107.47814074814168,83.43315077983715,80.72727784666591,43.7062676494132,74.31371690376572,51.435859163936335,40.98283793825071
509.9869862140962,721.4433347788054,405.3708751249407,534.3816158321938,430.8094393355125,492.0546721493217,312.26550100028646,287.6032250549089
2.4276497527612344,1.50049263110648,0.3612523647588042,-0.1415034935668422,0.0517799820529816,3.483528963464081,-0.431909172836576,0.0469343954811554
218.136734634869,-266.88049797860606,-27.647993608964384,1051.5498909421344,1907.8871892072343,-110.49986224126484,1229.5898968275842,29.36999401774169
0.0002540759652036,-0.0006412458696855,-5880.2976212286,18707.58702319621,17562.882547648558,12091.614523477838,-2843.09065509846,743.7931846901755
178.98811278963709,-126.5475261709086,-2400.5412785190783,1106.025017633718,773.0070404308359,829.0394997038758,-2603.367597476797,1137.9260543415778
-139.42982107964338,-274.54927535932745,-1676.6675838891276,-1673.221883875631,2567.719260087275,4862.49680136688,-730.230806851859,666.5352385284873
35.09569448821638,28.52135250884133,35.67918714981753,26.92805930001881,28.6690495548087,19.123069679727337,30.75436712138461,22.858771548775085
60.10090822136422,72.72526191391326,58.70201149790012,38.59008144485739,35.30134736565895,67.03107816391255,66.77950228530192,58.72775054325022
646.4971506267749,417.1621770168577,684.5969395843221,598.0248824018108,708.0826839736922,298.6629911361596,664.6878669399027,671.1799091029887
2.0388177498667712,1.2484743350891931,0.6797471896799083,-0.3864263428179364,2.44393692985369,4.033331075850107,-0.6206262426121614,0.5833620492836191
133.6021090910094,1552.0030928395504,103.40738759633392,633.8288709824989,393.00030770211,1621.749216835244,513.2896168435868,1389.8475141748338
0.0014269592256901,0.0021577311467988,9154.558738353622,20708.111101941377,-11518.499661570955,16273.178142800623,-3952.261575813111,582.7584103448295
715.3625640982945,1559.4876806904867,-2773.861037897429,-1513.5717260196511,173.50811771740797,-2139.622606766108,563.6584370238457,-465.5186330298647
-322.6149154129111,-305.52177961890686,-712.1390692421477,10038.059300570756,-571.2534818456372,1612.8635055736845,86.53786229628268,-107.44154819079012
23.28313283815672,24.172981292966128,34.557829447270635,33.72436167978685,27.04954282473895,34.517064742321615,24.12342530966296,18.256217849904544
39.75370795515918,67.48440535372718,61.409375714363215,38.68860514716445,84.7500462220366,34.52180245676115,40.81041702514467,53.446344758554105
399.5920004648914,378.9380115596414,473.6270017181237,756.35626016996,264.9294612411119,291.3512478395586,774.9402185670895,485.1862615456437
-1.2106351222076148,-0.3871540360030152,3.492843170818988,-1.3886972627774403,2.023882138346732,0.131523755526135,1.4584021694227118,3.0347007413161755
1884.7243041250813,-86.49177445603942,801.2403730794462,1969.176127886148,1533.9136694728277,-593.4096570895115,-40.20308558922278,1673.831078721878
0.0007245299232972,-0.0012128984742632,19196.023084630026,24874.56605958364,20721.657887826583,14222.4167384108,3162.9534540928844,-185.6964443884941
317.3077892617056,647.6673190597261,14802.278836450489,254.5798138850785,44.84601477874986,5253.363538184751,398.6986839595781,119.15348311587952
271.26002476710846,68.65327570631798,347.1741360519709,-639.5191482929919,3523.0844186896747,685.8843863130137,-1477.0755259947257,-573.1794397747487
11.994953405997204,23.47907545444256,39.97328236580857,29.223314320321165,27.94165047605652,38.98347728397134,31.69195064651696,31.75912426502033
31.356005060767096,107.47814074814168,83.43315077983715,80.72727784666591,43.7062676494132,74.31371690376572,51.435859163936335,40.98283793825071
509.9869862140962,721.4433347788054,405.3708751249407,534.3816158321938,430.8094393355125,492.0546721493217,312.26550100028646,287.6032250549089
2.4276497527612344,1.50049263110648,0.3612523647588042,-0.1415034935668422,0.0517799820529816,3.483528963464081,-0.431909172836576,0.0469343954811554
218.136734634869,-266.88049797860606,-27.647993608964384,1051.5498909421344,1907.8871892072343,-110.49986224126484,1229.5898968275842,29.36999401774169
0.0002540759652036,-0.0006412458696855,-5880.2976212286,18707.58702319621,17562.882547648558,12091.614523477838,-2843.09065509846,743.7931846901755
178.98811278963709,-126.5475261709086,-2400.5412785190783,1106.025017633718,773.0070404308359,829.0394997038758,-2603.367597476797,1137.9260543415778
-139.42982107964338,-274.54927535932745,-1676.6675838891276,-1673.221883875631,2567.719260087275,4862.49680136688,-730.230806851859,666.5352385284873
35.09569448821638,28.52135250884133,35.67918714981753,26.92805930001881,28.6690495548087,19.123069679727337,30.75436712138461,22.858771548775085
60.10090822136422,72.72526191391326,58.70201149790012,38.59008144485739,35.30134736565895,67.03107816391255,66.77950228530192,58.72775054325022
646.4971506267749,417.1621770168577,684.5969395843221,598.0248824018108,708.0826839736922,298.6629911361596,664.6878669399027,671.1799091029887
2.0388177498667712,1.2484743350891931,0.6797471896799083,-0.3864263428179364,2.44393692985369,4.033331075850107,-0.6206262426121614,0.5833620492836191
133.6021090910094,1552.0030928395504,103.40738759633392,633.8288709824989,393.00030770211,1621.749216835244,513.2896168435868,1389.8475141748338
0.0014269592256901,0.0021577311467988,9154.558738353622,20708.111101941377,-11518.499661570955,16273.178142800623,-3952.261575813111,582.7584103448295
715.3625640982945,1559.4876806904867,-2773.861037897429,-1513.5717260196511,173.50811771740797,-2139.622606766108,563.6584370238457,-465.5186330298647
-322.6149154129111,-305.52177961890686,-712.1390692421477,10038.059300570756,-571.2534818456372,1612.8635055736845,86.53786229628268,-107.44154819079012
23.28313283815672,24.172981292966128,34.557829447270635,33.72436167978685,27.04954282473895,34.517064742321615,24.12342530966296,18.256217849904544
39.75370795515918,67.48440535372718,61.409375714363215,38.68860514716445,84.7500462220366,34.52180245676115,40.81041702514467,53.446344758554105
399.5920004648914,378.9380115596414,473.6270017181237,756.35626016996,264.9294612411119,291.3512478395586,774.9402185670895,485.1862615456437
-1.2106351222076148,-0.3871540360030152,3.492843170818988,-1.3886972627774403,2.023882138346732,0.131523755526135,1.4584021694227118,3.0347007413161755
1884.7243041250813,-86.49177445603942,801.2403730794462,1969.176127886148,1533.9136694728277,-593.4096570895115,-40.20308558922278,1673.831078721878
0.0007245299232972,-0.0012128984742632,19196.023084630026,24874.56605958364,20721.657887826583,14222.4167384108,3162.9534540928844,-185.6964443884941
317.3077892617056,647.6673190597261,14802.278836450489,254.5798138850785,44.84601477874986,5253.363538184751,398.6986839595781,119.15348311587952
271.26002476710846,68.65327570631798,347.1741360519709,-639.5191482929919,3523.0844186896747,685.8843863130137,-1477.0755259947257,-573.1794397747487
11.994953405997204,23.47907545444256,39.97328236580857,29.223314320321165,27.94165047605652,38.98347728397134,31.69195064651696,31.75912426502033
31.356005060767096,107.47814074814168,83.43315077983715,80.72727784666591,43.7062676494132,74.31371690376572,51.435859163936335,40.98283793825071
509.9869862140962,721.4433347788054,405.3708751249407,534.3816158321938,430.8094393355125,492.0546721493217,312.26550100028646,287.6032250549089
2.4276497527612344,1.50049263110648,0.3612523647588042,-0.1415034935668422,0.0517799820529816,3.483528963464081,-0.431909172836576,0.0469343954811554
218.136734634869,-266.88049797860606,-27.647993608964384,1051.5498909421344,1907.8871892072343,-110.49986224126484,1229.5898968275842,29.36999401774169
0.0002540759652036,-0.0006412458696855,-5880.2976212286,18707.58702319621,17562.882547648558,12091.614523477838,-2843.09065509846,743.7931846901755
178.98811278963709,-126.5475261709086,-2400.5412785190783,1106.025017633718,773.0070404308359,829.0394997038758,-2603.367597476797,1137.9260543415778
-139.42982107964338,-274.54927535932745,-1676.6675838891276,-1673.221883875631,2567.719260087275,4862.49680136688,-730.230806851859,666.5352385284873
35.09569448821638,28.52135250884133,35.67918714981753,26.92805930001881,28.6690495548087,19.123069679727337,30.75436712138461,22.858771548775085
60.10090822136422,72.72526191391326,58.70201149790012,38.59008144485739,35.30134736565895,67.03107816391255,66.77950228530192,58.72775054325022
646.4971506267749,417.1621770168577,684.5969395843221,598.0248824018108,708.0826839736922,298.6629911361596,664.6878669399027,671.1799091029887
2.0388177498667712,1.2484743350891931,0.6797471896799083,-0.3864263428179364,2.44393692985369,4.033331075850107,-0.6206262426121614,0.5833620492836191
133.6021090910094,1552.0030928395504,103.40738759633392,633.8288709824989,393.00030770211,1621.749216835244,513.2896168435868,1389.8475141748338
0.0014269592256901,0.0021577311467988,9154.558738353622,20708.111101941377,-11518.499661570955,16273.178142800623,-3952.261575813111,582.7584103448295
715.3625640982945,1559.4876806904867,-2773.861037897429,-1513.5717260196511,173.50811771740797,-2139.622606766108,563.6584370238457,-465.5186330298647
-322.6149154129111,-305.52177961890686,-712.1390692421477,10038.059300570756,-571.2534818456372,1612.8635055736845,86.53786229628268,-107.44154819079012
23.28313283815672,24.172981292966128,34.557829447270635,33.72436167978685,27.04954282473895,34.517064742321615,24.12342530966296,18.256217849904544
39.75370795515918,67.48440535372718,61.409375714363215,38.68860514716445,84.7500462220366,34.52180245676115,40.81041702514467,53.446344758554105
399.5920004648914,378.9380115596414,473.6270017181237,756.35626016996,264.9294612411119,291.3512478395586,774.9402185670895,485.1862615456437
-1.2106351222076148,-0.3871540360030152,3.492843170818988,-1.3886972627774403,2.023882138346732,0.131523755526135,1.4584021694227118,3.0347007413161755
1884.7243041250813,-86.49177445603942,801.2403730794462,1969.176127886148,1533.9136694728277,-593.4096570895115,-40.20308558922278,1673.831078721878
0.0007245299232972,-0.0012128984742632,19196.023084630026,24874.56605958364,20721.657887826583,14222.4167384108,3162.9534540928844,-185.6964443884941
317.3077892617056,647.6673190597261,14802.278836450489,254.5798138850785,44.84601477874986,5253.363538184751,398.6986839595781,119.15348311587952
271.26002476710846,68.65327570631798,347.1741360519709,-639.5191482929919,3523.0844186896747,685.8843863130137,-1477.0755259947257,-573.1794397747487
11.994953405997204,23.47907545444256,39.97328236580857,29.223314320321165,27.94165047605652,38.98347728397134,31.69195064651696,31.75912426502033
31.356005060767096,107.47814074814168,83.43315077983715,80.72727784666591,43.7062676494132,74.31371690376572,51.435859163936335,40.98283793825071
509.9869862140962,721.4433347788054,405.3708751249407,534.3816158321938,430.8094393355125,492.0546721493217,312.26550100028646,287.6032250549089
2.4276497527612344,1.50049263110648,0.3612523647588042,-0.1415034935668422,0.0517799820529816,3.483528963464081,-0.431909172836576,0.0469343954811554
218.136734634869,-266.88049797860606,-27.647993608964384,1051.5498909421344,1907.8871892072343,-110.49986224126484,1229.5898968275842,29.36999401774169
0.0002540759652036,-0.0006412458696855,-5880.2976212286,18707.58702319621,17562.882547648558,12091.614523477838,-2843.09065509846,743.7931846901755
178.98811278963709,-126.5475261709086,-2400.5412785190783,1106.025017633718,773.0070404308359,829.0394997038758,-2603.367597476797,1137.9260543415778
-139.42982107964338,-274.54927535932745,-1676.6675838891276,-1673.221883875631,2567.719260087275,4862.49680136688,-730.230806851859,666.5352385284873
35.09569448821638,28.52135250884133,35.67918714981753,26.92805930001881,28.6690495548087,19.123069679727337,30.75436712138461,22.858771548775085
60.10090822136422,72.72526191391326,58.70201149790012,38.59008144485739,35.30134736565895,67.03107816391255,66.77950228530192,58.72775054325022
646.4971506267749,417.1621770168577,684.5969395843221,598.0248824018108,708.0826839736922,298.6629911361596,664.6878669399027,671.1799091029887
2.0388177498667712,1.2484743350891931,0.6797471896799083,-0.3864263428179364,2.44393692985369,4.033331075850107,-0.6206262426121614,0.5833620492836191
133.6021090910094,1552.0030928395504,103.40738759633392,633.8288709824989,393.00030770211,1621.749216835244,513.2896168435868,1389.8475141748338
0.0014269592256901,0.0021577311467988,9154.558738353622,20708.111101941377,-11518.499661570955,16273.178142800623,-3952.261575813111,582.7584103448295
715.3625640982945,1559.4876806904867,-2773.861037897429,-1513.5717260196511,173.50811771740797,-2139.622606766108,563.6584370238457,-465.5186330298647
-322.6149154129111,-305.52177961890686,-712.1390692421477,10038.059300570756,-571.2534818456372,1612.8635055736845,86.53786229628268,-107.44154819079012
23.28313283815672,24.172981292966128,34.557829447270635,33.72436167978685,27.04954282473895,34.517064742321615,24.12342530966296,18.256217849904544
39.75370795515918,67.48440535372718,61.409375714363215,38.68860514716445,84.7500462220366,34.52180245676115,40.81041702514467,53.446344758554105
399.5920004648914,378.9380115596414,473.6270017181237,756.35626016996,264.9294612411119,291.3512478395586,774.9402185670895,485.1862615456437
-1.2106351222076148,-0.3871540360030152,3.492843170818988,-1.3886972627774403,2.023882138346732,0.131523755526135,1.4584021694227118,3.0347007413161755
1884.7243041250813,-86.49177445603942,801.2403730794462,1969.176127886148,1533.9136694728277,-593.4096570895115,-40.20308558922278,1673.831078721878
0.0007245299232972,-0.0012128984742632,19196.023084630026,24874.56605958364,20721.657887826583,14222.4167384108,3162.9534540928844,-185.6964443884941
317.3077892617056,647.6673190597261,14802.278836450489,254.5798138850785,44.84601477874986,5253.363538184751,398.6986839595781,119.15348311587952
271.26002476710846,68.65327570631798,347.1741360519709,-639.5191482929919,3523.0844186896747,685.8843863130137,-1477.0755259947257,-573.1794397747487
11.994953405997204,23.47907545444256,39.97328236580857,29.223314320321165,27.94165047605652,38.98347728397134,31.69195064651696,31.75912426502033
31.356005060767096,107.47814074814168,83.43315077983715,80.72727784666591,43.7062676494132,74.31371690376572,51.435859163936335,40.98283793825071
509.9869862140962,721.4433347788054,405.3708751249407,534.3816158321938,430.8094393355125,492.0546721493217,312.26550100028646,287.6032250549089
2.4276497527612344,1.50049263110648,0.3612523647588042,-0.1415034935668422,0.0517799820529816,3.483528963464081,-0.431909172836576,0.0469343954811554
218.136734634869,-266.88049797860606,-27.647993608964384,1051.5498909421344,1907.8871892072343,-110.49986224126484,1229.5898968275842,29.36999401774169
0.0002540759652036,-0.0006412458696855,-5880.2976212286,18707.58702319621,17562.882547648558,12091.614523477838,-2843.09065509846,743.7931846901755
178.98811278963709,-126.5475261709086,-2400.5412785190783,1106.025017633718,773.0070404308359,829.0394997038758,-2603.367597476797,1137.9260543415778
-139.42982107964338,-274.54927535932745,-1676.6675838891276,-1673.221883875631,2567.719260087275,4862.49680136688,-730.230806851859,666.5352385284873
35.09569448821638,28.52135250884133,35.67918714981753,26.92805930001881,28.6690495548087,19.123069679727337,30.75436712138461,22.858771548775085
60.10090822136422,72.72526191391326,58.70201149790012,38.59008144485739,35.30134736565895,67.03107816391255,66.77950228530192,58.72775054325022
646.4971506267749,417.1621770168577,684.5969395843221,598.0248824018108,708.0826839736922,298.6629911361596,664.6878669399027,671.1799091029887
2.0388177498667712,1.2484743350891931,0.6797471896799083,-0.3864263428179364,2.44393692985369,4.033331075850107,-0.6206262426121614,0.5833620492836191
133.6021090910094,1552.0030928395504,103.40738759633392,633.8288709824989,393.00030770211,1621.749216835244,513.2896168435868,1389.8475141748338
0.0014269592256901,0.0021577311467988,9154.558738353622,20708.111101941377,-11518.499661570955,16273.178142800623,-3952.261575813111,582.7584103448295
715.3625640982945,1559.4876806904867,-2773.861037897429,-1513.5717260196511,173.50811771740797,-2139.622606766108,563.6584370238457,-465.5186330298647
-322.6149154129111,-305.52177961890686,-712.1390692421477,10038.059300570756,-571.2534818456372,1612.8635055736845,86.53786229628268,-107.44154819079012
23.28313283815672,24.172981292966128,34.557829447270635,33.72436167978685,27.04954282473895,34.517064742321615,24.12342530966296,18.256217849904544
39.75370795515918,67.48440535372718,61.409375714363215,38.68860514716445,84.7500462220366,34.52180245676115,40.81041702514467,53.446344758554105
399.5920004648914,378.9380115596414,473.6270017181237,756.35626016996,264.9294612411119,291.3512478395586,774.9402185670895,485.1862615456437
-1.2106351222076148,-0.3871540360030152,3.492843170818988,-1.3886972627774403,2.023882138346732,0.131523755526135,1.4584021694227118,3.0347007413161755
1884.7243041250813,-86.49177445603942,801.2403730794462,1969.176127886148,1533.9136694728277,-593.4096570895115,-40.20308558922278,1673.831078721878
0.0007245299232972,-0.0012128984742632,19196.023084630026,24874.56605958364,20721.657887826583,14222.4167384108,3162.9534540928844,-185.6964443884941
317.3077892617056,647.6673190597261,14802.278836450489,254.5798138850785,44.84601477874986,5253.363538184751,398.6986839595781,119.15348311587952
271.26002476710846,68.65327570631798,347.1741360519709,-639.5191482929919,3523.0844186896747,685.8843863130137,-1477.0755259947257,-573.1794397747487
11.994953405997204,23.47907545444256,39.97328236580857,29.223314320321165,27.94165047605652,38.98347728397134,31.69195064651696,31.75912426502033
31.356005060767096,107.47814074814168,83.43315077983715,80.72727784666591,43.7062676494132,74.31371690376572,51.435859163936335,40.98283793825071
509.9869862140962,721.4433347788054,405.3708751249407,534.3816158321938,430.8094393355125,492.0546721493217,312.26550100028646,287.6032250549089
2.4276497527612344,1.50049263110648,0.3612523647588042,-0.1415034935668422,0.0517799820529816,3.483528963464081,-0.431909172836576,0.0469343954811554
218.136734634869,-266.88049797860606,-27.647993608964384,1051.5498909421344,1907.8871892072343,-110.49986224126484,1229.5898968275842,29.36999401774169
0.0002540759652036,-0.0006412458696855,-5880.2976212286,18707.58702319621,17562.882547648558,12091.614523477838,-2843.09065509846,743.7931846901755
178.98811278963709,-126.5475261709086,-2400.5412785190783,1106.025017633718,773.0070404308359,829.0394997038758,-2603.367597476797,1137.9260543415778
-139.42982107964338,-274.54927535932745,-1676.6675838891276,-1673.221883875631,2567.719260087275,4862.49680136688,-730.230806851859,666.5352385284873
35.09569448821638,28.52135250884133,35.67918714981753,26.92805930001881,28.6690495548087,19.123069679727337,30.75436712138461,22.858771548775085
60.10090822136422,72.72526191391326,58.70201149790012,38.59008144485739,35.30134736565895,67.03107816391255,66.77950228530192,58.72775054325022
646.4971506267749,417.1621770168577,684.5969395843221,598.0248824018108,708.0826839736922,298.6629911361596,664.6878669399027,671.1799091029887
2.0388177498667712,1.2484743350891931,0.6797471896799083,-0.3864263428179364,2.44393692985369,4.033331075850107,-0.6206262426121614,0.5833620492836191
133.6021090910094,1552.0030928395504,103.40738759633392,633.8288709824989,393.00030770211,1621.749216835244,513.2896168435868,1389.8475141748338
0.0014269592256901,0.0021577311467988,9154.558738353622,20708.111101941377,-11518.499661570955,16273.178142800623,-3952.261575813111,582.7584103448295
715.3625640982945,1559.4876806904867,-2773.861037897429,-1513.5717260196511,173.50811771740797,-2139.622606766108,563.6584370238457,-465.5186330298647
-322.6149154129111,-305.52177961890686,-712.1390692421477,10038.059300570756,-571.2534818456372,1612.8635055736845,86.53786229628268,-107.44154819079012
23.28313283815672,24.172981292966128,34.557829447270635,33.72436167978685,27.04954282473895,34.517064742321615,24.12342530966296,18.256217849904544
39.75370795515918,67.48440535372718,61.409375714363215,38.68860514716445,84.7500462220366,34.52180245676115,40.81041702514467,53.446344758554105
399.5920004648914,378.9380115596414,473.6270017181237,756.35626016996,264.9294612411119,291.3512478395586,774.9402185670895,485.1862615456437
-1.2106351222076148,-0.3871540360030152,3.492843170818988,-1.3886972627774403,2.023882138346732,0.131523755526135,1.4584021694227118,3.0347007413161755
1884.7243041250813,-86.49177445603942,801.2403730794462,1969.176127886148,1533.9136694728277,-593.4096570895115,-40.20308558922278,1673.831078721878
0.0007245299232972,-0.0012128984742632,19196.023084630026,24874.56605958364,20721.657887826583,14222.4167384108,3162.9534540928844,-185.6964443884941
317.3077892617056,647.6673190597261,14802.278836450489,254.5798138850785,44.84601477874986,5253.363538184751,398.6986839595781,119.15348311587952
271.26002476710846,68.65327570631798,347.1741360519709,-639.5191482929919,3523.0844186896747,685.8843863130137,-1477.0755259947257,-573.1794397747487
11.994953405997204,23.47907545444256,39.97328236580857,29.223314320321165,27.94165047605652,38.98347728397134,31.69195064651696,31.75912426502033
31.356005060767096,107.47814074814168,83.43315077983715,80.72727784666591,43.7062676494132,74.31371690376572,51.435859163936335,40.98283793825071
509.9869862140962,721.4433347788054,405.3708751249407,534.3816158321938,430.8094393355125,492.0546721493217,312.26550100028646,287.6032250549089
2.4276497527612344,1.50049263110648,0.3612523647588042,-0.1415034935668422,0.0517799820529816,3.483528963464081,-0.431909172836576,0.0469343954811554
218.136734634869,-266.88049797860606,-27.647993608964384,1051.5498909421344,1907.8871892072343,-110.49986224126484,1229.5898968275842,29.36999401774169
0.0002540759652036,-0.0006412458696855,-5880.2976212286,18707.58702319621,17562.882547648558,12091.614523477838,-2843.09065509846,743.7931846901755
178.98811278963709,-126.5475261709086,-2400.5412785190783,1106.025017633718,773.0070404308359,829.0394997038758,-2603.367597476797,1137.9260543415778
-139.42982107964338,-274.54927535932745,-1676.6675838891276,-1673.221883875631,2567.719260087275,4862.49680136688,-730.230806851859,666.5352385284873
35.09569448821638,28.52135250884133,35.67918714981753,26.92805930001881,28.6690495548087,19.123069679727337,30.75436712138461,22.858771548775085
60.10090822136422,72.72526191391326,58.70201149790012,38.59008144485739,35.30134736565895,67.03107816391255,66.77950228530192,58.72775054325022
646.4971506267749,417.1621770168577,684.5969395843221,598.0248824018108,708.0826839736922,298.6629911361596,664.6878669399027,671.1799091029887
2.0388177498667712,1.2484743350891931,0.6797471896799083,-0.3864263428179364,2.44393692985369,4.033331075850107,-0.6206262426121614,0.5833620492836191
133.6021090910094,1552.0030928395504,103.40738759633392,633.8288709824989,393.00030770211,1621.749216835244,513.2896168435868,1389.8475141748338
0.0014269592256901,0.0021577311467988,9154.558738353622,20708.111101941377,-11518.499661570955,16273.178142800623,-3952.261575813111,582.7584103448295
715.3625640982945,1559.4876806904867,-2773.861037897429,-1513.5717260196511,173.50811771740797,-2139.622606766108,563.6584370238457,-465.5186330298647
-322.6149154129111,-305.52177961890686,-712.1390692421477,10038.059300570756,-571.2534818456372,1612.8635055736845,86.53786229628268,-107.44154819079012
23.28313283815672,24.172981292966128,34.557829447270635,33.72436167978685,27.04954282473895,34.517064742321615,24.12342530966296,18.256217849904544
39.75370795515918,67.48440535372718,61.409375714363215,38.68860514716445,84.7500462220366,34.52180245676115,40.81041702514467,53.446344758554105
399.5920004648914,378.9380115596414,473.6270017181237,756.35626016996,264.9294612411119,291.3512478395586,774.9402185670895,485.1862615456437
-1.2106351222076148,-0.3871540360030152,3.492843170818988,-1.3886972627774403,2.023882138346732,0.131523755526135,1.4584021694227118,3.0347007413161755
1884.7243041250813,-86.49177445603942,801.2403730794462,1969.176127886148,1533.9136694728277,-593.4096570895115,-40.20308558922278,1673.831078721878
0.0007245299232972,-0.0012128984742632,19196.023084630026,24874.56605958364,20721.657887826583,14222.4167384108,3162.9534540928844,-185.6964443884941
317.3077892617056,647.6673190597261,14802.278836450489,254.5798138850785,44.84601477874986,5253.363538184751,398.6986839595781,119.15348311587952
271.26002476710846,68.65327570631798,347.1741360519709,-639.5191482929919,3523.0844186896747,685.8843863130137,-1477.0755259947257,-573.1794397747487
11.994953405997204,23.47907545444256,39.97328236580857,29.223314320321165,27.94165047605652,38.98347728397134,31.69195064651696,31.75912426502033
31.356005060767096,107.47814074814168,83.43315077983715,80.72727784666591,43.7062676494132,74.31371690376572,51.435859163936335,40.98283793825071
509.9869862140962,721.4433347788054,405.3708751249407,534.3816158321938,430.8094393355125,492.0546721493217,312.26550100028646,287.6032250549089
2.4276497527612344,1.50049263110648,0.3612523647588042,-0.1415034935668422,0.0517799820529816,3.483528963464081,-0.431909172836576,0.0469343954811554
218.136734634869,-266.88049797860606,-27.647993608964384,1051.5498909421344,1907.8871892072343,-110.49986224126484,1229.5898968275842,29.36999401774169
0.0002540759652036,-0.0006412458696855,-5880.2976212286,18707.58702319621,17562.882547648558,12091.614523477838,-2843.09065509846,743.7931846901755
178.98811278963709,-126.5475261709086,-2400.5412785190783,1106.025017633718,773.0070404308359,829.0394997038758,-2603.367597476797,1137.9260543415778
-139.42982107964338,-274.54927535932745,-1676.6675838891276,-1673.221883875631,2567.719260087275,4862.49680136688,-730.230806851859,666.5352385284873
35.09569448821638,28.52135250884133,35.67918714981753,26.92805930001881,28.6690495548087,19.123069679727337,30.75436712138461,22.858771548775085
60.10090822136422,72.72526191391326,58.70201149790012,38.59008144485739,35.30134736565895,67.03107816391255,66.77950228530192,58.72775054325022
646.4971506267749,417.1621770168577,684.5969395843221,598.0248824018108,708.0826839736922,298.6629911361596,664.6878669399027,671.1799091029887
2.0388177498667712,1.2484743350891931,0.6797471896799083,-0.3864263428179364,2.44393692985369,4.033331075850107,-0.6206262426121614,0.5833620492836191
133.6021090910094,1552.0030928395504,103.40738759633392,633.8288709824989,393.00030770211,1621.749216835244,513.2896168435868,1389.8475141748338
0.0014269592256901,0.0021577311467988,9154.558738353622,20708.111101941377,-11518.499661570955,16273.178142800623,-3952.261575813111,582.7584103448295
715.3625640982945,1559.4876806904867,-2773.861037897429,-1513.5717260196511,173.50811771740797,-2139.622606766108,563.6584370238457,-465.5186330298647
-322.6149154129111,-305.52177961890686,-712.1390692421477,10038.059300570756,-571.2534818456372,1612.8635055736845,86.53786229628268,-107.44154819079012
23.28313283815672,24.172981292966128,34.557829447270635,33.72436167978685,27.04954282473895,34.517064742321615,24.12342530966296,18.256217849904544
39.75370795515918,67.48440535372718,61.409375714363215,38.68860514716445,84.7500462220366,34.52180245676115,40.81041702514467,53.446344758554105
399.5920004648914,378.9380115596414,473.6270017181237,756.35626016996,264.9294612411119,291.3512478395586,774.9402185670895,485.1862615456437
-1.2106351222076148,-0.3871540360030152,3.492843170818988,-1.3886972627774403,2.023882138346732,0.131523755526135,1.4584021694227118,3.0347007413161755
1884.7243041250813,-86.49177445603942,801.2403730794462,1969.176127886148,1533.9136694728277,-593.4096570895115,-40.20308558922278,1673.831078721878
0.0007245299232972,-0.0012128984742632,19196.023084630026,24874.56605958364,20721.657887826583,14222.4167384108,3162.9534540928844,-185.6964443884941
317.3077892617056,647.6673190597261,14802.278836450489,254.5798138850785,44.84601477874986,5253.363538184751,398.6986839595781,119.15348311587952
271.26002476710846,68.65327570631798,347.1741360519709,-639.5191482929919,3523.0844186896747,685.8843863130137,-1477.0755259947257,-573.1794397747487
11.994953405997204,23.47907545444256,39.97328236580857,29.223314320321165,27.94165047605652,38.98347728397134,31.69195064651696,31.75912426502033
31.356005060767096,107.47814074814168,83.43315077983715,80.72727784666591,43.7062676494132,74.31371690376572,51.435859163936335,40.98283793825071
509.9869862140962,721.4433347788054,405.3708751249407,534.3816158321938,430.8094393355125,492.0546721493217,312.26550100028646,287.6032250549089
2.4276497527612344,1.50049263110648,0.3612523647588042,-0.1415034935668422,0.0517799820529816,3.483528963464081,-0.431909172836576,0.0469343954811554
218.136734634869,-266.88049797860606,-27.647993608964384,1051.5498909421344,1907.8871892072343,-110.49986224126484,1229.5898968275842,29.36999401774169
0.0002540759652036,-0.0006412458696855,-5880.2976212286,18707.58702319621,17562.882547648558,12091.614523477838,-2843.09065509846,743.7931846901755
178.98811278963709,-126.5475261709086,-2400.5412785190783,1106.025017633718,773.0070404308359,829.0394997038758,-2603.367597476797,1137.9260543415778
-139.42982107964338,-274.54927535932745,-1676.6675838891276,-1673.221883875631,2567.719260087275,4862.49680136688,-730.230806851859,666.5352385284873
35.09569448821638,28.52135250884133,35.67918714981753,26.92805930001881,28.6690495548087,19.123069679727337,30.75436712138461,22.858771548775085
60.10090822136422,72.72526191391326,58.70201149790012,38.59008144485739,35.30134736565895,67.03107816391255,66.77950228530192,58.72775054325022
646.4971506267749,417.1621770168577,684.5969395843221,598.0248824018108,708.0826839736922,298.6629911361596,664.6878669399027,671.1799091029887
2.0388177498667712,1.2484743350891931,0.6797471896799083,-0.3864263428179364,2.44393692985369,4.033331075850107,-0.6206262426121614,0.5833620492836191
133.6021090910094,1552.0030928395504,103.40738759633392,633.8288709824989,393.00030770211,1621.749216835244,513.2896168435868,1389.8475141748338
0.0014269592256901,0.0021577311467988,9154.558738353622,20708.111101941377,-11518.499661570955,16273.178142800623,-3952.261575813111,582.7584103448295
715.3625640982945,1559.4876806904867,-2773.861037897429,-1513.5717260196511,173.50811771740797,-2139.622606766108,563.6584370238457,-465.5186330298647
-322.6149154129111,-305.52177961890686,-712.1390692421477,10038.059300570756,-571.2534818456372,1612.8635055736845,86.53786229628268,-107.44154819079012
23.28313283815672,24.172981292966128,34.557829447270635,33.72436167978685,27.04954282473895,34.517064742321615,24.12342530966296,18.256217849904544
39.75370795515918,67.48440535372718,61.409375714363215,38.68860514716445,84.7500462220366,34.52180245676115,40.81041702514467,53.446344758554105
399.5920004648914,378.9380115596414,473.6270017181237,756.35626016996,264.9294612411119,291.3512478395586,774.9402185670895,485.1862615456437
-1.2106351222076148,-0.3871540360030152,3.492843170818988,-1.3886972627774403,2.023882138346732,0.131523755526135,1.4584021694227118,3.0347007413161755
1884.7243041250813,-86.49177445603942,801.2403730794462,1969.176127886148,1533.9136694728277,-593.4096570895115,-40.20308558922278,1673.831078721878
0.0007245299232972,-0.0012128984742632,19196.023084630026,24874.56605958364,20721.657887826583,14222.4167384108,3162.9534540928844,-185.6964443884941
317.3077892617056,647.6673190597261,14802.278836450489,254.5798138850785,44.84601477874986,5253.363538184751,398.6986839595781,119.15348311587952
271.26002476710846,68.65327570631798,347.1741360519709,-639.5191482929919,3523.0844186896747,685.8843863130137,-1477.0755259947257,-573.1794397747487
11.994953405997204,23.47907545444256,39.97328236580857,29.223314320321165,27.94165047605652,38.98347728397134,31.69195064651696,31.75912426502033
31.356005060767096,107.47814074814168,83.43315077983715,80.72727784666591,43.7062676494132,74.31371690376572,51.435859163936335,40.98283793825071
509.9869862140962,721.4433347788054,405.3708751249407,534.3816158321938,430.8094393355125,492.0546721493217,312.26550100028646,287.6032250549089
2.4276497527612344,1.50049263110648,0.3612523647588042,-0.1415034935668422,0.0517799820529816,3.483528963464081,-0.431909172836576,0.0469343954811554
218.136734634869,-266.88049797860606,-27.647993608964384,1051.5498909421344,1907.8871892072343,-110.49986224126484,1229.5898968275842,29.36999401774169
0.0002540759652036,-0.0006412458696855,-5880.2976212286,18707.58702319621,17562.882547648558,12091.614523477838,-2843.09065509846,743.7931846901755
178.98811278963709,-126.5475261709086,-2400.5412785190783,1106.025017633718,773.0070404308359,829.0394997038758,-2603.367597476797,1137.9260543415778
-139.42982107964338,-274.54927535932745,-1676.6675838891276,-1673.221883875631,2567.719260087275,4862.49680136688,-730.230806851859,666.5352385284873
35.09569448821638,28.52135250884133,35.67918714981753,26.92805930001881,28.6690495548087,19.123069679727337,30.75436712138461,22.858771548775085
60.10090822136422,72.72526191391326,58.70201149790012,38.59008144485739,35.30134736565895,67.03107816391255,66.77950228530192,58.72775054325022
646.4971506267749,417.1621770168577,684.5969395843221,598.0248824018108,708.0826839736922,298.6629911361596,664.6878669399027,671.1799091029887
2.0388177498667712,1.2484743350891931,0.6797471896799083,-0.3864263428179364,2.44393692985369,4.033331075850107,-0.6206262426121614,0.5833620492836191
133.6021090910094,1552.0030928395504,103.40738759633392,633.8288709824989,393.00030770211,1621.749216835244,513.2896168435868,1389.8475141748338
0.0014269592256901,0.0021577311467988,9154.558738353622,20708.111101941377,-11518.499661570955,16273.178142800623,-3952.261575813111,582.7584103448295
715.3625640982945,1559.4876806904867,-2773.861037897429,-1513.5717260196511,173.50811771740797,-2139.622606766108,563.6584370238457,-465.5186330298647
-322.6149154129111,-305.52177961890686,-712.1390692421477,10038.059300570756,-571.2534818456372,1612.8635055736845,86.53786229628268,-107.44154819079012
23.28313283815672,24.172981292966128,34.557829447270635,33.72436167978685,27.04954282473895,34.517064742321615,24.12342530966296,18.256217849904544
39.75370795515918,67.48440535372718,61.409375714363215,38.68860514716445,84.7500462220366,34.52180245676115,40.81041702514467,53.446344758554105
399.5920004648914,378.9380115596414,473.6270017181237,756.35626016996,264.9294612411119,291.3512478395586,774.9402185670895,485.1862615456437
-1.2106351222076148,-0.3871540360030152,3.492843170818988,-1.3886972627774403,2.023882138346732,0.131523755526135,1.4584021694227118,3.0347007413161755
1884.7243041250813,-86.49177445603942,801.2403730794462,1969.176127886148,1533.9136694728277,-593.4096570895115,-40.20308558922278,1673.831078721878
0.0007245299232972,-0.0012128984742632,19196.023084630026,24874.56605958364,20721.657887826583,14222.4167384108,3162.9534540928844,-185.6964443884941
317.3077892617056,647.6673190597261,14802.278836450489,254.5798138850785,44.84601477874986,5253.363538184751,398.6986839595781,119.15348311587952
271.26002476710846,68.65327570631798,347.1741360519709,-639.5191482929919,3523.0844186896747,685.8843863130137,-1477.0755259947257,-573.1794397747487
11.994953405997204,23.47907545444256,39.97328236580857,29.223314320321165,27.94165047605652,38.98347728397134,31.69195064651696,31.75912426502033
31.356005060767096,107.47814074814168,83.43315077983715,80.72727784666591,43.7062676494132,74.31371690376572,51.435859163936335,40.98283793825071
509.9869862140962,721.4433347788054,405.3708751249407,534.3816158321938,430.8094393355125,492.0546721493217,312.26550100028646,287.6032250549089
2.4276497527612344,1.50049263110648,0.3612523647588042,-0.1415034935668422,0.0517799820529816,3.483528963464081,-0.431909172836576,0.0469343954811554
218.136734634869,-266.88049797860606,-27.647993608964384,1051.5498909421344,1907.8871892072343,-110.49986224126484,1229.5898968275842,29.36999401774169
0.0002540759652036,-0.0006412458696855,-5880.2976212286,18707.58702319621,17562.882547648558,12091.614523477838,-2843.09065509846,743.7931846901755
178.98811278963709,-126.5475261709086,-2400.5412785190783,1106.025017633718,773.0070404308359,829.0394997038758,-2603.367597476797,1137.9260543415778
-139.42982107964338,-274.54927535932745,-1676.6675838891276,-1673.221883875631,2567.719260087275,4862.49680136688,-730.230806851859,666.5352385284873
35.09569448821638,28.52135250884133,35.67918714981753,26.92805930001881,28.6690495548087,19.123069679727337,30.75436712138461,22.858771548775085
60.10090822136422,72.72526191391326,58.70201149790012,38.59008144485739,35.30134736565895,67.03107816391255,66.77950228530192,58.72775054325022
646.4971506267749,417.1621770168577,684.5969395843221,598.0248824018108,708.0826839736922,298.6629911361596,664.6878669399027,671.1799091029887
2.0388177498667712,1.2484743350891931,0.6797471896799083,-0.3864263428179364,2.44393692985369,4.033331075850107,-0.6206262426121614,0.5833620492836191
133.6021090910094,1552.0030928395504,103.40738759633392,633.8288709824989,393.00030770211,1621.749216835244,513.2896168435868,1389.8475141748338
0.0014269592256901,0.0021577311467988,9154.558738353622,20708.111101941377,-11518.499661570955,16273.178142800623,-3952.261575813111,582.7584103448295
715.3625640982945,1559.4876806904867,-2773.861037897429,-1513.5717260196511,173.50811771740797,-2139.622606766108,563.6584370238457,-465.5186330298647
-322.6149154129111,-305.52177961890686,-712.1390692421477,10038.059300570756,-571.2534818456372,1612.8635055736845,86.53786229628268,-107.44154819079012
23.28313283815672,24.172981292966128,34.557829447270635,33.72436167978685,27.04954282473895,34.517064742321615,24.12342530966296,18.256217849904544
39.75370795515918,67.48440535372718,61.409375714363215,38.68860514716445,84.7500462220366,34.52180245676115,40.81041702514467,53.446344758554105
399.5920004648914,378.9380115596414,473.6270017181237,756.35626016996,264.9294612411119,291.3512478395586,774.9402185670895,485.1862615456437
-1.2106351222076148,-0.3871540360030152,3.492843170818988,-1.3886972627774403,2.023882138346732,0.131523755526135,1.4584021694227118,3.0347007413161755
1884.7243041250813,-86.49177445603942,801.2403730794462,1969.176127886148,1533.9136694728277,-593.4096570895115,-40.20308558922278,1673.831078721878
0.0007245299232972,-0.0012128984742632,19196.023084630026,24874.56605958364,20721.657887826583,14222.4167384108,3162.9534540928844,-185.6964443884941
317.3077892617056,647.6673190597261,14802.278836450489,254.5798138850785,44.84601477874986,5253.363538184751,398.6986839595781,119.15348311587952
271.26002476710846,68.65327570631798,347.1741360519709,-639.5191482929919,3523.0844186896747,685.8843863130137,-1477.0755259947257,-573.1794397747487
11.994953405997204,23.47907545444256,39.97328236580857,29.223314320321165,27.94165047605652,38.98347728397134,31.69195064651696,31.75912426502033
31.356005060767096,107.47814074814168,83.43315077983715,80.72727784666591,43.7062676494132,74.31371690376572,51.435859163936335,40.98283793825071
509.9869862140962,721.4433347788054,405.3708751249407,534.3816158321938,430.8094393355125,492.0546721493217,312.26550100028646,287.6032250549089
2.4276497527612344,1.50049263110648,0.3612523647588042,-0.1415034935668422,0.0517799820529816,3.483528963464081,-0.431909172836576,0.0469343954811554
218.136734634869,-266.88049797860606,-27.647993608964384,1051.5498909421344,1907.8871892072343,-110.49986224126484,1229.5898968275842,29.36999401774169
0.0002540759652036,-0.0006412458696855,-5880.2976212286,18707.58702319621,17562.882547648558,12091.614523477838,-2843.09065509846,743.7931846901755
178.98811278963709,-126.5475261709086,-2400.5412785190783,1106.025017633718,773.0070404308359,829.0394997038758,-2603.367597476797,1137.9260543415778
-139.42982107964338,-274.54927535932745,-1676.6675838891276,-1673.221883875631,2567.719260087275,4862.49680136688,-730.230806851859,666.5352385284873
35.09569448821638,28.52135250884133,35.67918714981753,26.92805930001881,28.6690495548087,19.123069679727337,30.75436712138461,22.858771548775085
60.10090822136422,72.72526191391326,58.70201149790012,38.59008144485739,35.30134736565895,67.03107816391255,66.77950228530192,58.72775054325022
646.4971506267749,417.1621770168577,684.5969395843221,598.0248824018108,708.0826839736922,298.6629911361596,664.6878669399027,671.1799091029887
2.0388177498667712,1.2484743350891931,0.6797471896799083,-0.3864263428179364,2.44393692985369,4.033331075850107,-0.6206262426121614,0.5833620492836191
133.6021090910094,1552.0030928395504,103.40738759633392,633.8288709824989,393.00030770211,1621.749216835244,513.2896168435868,1389.8475141748338
0.0014269592256901,0.0021577311467988,9154.558738353622,20708.111101941377,-11518.499661570955,16273.178142800623,-3952.261575813111,582.7584103448295
715.3625640982945,1559.4876806904867,-2773.861037897429,-1513.5717260196511,173.50811771740797,-2139.622606766108,563.6584370238457,-465.5186330298647
-322.6149154129111,-305.52177961890686,-712.1390692421477,10038.059300570756,-571.2534818456372,1612.8635055736845,86.53786229628268,-107.44154819079012
23.28313283815672,24.172981292966128,34.557829447270635,33.72436167978685,27.04954282473895,34.517064742321615,24.12342530966296,18.256217849904544
39.75370795515918,67.48440535372718,61.409375714363215,38.68860514716445,84.7500462220366,34.52180245676115,40.81041702514467,53.446344758554105
399.5920004648914,378.9380115596414,473.6270017181237,756.35626016996,264.9294612411119,291.3512478395586,774.9402185670895,485.1862615456437
-1.2106351222076148,-0.3871540360030152,3.492843170818988,-1.3886972627774403,2.023882138346732,0.131523755526135,1.4584021694227118,3.0347007413161755
1884.7243041250813,-86.49177445603942,801.2403730794462,1969.176127886148,1533.9136694728277,-593.4096570895115,-40.20308558922278,1673.831078721878
0.0007245299232972,-0.0012128984742632,19196.023084630026,24874.56605958364,20721.657887826583,14222.4167384108,3162.9534540928844,-185.6964443884941
317.3077892617056,647.6673190597261,14802.278836450489,254.5798138850785,44.84601477874986,5253.363538184751,398.6986839595781,119.15348311587952
271.26002476710846,68.65327570631798,347.1741360519709,-639.5191482929919,3523.0844186896747,685.8843863130137,-1477.0755259947257,-573.1794397747487
11.994953405997204,23.47907545444256,39.97328236580857,29.223314320321165,27.94165047605652,38.98347728397134,31.69195064651696,31.75912426502033
31.356005060767096,107.47814074814168,83.43315077983715,80.72727784666591,43.7062676494132,74.31371690376572,51.435859163936335,40.98283793825071
509.9869862140962,721.4433347788054,405.3708751249407,534.3816158321938,430.8094393355125,492.0546721493217,312.26550100028646,287.6032250549089
2.4276497527612344,1.50049263110648,0.3612523647588042,-0.1415034935668422,0.0517799820529816,3.483528963464081,-0.431909172836576,0.0469343954811554
218.136734634869,-266.88049797860606,-27.647993608964384,1051.5498909421344,1907.8871892072343,-110.49986224126484,1229.5898968275842,29.36999401774169
0.0002540759652036,-0.0006412458696855,-5880.2976212286,18707.58702319621,17562.882547648558,12091.614523477838,-2843.09065509846,743.7931846901755
178.98811278963709,-126.5475261709086,-2400.5412785190783,1106.025017633718,773.0070404308359,829.0394997038758,-2603.367597476797,1137.9260543415778
-139.42982107964338,-274.54927535932745,-1676.6675838891276,-1673.221883875631,2567.719260087275,4862.49680136688,-730.230806851859,666.5352385284873
35.09569448821638,28.52135250884133,35.67918714981753,26.92805930001881,28.6690495548087,19.123069679727337,30.75436712138461,22.858771548775085
60.10090822136422,72.72526191391326,58.70201149790012,38.59008144485739,35.30134736565895,67.03107816391255,66.77950228530192,58.72775054325022
646.4971506267749,417.1621770168577,684.5969395843221,598.0248824018108,708.0826839736922,298.6629911361596,664.6878669399027,671.1799091029887
2.0388177498667712,1.2484743350891931,0.6797471896799083,-0.3864263428179364,2.44393692985369,4.033331075850107,-0.6206262426121614,0.5833620492836191
133.6021090910094,1552.0030928395504,103.40738759633392,633.8288709824989,393.00030770211,1621.749216835244,513.2896168435868,1389.8475141748338
0.0014269592256901,0.0021577311467988,9154.558738353622,20708.111101941377,-11518.499661570955,16273.178142800623,-3952.261575813111,582.7584103448295
715.3625640982945,1559.4876806904867,-2773.861037897429,-1513.5717260196511,173.50811771740797,-2139.622606766108,563.6584370238457,-465.5186330298647
-322.6149154129111,-305.52177961890686,-712.1390692421477,10038.059300570756,-571.2534818456372,1612.8635055736845,86.53786229628268,-107.44154819079012
23.28313283815672,24.172981292966128,34.557829447270635,33.72436167978685,27.04954282473895,34.517064742321615,24.12342530966296,18.256217849904544
39.75370795515918,67.48440535372718,61.409375714363215,38.68860514716445,84.7500462220366,34.52180245676115,40.81041702514467,53.446344758554105
399.5920004648914,378.9380115596414,473.6270017181237,756.35626016996,264.9294612411119,291.3512478395586,774.9402185670895,485.1862615456437
-1.2106351222076148,-0.3871540360030152,3.492843170818988,-1.3886972627774403,2.023882138346732,0.131523755526135,1.4584021694227118,3.0347007413161755
1884.7243041250813,-86.49177445603942,801.2403730794462,1969.176127886148,1533.9136694728277,-593.4096570895115,-40.20308558922278,1673.831078721878
0.0007245299232972,-0.0012128984742632,19196.023084630026,24874.56605958364,20721.657887826583,14222.4167384108,3162.9534540928844,-185.6964443884941
317.3077892617056,647.6673190597261,14802.278836450489,254.5798138850785,44.84601477874986,5253.363538184751,398.6986839595781,119.15348311587952
271.26002476710846,68.65327570631798,347.1741360519709,-639.5191482929919,3523.0844186896747,685.8843863130137,-1477.0755259947257,-573.1794397747487
11.994953405997204,23.47907545444256,39.97328236580857,29.223314320321165,27.94165047605652,38.98347728397134,31.69195064651696,31.75912426502033
31.356005060767096,107.47814074814168,83.43315077983715,80.72727784666591,43.7062676494132,74.31371690376572,51.435859163936335,40.98283793825071
509.9869862140962,721.4433347788054,405.3708751249407,534.3816158321938,430.8094393355125,492.0546721493217,312.26550100028646,287.6032250549089
2.4276497527612344,1.50049263110648,0.3612523647588042,-0.1415034935668422,0.0517799820529816,3.483528963464081,-0.431909172836576,0.0469343954811554
218.136734634869,-266.88049797860606,-27.647993608964384,1051.5498909421344,1907.8871892072343,-110.49986224126484,1229.5898968275842,29.36999401774169
0.0002540759652036,-0.0006412458696855,-5880.2976212286,18707.58702319621,17562.882547648558,12091.614523477838,-2843.09065509846,743.7931846901755
178.98811278963709,-126.5475261709086,-2400.5412785190783,1106.025017633718,773.0070404308359,829.0394997038758,-2603.367597476797,1137.9260543415778
-139.42982107964338,-274.54927535932745,-1676.6675838891276,-1673.221883875631,2567.719260087275,4862.49680136688,-730.230806851859,666.5352385284873
35.09569448821638,28.52135250884133,35.67918714981753,26.92805930001881,28.6690495548087,19.123069679727337,30.75436712138461,22.858771548775085
60.10090822136422,72.72526191391326,58.70201149790012,38.59008144485739,35.30134736565895,67.03107816391255,66.77950228530192,58.72775054325022
646.4971506267749,417.1621770168577,684.5969395843221,598.0248824018108,708.0826839736922,298.6629911361596,664.6878669399027,671.1799091029887
2.0388177498667712,1.2484743350891931,0.6797471896799083,-0.3864263428179364,2.44393692985369,4.033331075850107,-0.6206262426121614,0.5833620492836191
133.6021090910094,1552.0030928395504,103.40738759633392,633.8288709824989,393.00030770211,1621.749216835244,513.2896168435868,1389.8475141748338
0.0014269592256901,0.0021577311467988,9154.558738353622,20708.111101941377,-11518.499661570955,16273.178142800623,-3952.261575813111,582.7584103448295
715.3625640982945,1559.4876806904867,-2773.861037897429,-1513.5717260196511,173.50811771740797,-2139.622606766108,563.6584370238457,-465.5186330298647
-322.6149154129111,-305.52177961890686,-712.1390692421477,10038.059300570756,-571.2534818456372,1612.8635055736845,86.53786229628268,-107.44154819079012
23.28313283815672,24.172981292966128,34.557829447270635,33.72436167978685,27.04954282473895,34.517064742321615,24.12342530966296,18.256217849904544
39.75370795515918,67.48440535372718,61.409375714363215,38.68860514716445,84.7500462220366,34.52180245676115,40.81041702514467,53.446344758554105
399.5920004648914,378.9380115596414,473.6270017181237,756.35626016996,264.9294612411119,291.3512478395586,774.9402185670895,485.1862615456437
-1.2106351222076148,-0.3871540360030152,3.492843170818988,-1.3886972627774403,2.023882138346732,0.131523755526135,1.4584021694227118,3.0347007413161755
1884.7243041250813,-86.49177445603942,801.2403730794462,1969.176127886148,1533.9136694728277,-593.4096570895115,-40.20308558922278,1673.831078721878
0.0007245299232972,-0.0012128984742632,19196.023084630026,24874.56605958364,20721.657887826583,14222.4167384108,3162.9534540928844,-185.6964443884941
317.3077892617056,647.6673190597261,14802.278836450489,254.5798138850785,44.84601477874986,5253.363538184751,398.6986839595781,119.15348311587952
271.26002476710846,68.65327570631798,347.1741360519709,-639.5191482929919,3523.0844186896747,685.8843863130137,-1477.0755259947257,-573.1794397747487
