내부온도관측치,내부습도관측치,co2관측치,ec관측치,시간당분무량,시간당백색광량,시간당적색광량,시간당청색광량
12.323477731784536,28.359137297005745,36.03402613192705,37.156113065153335,25.92095796339292,33.10187368552412,20.517451366006963,31.5178958758472
73.28805035184715,64.98937502097492,61.81550694508612,62.6615374924878,34.26145463330286,20.133120298994506,86.9441114180718,39.89185028885772
581.6258233940346,405.8149200534426,315.3294456227709,565.4684661902613,693.215543822302,611.1801117239836,664.0541585598743,411.6978567224493
-1.2248533794587166,-1.067731824135166,1.410905133013577,-0.5020805052306554,1.9676524042688048,3.530748693315821,4.0379983206431,2.479426828951268
143.47838490533033,-51.27038119959555,83.82629577801288,-525.8796210525472,746.9001991112128,129.57558150337383,-291.11107329268486,153.91312918005366
0.0022715279964339,-0.0008676600101773,-1354.944320854844,-5593.079633630992,14256.791200888969,-1336.052386897671,12146.823450137605,876.8968600849917
-300.6655731548355,7890.742692821719,186.10859747495653,-299.3826317836182,2987.8542333779724,-1550.7309592291977,7403.257477681112,1901.316377936631
-119.36996858556388,325.03162157428454,-724.8675530144754,-1069.2516748946214,1207.2410548086198,-522.6190278775899,-3463.0321801455475,838.108188833626
25.970425927560825,26.208947782862005,23.407141958322,27.62417688061224,28.662061182756613,18.09955073933196,29.69472022511217,19.57881801293877
70.55211360975349,56.70619961905203,36.90943606331432,32.567149579857514,37.68262734983754,52.58503881727257,70.95422522498451,62.48164827555636
614.675025123287,548.7840677739728,448.5747578151261,747.8894868200009,473.4250882792554,212.41626036165144,316.1449186358965,627.2729914118529
2.530065084433388,1.5734016568741975,1.1053777180663158,0.121767665383226,1.4535354599288206,3.6211761937927096,-0.3629040047377549,-0.2039989818794219
-886.4357923479589,740.5604446854433,-68.24652443542595,-241.2044068221932,1082.8584662234275,-128.97813652783293,-367.8530368737603,30.645270687886963
0.00136040106957,0.0019653255483483,16221.227206308296,23690.989469400185,21374.516613491185,15144.002176131318,-2330.0201681236804,376.548508509537
450.4817817763594,594.5786584570786,-1812.6364414193256,708.801490072185,1296.3878099237004,1565.8288095508135,-4065.0747826773695,358.95711112410504
-29.365201506283416,-399.1866442766592,-774.836106482614,-653.015645867922,1784.3471475178924,247.4204616155779,190.0300339370615,-239.71945074629707
19.862157690894588,31.740597831663024,27.88947022999612,23.47282803830265,28.90400131993723,29.01017221113141,22.683689111860645,14.00513746989088
37.35444662140162,58.51401420471978,41.16261517843611,40.937497362236805,81.25045277137889,67.65184542121212,65.98064376926382,52.74601552187475
347.7575290679491,540.4451760851085,651.8986953542014,789.7402338963647,491.1171361546816,661.4929467283556,751.2797502984541,429.6516415286206
1.1195026853605607,1.88522034753236,1.400333646981609,0.1303605260357956,-0.1193437735865736,2.2445231079579364,1.0469956582782374,3.8634354116154057
239.08055521342976,139.26490832355364,1613.1008166377096,1789.0683525909828,-342.7647171014163,462.2567997123094,-142.7722548418611,2438.6254183165743
0.0028170513241922,0.0028093833721814,5206.309533698554,21274.52986580136,19477.604795977422,12785.71930900934,1805.016771380612,19.312194573651816
658.4676485850719,-618.0549237373012,9906.553111018344,-2447.313594940069,-632.8368245354422,5172.381925910212,109.41217320577202,1696.112929825484
75.7196930489612,-175.53322611575555,-1748.9957681615592,6122.0713225909,-1221.5568535093826,-565.6158879808736,-274.6213046212684,-988.7527714733666
12.323477731784536,28.359137297005745,36.03402613192705,37.156113065153335,25.92095796339292,33.10187368552412,20.517451366006963,31.5178958758472
73.28805035184715,64.98937502097492,61.81550694508612,62.6615374924878,34.26145463330286,20.133120298994506,86.9441114180718,39.89185028885772
581.6258233940346,405.8149200534426,315.3294456227709,565.4684661902613,693.215543822302,611.1801117239836,664.0541585598743,411.6978567224493
-1.2248533794587166,-1.067731824135166,1.410905133013577,-0.5020805052306554,1.9676524042688048,3.530748693315821,4.0379983206431,2.479426828951268
143.47838490533033,-51.27038119959555,83.82629577801288,-525.8796210525472,746.9001991112128,129.57558150337383,-291.11107329268486,153.91312918005366
0.0022715279964339,-0.0008676600101773,-1354.944320854844,-5593.079633630992,14256.791200888969,-1336.052386897671,12146.823450137605,876.8968600849917
-300.6655731548355,7890.742692821719,186.10859747495653,-299.3826317836182,2987.8542333779724,-1550.7309592291977,7403.257477681112,1901.316377936631
-119.36996858556388,325.03162157428454,-724.8675530144754,-1069.2516748946214,1207.2410548086198,-522.6190278775899,-3463.0321801455475,838.108188833626
25.970425927560825,26.208947782862005,23.407141958322,27.62417688061224,28.662061182756613,18.09955073933196,29.69472022511217,19.57881801293877
70.55211360975349,56.70619961905203,36.90943606331432,32.567149579857514,37.68262734983754,52.58503881727257,70.95422522498451,62.48164827555636
614.675025123287,548.7840677739728,448.5747578151261,747.8894868200009,473.4250882792554,212.41626036165144,316.1449186358965,627.2729914118529
2.530065084433388,1.5734016568741975,1.1053777180663158,0.121767665383226,1.4535354599288206,3.6211761937927096,-0.3629040047377549,-0.2039989818794219
-886.4357923479589,740.5604446854433,-68.24652443542595,-241.2044068221932,1082.8584662234275,-128.97813652783293,-367.8530368737603,30.645270687886963
0.00136040106957,0.0019653255483483,16221.227206308296,23690.989469400185,21374.516613491185,15144.002176131318,-2330.0201681236804,376.548508509537
450.4817817763594,594.5786584570786,-1812.6364414193256,708.801490072185,1296.3878099237004,1565.8288095508135,-4065.0747826773695,358.95711112410504
-29.365201506283416,-399.1866442766592,-774.836106482614,-653.015645867922,1784.3471475178924,247.4204616155779,190.0300339370615,-239.71945074629707
19.862157690894588,31.740597831663024,27.88947022999612,23.47282803830265,28.90400131993723,29.01017221113141,22.683689111860645,14.00513746989088
37.35444662140162,58.51401420471978,41.16261517843611,40.937497362236805,81.25045277137889,67.65184542121212,65.98064376926382,52.74601552187475
347.7575290679491,540.4451760851085,651.8986953542014,789.7402338963647,491.1171361546816,661.4929467283556,751.2797502984541,429.6516415286206
1.1195026853605607,1.88522034753236,1.400333646981609,0.1303605260357956,-0.1193437735865736,2.2445231079579364,1.0469956582782374,3.8634354116154057
239.08055521342976,139.26490832355364,1613.1008166377096,1789.0683525909828,-342.7647171014163,462.2567997123094,-142.7722548418611,2438.6254183165743
0.0028170513241922,0.0028093833721814,5206.309533698554,21274.52986580136,19477.604795977422,12785.71930900934,1805.016771380612,19.312194573651816
658.4676485850719,-618.0549237373012,9906.553111018344,-2447.313594940069,-632.8368245354422,5172.381925910212,109.41217320577202,1696.112929825484
75.7196930489612,-175.53322611575555,-1748.9957681615592,6122.0713225909,-1221.5568535093826,-565.6158879808736,-274.6213046212684,-988.7527714733666
12.323477731784536,28.359137297005745,36.03402613192705,37.156113065153335,25.92095796339292,33.10187368552412,20.517451366006963,31.5178958758472
73.28805035184715,64.98937502097492,61.81550694508612,62.6615374924878,34.26145463330286,20.133120298994506,86.9441114180718,39.89185028885772
581.6258233940346,405.8149200534426,315.3294456227709,565.4684661902613,693.215543822302,611.1801117239836,664.0541585598743,411.6978567224493
-1.2248533794587166,-1.067731824135166,1.410905133013577,-0.5020805052306554,1.9676524042688048,3.530748693315821,4.0379983206431,2.479426828951268
143.47838490533033,-51.27038119959555,83.82629577801288,-525.8796210525472,746.9001991112128,129.57558150337383,-291.11107329268486,153.91312918005366
0.0022715279964339,-0.0008676600101773,-1354.944320854844,-5593.079633630992,14256.791200888969,-1336.052386897671,12146.823450137605,876.8968600849917
-300.6655731548355,7890.742692821719,186.10859747495653,-299.3826317836182,2987.8542333779724,-1550.7309592291977,7403.257477681112,1901.316377936631
-119.36996858556388,325.03162157428454,-724.8675530144754,-1069.2516748946214,1207.2410548086198,-522.6190278775899,-3463.0321801455475,838.108188833626
25.970425927560825,26.208947782862005,23.407141958322,27.62417688061224,28.662061182756613,18.09955073933196,29.69472022511217,19.57881801293877
70.55211360975349,56.70619961905203,36.90943606331432,32.567149579857514,37.68262734983754,52.58503881727257,70.95422522498451,62.48164827555636
614.675025123287,548.7840677739728,448.5747578151261,747.8894868200009,473.4250882792554,212.41626036165144,316.1449186358965,627.2729914118529
2.530065084433388,1.5734016568741975,1.1053777180663158,0.121767665383226,1.4535354599288206,3.6211761937927096,-0.3629040047377549,-0.2039989818794219
-886.4357923479589,740.5604446854433,-68.24652443542595,-241.2044068221932,1082.8584662234275,-128.97813652783293,-367.8530368737603,30.645270687886963
0.00136040106957,0.0019653255483483,16221.227206308296,23690.989469400185,21374.516613491185,15144.002176131318,-2330.0201681236804,376.548508509537
450.4817817763594,594.5786584570786,-1812.6364414193256,708.801490072185,1296.3878099237004,1565.8288095508135,-4065.0747826773695,358.95711112410504
-29.365201506283416,-399.1866442766592,-774.836106482614,-653.015645867922,1784.3471475178924,247.4204616155779,190.0300339370615,-239.71945074629707
19.862157690894588,31.740597831663024,27.88947022999612,23.47282803830265,28.90400131993723,29.01017221113141,22.683689111860645,14.00513746989088
37.35444662140162,58.51401420471978,41.16261517843611,40.937497362236805,81.25045277137889,67.65184542121212,65.98064376926382,52.74601552187475
347.7575290679491,540.4451760851085,651.8986953542014,789.7402338963647,491.1171361546816,661.4929467283556,751.2797502984541,429.6516415286206
1.1195026853605607,1.88522034753236,1.400333646981609,0.1303605260357956,-0.1193437735865736,2.2445231079579364,1.0469956582782374,3.8634354116154057
239.08055521342976,139.26490832355364,1613.1008166377096,1789.0683525909828,-342.7647171014163,462.2567997123094,-142.7722548418611,2438.6254183165743
0.0028170513241922,0.0028093833721814,5206.309533698554,21274.52986580136,19477.604795977422,12785.71930900934,1805.016771380612,19.312194573651816
658.4676485850719,-618.0549237373012,9906.553111018344,-2447.313594940069,-632.8368245354422,5172.381925910212,109.41217320577202,1696.112929825484
75.7196930489612,-175.53322611575555,-1748.9957681615592,6122.0713225909,-1221.5568535093826,-565.6158879808736,-274.6213046212684,-988.7527714733666
12.323477731784536,28.359137297005745,36.03402613192705,37.156113065153335,25.92095796339292,33.10187368552412,20.517451366006963,31.5178958758472
73.28805035184715,64.98937502097492,61.81550694508612,62.6615374924878,34.26145463330286,20.133120298994506,86.9441114180718,39.89185028885772
581.6258233940346,405.8149200534426,315.3294456227709,565.4684661902613,693.215543822302,611.1801117239836,664.0541585598743,411.6978567224493
-1.2248533794587166,-1.067731824135166,1.410905133013577,-0.5020805052306554,1.9676524042688048,3.530748693315821,4.0379983206431,2.479426828951268
143.47838490533033,-51.27038119959555,83.82629577801288,-525.8796210525472,746.9001991112128,129.57558150337383,-291.11107329268486,153.91312918005366
0.0022715279964339,-0.0008676600101773,-1354.944320854844,-5593.079633630992,14256.791200888969,-1336.052386897671,12146.823450137605,876.8968600849917
-300.6655731548355,7890.742692821719,186.10859747495653,-299.3826317836182,2987.8542333779724,-1550.7309592291977,7403.257477681112,1901.316377936631
-119.36996858556388,325.03162157428454,-724.8675530144754,-1069.2516748946214,1207.2410548086198,-522.6190278775899,-3463.0321801455475,838.108188833626
25.970425927560825,26.208947782862005,23.407141958322,27.62417688061224,28.662061182756613,18.09955073933196,29.69472022511217,19.57881801293877
70.55211360975349,56.70619961905203,36.90943606331432,32.567149579857514,37.68262734983754,52.58503881727257,70.95422522498451,62.48164827555636
614.675025123287,548.7840677739728,448.5747578151261,747.8894868200009,473.4250882792554,212.41626036165144,316.1449186358965,627.2729914118529
2.530065084433388,1.5734016568741975,1.1053777180663158,0.121767665383226,1.4535354599288206,3.6211761937927096,-0.3629040047377549,-0.2039989818794219
-886.4357923479589,740.5604446854433,-68.24652443542595,-241.2044068221932,1082.8584662234275,-128.97813652783293,-367.8530368737603,30.645270687886963
0.00136040106957,0.0019653255483483,16221.227206308296,23690.989469400185,21374.516613491185,15144.002176131318,-2330.0201681236804,376.548508509537
450.4817817763594,594.5786584570786,-1812.6364414193256,708.801490072185,1296.3878099237004,1565.8288095508135,-4065.0747826773695,358.95711112410504
-29.365201506283416,-399.1866442766592,-774.836106482614,-653.015645867922,1784.3471475178924,247.4204616155779,190.0300339370615,-239.71945074629707
19.862157690894588,31.740597831663024,27.88947022999612,23.47282803830265,28.90400131993723,29.01017221113141,22.683689111860645,14.00513746989088
37.35444662140162,58.51401420471978,41.16261517843611,40.937497362236805,81.25045277137889,67.65184542121212,65.98064376926382,52.74601552187475
347.7575290679491,540.4451760851085,651.8986953542014,789.7402338963647,491.1171361546816,661.4929467283556,751.2797502984541,429.6516415286206
1.1195026853605607,1.88522034753236,1.400333646981609,0.1303605260357956,-0.1193437735865736,2.2445231079579364,1.0469956582782374,3.8634354116154057
239.08055521342976,139.26490832355364,1613.1008166377096,1789.0683525909828,-342.7647171014163,462.2567997123094,-142.7722548418611,2438.6254183165743
0.0028170513241922,0.0028093833721814,5206.309533698554,21274.52986580136,19477.604795977422,12785.71930900934,1805.016771380612,19.312194573651816
658.4676485850719,-618.0549237373012,9906.553111018344,-2447.313594940069,-632.8368245354422,5172.381925910212,109.41217320577202,1696.112929825484
75.7196930489612,-175.53322611575555,-1748.9957681615592,6122.0713225909,-1221.5568535093826,-565.6158879808736,-274.6213046212684,-988.7527714733666
12.323477731784536,28.359137297005745,36.03402613192705,37.156113065153335,25.92095796339292,33.10187368552412,20.517451366006963,31.5178958758472
73.28805035184715,64.98937502097492,61.81550694508612,62.6615374924878,34.26145463330286,20.133120298994506,86.9441114180718,39.89185028885772
581.6258233940346,405.8149200534426,315.3294456227709,565.4684661902613,693.215543822302,611.1801117239836,664.0541585598743,411.6978567224493
-1.2248533794587166,-1.067731824135166,1.410905133013577,-0.5020805052306554,1.9676524042688048,3.530748693315821,4.0379983206431,2.479426828951268
143.47838490533033,-51.27038119959555,83.82629577801288,-525.8796210525472,746.9001991112128,129.57558150337383,-291.11107329268486,153.91312918005366
0.0022715279964339,-0.0008676600101773,-1354.944320854844,-5593.079633630992,14256.791200888969,-1336.052386897671,12146.823450137605,876.8968600849917
-300.6655731548355,7890.742692821719,186.10859747495653,-299.3826317836182,2987.8542333779724,-1550.7309592291977,7403.257477681112,1901.316377936631
-119.36996858556388,325.03162157428454,-724.8675530144754,-1069.2516748946214,1207.2410548086198,-522.6190278775899,-3463.0321801455475,838.108188833626
25.970425927560825,26.208947782862005,23.407141958322,27.62417688061224,28.662061182756613,18.09955073933196,29.69472022511217,19.57881801293877
70.55211360975349,56.70619961905203,36.90943606331432,32.567149579857514,37.68262734983754,52.58503881727257,70.95422522498451,62.48164827555636
614.675025123287,548.7840677739728,448.5747578151261,747.8894868200009,473.4250882792554,212.41626036165144,316.1449186358965,627.2729914118529
2.530065084433388,1.5734016568741975,1.1053777180663158,0.121767665383226,1.4535354599288206,3.6211761937927096,-0.3629040047377549,-0.2039989818794219
-886.4357923479589,740.5604446854433,-68.24652443542595,-241.2044068221932,1082.8584662234275,-128.97813652783293,-367.8530368737603,30.645270687886963
0.00136040106957,0.0019653255483483,16221.227206308296,23690.989469400185,21374.516613491185,15144.002176131318,-2330.0201681236804,376.548508509537
450.4817817763594,594.5786584570786,-1812.6364414193256,708.801490072185,1296.3878099237004,1565.8288095508135,-4065.0747826773695,358.95711112410504
-29.365201506283416,-399.1866442766592,-774.836106482614,-653.015645867922,1784.3471475178924,247.4204616155779,190.0300339370615,-239.71945074629707
19.862157690894588,31.740597831663024,27.88947022999612,23.47282803830265,28.90400131993723,29.01017221113141,22.683689111860645,14.00513746989088
37.35444662140162,58.51401420471978,41.16261517843611,40.937497362236805,81.25045277137889,67.65184542121212,65.98064376926382,52.74601552187475
347.7575290679491,540.4451760851085,651.8986953542014,789.7402338963647,491.1171361546816,661.4929467283556,751.2797502984541,429.6516415286206
1.1195026853605607,1.88522034753236,1.400333646981609,0.1303605260357956,-0.1193437735865736,2.2445231079579364,1.0469956582782374,3.8634354116154057
239.08055521342976,139.26490832355364,1613.1008166377096,1789.0683525909828,-342.7647171014163,462.2567997123094,-142.7722548418611,2438.6254183165743
0.0028170513241922,0.0028093833721814,5206.309533698554,21274.52986580136,19477.604795977422,12785.71930900934,1805.016771380612,19.312194573651816
658.4676485850719,-618.0549237373012,9906.553111018344,-2447.313594940069,-632.8368245354422,5172.381925910212,109.41217320577202,1696.112929825484
75.7196930489612,-175.53322611575555,-1748.9957681615592,6122.0713225909,-1221.5568535093826,-565.6158879808736,-274.6213046212684,-988.7527714733666
12.323477731784536,28.359137297005745,36.03402613192705,37.156113065153335,25.92095796339292,33.10187368552412,20.517451366006963,31.5178958758472
73.28805035184715,64.98937502097492,61.81550694508612,62.6615374924878,34.26145463330286,20.133120298994506,86.9441114180718,39.89185028885772
581.6258233940346,405.8149200534426,315.3294456227709,565.4684661902613,693.215543822302,611.1801117239836,664.0541585598743,411.6978567224493
-1.2248533794587166,-1.067731824135166,1.410905133013577,-0.5020805052306554,1.9676524042688048,3.530748693315821,4.0379983206431,2.479426828951268
143.47838490533033,-51.27038119959555,83.82629577801288,-525.8796210525472,746.9001991112128,129.57558150337383,-291.11107329268486,153.91312918005366
0.0022715279964339,-0.0008676600101773,-1354.944320854844,-5593.079633630992,14256.791200888969,-1336.052386897671,12146.823450137605,876.8968600849917
-300.6655731548355,7890.742692821719,186.10859747495653,-299.3826317836182,2987.8542333779724,-1550.7309592291977,7403.257477681112,1901.316377936631
-119.36996858556388,325.03162157428454,-724.8675530144754,-1069.2516748946214,1207.2410548086198,-522.6190278775899,-3463.0321801455475,838.108188833626
25.970425927560825,26.208947782862005,23.407141958322,27.62417688061224,28.662061182756613,18.09955073933196,29.69472022511217,19.57881801293877
70.55211360975349,56.70619961905203,36.90943606331432,32.567149579857514,37.68262734983754,52.58503881727257,70.95422522498451,62.48164827555636
614.675025123287,548.7840677739728,448.5747578151261,747.8894868200009,473.4250882792554,212.41626036165144,316.1449186358965,627.2729914118529
2.530065084433388,1.5734016568741975,1.1053777180663158,0.121767665383226,1.4535354599288206,3.6211761937927096,-0.3629040047377549,-0.2039989818794219
-886.4357923479589,740.5604446854433,-68.24652443542595,-241.2044068221932,1082.8584662234275,-128.97813652783293,-367.8530368737603,30.645270687886963
0.00136040106957,0.0019653255483483,16221.227206308296,23690.989469400185,21374.516613491185,15144.002176131318,-2330.0201681236804,376.548508509537
450.4817817763594,594.5786584570786,-1812.6364414193256,708.801490072185,1296.3878099237004,1565.8288095508135,-4065.0747826773695,358.95711112410504
-29.365201506283416,-399.1866442766592,-774.836106482614,-653.015645867922,1784.3471475178924,247.4204616155779,190.0300339370615,-239.71945074629707
19.862157690894588,31.740597831663024,27.88947022999612,23.47282803830265,28.90400131993723,29.01017221113141,22.683689111860645,14.00513746989088
37.35444662140162,58.51401420471978,41.16261517843611,40.937497362236805,81.25045277137889,67.65184542121212,65.98064376926382,52.74601552187475
347.7575290679491,540.4451760851085,651.8986953542014,789.7402338963647,491.1171361546816,661.4929467283556,751.2797502984541,429.6516415286206
1.1195026853605607,1.88522034753236,1.400333646981609,0.1303605260357956,-0.1193437735865736,2.2445231079579364,1.0469956582782374,3.8634354116154057
239.08055521342976,139.26490832355364,1613.1008166377096,1789.0683525909828,-342.7647171014163,462.2567997123094,-142.7722548418611,2438.6254183165743
0.0028170513241922,0.0028093833721814,5206.309533698554,21274.52986580136,19477.604795977422,12785.71930900934,1805.016771380612,19.312194573651816
658.4676485850719,-618.0549237373012,9906.553111018344,-2447.313594940069,-632.8368245354422,5172.381925910212,109.41217320577202,1696.112929825484
75.7196930489612,-175.53322611575555,-1748.9957681615592,6122.0713225909,-1221.5568535093826,-565.6158879808736,-274.6213046212684,-988.7527714733666
12.323477731784536,28.359137297005745,36.03402613192705,37.156113065153335,25.92095796339292,33.10187368552412,20.517451366006963,31.5178958758472
73.28805035184715,64.98937502097492,61.81550694508612,62.6615374924878,34.26145463330286,20.133120298994506,86.9441114180718,39.89185028885772
581.6258233940346,405.8149200534426,315.3294456227709,565.4684661902613,693.215543822302,611.1801117239836,664.0541585598743,411.6978567224493
-1.2248533794587166,-1.067731824135166,1.410905133013577,-0.5020805052306554,1.9676524042688048,3.530748693315821,4.0379983206431,2.479426828951268
143.47838490533033,-51.27038119959555,83.82629577801288,-525.8796210525472,746.9001991112128,129.57558150337383,-291.11107329268486,153.91312918005366
0.0022715279964339,-0.0008676600101773,-1354.944320854844,-5593.079633630992,14256.791200888969,-1336.052386897671,12146.823450137605,876.8968600849917
-300.6655731548355,7890.742692821719,186.10859747495653,-299.3826317836182,2987.8542333779724,-1550.7309592291977,7403.257477681112,1901.316377936631
-119.36996858556388,325.03162157428454,-724.8675530144754,-1069.2516748946214,1207.2410548086198,-522.6190278775899,-3463.0321801455475,838.108188833626
25.970425927560825,26.208947782862005,23.407141958322,27.62417688061224,28.662061182756613,18.09955073933196,29.69472022511217,19.57881801293877
70.55211360975349,56.70619961905203,36.90943606331432,32.567149579857514,37.68262734983754,52.58503881727257,70.95422522498451,62.48164827555636
614.675025123287,548.7840677739728,448.5747578151261,747.8894868200009,473.4250882792554,212.41626036165144,316.1449186358965,627.2729914118529
2.530065084433388,1.5734016568741975,1.1053777180663158,0.121767665383226,1.4535354599288206,3.6211761937927096,-0.3629040047377549,-0.2039989818794219
-886.4357923479589,740.5604446854433,-68.24652443542595,-241.2044068221932,1082.8584662234275,-128.97813652783293,-367.8530368737603,30.645270687886963
0.00136040106957,0.0019653255483483,16221.227206308296,23690.989469400185,21374.516613491185,15144.002176131318,-2330.0201681236804,376.548508509537
450.4817817763594,594.5786584570786,-1812.6364414193256,708.801490072185,1296.3878099237004,1565.8288095508135,-4065.0747826773695,358.95711112410504
-29.365201506283416,-399.1866442766592,-774.836106482614,-653.015645867922,1784.3471475178924,247.4204616155779,190.0300339370615,-239.71945074629707
19.862157690894588,31.740597831663024,27.88947022999612,23.47282803830265,28.90400131993723,29.01017221113141,22.683689111860645,14.00513746989088
37.35444662140162,58.51401420471978,41.16261517843611,40.937497362236805,81.25045277137889,67.65184542121212,65.98064376926382,52.74601552187475
347.7575290679491,540.4451760851085,651.8986953542014,789.7402338963647,491.1171361546816,661.4929467283556,751.2797502984541,429.6516415286206
1.1195026853605607,1.88522034753236,1.400333646981609,0.1303605260357956,-0.1193437735865736,2.2445231079579364,1.0469956582782374,3.8634354116154057
239.08055521342976,139.26490832355364,1613.1008166377096,1789.0683525909828,-342.7647171014163,462.2567997123094,-142.7722548418611,2438.6254183165743
0.0028170513241922,0.0028093833721814,5206.309533698554,21274.52986580136,19477.604795977422,12785.71930900934,1805.016771380612,19.312194573651816
658.4676485850719,-618.0549237373012,9906.553111018344,-2447.313594940069,-632.8368245354422,5172.381925910212,109.41217320577202,1696.112929825484
75.7196930489612,-175.53322611575555,-1748.9957681615592,6122.0713225909,-1221.5568535093826,-565.6158879808736,-274.6213046212684,-988.7527714733666
12.323477731784536,28.359137297005745,36.03402613192705,37.156113065153335,25.92095796339292,33.10187368552412,20.517451366006963,31.5178958758472
73.28805035184715,64.98937502097492,61.81550694508612,62.6615374924878,34.26145463330286,20.133120298994506,86.9441114180718,39.89185028885772
581.6258233940346,405.8149200534426,315.3294456227709,565.4684661902613,693.215543822302,611.1801117239836,664.0541585598743,411.6978567224493
-1.2248533794587166,-1.067731824135166,1.410905133013577,-0.5020805052306554,1.9676524042688048,3.530748693315821,4.0379983206431,2.479426828951268
143.47838490533033,-51.27038119959555,83.82629577801288,-525.8796210525472,746.9001991112128,129.57558150337383,-291.11107329268486,153.91312918005366
0.0022715279964339,-0.0008676600101773,-1354.944320854844,-5593.079633630992,14256.791200888969,-1336.052386897671,12146.823450137605,876.8968600849917
-300.6655731548355,7890.742692821719,186.10859747495653,-299.3826317836182,2987.8542333779724,-1550.7309592291977,7403.257477681112,1901.316377936631
-119.36996858556388,325.03162157428454,-724.8675530144754,-1069.2516748946214,1207.2410548086198,-522.6190278775899,-3463.0321801455475,838.108188833626
25.970425927560825,26.208947782862005,23.407141958322,27.62417688061224,28.662061182756613,18.09955073933196,29.69472022511217,19.57881801293877
70.55211360975349,56.70619961905203,36.90943606331432,32.567149579857514,37.68262734983754,52.58503881727257,70.95422522498451,62.48164827555636
614.675025123287,548.7840677739728,448.5747578151261,747.8894868200009,473.4250882792554,212.41626036165144,316.1449186358965,627.2729914118529
2.530065084433388,1.5734016568741975,1.1053777180663158,0.121767665383226,1.4535354599288206,3.6211761937927096,-0.3629040047377549,-0.2039989818794219
-886.4357923479589,740.5604446854433,-68.24652443542595,-241.2044068221932,1082.8584662234275,-128.97813652783293,-367.8530368737603,30.645270687886963
0.00136040106957,0.0019653255483483,16221.227206308296,23690.989469400185,21374.516613491185,15144.002176131318,-2330.0201681236804,376.548508509537
450.4817817763594,594.5786584570786,-1812.6364414193256,708.801490072185,1296.3878099237004,1565.8288095508135,-4065.0747826773695,358.95711112410504
-29.365201506283416,-399.1866442766592,-774.836106482614,-653.015645867922,1784.3471475178924,247.4204616155779,190.0300339370615,-239.71945074629707
19.862157690894588,31.740597831663024,27.88947022999612,23.47282803830265,28.90400131993723,29.01017221113141,22.683689111860645,14.00513746989088
37.35444662140162,58.51401420471978,41.16261517843611,40.937497362236805,81.25045277137889,67.65184542121212,65.98064376926382,52.74601552187475
347.7575290679491,540.4451760851085,651.8986953542014,789.7402338963647,491.1171361546816,661.4929467283556,751.2797502984541,429.6516415286206
1.1195026853605607,1.88522034753236,1.400333646981609,0.1303605260357956,-0.1193437735865736,2.2445231079579364,1.0469956582782374,3.8634354116154057
239.08055521342976,139.26490832355364,1613.1008166377096,1789.0683525909828,-342.7647171014163,462.2567997123094,-142.7722548418611,2438.6254183165743
0.0028170513241922,0.0028093833721814,5206.309533698554,21274.52986580136,19477.604795977422,12785.71930900934,1805.016771380612,19.312194573651816
658.4676485850719,-618.0549237373012,9906.553111018344,-2447.313594940069,-632.8368245354422,5172.381925910212,109.41217320577202,1696.112929825484
75.7196930489612,-175.53322611575555,-1748.9957681615592,6122.0713225909,-1221.5568535093826,-565.6158879808736,-274.6213046212684,-988.7527714733666
12.323477731784536,28.359137297005745,36.03402613192705,37.156113065153335,25.92095796339292,33.10187368552412,20.517451366006963,31.5178958758472
73.28805035184715,64.98937502097492,61.81550694508612,62.6615374924878,34.26145463330286,20.133120298994506,86.9441114180718,39.89185028885772
581.6258233940346,405.8149200534426,315.3294456227709,565.4684661902613,693.215543822302,611.1801117239836,664.0541585598743,411.6978567224493
-1.2248533794587166,-1.067731824135166,1.410905133013577,-0.5020805052306554,1.9676524042688048,3.530748693315821,4.0379983206431,2.479426828951268
143.47838490533033,-51.27038119959555,83.82629577801288,-525.8796210525472,746.9001991112128,129.57558150337383,-291.11107329268486,153.91312918005366
0.0022715279964339,-0.0008676600101773,-1354.944320854844,-5593.079633630992,14256.791200888969,-1336.052386897671,12146.823450137605,876.8968600849917
-300.6655731548355,7890.742692821719,186.10859747495653,-299.3826317836182,2987.8542333779724,-1550.7309592291977,7403.257477681112,1901.316377936631
-119.36996858556388,325.03162157428454,-724.8675530144754,-1069.2516748946214,1207.2410548086198,-522.6190278775899,-3463.0321801455475,838.108188833626
25.970425927560825,26.208947782862005,23.407141958322,27.62417688061224,28.662061182756613,18.09955073933196,29.69472022511217,19.57881801293877
70.55211360975349,56.70619961905203,36.90943606331432,32.567149579857514,37.68262734983754,52.58503881727257,70.95422522498451,62.48164827555636
614.675025123287,548.7840677739728,448.5747578151261,747.8894868200009,473.4250882792554,212.41626036165144,316.1449186358965,627.2729914118529
2.530065084433388,1.5734016568741975,1.1053777180663158,0.121767665383226,1.4535354599288206,3.6211761937927096,-0.3629040047377549,-0.2039989818794219
-886.4357923479589,740.5604446854433,-68.24652443542595,-241.2044068221932,1082.8584662234275,-128.97813652783293,-367.8530368737603,30.645270687886963
0.00136040106957,0.0019653255483483,16221.227206308296,23690.989469400185,21374.516613491185,15144.002176131318,-2330.0201681236804,376.548508509537
450.4817817763594,594.5786584570786,-1812.6364414193256,708.801490072185,1296.3878099237004,1565.8288095508135,-4065.0747826773695,358.95711112410504
-29.365201506283416,-399.1866442766592,-774.836106482614,-653.015645867922,1784.3471475178924,247.4204616155779,190.0300339370615,-239.71945074629707
19.862157690894588,31.740597831663024,27.88947022999612,23.47282803830265,28.90400131993723,29.01017221113141,22.683689111860645,14.00513746989088
37.35444662140162,58.51401420471978,41.16261517843611,40.937497362236805,81.25045277137889,67.65184542121212,65.98064376926382,52.74601552187475
347.7575290679491,540.4451760851085,651.8986953542014,789.7402338963647,491.1171361546816,661.4929467283556,751.2797502984541,429.6516415286206
1.1195026853605607,1.88522034753236,1.400333646981609,0.1303605260357956,-0.1193437735865736,2.2445231079579364,1.0469956582782374,3.8634354116154057
239.08055521342976,139.26490832355364,1613.1008166377096,1789.0683525909828,-342.7647171014163,462.2567997123094,-142.7722548418611,2438.6254183165743
0.0028170513241922,0.0028093833721814,5206.309533698554,21274.52986580136,19477.604795977422,12785.71930900934,1805.016771380612,19.312194573651816
658.4676485850719,-618.0549237373012,9906.553111018344,-2447.313594940069,-632.8368245354422,5172.381925910212,109.41217320577202,1696.112929825484
75.7196930489612,-175.53322611575555,-1748.9957681615592,6122.0713225909,-1221.5568535093826,-565.6158879808736,-274.6213046212684,-988.7527714733666
12.323477731784536,28.359137297005745,36.03402613192705,37.156113065153335,25.92095796339292,33.10187368552412,20.517451366006963,31.5178958758472
73.28805035184715,64.98937502097492,61.81550694508612,62.6615374924878,34.26145463330286,20.133120298994506,86.9441114180718,39.89185028885772
581.6258233940346,405.8149200534426,315.3294456227709,565.4684661902613,693.215543822302,611.1801117239836,664.0541585598743,411.6978567224493
-1.2248533794587166,-1.067731824135166,1.410905133013577,-0.5020805052306554,1.9676524042688048,3.530748693315821,4.0379983206431,2.479426828951268
143.47838490533033,-51.27038119959555,83.82629577801288,-525.8796210525472,746.9001991112128,129.57558150337383,-291.11107329268486,153.91312918005366
0.0022715279964339,-0.0008676600101773,-1354.944320854844,-5593.079633630992,14256.791200888969,-1336.052386897671,12146.823450137605,876.8968600849917
-300.6655731548355,7890.742692821719,186.10859747495653,-299.3826317836182,2987.8542333779724,-1550.7309592291977,7403.257477681112,1901.316377936631
-119.36996858556388,325.03162157428454,-724.8675530144754,-1069.2516748946214,1207.2410548086198,-522.6190278775899,-3463.0321801455475,838.108188833626
25.970425927560825,26.208947782862005,23.407141958322,27.62417688061224,28.662061182756613,18.09955073933196,29.69472022511217,19.57881801293877
70.55211360975349,56.70619961905203,36.90943606331432,32.567149579857514,37.68262734983754,52.58503881727257,70.95422522498451,62.48164827555636
614.675025123287,548.7840677739728,448.5747578151261,747.8894868200009,473.4250882792554,212.41626036165144,316.1449186358965,627.2729914118529
2.530065084433388,1.5734016568741975,1.1053777180663158,0.121767665383226,1.4535354599288206,3.6211761937927096,-0.3629040047377549,-0.2039989818794219
-886.4357923479589,740.5604446854433,-68.24652443542595,-241.2044068221932,1082.8584662234275,-128.97813652783293,-367.8530368737603,30.645270687886963
0.00136040106957,0.0019653255483483,16221.227206308296,23690.989469400185,21374.516613491185,15144.002176131318,-2330.0201681236804,376.548508509537
450.4817817763594,594.5786584570786,-1812.6364414193256,708.801490072185,1296.3878099237004,1565.8288095508135,-4065.0747826773695,358.95711112410504
-29.365201506283416,-399.1866442766592,-774.836106482614,-653.015645867922,1784.3471475178924,247.4204616155779,190.0300339370615,-239.71945074629707
19.862157690894588,31.740597831663024,27.88947022999612,23.47282803830265,28.90400131993723,29.01017221113141,22.683689111860645,14.00513746989088
37.35444662140162,58.51401420471978,41.16261517843611,40.937497362236805,81.25045277137889,67.65184542121212,65.98064376926382,52.74601552187475
347.7575290679491,540.4451760851085,651.8986953542014,789.7402338963647,491.1171361546816,661.4929467283556,751.2797502984541,429.6516415286206
1.1195026853605607,1.88522034753236,1.400333646981609,0.1303605260357956,-0.1193437735865736,2.2445231079579364,1.0469956582782374,3.8634354116154057
239.08055521342976,139.26490832355364,1613.1008166377096,1789.0683525909828,-342.7647171014163,462.2567997123094,-142.7722548418611,2438.6254183165743
0.0028170513241922,0.0028093833721814,5206.309533698554,21274.52986580136,19477.604795977422,12785.71930900934,1805.016771380612,19.312194573651816
658.4676485850719,-618.0549237373012,9906.553111018344,-2447.313594940069,-632.8368245354422,5172.381925910212,109.41217320577202,1696.112929825484
75.7196930489612,-175.53322611575555,-1748.9957681615592,6122.0713225909,-1221.5568535093826,-565.6158879808736,-274.6213046212684,-988.7527714733666
12.323477731784536,28.359137297005745,36.03402613192705,37.156113065153335,25.92095796339292,33.10187368552412,20.517451366006963,31.5178958758472
73.28805035184715,64.98937502097492,61.81550694508612,62.6615374924878,34.26145463330286,20.133120298994506,86.9441114180718,39.89185028885772
581.6258233940346,405.8149200534426,315.3294456227709,565.4684661902613,693.215543822302,611.1801117239836,664.0541585598743,411.6978567224493
-1.2248533794587166,-1.067731824135166,1.410905133013577,-0.5020805052306554,1.9676524042688048,3.530748693315821,4.0379983206431,2.479426828951268
143.47838490533033,-51.27038119959555,83.82629577801288,-525.8796210525472,746.9001991112128,129.57558150337383,-291.11107329268486,153.91312918005366
0.0022715279964339,-0.0008676600101773,-1354.944320854844,-5593.079633630992,14256.791200888969,-1336.052386897671,12146.823450137605,876.8968600849917
-300.6655731548355,7890.742692821719,186.10859747495653,-299.3826317836182,2987.8542333779724,-1550.7309592291977,7403.257477681112,1901.316377936631
-119.36996858556388,325.03162157428454,-724.8675530144754,-1069.2516748946214,1207.2410548086198,-522.6190278775899,-3463.0321801455475,838.108188833626
25.970425927560825,26.208947782862005,23.407141958322,27.62417688061224,28.662061182756613,18.09955073933196,29.69472022511217,19.57881801293877
70.55211360975349,56.70619961905203,36.90943606331432,32.567149579857514,37.68262734983754,52.58503881727257,70.95422522498451,62.48164827555636
614.675025123287,548.7840677739728,448.5747578151261,747.8894868200009,473.4250882792554,212.41626036165144,316.1449186358965,627.2729914118529
2.530065084433388,1.5734016568741975,1.1053777180663158,0.121767665383226,1.4535354599288206,3.6211761937927096,-0.3629040047377549,-0.2039989818794219
-886.4357923479589,740.5604446854433,-68.24652443542595,-241.2044068221932,1082.8584662234275,-128.97813652783293,-367.8530368737603,30.645270687886963
0.00136040106957,0.0019653255483483,16221.227206308296,23690.989469400185,21374.516613491185,15144.002176131318,-2330.0201681236804,376.548508509537
450.4817817763594,594.5786584570786,-1812.6364414193256,708.801490072185,1296.3878099237004,1565.8288095508135,-4065.0747826773695,358.95711112410504
-29.365201506283416,-399.1866442766592,-774.836106482614,-653.015645867922,1784.3471475178924,247.4204616155779,190.0300339370615,-239.71945074629707
19.862157690894588,31.740597831663024,27.88947022999612,23.47282803830265,28.90400131993723,29.01017221113141,22.683689111860645,14.00513746989088
37.35444662140162,58.51401420471978,41.16261517843611,40.937497362236805,81.25045277137889,67.65184542121212,65.98064376926382,52.74601552187475
347.7575290679491,540.4451760851085,651.8986953542014,789.7402338963647,491.1171361546816,661.4929467283556,751.2797502984541,429.6516415286206
1.1195026853605607,1.88522034753236,1.400333646981609,0.1303605260357956,-0.1193437735865736,2.2445231079579364,1.0469956582782374,3.8634354116154057
239.08055521342976,139.26490832355364,1613.1008166377096,1789.0683525909828,-342.7647171014163,462.2567997123094,-142.7722548418611,2438.6254183165743
0.0028170513241922,0.0028093833721814,5206.309533698554,21274.52986580136,19477.604795977422,12785.71930900934,1805.016771380612,19.312194573651816
658.4676485850719,-618.0549237373012,9906.553111018344,-2447.313594940069,-632.8368245354422,5172.381925910212,109.41217320577202,1696.112929825484
75.7196930489612,-175.53322611575555,-1748.9957681615592,6122.0713225909,-1221.5568535093826,-565.6158879808736,-274.6213046212684,-988.7527714733666
12.323477731784536,28.359137297005745,36.03402613192705,37.156113065153335,25.92095796339292,33.10187368552412,20.517451366006963,31.5178958758472
73.28805035184715,64.98937502097492,61.81550694508612,62.6615374924878,34.26145463330286,20.133120298994506,86.9441114180718,39.89185028885772
581.6258233940346,405.8149200534426,315.3294456227709,565.4684661902613,693.215543822302,611.1801117239836,664.0541585598743,411.6978567224493
-1.2248533794587166,-1.067731824135166,1.410905133013577,-0.5020805052306554,1.9676524042688048,3.530748693315821,4.0379983206431,2.479426828951268
143.47838490533033,-51.27038119959555,83.82629577801288,-525.8796210525472,746.9001991112128,129.57558150337383,-291.11107329268486,153.91312918005366
0.0022715279964339,-0.0008676600101773,-1354.944320854844,-5593.079633630992,14256.791200888969,-1336.052386897671,12146.823450137605,876.8968600849917
-300.6655731548355,7890.742692821719,186.10859747495653,-299.3826317836182,2987.8542333779724,-1550.7309592291977,7403.257477681112,1901.316377936631
-119.36996858556388,325.03162157428454,-724.8675530144754,-1069.2516748946214,1207.2410548086198,-522.6190278775899,-3463.0321801455475,838.108188833626
25.970425927560825,26.208947782862005,23.407141958322,27.62417688061224,28.662061182756613,18.09955073933196,29.69472022511217,19.57881801293877
70.55211360975349,56.70619961905203,36.90943606331432,32.567149579857514,37.68262734983754,52.58503881727257,70.95422522498451,62.48164827555636
614.675025123287,548.7840677739728,448.5747578151261,747.8894868200009,473.4250882792554,212.41626036165144,316.1449186358965,627.2729914118529
2.530065084433388,1.5734016568741975,1.1053777180663158,0.121767665383226,1.4535354599288206,3.6211761937927096,-0.3629040047377549,-0.2039989818794219
-886.4357923479589,740.5604446854433,-68.24652443542595,-241.2044068221932,1082.8584662234275,-128.97813652783293,-367.8530368737603,30.645270687886963
0.00136040106957,0.0019653255483483,16221.227206308296,23690.989469400185,21374.516613491185,15144.002176131318,-2330.0201681236804,376.548508509537
450.4817817763594,594.5786584570786,-1812.6364414193256,708.801490072185,1296.3878099237004,1565.8288095508135,-4065.0747826773695,358.95711112410504
-29.365201506283416,-399.1866442766592,-774.836106482614,-653.015645867922,1784.3471475178924,247.4204616155779,190.0300339370615,-239.71945074629707
19.862157690894588,31.740597831663024,27.88947022999612,23.47282803830265,28.90400131993723,29.01017221113141,22.683689111860645,14.00513746989088
37.35444662140162,58.51401420471978,41.16261517843611,40.937497362236805,81.25045277137889,67.65184542121212,65.98064376926382,52.74601552187475
347.7575290679491,540.4451760851085,651.8986953542014,789.7402338963647,491.1171361546816,661.4929467283556,751.2797502984541,429.6516415286206
1.1195026853605607,1.88522034753236,1.400333646981609,0.1303605260357956,-0.1193437735865736,2.2445231079579364,1.0469956582782374,3.8634354116154057
239.08055521342976,139.26490832355364,1613.1008166377096,1789.0683525909828,-342.7647171014163,462.2567997123094,-142.7722548418611,2438.6254183165743
0.0028170513241922,0.0028093833721814,5206.309533698554,21274.52986580136,19477.604795977422,12785.71930900934,1805.016771380612,19.312194573651816
658.4676485850719,-618.0549237373012,9906.553111018344,-2447.313594940069,-632.8368245354422,5172.381925910212,109.41217320577202,1696.112929825484
75.7196930489612,-175.53322611575555,-1748.9957681615592,6122.0713225909,-1221.5568535093826,-565.6158879808736,-274.6213046212684,-988.7527714733666
12.323477731784536,28.359137297005745,36.03402613192705,37.156113065153335,25.92095796339292,33.10187368552412,20.517451366006963,31.5178958758472
73.28805035184715,64.98937502097492,61.81550694508612,62.6615374924878,34.26145463330286,20.133120298994506,86.9441114180718,39.89185028885772
581.6258233940346,405.8149200534426,315.3294456227709,565.4684661902613,693.215543822302,611.1801117239836,664.0541585598743,411.6978567224493
-1.2248533794587166,-1.067731824135166,1.410905133013577,-0.5020805052306554,1.9676524042688048,3.530748693315821,4.0379983206431,2.479426828951268
143.47838490533033,-51.27038119959555,83.82629577801288,-525.8796210525472,746.9001991112128,129.57558150337383,-291.11107329268486,153.91312918005366
0.0022715279964339,-0.0008676600101773,-1354.944320854844,-5593.079633630992,14256.791200888969,-1336.052386897671,12146.823450137605,876.8968600849917
-300.6655731548355,7890.742692821719,186.10859747495653,-299.3826317836182,2987.8542333779724,-1550.7309592291977,7403.257477681112,1901.316377936631
-119.36996858556388,325.03162157428454,-724.8675530144754,-1069.2516748946214,1207.2410548086198,-522.6190278775899,-3463.0321801455475,838.108188833626
25.970425927560825,26.208947782862005,23.407141958322,27.62417688061224,28.662061182756613,18.09955073933196,29.69472022511217,19.57881801293877
70.55211360975349,56.70619961905203,36.90943606331432,32.567149579857514,37.68262734983754,52.58503881727257,70.95422522498451,62.48164827555636
614.675025123287,548.7840677739728,448.5747578151261,747.8894868200009,473.4250882792554,212.41626036165144,316.1449186358965,627.2729914118529
2.530065084433388,1.5734016568741975,1.1053777180663158,0.121767665383226,1.4535354599288206,3.6211761937927096,-0.3629040047377549,-0.2039989818794219
-886.4357923479589,740.5604446854433,-68.24652443542595,-241.2044068221932,1082.8584662234275,-128.97813652783293,-367.8530368737603,30.645270687886963
0.00136040106957,0.0019653255483483,16221.227206308296,23690.989469400185,21374.516613491185,15144.002176131318,-2330.0201681236804,376.548508509537
450.4817817763594,594.5786584570786,-1812.6364414193256,708.801490072185,1296.3878099237004,1565.8288095508135,-4065.0747826773695,358.95711112410504
-29.365201506283416,-399.1866442766592,-774.836106482614,-653.015645867922,1784.3471475178924,247.4204616155779,190.0300339370615,-239.71945074629707
19.862157690894588,31.740597831663024,27.88947022999612,23.47282803830265,28.90400131993723,29.01017221113141,22.683689111860645,14.00513746989088
37.35444662140162,58.51401420471978,41.16261517843611,40.937497362236805,81.25045277137889,67.65184542121212,65.98064376926382,52.74601552187475
347.7575290679491,540.4451760851085,651.8986953542014,789.7402338963647,491.1171361546816,661.4929467283556,751.2797502984541,429.6516415286206
1.1195026853605607,1.88522034753236,1.400333646981609,0.1303605260357956,-0.1193437735865736,2.2445231079579364,1.0469956582782374,3.8634354116154057
239.08055521342976,139.26490832355364,1613.1008166377096,1789.0683525909828,-342.7647171014163,462.2567997123094,-142.7722548418611,2438.6254183165743
0.0028170513241922,0.0028093833721814,5206.309533698554,21274.52986580136,19477.604795977422,12785.71930900934,1805.016771380612,19.312194573651816
658.4676485850719,-618.0549237373012,9906.553111018344,-2447.313594940069,-632.8368245354422,5172.381925910212,109.41217320577202,1696.112929825484
75.7196930489612,-175.53322611575555,-1748.9957681615592,6122.0713225909,-1221.5568535093826,-565.6158879808736,-274.6213046212684,-988.7527714733666
12.323477731784536,28.359137297005745,36.03402613192705,37.156113065153335,25.92095796339292,33.10187368552412,20.517451366006963,31.5178958758472
73.28805035184715,64.98937502097492,61.81550694508612,62.6615374924878,34.26145463330286,20.133120298994506,86.9441114180718,39.89185028885772
581.6258233940346,405.8149200534426,315.3294456227709,565.4684661902613,693.215543822302,611.1801117239836,664.0541585598743,411.6978567224493
-1.2248533794587166,-1.067731824135166,1.410905133013577,-0.5020805052306554,1.9676524042688048,3.530748693315821,4.0379983206431,2.479426828951268
143.47838490533033,-51.27038119959555,83.82629577801288,-525.8796210525472,746.9001991112128,129.57558150337383,-291.11107329268486,153.91312918005366
0.0022715279964339,-0.0008676600101773,-1354.944320854844,-5593.079633630992,14256.791200888969,-1336.052386897671,12146.823450137605,876.8968600849917
-300.6655731548355,7890.742692821719,186.10859747495653,-299.3826317836182,2987.8542333779724,-1550.7309592291977,7403.257477681112,1901.316377936631
-119.36996858556388,325.03162157428454,-724.8675530144754,-1069.2516748946214,1207.2410548086198,-522.6190278775899,-3463.0321801455475,838.108188833626
25.970425927560825,26.208947782862005,23.407141958322,27.62417688061224,28.662061182756613,18.09955073933196,29.69472022511217,19.57881801293877
70.55211360975349,56.70619961905203,36.90943606331432,32.567149579857514,37.68262734983754,52.58503881727257,70.95422522498451,62.48164827555636
614.675025123287,548.7840677739728,448.5747578151261,747.8894868200009,473.4250882792554,212.41626036165144,316.1449186358965,627.2729914118529
2.530065084433388,1.5734016568741975,1.1053777180663158,0.121767665383226,1.4535354599288206,3.6211761937927096,-0.3629040047377549,-0.2039989818794219
-886.4357923479589,740.5604446854433,-68.24652443542595,-241.2044068221932,1082.8584662234275,-128.97813652783293,-367.8530368737603,30.645270687886963
0.00136040106957,0.0019653255483483,16221.227206308296,23690.989469400185,21374.516613491185,15144.002176131318,-2330.0201681236804,376.548508509537
450.4817817763594,594.5786584570786,-1812.6364414193256,708.801490072185,1296.3878099237004,1565.8288095508135,-4065.0747826773695,358.95711112410504
-29.365201506283416,-399.1866442766592,-774.836106482614,-653.015645867922,1784.3471475178924,247.4204616155779,190.0300339370615,-239.71945074629707
19.862157690894588,31.740597831663024,27.88947022999612,23.47282803830265,28.90400131993723,29.01017221113141,22.683689111860645,14.00513746989088
37.35444662140162,58.51401420471978,41.16261517843611,40.937497362236805,81.25045277137889,67.65184542121212,65.98064376926382,52.74601552187475
347.7575290679491,540.4451760851085,651.8986953542014,789.7402338963647,491.1171361546816,661.4929467283556,751.2797502984541,429.6516415286206
1.1195026853605607,1.88522034753236,1.400333646981609,0.1303605260357956,-0.1193437735865736,2.2445231079579364,1.0469956582782374,3.8634354116154057
239.08055521342976,139.26490832355364,1613.1008166377096,1789.0683525909828,-342.7647171014163,462.2567997123094,-142.7722548418611,2438.6254183165743
0.0028170513241922,0.0028093833721814,5206.309533698554,21274.52986580136,19477.604795977422,12785.71930900934,1805.016771380612,19.312194573651816
658.4676485850719,-618.0549237373012,9906.553111018344,-2447.313594940069,-632.8368245354422,5172.381925910212,109.41217320577202,1696.112929825484
75.7196930489612,-175.53322611575555,-1748.9957681615592,6122.0713225909,-1221.5568535093826,-565.6158879808736,-274.6213046212684,-988.7527714733666
12.323477731784536,28.359137297005745,36.03402613192705,37.156113065153335,25.92095796339292,33.10187368552412,20.517451366006963,31.5178958758472
73.28805035184715,64.98937502097492,61.81550694508612,62.6615374924878,34.26145463330286,20.133120298994506,86.9441114180718,39.89185028885772
581.6258233940346,405.8149200534426,315.3294456227709,565.4684661902613,693.215543822302,611.1801117239836,664.0541585598743,411.6978567224493
-1.2248533794587166,-1.067731824135166,1.410905133013577,-0.5020805052306554,1.9676524042688048,3.530748693315821,4.0379983206431,2.479426828951268
143.47838490533033,-51.27038119959555,83.82629577801288,-525.8796210525472,746.9001991112128,129.57558150337383,-291.11107329268486,153.91312918005366
0.0022715279964339,-0.0008676600101773,-1354.944320854844,-5593.079633630992,14256.791200888969,-1336.052386897671,12146.823450137605,876.8968600849917
-300.6655731548355,7890.742692821719,186.10859747495653,-299.3826317836182,2987.8542333779724,-1550.7309592291977,7403.257477681112,1901.316377936631
-119.36996858556388,325.03162157428454,-724.8675530144754,-1069.2516748946214,1207.2410548086198,-522.6190278775899,-3463.0321801455475,838.108188833626
25.970425927560825,26.208947782862005,23.407141958322,27.62417688061224,28.662061182756613,18.09955073933196,29.69472022511217,19.57881801293877
70.55211360975349,56.70619961905203,36.90943606331432,32.567149579857514,37.68262734983754,52.58503881727257,70.95422522498451,62.48164827555636
614.675025123287,548.7840677739728,448.5747578151261,747.8894868200009,473.4250882792554,212.41626036165144,316.1449186358965,627.2729914118529
2.530065084433388,1.5734016568741975,1.1053777180663158,0.121767665383226,1.4535354599288206,3.6211761937927096,-0.3629040047377549,-0.2039989818794219
-886.4357923479589,740.5604446854433,-68.24652443542595,-241.2044068221932,1082.8584662234275,-128.97813652783293,-367.8530368737603,30.645270687886963
0.00136040106957,0.0019653255483483,16221.227206308296,23690.989469400185,21374.516613491185,15144.002176131318,-2330.0201681236804,376.548508509537
450.4817817763594,594.5786584570786,-1812.6364414193256,708.801490072185,1296.3878099237004,1565.8288095508135,-4065.0747826773695,358.95711112410504
-29.365201506283416,-399.1866442766592,-774.836106482614,-653.015645867922,1784.3471475178924,247.4204616155779,190.0300339370615,-239.71945074629707
19.862157690894588,31.740597831663024,27.88947022999612,23.47282803830265,28.90400131993723,29.01017221113141,22.683689111860645,14.00513746989088
37.35444662140162,58.51401420471978,41.16261517843611,40.937497362236805,81.25045277137889,67.65184542121212,65.98064376926382,52.74601552187475
347.7575290679491,540.4451760851085,651.8986953542014,789.7402338963647,491.1171361546816,661.4929467283556,751.2797502984541,429.6516415286206
1.1195026853605607,1.88522034753236,1.400333646981609,0.1303605260357956,-0.1193437735865736,2.2445231079579364,1.0469956582782374,3.8634354116154057
239.08055521342976,139.26490832355364,1613.1008166377096,1789.0683525909828,-342.7647171014163,462.2567997123094,-142.7722548418611,2438.6254183165743
0.0028170513241922,0.0028093833721814,5206.309533698554,21274.52986580136,19477.604795977422,12785.71930900934,1805.016771380612,19.312194573651816
658.4676485850719,-618.0549237373012,9906.553111018344,-2447.313594940069,-632.8368245354422,5172.381925910212,109.41217320577202,1696.112929825484
75.7196930489612,-175.53322611575555,-1748.9957681615592,6122.0713225909,-1221.5568535093826,-565.6158879808736,-274.6213046212684,-988.7527714733666
12.323477731784536,28.359137297005745,36.03402613192705,37.156113065153335,25.92095796339292,33.10187368552412,20.517451366006963,31.5178958758472
73.28805035184715,64.98937502097492,61.81550694508612,62.6615374924878,34.26145463330286,20.133120298994506,86.9441114180718,39.89185028885772
581.6258233940346,405.8149200534426,315.3294456227709,565.4684661902613,693.215543822302,611.1801117239836,664.0541585598743,411.6978567224493
-1.2248533794587166,-1.067731824135166,1.410905133013577,-0.5020805052306554,1.9676524042688048,3.530748693315821,4.0379983206431,2.479426828951268
143.47838490533033,-51.27038119959555,83.82629577801288,-525.8796210525472,746.9001991112128,129.57558150337383,-291.11107329268486,153.91312918005366
0.0022715279964339,-0.0008676600101773,-1354.944320854844,-5593.079633630992,14256.791200888969,-1336.052386897671,12146.823450137605,876.8968600849917
-300.6655731548355,7890.742692821719,186.10859747495653,-299.3826317836182,2987.8542333779724,-1550.7309592291977,7403.257477681112,1901.316377936631
-119.36996858556388,325.03162157428454,-724.8675530144754,-1069.2516748946214,1207.2410548086198,-522.6190278775899,-3463.0321801455475,838.108188833626
25.970425927560825,26.208947782862005,23.407141958322,27.62417688061224,28.662061182756613,18.09955073933196,29.69472022511217,19.57881801293877
70.55211360975349,56.70619961905203,36.90943606331432,32.567149579857514,37.68262734983754,52.58503881727257,70.95422522498451,62.48164827555636
614.675025123287,548.7840677739728,448.5747578151261,747.8894868200009,473.4250882792554,212.41626036165144,316.1449186358965,627.2729914118529
2.530065084433388,1.5734016568741975,1.1053777180663158,0.121767665383226,1.4535354599288206,3.6211761937927096,-0.3629040047377549,-0.2039989818794219
-886.4357923479589,740.5604446854433,-68.24652443542595,-241.2044068221932,1082.8584662234275,-128.97813652783293,-367.8530368737603,30.645270687886963
0.00136040106957,0.0019653255483483,16221.227206308296,23690.989469400185,21374.516613491185,15144.002176131318,-2330.0201681236804,376.548508509537
450.4817817763594,594.5786584570786,-1812.6364414193256,708.801490072185,1296.3878099237004,1565.8288095508135,-4065.0747826773695,358.95711112410504
-29.365201506283416,-399.1866442766592,-774.836106482614,-653.015645867922,1784.3471475178924,247.4204616155779,190.0300339370615,-239.71945074629707
19.862157690894588,31.740597831663024,27.88947022999612,23.47282803830265,28.90400131993723,29.01017221113141,22.683689111860645,14.00513746989088
37.35444662140162,58.51401420471978,41.16261517843611,40.937497362236805,81.25045277137889,67.65184542121212,65.98064376926382,52.74601552187475
347.7575290679491,540.4451760851085,651.8986953542014,789.7402338963647,491.1171361546816,661.4929467283556,751.2797502984541,429.6516415286206
1.1195026853605607,1.88522034753236,1.400333646981609,0.1303605260357956,-0.1193437735865736,2.2445231079579364,1.0469956582782374,3.8634354116154057
239.08055521342976,139.26490832355364,1613.1008166377096,1789.0683525909828,-342.7647171014163,462.2567997123094,-142.7722548418611,2438.6254183165743
0.0028170513241922,0.0028093833721814,5206.309533698554,21274.52986580136,19477.604795977422,12785.71930900934,1805.016771380612,19.312194573651816
658.4676485850719,-618.0549237373012,9906.553111018344,-2447.313594940069,-632.8368245354422,5172.381925910212,109.41217320577202,1696.112929825484
75.7196930489612,-175.53322611575555,-1748.9957681615592,6122.0713225909,-1221.5568535093826,-565.6158879808736,-274.6213046212684,-988.7527714733666
12.323477731784536,28.359137297005745,36.03402613192705,37.156113065153335,25.92095796339292,33.10187368552412,20.517451366006963,31.5178958758472
73.28805035184715,64.98937502097492,61.81550694508612,62.6615374924878,34.26145463330286,20.133120298994506,86.9441114180718,39.89185028885772
581.6258233940346,405.8149200534426,315.3294456227709,565.4684661902613,693.215543822302,611.1801117239836,664.0541585598743,411.6978567224493
-1.2248533794587166,-1.067731824135166,1.410905133013577,-0.5020805052306554,1.9676524042688048,3.530748693315821,4.0379983206431,2.479426828951268
143.47838490533033,-51.27038119959555,83.82629577801288,-525.8796210525472,746.9001991112128,129.57558150337383,-291.11107329268486,153.91312918005366
0.0022715279964339,-0.0008676600101773,-1354.944320854844,-5593.079633630992,14256.791200888969,-1336.052386897671,12146.823450137605,876.8968600849917
-300.6655731548355,7890.742692821719,186.10859747495653,-299.3826317836182,2987.8542333779724,-1550.7309592291977,7403.257477681112,1901.316377936631
-119.36996858556388,325.03162157428454,-724.8675530144754,-1069.2516748946214,1207.2410548086198,-522.6190278775899,-3463.0321801455475,838.108188833626
25.970425927560825,26.208947782862005,23.407141958322,27.62417688061224,28.662061182756613,18.09955073933196,29.69472022511217,19.57881801293877
70.55211360975349,56.70619961905203,36.90943606331432,32.567149579857514,37.68262734983754,52.58503881727257,70.95422522498451,62.48164827555636
614.675025123287,548.7840677739728,448.5747578151261,747.8894868200009,473.4250882792554,212.41626036165144,316.1449186358965,627.2729914118529
2.530065084433388,1.5734016568741975,1.1053777180663158,0.121767665383226,1.4535354599288206,3.6211761937927096,-0.3629040047377549,-0.2039989818794219
-886.4357923479589,740.5604446854433,-68.24652443542595,-241.2044068221932,1082.8584662234275,-128.97813652783293,-367.8530368737603,30.645270687886963
0.00136040106957,0.0019653255483483,16221.227206308296,23690.989469400185,21374.516613491185,15144.002176131318,-2330.0201681236804,376.548508509537
450.4817817763594,594.5786584570786,-1812.6364414193256,708.801490072185,1296.3878099237004,1565.8288095508135,-4065.0747826773695,358.95711112410504
-29.365201506283416,-399.1866442766592,-774.836106482614,-653.015645867922,1784.3471475178924,247.4204616155779,190.0300339370615,-239.71945074629707
19.862157690894588,31.740597831663024,27.88947022999612,23.47282803830265,28.90400131993723,29.01017221113141,22.683689111860645,14.00513746989088
37.35444662140162,58.51401420471978,41.16261517843611,40.937497362236805,81.25045277137889,67.65184542121212,65.98064376926382,52.74601552187475
347.7575290679491,540.4451760851085,651.8986953542014,789.7402338963647,491.1171361546816,661.4929467283556,751.2797502984541,429.6516415286206
1.1195026853605607,1.88522034753236,1.400333646981609,0.1303605260357956,-0.1193437735865736,2.2445231079579364,1.0469956582782374,3.8634354116154057
239.08055521342976,139.26490832355364,1613.1008166377096,1789.0683525909828,-342.7647171014163,462.2567997123094,-142.7722548418611,2438.6254183165743
0.0028170513241922,0.0028093833721814,5206.309533698554,21274.52986580136,19477.604795977422,12785.71930900934,1805.016771380612,19.312194573651816
658.4676485850719,-618.0549237373012,9906.553111018344,-2447.313594940069,-632.8368245354422,5172.381925910212,109.41217320577202,1696.112929825484
75.7196930489612,-175.53322611575555,-1748.9957681615592,6122.0713225909,-1221.5568535093826,-565.6158879808736,-274.6213046212684,-988.7527714733666
12.323477731784536,28.359137297005745,36.03402613192705,37.156113065153335,25.92095796339292,33.10187368552412,20.517451366006963,31.5178958758472
73.28805035184715,64.98937502097492,61.81550694508612,62.6615374924878,34.26145463330286,20.133120298994506,86.9441114180718,39.89185028885772
581.6258233940346,405.8149200534426,315.3294456227709,565.4684661902613,693.215543822302,611.1801117239836,664.0541585598743,411.6978567224493
-1.2248533794587166,-1.067731824135166,1.410905133013577,-0.5020805052306554,1.9676524042688048,3.530748693315821,4.0379983206431,2.479426828951268
143.47838490533033,-51.27038119959555,83.82629577801288,-525.8796210525472,746.9001991112128,129.57558150337383,-291.11107329268486,153.91312918005366
0.0022715279964339,-0.0008676600101773,-1354.944320854844,-5593.079633630992,14256.791200888969,-1336.052386897671,12146.823450137605,876.8968600849917
-300.6655731548355,7890.742692821719,186.10859747495653,-299.3826317836182,2987.8542333779724,-1550.7309592291977,7403.257477681112,1901.316377936631
-119.36996858556388,325.03162157428454,-724.8675530144754,-1069.2516748946214,1207.2410548086198,-522.6190278775899,-3463.0321801455475,838.108188833626
25.970425927560825,26.208947782862005,23.407141958322,27.62417688061224,28.662061182756613,18.09955073933196,29.69472022511217,19.57881801293877
70.55211360975349,56.70619961905203,36.90943606331432,32.567149579857514,37.68262734983754,52.58503881727257,70.95422522498451,62.48164827555636
614.675025123287,548.7840677739728,448.5747578151261,747.8894868200009,473.4250882792554,212.41626036165144,316.1449186358965,627.2729914118529
2.530065084433388,1.5734016568741975,1.1053777180663158,0.121767665383226,1.4535354599288206,3.6211761937927096,-0.3629040047377549,-0.2039989818794219
-886.4357923479589,740.5604446854433,-68.24652443542595,-241.2044068221932,1082.8584662234275,-128.97813652783293,-367.8530368737603,30.645270687886963
0.00136040106957,0.0019653255483483,16221.227206308296,23690.989469400185,21374.516613491185,15144.002176131318,-2330.0201681236804,376.548508509537
450.4817817763594,594.5786584570786,-1812.6364414193256,708.801490072185,1296.3878099237004,1565.8288095508135,-4065.0747826773695,358.95711112410504
-29.365201506283416,-399.1866442766592,-774.836106482614,-653.015645867922,1784.3471475178924,247.4204616155779,190.0300339370615,-239.71945074629707
19.862157690894588,31.740597831663024,27.88947022999612,23.47282803830265,28.90400131993723,29.01017221113141,22.683689111860645,14.00513746989088
37.35444662140162,58.51401420471978,41.16261517843611,40.937497362236805,81.25045277137889,67.65184542121212,65.98064376926382,52.74601552187475
347.7575290679491,540.4451760851085,651.8986953542014,789.7402338963647,491.1171361546816,661.4929467283556,751.2797502984541,429.6516415286206
1.1195026853605607,1.88522034753236,1.400333646981609,0.1303605260357956,-0.1193437735865736,2.2445231079579364,1.0469956582782374,3.8634354116154057
239.08055521342976,139.26490832355364,1613.1008166377096,1789.0683525909828,-342.7647171014163,462.2567997123094,-142.7722548418611,2438.6254183165743
0.0028170513241922,0.0028093833721814,5206.309533698554,21274.52986580136,19477.604795977422,12785.71930900934,1805.016771380612,19.312194573651816
658.4676485850719,-618.0549237373012,9906.553111018344,-2447.313594940069,-632.8368245354422,5172.381925910212,109.41217320577202,1696.112929825484
75.7196930489612,-175.53322611575555,-1748.9957681615592,6122.0713225909,-1221.5568535093826,-565.6158879808736,-274.6213046212684,-988.7527714733666
12.323477731784536,28.359137297005745,36.03402613192705,37.156113065153335,25.92095796339292,33.10187368552412,20.517451366006963,31.5178958758472
73.28805035184715,64.98937502097492,61.81550694508612,62.6615374924878,34.26145463330286,20.133120298994506,86.9441114180718,39.89185028885772
581.6258233940346,405.8149200534426,315.3294456227709,565.4684661902613,693.215543822302,611.1801117239836,664.0541585598743,411.6978567224493
-1.2248533794587166,-1.067731824135166,1.410905133013577,-0.5020805052306554,1.9676524042688048,3.530748693315821,4.0379983206431,2.479426828951268
143.47838490533033,-51.27038119959555,83.82629577801288,-525.8796210525472,746.9001991112128,129.57558150337383,-291.11107329268486,153.91312918005366
0.0022715279964339,-0.0008676600101773,-1354.944320854844,-5593.079633630992,14256.791200888969,-1336.052386897671,12146.823450137605,876.8968600849917
-300.6655731548355,7890.742692821719,186.10859747495653,-299.3826317836182,2987.8542333779724,-1550.7309592291977,7403.257477681112,1901.316377936631
-119.36996858556388,325.03162157428454,-724.8675530144754,-1069.2516748946214,1207.2410548086198,-522.6190278775899,-3463.0321801455475,838.108188833626
25.970425927560825,26.208947782862005,23.407141958322,27.62417688061224,28.662061182756613,18.09955073933196,29.69472022511217,19.57881801293877
70.55211360975349,56.70619961905203,36.90943606331432,32.567149579857514,37.68262734983754,52.58503881727257,70.95422522498451,62.48164827555636
614.675025123287,548.7840677739728,448.5747578151261,747.8894868200009,473.4250882792554,212.41626036165144,316.1449186358965,627.2729914118529
2.530065084433388,1.5734016568741975,1.1053777180663158,0.121767665383226,1.4535354599288206,3.6211761937927096,-0.3629040047377549,-0.2039989818794219
-886.4357923479589,740.5604446854433,-68.24652443542595,-241.2044068221932,1082.8584662234275,-128.97813652783293,-367.8530368737603,30.645270687886963
0.00136040106957,0.0019653255483483,16221.227206308296,23690.989469400185,21374.516613491185,15144.002176131318,-2330.0201681236804,376.548508509537
450.4817817763594,594.5786584570786,-1812.6364414193256,708.801490072185,1296.3878099237004,1565.8288095508135,-4065.0747826773695,358.95711112410504
-29.365201506283416,-399.1866442766592,-774.836106482614,-653.015645867922,1784.3471475178924,247.4204616155779,190.0300339370615,-239.71945074629707
19.862157690894588,31.740597831663024,27.88947022999612,23.47282803830265,28.90400131993723,29.01017221113141,22.683689111860645,14.00513746989088
37.35444662140162,58.51401420471978,41.16261517843611,40.937497362236805,81.25045277137889,67.65184542121212,65.98064376926382,52.74601552187475
347.7575290679491,540.4451760851085,651.8986953542014,789.7402338963647,491.1171361546816,661.4929467283556,751.2797502984541,429.6516415286206
1.1195026853605607,1.88522034753236,1.400333646981609,0.1303605260357956,-0.1193437735865736,2.2445231079579364,1.0469956582782374,3.8634354116154057
239.08055521342976,139.26490832355364,1613.1008166377096,1789.0683525909828,-342.7647171014163,462.2567997123094,-142.7722548418611,2438.6254183165743
0.0028170513241922,0.0028093833721814,5206.309533698554,21274.52986580136,19477.604795977422,12785.71930900934,1805.016771380612,19.312194573651816
658.4676485850719,-618.0549237373012,9906.553111018344,-2447.313594940069,-632.8368245354422,5172.381925910212,109.41217320577202,1696.112929825484
75.7196930489612,-175.53322611575555,-1748.9957681615592,6122.0713225909,-1221.5568535093826,-565.6158879808736,-274.6213046212684,-988.7527714733666
12.323477731784536,28.359137297005745,36.03402613192705,37.156113065153335,25.92095796339292,33.10187368552412,20.517451366006963,31.5178958758472
73.28805035184715,64.98937502097492,61.81550694508612,62.6615374924878,34.26145463330286,20.133120298994506,86.9441114180718,39.89185028885772
581.6258233940346,405.8149200534426,315.3294456227709,565.4684661902613,693.215543822302,611.1801117239836,664.0541585598743,411.6978567224493
-1.2248533794587166,-1.067731824135166,1.410905133013577,-0.5020805052306554,1.9676524042688048,3.530748693315821,4.0379983206431,2.479426828951268
143.47838490533033,-51.27038119959555,83.82629577801288,-525.8796210525472,746.9001991112128,129.57558150337383,-291.11107329268486,153.91312918005366
0.0022715279964339,-0.0008676600101773,-1354.944320854844,-5593.079633630992,14256.791200888969,-1336.052386897671,12146.823450137605,876.8968600849917
-300.6655731548355,7890.742692821719,186.10859747495653,-299.3826317836182,2987.8542333779724,-1550.7309592291977,7403.257477681112,1901.316377936631
-119.36996858556388,325.03162157428454,-724.8675530144754,-1069.2516748946214,1207.2410548086198,-522.6190278775899,-3463.0321801455475,838.108188833626
25.970425927560825,26.208947782862005,23.407141958322,27.62417688061224,28.662061182756613,18.09955073933196,29.69472022511217,19.57881801293877
70.55211360975349,56.70619961905203,36.90943606331432,32.567149579857514,37.68262734983754,52.58503881727257,70.95422522498451,62.48164827555636
614.675025123287,548.7840677739728,448.5747578151261,747.8894868200009,473.4250882792554,212.41626036165144,316.1449186358965,627.2729914118529
2.530065084433388,1.5734016568741975,1.1053777180663158,0.121767665383226,1.4535354599288206,3.6211761937927096,-0.3629040047377549,-0.2039989818794219
-886.4357923479589,740.5604446854433,-68.24652443542595,-241.2044068221932,1082.8584662234275,-128.97813652783293,-367.8530368737603,30.645270687886963
0.00136040106957,0.0019653255483483,16221.227206308296,23690.989469400185,21374.516613491185,15144.002176131318,-2330.0201681236804,376.548508509537
450.4817817763594,594.5786584570786,-1812.6364414193256,708.801490072185,1296.3878099237004,1565.8288095508135,-4065.0747826773695,358.95711112410504
-29.365201506283416,-399.1866442766592,-774.836106482614,-653.015645867922,1784.3471475178924,247.4204616155779,190.0300339370615,-239.71945074629707
19.862157690894588,31.740597831663024,27.88947022999612,23.47282803830265,28.90400131993723,29.01017221113141,22.683689111860645,14.00513746989088
37.35444662140162,58.51401420471978,41.16261517843611,40.937497362236805,81.25045277137889,67.65184542121212,65.98064376926382,52.74601552187475
347.7575290679491,540.4451760851085,651.8986953542014,789.7402338963647,491.1171361546816,661.4929467283556,751.2797502984541,429.6516415286206
1.1195026853605607,1.88522034753236,1.400333646981609,0.1303605260357956,-0.1193437735865736,2.2445231079579364,1.0469956582782374,3.8634354116154057
239.08055521342976,139.26490832355364,1613.1008166377096,1789.0683525909828,-342.7647171014163,462.2567997123094,-142.7722548418611,2438.6254183165743
0.0028170513241922,0.0028093833721814,5206.309533698554,21274.52986580136,19477.604795977422,12785.71930900934,1805.016771380612,19.312194573651816
658.4676485850719,-618.0549237373012,9906.553111018344,-2447.313594940069,-632.8368245354422,5172.381925910212,109.41217320577202,1696.112929825484
75.7196930489612,-175.53322611575555,-1748.9957681615592,6122.0713225909,-1221.5568535093826,-565.6158879808736,-274.6213046212684,-988.7527714733666
12.323477731784536,28.359137297005745,36.03402613192705,37.156113065153335,25.92095796339292,33.10187368552412,20.517451366006963,31.5178958758472
73.28805035184715,64.98937502097492,61.81550694508612,62.6615374924878,34.26145463330286,20.133120298994506,86.9441114180718,39.89185028885772
581.6258233940346,405.8149200534426,315.3294456227709,565.4684661902613,693.215543822302,611.1801117239836,664.0541585598743,411.6978567224493
-1.2248533794587166,-1.067731824135166,1.410905133013577,-0.5020805052306554,1.9676524042688048,3.530748693315821,4.0379983206431,2.479426828951268
143.47838490533033,-51.27038119959555,83.82629577801288,-525.8796210525472,746.9001991112128,129.57558150337383,-291.11107329268486,153.91312918005366
0.0022715279964339,-0.0008676600101773,-1354.944320854844,-5593.079633630992,14256.791200888969,-1336.052386897671,12146.823450137605,876.8968600849917
-300.6655731548355,7890.742692821719,186.10859747495653,-299.3826317836182,2987.8542333779724,-1550.7309592291977,7403.257477681112,1901.316377936631
-119.36996858556388,325.03162157428454,-724.8675530144754,-1069.2516748946214,1207.2410548086198,-522.6190278775899,-3463.0321801455475,838.108188833626
25.970425927560825,26.208947782862005,23.407141958322,27.62417688061224,28.662061182756613,18.09955073933196,29.69472022511217,19.57881801293877
70.55211360975349,56.70619961905203,36.90943606331432,32.567149579857514,37.68262734983754,52.58503881727257,70.95422522498451,62.48164827555636
614.675025123287,548.7840677739728,448.5747578151261,747.8894868200009,473.4250882792554,212.41626036165144,316.1449186358965,627.2729914118529
2.530065084433388,1.5734016568741975,1.1053777180663158,0.121767665383226,1.4535354599288206,3.6211761937927096,-0.3629040047377549,-0.2039989818794219
-886.4357923479589,740.5604446854433,-68.24652443542595,-241.2044068221932,1082.8584662234275,-128.97813652783293,-367.8530368737603,30.645270687886963
0.00136040106957,0.0019653255483483,16221.227206308296,23690.989469400185,21374.516613491185,15144.002176131318,-2330.0201681236804,376.548508509537
450.4817817763594,594.5786584570786,-1812.6364414193256,708.801490072185,1296.3878099237004,1565.8288095508135,-4065.0747826773695,358.95711112410504
-29.365201506283416,-399.1866442766592,-774.836106482614,-653.015645867922,1784.3471475178924,247.4204616155779,190.0300339370615,-239.71945074629707
19.862157690894588,31.740597831663024,27.88947022999612,23.47282803830265,28.90400131993723,29.01017221113141,22.683689111860645,14.00513746989088
37.35444662140162,58.51401420471978,41.16261517843611,40.937497362236805,81.25045277137889,67.65184542121212,65.98064376926382,52.74601552187475
347.7575290679491,540.4451760851085,651.8986953542014,789.7402338963647,491.1171361546816,661.4929467283556,751.2797502984541,429.6516415286206
1.1195026853605607,1.88522034753236,1.400333646981609,0.1303605260357956,-0.1193437735865736,2.2445231079579364,1.0469956582782374,3.8634354116154057
239.08055521342976,139.26490832355364,1613.1008166377096,1789.0683525909828,-342.7647171014163,462.2567997123094,-142.7722548418611,2438.6254183165743
0.0028170513241922,0.0028093833721814,5206.309533698554,21274.52986580136,19477.604795977422,12785.71930900934,1805.016771380612,19.312194573651816
658.4676485850719,-618.0549237373012,9906.553111018344,-2447.313594940069,-632.8368245354422,5172.381925910212,109.41217320577202,1696.112929825484
75.7196930489612,-175.53322611575555,-1748.9957681615592,6122.0713225909,-1221.5568535093826,-565.6158879808736,-274.6213046212684,-988.7527714733666
12.323477731784536,28.359137297005745,36.03402613192705,37.156113065153335,25.92095796339292,33.10187368552412,20.517451366006963,31.5178958758472
73.28805035184715,64.98937502097492,61.81550694508612,62.6615374924878,34.26145463330286,20.133120298994506,86.9441114180718,39.89185028885772
581.6258233940346,405.8149200534426,315.3294456227709,565.4684661902613,693.215543822302,611.1801117239836,664.0541585598743,411.6978567224493
-1.2248533794587166,-1.067731824135166,1.410905133013577,-0.5020805052306554,1.9676524042688048,3.530748693315821,4.0379983206431,2.479426828951268
143.47838490533033,-51.27038119959555,83.82629577801288,-525.8796210525472,746.9001991112128,129.57558150337383,-291.11107329268486,153.91312918005366
0.0022715279964339,-0.0008676600101773,-1354.944320854844,-5593.079633630992,14256.791200888969,-1336.052386897671,12146.823450137605,876.8968600849917
-300.6655731548355,7890.742692821719,186.10859747495653,-299.3826317836182,2987.8542333779724,-1550.7309592291977,7403.257477681112,1901.316377936631
-119.36996858556388,325.03162157428454,-724.8675530144754,-1069.2516748946214,1207.2410548086198,-522.6190278775899,-3463.0321801455475,838.108188833626
25.970425927560825,26.208947782862005,23.407141958322,27.62417688061224,28.662061182756613,18.09955073933196,29.69472022511217,19.57881801293877
70.55211360975349,56.70619961905203,36.90943606331432,32.567149579857514,37.68262734983754,52.58503881727257,70.95422522498451,62.48164827555636
614.675025123287,548.7840677739728,448.5747578151261,747.8894868200009,473.4250882792554,212.41626036165144,316.1449186358965,627.2729914118529
2.530065084433388,1.5734016568741975,1.1053777180663158,0.121767665383226,1.4535354599288206,3.6211761937927096,-0.3629040047377549,-0.2039989818794219
-886.4357923479589,740.5604446854433,-68.24652443542595,-241.2044068221932,1082.8584662234275,-128.97813652783293,-367.8530368737603,30.645270687886963
0.00136040106957,0.0019653255483483,16221.227206308296,23690.989469400185,21374.516613491185,15144.002176131318,-2330.0201681236804,376.548508509537
450.4817817763594,594.5786584570786,-1812.6364414193256,708.801490072185,1296.3878099237004,1565.8288095508135,-4065.0747826773695,358.95711112410504
-29.365201506283416,-399.1866442766592,-774.836106482614,-653.015645867922,1784.3471475178924,247.4204616155779,190.0300339370615,-239.71945074629707
19.862157690894588,31.740597831663024,27.88947022999612,23.47282803830265,28.90400131993723,29.01017221113141,22.683689111860645,14.00513746989088
37.35444662140162,58.51401420471978,41.16261517843611,40.937497362236805,81.25045277137889,67.65184542121212,65.98064376926382,52.74601552187475
347.7575290679491,540.4451760851085,651.8986953542014,789.7402338963647,491.1171361546816,661.4929467283556,751.2797502984541,429.6516415286206
1.1195026853605607,1.88522034753236,1.400333646981609,0.1303605260357956,-0.1193437735865736,2.2445231079579364,1.0469956582782374,3.8634354116154057
239.08055521342976,139.26490832355364,1613.1008166377096,1789.0683525909828,-342.7647171014163,462.2567997123094,-142.7722548418611,2438.6254183165743
0.0028170513241922,0.0028093833721814,5206.309533698554,21274.52986580136,19477.604795977422,12785.71930900934,1805.016771380612,19.312194573651816
658.4676485850719,-618.0549237373012,9906.553111018344,-2447.313594940069,-632.8368245354422,5172.381925910212,109.41217320577202,1696.112929825484
75.7196930489612,-175.53322611575555,-1748.9957681615592,6122.0713225909,-1221.5568535093826,-565.6158879808736,-274.6213046212684,-988.7527714733666
12.323477731784536,28.359137297005745,36.03402613192705,37.156113065153335,25.92095796339292,33.10187368552412,20.517451366006963,31.5178958758472
73.28805035184715,64.98937502097492,61.81550694508612,62.6615374924878,34.26145463330286,20.133120298994506,86.9441114180718,39.89185028885772
581.6258233940346,405.8149200534426,315.3294456227709,565.4684661902613,693.215543822302,611.1801117239836,664.0541585598743,411.6978567224493
-1.2248533794587166,-1.067731824135166,1.410905133013577,-0.5020805052306554,1.9676524042688048,3.530748693315821,4.0379983206431,2.479426828951268
143.47838490533033,-51.27038119959555,83.82629577801288,-525.8796210525472,746.9001991112128,129.57558150337383,-291.11107329268486,153.91312918005366
0.0022715279964339,-0.0008676600101773,-1354.944320854844,-5593.079633630992,14256.791200888969,-1336.052386897671,12146.823450137605,876.8968600849917
-300.6655731548355,7890.742692821719,186.10859747495653,-299.3826317836182,2987.8542333779724,-1550.7309592291977,7403.257477681112,1901.316377936631
-119.36996858556388,325.03162157428454,-724.8675530144754,-1069.2516748946214,1207.2410548086198,-522.6190278775899,-3463.0321801455475,838.108188833626
25.970425927560825,26.208947782862005,23.407141958322,27.62417688061224,28.662061182756613,18.09955073933196,29.69472022511217,19.57881801293877
70.55211360975349,56.70619961905203,36.90943606331432,32.567149579857514,37.68262734983754,52.58503881727257,70.95422522498451,62.48164827555636
614.675025123287,548.7840677739728,448.5747578151261,747.8894868200009,473.4250882792554,212.41626036165144,316.1449186358965,627.2729914118529
2.530065084433388,1.5734016568741975,1.1053777180663158,0.121767665383226,1.4535354599288206,3.6211761937927096,-0.3629040047377549,-0.2039989818794219
-886.4357923479589,740.5604446854433,-68.24652443542595,-241.2044068221932,1082.8584662234275,-128.97813652783293,-367.8530368737603,30.645270687886963
0.00136040106957,0.0019653255483483,16221.227206308296,23690.989469400185,21374.516613491185,15144.002176131318,-2330.0201681236804,376.548508509537
450.4817817763594,594.5786584570786,-1812.6364414193256,708.801490072185,1296.3878099237004,1565.8288095508135,-4065.0747826773695,358.95711112410504
-29.365201506283416,-399.1866442766592,-774.836106482614,-653.015645867922,1784.3471475178924,247.4204616155779,190.0300339370615,-239.71945074629707
19.862157690894588,31.740597831663024,27.88947022999612,23.47282803830265,28.90400131993723,29.01017221113141,22.683689111860645,14.00513746989088
37.35444662140162,58.51401420471978,41.16261517843611,40.937497362236805,81.25045277137889,67.65184542121212,65.98064376926382,52.74601552187475
347.7575290679491,540.4451760851085,651.8986953542014,789.7402338963647,491.1171361546816,661.4929467283556,751.2797502984541,429.6516415286206
1.1195026853605607,1.88522034753236,1.400333646981609,0.1303605260357956,-0.1193437735865736,2.2445231079579364,1.0469956582782374,3.8634354116154057
239.08055521342976,139.26490832355364,1613.1008166377096,1789.0683525909828,-342.7647171014163,462.2567997123094,-142.7722548418611,2438.6254183165743
0.0028170513241922,0.0028093833721814,5206.309533698554,21274.52986580136,19477.604795977422,12785.71930900934,1805.016771380612,19.312194573651816
658.4676485850719,-618.0549237373012,9906.553111018344,-2447.313594940069,-632.8368245354422,5172.381925910212,109.41217320577202,1696.112929825484
75.7196930489612,-175.53322611575555,-1748.9957681615592,6122.0713225909,-1221.5568535093826,-565.6158879808736,-274.6213046212684,-988.7527714733666
12.323477731784536,28.359137297005745,36.03402613192705,37.156113065153335,25.92095796339292,33.10187368552412,20.517451366006963,31.5178958758472
73.28805035184715,64.98937502097492,61.81550694508612,62.6615374924878,34.26145463330286,20.133120298994506,86.9441114180718,39.89185028885772
581.6258233940346,405.8149200534426,315.3294456227709,565.4684661902613,693.215543822302,611.1801117239836,664.0541585598743,411.6978567224493
-1.2248533794587166,-1.067731824135166,1.410905133013577,-0.5020805052306554,1.9676524042688048,3.530748693315821,4.0379983206431,2.479426828951268
143.47838490533033,-51.27038119959555,83.82629577801288,-525.8796210525472,746.9001991112128,129.57558150337383,-291.11107329268486,153.91312918005366
0.0022715279964339,-0.0008676600101773,-1354.944320854844,-5593.079633630992,14256.791200888969,-1336.052386897671,12146.823450137605,876.8968600849917
-300.6655731548355,7890.742692821719,186.10859747495653,-299.3826317836182,2987.8542333779724,-1550.7309592291977,7403.257477681112,1901.316377936631
-119.36996858556388,325.03162157428454,-724.8675530144754,-1069.2516748946214,1207.2410548086198,-522.6190278775899,-3463.0321801455475,838.108188833626
25.970425927560825,26.208947782862005,23.407141958322,27.62417688061224,28.662061182756613,18.09955073933196,29.69472022511217,19.57881801293877
70.55211360975349,56.70619961905203,36.90943606331432,32.567149579857514,37.68262734983754,52.58503881727257,70.95422522498451,62.48164827555636
614.675025123287,548.7840677739728,448.5747578151261,747.8894868200009,473.4250882792554,212.41626036165144,316.1449186358965,627.2729914118529
2.530065084433388,1.5734016568741975,1.1053777180663158,0.121767665383226,1.4535354599288206,3.6211761937927096,-0.3629040047377549,-0.2039989818794219
-886.4357923479589,740.5604446854433,-68.24652443542595,-241.2044068221932,1082.8584662234275,-128.97813652783293,-367.8530368737603,30.645270687886963
0.00136040106957,0.0019653255483483,16221.227206308296,23690.989469400185,21374.516613491185,15144.002176131318,-2330.0201681236804,376.548508509537
450.4817817763594,594.5786584570786,-1812.6364414193256,708.801490072185,1296.3878099237004,1565.8288095508135,-4065.0747826773695,358.95711112410504
-29.365201506283416,-399.1866442766592,-774.836106482614,-653.015645867922,1784.3471475178924,247.4204616155779,190.0300339370615,-239.71945074629707
19.862157690894588,31.740597831663024,27.88947022999612,23.47282803830265,28.90400131993723,29.01017221113141,22.683689111860645,14.00513746989088
37.35444662140162,58.51401420471978,41.16261517843611,40.937497362236805,81.25045277137889,67.65184542121212,65.98064376926382,52.74601552187475
347.7575290679491,540.4451760851085,651.8986953542014,789.7402338963647,491.1171361546816,661.4929467283556,751.2797502984541,429.6516415286206
1.1195026853605607,1.88522034753236,1.400333646981609,0.1303605260357956,-0.1193437735865736,2.2445231079579364,1.0469956582782374,3.8634354116154057
239.08055521342976,139.26490832355364,1613.1008166377096,1789.0683525909828,-342.7647171014163,462.2567997123094,-142.7722548418611,2438.6254183165743
0.0028170513241922,0.0028093833721814,5206.309533698554,21274.52986580136,19477.604795977422,12785.71930900934,1805.016771380612,19.312194573651816
658.4676485850719,-618.0549237373012,9906.553111018344,-2447.313594940069,-632.8368245354422,5172.381925910212,109.41217320577202,1696.112929825484
75.7196930489612,-175.53322611575555,-1748.9957681615592,6122.0713225909,-1221.5568535093826,-565.6158879808736,-274.6213046212684,-988.7527714733666
12.323477731784536,28.359137297005745,36.03402613192705,37.156113065153335,25.92095796339292,33.10187368552412,20.517451366006963,31.5178958758472
73.28805035184715,64.98937502097492,61.81550694508612,62.6615374924878,34.26145463330286,20.133120298994506,86.9441114180718,39.89185028885772
581.6258233940346,405.8149200534426,315.3294456227709,565.4684661902613,693.215543822302,611.1801117239836,664.0541585598743,411.6978567224493
-1.2248533794587166,-1.067731824135166,1.410905133013577,-0.5020805052306554,1.9676524042688048,3.530748693315821,4.0379983206431,2.479426828951268
143.47838490533033,-51.27038119959555,83.82629577801288,-525.8796210525472,746.9001991112128,129.57558150337383,-291.11107329268486,153.91312918005366
0.0022715279964339,-0.0008676600101773,-1354.944320854844,-5593.079633630992,14256.791200888969,-1336.052386897671,12146.823450137605,876.8968600849917
-300.6655731548355,7890.742692821719,186.10859747495653,-299.3826317836182,2987.8542333779724,-1550.7309592291977,7403.257477681112,1901.316377936631
-119.36996858556388,325.03162157428454,-724.8675530144754,-1069.2516748946214,1207.2410548086198,-522.6190278775899,-3463.0321801455475,838.108188833626
25.970425927560825,26.208947782862005,23.407141958322,27.62417688061224,28.662061182756613,18.09955073933196,29.69472022511217,19.57881801293877
70.55211360975349,56.70619961905203,36.90943606331432,32.567149579857514,37.68262734983754,52.58503881727257,70.95422522498451,62.48164827555636
614.675025123287,548.7840677739728,448.5747578151261,747.8894868200009,473.4250882792554,212.41626036165144,316.1449186358965,627.2729914118529
2.530065084433388,1.5734016568741975,1.1053777180663158,0.121767665383226,1.4535354599288206,3.6211761937927096,-0.3629040047377549,-0.2039989818794219
-886.4357923479589,740.5604446854433,-68.24652443542595,-241.2044068221932,1082.8584662234275,-128.97813652783293,-367.8530368737603,30.645270687886963
0.00136040106957,0.0019653255483483,16221.227206308296,23690.989469400185,21374.516613491185,15144.002176131318,-2330.0201681236804,376.548508509537
450.4817817763594,594.5786584570786,-1812.6364414193256,708.801490072185,1296.3878099237004,1565.8288095508135,-4065.0747826773695,358.95711112410504
-29.365201506283416,-399.1866442766592,-774.836106482614,-653.015645867922,1784.3471475178924,247.4204616155779,190.0300339370615,-239.71945074629707
19.862157690894588,31.740597831663024,27.88947022999612,23.47282803830265,28.90400131993723,29.01017221113141,22.683689111860645,14.00513746989088
37.35444662140162,58.51401420471978,41.16261517843611,40.937497362236805,81.25045277137889,67.65184542121212,65.98064376926382,52.74601552187475
347.7575290679491,540.4451760851085,651.8986953542014,789.7402338963647,491.1171361546816,661.4929467283556,751.2797502984541,429.6516415286206
1.1195026853605607,1.88522034753236,1.400333646981609,0.1303605260357956,-0.1193437735865736,2.2445231079579364,1.0469956582782374,3.8634354116154057
239.08055521342976,139.26490832355364,1613.1008166377096,1789.0683525909828,-342.7647171014163,462.2567997123094,-142.7722548418611,2438.6254183165743
0.0028170513241922,0.0028093833721814,5206.309533698554,21274.52986580136,19477.604795977422,12785.71930900934,1805.016771380612,19.312194573651816
658.4676485850719,-618.0549237373012,9906.553111018344,-2447.313594940069,-632.8368245354422,5172.381925910212,109.41217320577202,1696.112929825484
75.7196930489612,-175.53322611575555,-1748.9957681615592,6122.0713225909,-1221.5568535093826,-565.6158879808736,-274.6213046212684,-988.7527714733666
12.323477731784536,28.359137297005745,36.03402613192705,37.156113065153335,25.92095796339292,33.10187368552412,20.517451366006963,31.5178958758472
73.28805035184715,64.98937502097492,61.81550694508612,62.6615374924878,34.26145463330286,20.133120298994506,86.9441114180718,39.89185028885772
581.6258233940346,405.8149200534426,315.3294456227709,565.4684661902613,693.215543822302,611.1801117239836,664.0541585598743,411.6978567224493
-1.2248533794587166,-1.067731824135166,1.410905133013577,-0.5020805052306554,1.9676524042688048,3.530748693315821,4.0379983206431,2.479426828951268
143.47838490533033,-51.27038119959555,83.82629577801288,-525.8796210525472,746.9001991112128,129.57558150337383,-291.11107329268486,153.91312918005366
0.0022715279964339,-0.0008676600101773,-1354.944320854844,-5593.079633630992,14256.791200888969,-1336.052386897671,12146.823450137605,876.8968600849917
-300.6655731548355,7890.742692821719,186.10859747495653,-299.3826317836182,2987.8542333779724,-1550.7309592291977,7403.257477681112,1901.316377936631
-119.36996858556388,325.03162157428454,-724.8675530144754,-1069.2516748946214,1207.2410548086198,-522.6190278775899,-3463.0321801455475,838.108188833626
25.970425927560825,26.208947782862005,23.407141958322,27.62417688061224,28.662061182756613,18.09955073933196,29.69472022511217,19.57881801293877
70.55211360975349,56.70619961905203,36.90943606331432,32.567149579857514,37.68262734983754,52.58503881727257,70.95422522498451,62.48164827555636
614.675025123287,548.7840677739728,448.5747578151261,747.8894868200009,473.4250882792554,212.41626036165144,316.1449186358965,627.2729914118529
2.530065084433388,1.5734016568741975,1.1053777180663158,0.121767665383226,1.4535354599288206,3.6211761937927096,-0.3629040047377549,-0.2039989818794219
-886.4357923479589,740.5604446854433,-68.24652443542595,-241.2044068221932,1082.8584662234275,-128.97813652783293,-367.8530368737603,30.645270687886963
0.00136040106957,0.0019653255483483,16221.227206308296,23690.989469400185,21374.516613491185,15144.002176131318,-2330.0201681236804,376.548508509537
450.4817817763594,594.5786584570786,-1812.6364414193256,708.801490072185,1296.3878099237004,1565.8288095508135,-4065.0747826773695,358.95711112410504
-29.365201506283416,-399.1866442766592,-774.836106482614,-653.015645867922,1784.3471475178924,247.4204616155779,190.0300339370615,-239.71945074629707
19.862157690894588,31.740597831663024,27.88947022999612,23.47282803830265,28.90400131993723,29.01017221113141,22.683689111860645,14.00513746989088
37.35444662140162,58.51401420471978,41.16261517843611,40.937497362236805,81.25045277137889,67.65184542121212,65.98064376926382,52.74601552187475
347.7575290679491,540.4451760851085,651.8986953542014,789.7402338963647,491.1171361546816,661.4929467283556,751.2797502984541,429.6516415286206
1.1195026853605607,1.88522034753236,1.400333646981609,0.1303605260357956,-0.1193437735865736,2.2445231079579364,1.0469956582782374,3.8634354116154057
239.08055521342976,139.26490832355364,1613.1008166377096,1789.0683525909828,-342.7647171014163,462.2567997123094,-142.7722548418611,2438.6254183165743
0.0028170513241922,0.0028093833721814,5206.309533698554,21274.52986580136,19477.604795977422,12785.71930900934,1805.016771380612,19.312194573651816
658.4676485850719,-618.0549237373012,9906.553111018344,-2447.313594940069,-632.8368245354422,5172.381925910212,109.41217320577202,1696.112929825484
75.7196930489612,-175.53322611575555,-1748.9957681615592,6122.0713225909,-1221.5568535093826,-565.6158879808736,-274.6213046212684,-988.7527714733666
12.323477731784536,28.359137297005745,36.03402613192705,37.156113065153335,25.92095796339292,33.10187368552412,20.517451366006963,31.5178958758472
73.28805035184715,64.98937502097492,61.81550694508612,62.6615374924878,34.26145463330286,20.133120298994506,86.9441114180718,39.89185028885772
581.6258233940346,405.8149200534426,315.3294456227709,565.4684661902613,693.215543822302,611.1801117239836,664.0541585598743,411.6978567224493
-1.2248533794587166,-1.067731824135166,1.410905133013577,-0.5020805052306554,1.9676524042688048,3.530748693315821,4.0379983206431,2.479426828951268
143.47838490533033,-51.27038119959555,83.82629577801288,-525.8796210525472,746.9001991112128,129.57558150337383,-291.11107329268486,153.91312918005366
0.0022715279964339,-0.0008676600101773,-1354.944320854844,-5593.079633630992,14256.791200888969,-1336.052386897671,12146.823450137605,876.8968600849917
-300.6655731548355,7890.742692821719,186.10859747495653,-299.3826317836182,2987.8542333779724,-1550.7309592291977,7403.257477681112,1901.316377936631
-119.36996858556388,325.03162157428454,-724.8675530144754,-1069.2516748946214,1207.2410548086198,-522.6190278775899,-3463.0321801455475,838.108188833626
25.970425927560825,26.208947782862005,23.407141958322,27.62417688061224,28.662061182756613,18.09955073933196,29.69472022511217,19.57881801293877
70.55211360975349,56.70619961905203,36.90943606331432,32.567149579857514,37.68262734983754,52.58503881727257,70.95422522498451,62.48164827555636
614.675025123287,548.7840677739728,448.5747578151261,747.8894868200009,473.4250882792554,212.41626036165144,316.1449186358965,627.2729914118529
2.530065084433388,1.5734016568741975,1.1053777180663158,0.121767665383226,1.4535354599288206,3.6211761937927096,-0.3629040047377549,-0.2039989818794219
-886.4357923479589,740.5604446854433,-68.24652443542595,-241.2044068221932,1082.8584662234275,-128.97813652783293,-367.8530368737603,30.645270687886963
0.00136040106957,0.0019653255483483,16221.227206308296,23690.989469400185,21374.516613491185,15144.002176131318,-2330.0201681236804,376.548508509537
450.4817817763594,594.5786584570786,-1812.6364414193256,708.801490072185,1296.3878099237004,1565.8288095508135,-4065.0747826773695,358.95711112410504
-29.365201506283416,-399.1866442766592,-774.836106482614,-653.015645867922,1784.3471475178924,247.4204616155779,190.0300339370615,-239.71945074629707
19.862157690894588,31.740597831663024,27.88947022999612,23.47282803830265,28.90400131993723,29.01017221113141,22.683689111860645,14.00513746989088
37.35444662140162,58.51401420471978,41.16261517843611,40.937497362236805,81.25045277137889,67.65184542121212,65.98064376926382,52.74601552187475
347.7575290679491,540.4451760851085,651.8986953542014,789.7402338963647,491.1171361546816,661.4929467283556,751.2797502984541,429.6516415286206
1.1195026853605607,1.88522034753236,1.400333646981609,0.1303605260357956,-0.1193437735865736,2.2445231079579364,1.0469956582782374,3.8634354116154057
239.08055521342976,139.26490832355364,1613.1008166377096,1789.0683525909828,-342.7647171014163,462.2567997123094,-142.7722548418611,2438.6254183165743
0.0028170513241922,0.0028093833721814,5206.309533698554,21274.52986580136,19477.604795977422,12785.71930900934,1805.016771380612,19.312194573651816
658.4676485850719,-618.0549237373012,9906.553111018344,-2447.313594940069,-632.8368245354422,5172.381925910212,109.41217320577202,1696.112929825484
75.7196930489612,-175.53322611575555,-1748.9957681615592,6122.0713225909,-1221.5568535093826,-565.6158879808736,-274.6213046212684,-988.7527714733666
12.323477731784536,28.359137297005745,36.03402613192705,37.156113065153335,25.92095796339292,33.10187368552412,20.517451366006963,31.5178958758472
73.28805035184715,64.98937502097492,61.81550694508612,62.6615374924878,34.26145463330286,20.133120298994506,86.9441114180718,39.89185028885772
581.6258233940346,405.8149200534426,315.3294456227709,565.4684661902613,693.215543822302,611.1801117239836,664.0541585598743,411.6978567224493
-1.2248533794587166,-1.067731824135166,1.410905133013577,-0.5020805052306554,1.9676524042688048,3.530748693315821,4.0379983206431,2.479426828951268
143.47838490533033,-51.27038119959555,83.82629577801288,-525.8796210525472,746.9001991112128,129.57558150337383,-291.11107329268486,153.91312918005366
0.0022715279964339,-0.0008676600101773,-1354.944320854844,-5593.079633630992,14256.791200888969,-1336.052386897671,12146.823450137605,876.8968600849917
-300.6655731548355,7890.742692821719,186.10859747495653,-299.3826317836182,2987.8542333779724,-1550.7309592291977,7403.257477681112,1901.316377936631
-119.36996858556388,325.03162157428454,-724.8675530144754,-1069.2516748946214,1207.2410548086198,-522.6190278775899,-3463.0321801455475,838.108188833626
25.970425927560825,26.208947782862005,23.407141958322,27.62417688061224,28.662061182756613,18.09955073933196,29.69472022511217,19.57881801293877
70.55211360975349,56.70619961905203,36.90943606331432,32.567149579857514,37.68262734983754,52.58503881727257,70.95422522498451,62.48164827555636
614.675025123287,548.7840677739728,448.5747578151261,747.8894868200009,473.4250882792554,212.41626036165144,316.1449186358965,627.2729914118529
2.530065084433388,1.5734016568741975,1.1053777180663158,0.121767665383226,1.4535354599288206,3.6211761937927096,-0.3629040047377549,-0.2039989818794219
-886.4357923479589,740.5604446854433,-68.24652443542595,-241.2044068221932,1082.8584662234275,-128.97813652783293,-367.8530368737603,30.645270687886963
0.00136040106957,0.0019653255483483,16221.227206308296,23690.989469400185,21374.516613491185,15144.002176131318,-2330.0201681236804,376.548508509537
450.4817817763594,594.5786584570786,-1812.6364414193256,708.801490072185,1296.3878099237004,1565.8288095508135,-4065.0747826773695,358.95711112410504
-29.365201506283416,-399.1866442766592,-774.836106482614,-653.015645867922,1784.3471475178924,247.4204616155779,190.0300339370615,-239.71945074629707
19.862157690894588,31.740597831663024,27.88947022999612,23.47282803830265,28.90400131993723,29.01017221113141,22.683689111860645,14.00513746989088
37.35444662140162,58.51401420471978,41.16261517843611,40.937497362236805,81.25045277137889,67.65184542121212,65.98064376926382,52.74601552187475
347.7575290679491,540.4451760851085,651.8986953542014,789.7402338963647,491.1171361546816,661.4929467283556,751.2797502984541,429.6516415286206
1.1195026853605607,1.88522034753236,1.400333646981609,0.1303605260357956,-0.1193437735865736,2.2445231079579364,1.0469956582782374,3.8634354116154057
239.08055521342976,139.26490832355364,1613.1008166377096,1789.0683525909828,-342.7647171014163,462.2567997123094,-142.7722548418611,2438.6254183165743
0.0028170513241922,0.0028093833721814,5206.309533698554,21274.52986580136,19477.604795977422,12785.71930900934,1805.016771380612,19.312194573651816
658.4676485850719,-618.0549237373012,9906.553111018344,-2447.313594940069,-632.8368245354422,5172.381925910212,109.41217320577202,1696.112929825484
75.7196930489612,-175.53322611575555,-1748.9957681615592,6122.0713225909,-1221.5568535093826,-565.6158879808736,-274.6213046212684,-988.7527714733666
