내부온도관측치,내부습도관측치,co2관측치,ec관측치,시간당분무량,시간당백색광량,시간당적색광량,시간당청색광량
11.164811804647504,26.11716716774208,25.47665131176894,27.24464424029134,25.631318751116268,31.51053281754278,30.441126788811395,12.453268763440557
33.51763114025379,59.80513173259675,67.18781889822726,56.09802551349322,55.53475453673191,55.25639362787302,42.12232135529365,66.98710365662049
623.4403607899667,459.44358443928434,377.27425479117727,753.5126441158569,498.6794501166076,527.2205040212253,599.4972423465967,621.9762858975465
1.6048849597902066,2.69040995340575,0.1356843061404702,-0.5663525526387341,2.046015390724896,0.0482669247257165,1.602518585327818,-1.1552520140252256
301.43220614429055,340.701858177481,202.0368630066909,172.13868464213,-254.35921477329063,-119.17828382539004,1994.2571412436664,92.65438633233624
0.0004832227697213,0.0004699354851996,634.5791616948093,11656.32750701352,-15844.037619510049,14141.567583801896,9356.496152353568,5238.097116569376
277.99295278035675,170.18383596945637,1749.4033155540938,1888.672565620397,2273.2837874741995,2165.691665995896,3726.459543585812,2759.6114636410307
-180.4385623223488,332.59326500214365,-3142.49158535104,-1716.7736134850152,-1307.501336503431,1082.5742783417584,-1303.324932794633,-375.3521177485254
28.556817415490976,21.28708282248534,23.600652677289773,36.355562046983806,24.4708482491042,22.517284235089942,24.042002390947783,27.84786717326496
80.00800053340777,47.98361079488933,10.072693989217818,54.91885921776216,54.10082341399652,84.17147326886275,53.70846066132583,67.89258763953394
509.9741176489685,496.196391271924,513.7767982374952,787.4714812443631,565.7397460837647,257.938923356492,513.5076148056266,561.2455468689855
1.0356241121474412,-0.6435031900692016,2.0496327741938543,-1.3400175968033678,1.8875595802957603,2.3132129764135634,-0.4545304315020047,0.1524922605637513
207.49502011628968,316.13491311457346,-108.81095863641224,-358.2973668117023,355.6517139017733,-313.2220750015865,-84.22930967149951,286.4383646186034
0.0016518947593836,0.0007237534292414,1344.2528992468788,13842.420533400167,-7478.890799670186,18491.78431732909,-460.25713771783137,478.6583057953563
17.164807200035913,1447.8682126424596,-1079.984524988502,-1792.6313394402468,2792.9609245892934,-531.8668040715226,-1219.9887140155054,1212.5366282955329
-157.64199669067108,-130.07163506966228,-175.29185758586436,3035.231974303687,1476.6323057382365,1146.002226089262,739.3365013831154,1192.0431999886853
16.750431360399475,32.54739563587751,26.58017255394597,23.592697342294286,27.192164907017105,32.09168445457992,25.5838344912096,18.698091609269472
69.52135946779252,78.30466653797158,59.78496057744354,62.76350205234532,54.01527067790848,46.732379003976334,54.180857317388245,53.02359007031773
583.0604371843847,491.9823040891563,543.2547938832339,477.0927845400176,356.26798814401667,515.827746969826,802.573561737595,427.645087191324
2.9366446269609496,-0.6398850145877777,2.328049750710838,0.8291131986667256,1.197935043471648,1.312323140895401,0.3569409847508273,3.991559353614527
541.126428254857,267.4796905165555,-408.25613866780986,735.9361675013688,1735.078846424473,-469.48574988434166,919.705862684376,-31.150437242984964
0.0017740651878499,0.0007618954638519,1760.969807676895,21201.143199372684,13535.776206236009,4610.49562656643,1684.1000824912558,112.93804139987664
174.05946893857333,320.933460994514,3053.06566548351,-1381.3449739072184,827.7589530146938,4659.190709882062,17512.77969904679,2435.811199303765
-365.5913083552385,-480.5267994618797,-1325.9865216409462,1260.7206567146698,4213.858157354338,294.98144618754213,-1584.543329547041,-412.66727849893056
11.164811804647504,26.11716716774208,25.47665131176894,27.24464424029134,25.631318751116268,31.51053281754278,30.441126788811395,12.453268763440557
33.51763114025379,59.80513173259675,67.18781889822726,56.09802551349322,55.53475453673191,55.25639362787302,42.12232135529365,66.98710365662049
623.4403607899667,459.44358443928434,377.27425479117727,753.5126441158569,498.6794501166076,527.2205040212253,599.4972423465967,621.9762858975465
1.6048849597902066,2.69040995340575,0.1356843061404702,-0.5663525526387341,2.046015390724896,0.0482669247257165,1.602518585327818,-1.1552520140252256
301.43220614429055,340.701858177481,202.0368630066909,172.13868464213,-254.35921477329063,-119.17828382539004,1994.2571412436664,92.65438633233624
0.0004832227697213,0.0004699354851996,634.5791616948093,11656.32750701352,-15844.037619510049,14141.567583801896,9356.496152353568,5238.097116569376
277.99295278035675,170.18383596945637,1749.4033155540938,1888.672565620397,2273.2837874741995,2165.691665995896,3726.459543585812,2759.6114636410307
-180.4385623223488,332.59326500214365,-3142.49158535104,-1716.7736134850152,-1307.501336503431,1082.5742783417584,-1303.324932794633,-375.3521177485254
28.556817415490976,21.28708282248534,23.600652677289773,36.355562046983806,24.4708482491042,22.517284235089942,24.042002390947783,27.84786717326496
80.00800053340777,47.98361079488933,10.072693989217818,54.91885921776216,54.10082341399652,84.17147326886275,53.70846066132583,67.89258763953394
509.9741176489685,496.196391271924,513.7767982374952,787.4714812443631,565.7397460837647,257.938923356492,513.5076148056266,561.2455468689855
1.0356241121474412,-0.6435031900692016,2.0496327741938543,-1.3400175968033678,1.8875595802957603,2.3132129764135634,-0.4545304315020047,0.1524922605637513
207.49502011628968,316.13491311457346,-108.81095863641224,-358.2973668117023,355.6517139017733,-313.2220750015865,-84.22930967149951,286.4383646186034
0.0016518947593836,0.0007237534292414,1344.2528992468788,13842.420533400167,-7478.890799670186,18491.78431732909,-460.25713771783137,478.6583057953563
17.164807200035913,1447.8682126424596,-1079.984524988502,-1792.6313394402468,2792.9609245892934,-531.8668040715226,-1219.9887140155054,1212.5366282955329
-157.64199669067108,-130.07163506966228,-175.29185758586436,3035.231974303687,1476.6323057382365,1146.002226089262,739.3365013831154,1192.0431999886853
16.750431360399475,32.54739563587751,26.58017255394597,23.592697342294286,27.192164907017105,32.09168445457992,25.5838344912096,18.698091609269472
69.52135946779252,78.30466653797158,59.78496057744354,62.76350205234532,54.01527067790848,46.732379003976334,54.180857317388245,53.02359007031773
583.0604371843847,491.9823040891563,543.2547938832339,477.0927845400176,356.26798814401667,515.827746969826,802.573561737595,427.645087191324
2.9366446269609496,-0.6398850145877777,2.328049750710838,0.8291131986667256,1.197935043471648,1.312323140895401,0.3569409847508273,3.991559353614527
541.126428254857,267.4796905165555,-408.25613866780986,735.9361675013688,1735.078846424473,-469.48574988434166,919.705862684376,-31.150437242984964
0.0017740651878499,0.0007618954638519,1760.969807676895,21201.143199372684,13535.776206236009,4610.49562656643,1684.1000824912558,112.93804139987664
174.05946893857333,320.933460994514,3053.06566548351,-1381.3449739072184,827.7589530146938,4659.190709882062,17512.77969904679,2435.811199303765
-365.5913083552385,-480.5267994618797,-1325.9865216409462,1260.7206567146698,4213.858157354338,294.98144618754213,-1584.543329547041,-412.66727849893056
11.164811804647504,26.11716716774208,25.47665131176894,27.24464424029134,25.631318751116268,31.51053281754278,30.441126788811395,12.453268763440557
33.51763114025379,59.80513173259675,67.18781889822726,56.09802551349322,55.53475453673191,55.25639362787302,42.12232135529365,66.98710365662049
623.4403607899667,459.44358443928434,377.27425479117727,753.5126441158569,498.6794501166076,527.2205040212253,599.4972423465967,621.9762858975465
1.6048849597902066,2.69040995340575,0.1356843061404702,-0.5663525526387341,2.046015390724896,0.0482669247257165,1.602518585327818,-1.1552520140252256
301.43220614429055,340.701858177481,202.0368630066909,172.13868464213,-254.35921477329063,-119.17828382539004,1994.2571412436664,92.65438633233624
0.0004832227697213,0.0004699354851996,634.5791616948093,11656.32750701352,-15844.037619510049,14141.567583801896,9356.496152353568,5238.097116569376
277.99295278035675,170.18383596945637,1749.4033155540938,1888.672565620397,2273.2837874741995,2165.691665995896,3726.459543585812,2759.6114636410307
-180.4385623223488,332.59326500214365,-3142.49158535104,-1716.7736134850152,-1307.501336503431,1082.5742783417584,-1303.324932794633,-375.3521177485254
28.556817415490976,21.28708282248534,23.600652677289773,36.355562046983806,24.4708482491042,22.517284235089942,24.042002390947783,27.84786717326496
80.00800053340777,47.98361079488933,10.072693989217818,54.91885921776216,54.10082341399652,84.17147326886275,53.70846066132583,67.89258763953394
509.9741176489685,496.196391271924,513.7767982374952,787.4714812443631,565.7397460837647,257.938923356492,513.5076148056266,561.2455468689855
1.0356241121474412,-0.6435031900692016,2.0496327741938543,-1.3400175968033678,1.8875595802957603,2.3132129764135634,-0.4545304315020047,0.1524922605637513
207.49502011628968,316.13491311457346,-108.81095863641224,-358.2973668117023,355.6517139017733,-313.2220750015865,-84.22930967149951,286.4383646186034
0.0016518947593836,0.0007237534292414,1344.2528992468788,13842.420533400167,-7478.890799670186,18491.78431732909,-460.25713771783137,478.6583057953563
17.164807200035913,1447.8682126424596,-1079.984524988502,-1792.6313394402468,2792.9609245892934,-531.8668040715226,-1219.9887140155054,1212.5366282955329
-157.64199669067108,-130.07163506966228,-175.29185758586436,3035.231974303687,1476.6323057382365,1146.002226089262,739.3365013831154,1192.0431999886853
16.750431360399475,32.54739563587751,26.58017255394597,23.592697342294286,27.192164907017105,32.09168445457992,25.5838344912096,18.698091609269472
69.52135946779252,78.30466653797158,59.78496057744354,62.76350205234532,54.01527067790848,46.732379003976334,54.180857317388245,53.02359007031773
583.0604371843847,491.9823040891563,543.2547938832339,477.0927845400176,356.26798814401667,515.827746969826,802.573561737595,427.645087191324
2.9366446269609496,-0.6398850145877777,2.328049750710838,0.8291131986667256,1.197935043471648,1.312323140895401,0.3569409847508273,3.991559353614527
541.126428254857,267.4796905165555,-408.25613866780986,735.9361675013688,1735.078846424473,-469.48574988434166,919.705862684376,-31.150437242984964
0.0017740651878499,0.0007618954638519,1760.969807676895,21201.143199372684,13535.776206236009,4610.49562656643,1684.1000824912558,112.93804139987664
174.05946893857333,320.933460994514,3053.06566548351,-1381.3449739072184,827.7589530146938,4659.190709882062,17512.77969904679,2435.811199303765
-365.5913083552385,-480.5267994618797,-1325.9865216409462,1260.7206567146698,4213.858157354338,294.98144618754213,-1584.543329547041,-412.66727849893056
11.164811804647504,26.11716716774208,25.47665131176894,27.24464424029134,25.631318751116268,31.51053281754278,30.441126788811395,12.453268763440557
33.51763114025379,59.80513173259675,67.18781889822726,56.09802551349322,55.53475453673191,55.25639362787302,42.12232135529365,66.98710365662049
623.4403607899667,459.44358443928434,377.27425479117727,753.5126441158569,498.6794501166076,527.2205040212253,599.4972423465967,621.9762858975465
1.6048849597902066,2.69040995340575,0.1356843061404702,-0.5663525526387341,2.046015390724896,0.0482669247257165,1.602518585327818,-1.1552520140252256
301.43220614429055,340.701858177481,202.0368630066909,172.13868464213,-254.35921477329063,-119.17828382539004,1994.2571412436664,92.65438633233624
0.0004832227697213,0.0004699354851996,634.5791616948093,11656.32750701352,-15844.037619510049,14141.567583801896,9356.496152353568,5238.097116569376
277.99295278035675,170.18383596945637,1749.4033155540938,1888.672565620397,2273.2837874741995,2165.691665995896,3726.459543585812,2759.6114636410307
-180.4385623223488,332.59326500214365,-3142.49158535104,-1716.7736134850152,-1307.501336503431,1082.5742783417584,-1303.324932794633,-375.3521177485254
28.556817415490976,21.28708282248534,23.600652677289773,36.355562046983806,24.4708482491042,22.517284235089942,24.042002390947783,27.84786717326496
80.00800053340777,47.98361079488933,10.072693989217818,54.91885921776216,54.10082341399652,84.17147326886275,53.70846066132583,67.89258763953394
509.9741176489685,496.196391271924,513.7767982374952,787.4714812443631,565.7397460837647,257.938923356492,513.5076148056266,561.2455468689855
1.0356241121474412,-0.6435031900692016,2.0496327741938543,-1.3400175968033678,1.8875595802957603,2.3132129764135634,-0.4545304315020047,0.1524922605637513
207.49502011628968,316.13491311457346,-108.81095863641224,-358.2973668117023,355.6517139017733,-313.2220750015865,-84.22930967149951,286.4383646186034
0.0016518947593836,0.0007237534292414,1344.2528992468788,13842.420533400167,-7478.890799670186,18491.78431732909,-460.25713771783137,478.6583057953563
17.164807200035913,1447.8682126424596,-1079.984524988502,-1792.6313394402468,2792.9609245892934,-531.8668040715226,-1219.9887140155054,1212.5366282955329
-157.64199669067108,-130.07163506966228,-175.29185758586436,3035.231974303687,1476.6323057382365,1146.002226089262,739.3365013831154,1192.0431999886853
16.750431360399475,32.54739563587751,26.58017255394597,23.592697342294286,27.192164907017105,32.09168445457992,25.5838344912096,18.698091609269472
69.52135946779252,78.30466653797158,59.78496057744354,62.76350205234532,54.01527067790848,46.732379003976334,54.180857317388245,53.02359007031773
583.0604371843847,491.9823040891563,543.2547938832339,477.0927845400176,356.26798814401667,515.827746969826,802.573561737595,427.645087191324
2.9366446269609496,-0.6398850145877777,2.328049750710838,0.8291131986667256,1.197935043471648,1.312323140895401,0.3569409847508273,3.991559353614527
541.126428254857,267.4796905165555,-408.25613866780986,735.9361675013688,1735.078846424473,-469.48574988434166,919.705862684376,-31.150437242984964
0.0017740651878499,0.0007618954638519,1760.969807676895,21201.143199372684,13535.776206236009,4610.49562656643,1684.1000824912558,112.93804139987664
174.05946893857333,320.933460994514,3053.06566548351,-1381.3449739072184,827.7589530146938,4659.190709882062,17512.77969904679,2435.811199303765
-365.5913083552385,-480.5267994618797,-1325.9865216409462,1260.7206567146698,4213.858157354338,294.98144618754213,-1584.543329547041,-412.66727849893056
11.164811804647504,26.11716716774208,25.47665131176894,27.24464424029134,25.631318751116268,31.51053281754278,30.441126788811395,12.453268763440557
33.51763114025379,59.80513173259675,67.18781889822726,56.09802551349322,55.53475453673191,55.25639362787302,42.12232135529365,66.98710365662049
623.4403607899667,459.44358443928434,377.27425479117727,753.5126441158569,498.6794501166076,527.2205040212253,599.4972423465967,621.9762858975465
1.6048849597902066,2.69040995340575,0.1356843061404702,-0.5663525526387341,2.046015390724896,0.0482669247257165,1.602518585327818,-1.1552520140252256
301.43220614429055,340.701858177481,202.0368630066909,172.13868464213,-254.35921477329063,-119.17828382539004,1994.2571412436664,92.65438633233624
0.0004832227697213,0.0004699354851996,634.5791616948093,11656.32750701352,-15844.037619510049,14141.567583801896,9356.496152353568,5238.097116569376
277.99295278035675,170.18383596945637,1749.4033155540938,1888.672565620397,2273.2837874741995,2165.691665995896,3726.459543585812,2759.6114636410307
-180.4385623223488,332.59326500214365,-3142.49158535104,-1716.7736134850152,-1307.501336503431,1082.5742783417584,-1303.324932794633,-375.3521177485254
28.556817415490976,21.28708282248534,23.600652677289773,36.355562046983806,24.4708482491042,22.517284235089942,24.042002390947783,27.84786717326496
80.00800053340777,47.98361079488933,10.072693989217818,54.91885921776216,54.10082341399652,84.17147326886275,53.70846066132583,67.89258763953394
509.9741176489685,496.196391271924,513.7767982374952,787.4714812443631,565.7397460837647,257.938923356492,513.5076148056266,561.2455468689855
1.0356241121474412,-0.6435031900692016,2.0496327741938543,-1.3400175968033678,1.8875595802957603,2.3132129764135634,-0.4545304315020047,0.1524922605637513
207.49502011628968,316.13491311457346,-108.81095863641224,-358.2973668117023,355.6517139017733,-313.2220750015865,-84.22930967149951,286.4383646186034
0.0016518947593836,0.0007237534292414,1344.2528992468788,13842.420533400167,-7478.890799670186,18491.78431732909,-460.25713771783137,478.6583057953563
17.164807200035913,1447.8682126424596,-1079.984524988502,-1792.6313394402468,2792.9609245892934,-531.8668040715226,-1219.9887140155054,1212.5366282955329
-157.64199669067108,-130.07163506966228,-175.29185758586436,3035.231974303687,1476.6323057382365,1146.002226089262,739.3365013831154,1192.0431999886853
16.750431360399475,32.54739563587751,26.58017255394597,23.592697342294286,27.192164907017105,32.09168445457992,25.5838344912096,18.698091609269472
69.52135946779252,78.30466653797158,59.78496057744354,62.76350205234532,54.01527067790848,46.732379003976334,54.180857317388245,53.02359007031773
583.0604371843847,491.9823040891563,543.2547938832339,477.0927845400176,356.26798814401667,515.827746969826,802.573561737595,427.645087191324
2.9366446269609496,-0.6398850145877777,2.328049750710838,0.8291131986667256,1.197935043471648,1.312323140895401,0.3569409847508273,3.991559353614527
541.126428254857,267.4796905165555,-408.25613866780986,735.9361675013688,1735.078846424473,-469.48574988434166,919.705862684376,-31.150437242984964
0.0017740651878499,0.0007618954638519,1760.969807676895,21201.143199372684,13535.776206236009,4610.49562656643,1684.1000824912558,112.93804139987664
174.05946893857333,320.933460994514,3053.06566548351,-1381.3449739072184,827.7589530146938,4659.190709882062,17512.77969904679,2435.811199303765
-365.5913083552385,-480.5267994618797,-1325.9865216409462,1260.7206567146698,4213.858157354338,294.98144618754213,-1584.543329547041,-412.66727849893056
11.164811804647504,26.11716716774208,25.47665131176894,27.24464424029134,25.631318751116268,31.51053281754278,30.441126788811395,12.453268763440557
33.51763114025379,59.80513173259675,67.18781889822726,56.09802551349322,55.53475453673191,55.25639362787302,42.12232135529365,66.98710365662049
623.4403607899667,459.44358443928434,377.27425479117727,753.5126441158569,498.6794501166076,527.2205040212253,599.4972423465967,621.9762858975465
1.6048849597902066,2.69040995340575,0.1356843061404702,-0.5663525526387341,2.046015390724896,0.0482669247257165,1.602518585327818,-1.1552520140252256
301.43220614429055,340.701858177481,202.0368630066909,172.13868464213,-254.35921477329063,-119.17828382539004,1994.2571412436664,92.65438633233624
0.0004832227697213,0.0004699354851996,634.5791616948093,11656.32750701352,-15844.037619510049,14141.567583801896,9356.496152353568,5238.097116569376
277.99295278035675,170.18383596945637,1749.4033155540938,1888.672565620397,2273.2837874741995,2165.691665995896,3726.459543585812,2759.6114636410307
-180.4385623223488,332.59326500214365,-3142.49158535104,-1716.7736134850152,-1307.501336503431,1082.5742783417584,-1303.324932794633,-375.3521177485254
28.556817415490976,21.28708282248534,23.600652677289773,36.355562046983806,24.4708482491042,22.517284235089942,24.042002390947783,27.84786717326496
80.00800053340777,47.98361079488933,10.072693989217818,54.91885921776216,54.10082341399652,84.17147326886275,53.70846066132583,67.89258763953394
509.9741176489685,496.196391271924,513.7767982374952,787.4714812443631,565.7397460837647,257.938923356492,513.5076148056266,561.2455468689855
1.0356241121474412,-0.6435031900692016,2.0496327741938543,-1.3400175968033678,1.8875595802957603,2.3132129764135634,-0.4545304315020047,0.1524922605637513
207.49502011628968,316.13491311457346,-108.81095863641224,-358.2973668117023,355.6517139017733,-313.2220750015865,-84.22930967149951,286.4383646186034
0.0016518947593836,0.0007237534292414,1344.2528992468788,13842.420533400167,-7478.890799670186,18491.78431732909,-460.25713771783137,478.6583057953563
17.164807200035913,1447.8682126424596,-1079.984524988502,-1792.6313394402468,2792.9609245892934,-531.8668040715226,-1219.9887140155054,1212.5366282955329
-157.64199669067108,-130.07163506966228,-175.29185758586436,3035.231974303687,1476.6323057382365,1146.002226089262,739.3365013831154,1192.0431999886853
16.750431360399475,32.54739563587751,26.58017255394597,23.592697342294286,27.192164907017105,32.09168445457992,25.5838344912096,18.698091609269472
69.52135946779252,78.30466653797158,59.78496057744354,62.76350205234532,54.01527067790848,46.732379003976334,54.180857317388245,53.02359007031773
583.0604371843847,491.9823040891563,543.2547938832339,477.0927845400176,356.26798814401667,515.827746969826,802.573561737595,427.645087191324
2.9366446269609496,-0.6398850145877777,2.328049750710838,0.8291131986667256,1.197935043471648,1.312323140895401,0.3569409847508273,3.991559353614527
541.126428254857,267.4796905165555,-408.25613866780986,735.9361675013688,1735.078846424473,-469.48574988434166,919.705862684376,-31.150437242984964
0.0017740651878499,0.0007618954638519,1760.969807676895,21201.143199372684,13535.776206236009,4610.49562656643,1684.1000824912558,112.93804139987664
174.05946893857333,320.933460994514,3053.06566548351,-1381.3449739072184,827.7589530146938,4659.190709882062,17512.77969904679,2435.811199303765
-365.5913083552385,-480.5267994618797,-1325.9865216409462,1260.7206567146698,4213.858157354338,294.98144618754213,-1584.543329547041,-412.66727849893056
11.164811804647504,26.11716716774208,25.47665131176894,27.24464424029134,25.631318751116268,31.51053281754278,30.441126788811395,12.453268763440557
33.51763114025379,59.80513173259675,67.18781889822726,56.09802551349322,55.53475453673191,55.25639362787302,42.12232135529365,66.98710365662049
623.4403607899667,459.44358443928434,377.27425479117727,753.5126441158569,498.6794501166076,527.2205040212253,599.4972423465967,621.9762858975465
1.6048849597902066,2.69040995340575,0.1356843061404702,-0.5663525526387341,2.046015390724896,0.0482669247257165,1.602518585327818,-1.1552520140252256
301.43220614429055,340.701858177481,202.0368630066909,172.13868464213,-254.35921477329063,-119.17828382539004,1994.2571412436664,92.65438633233624
0.0004832227697213,0.0004699354851996,634.5791616948093,11656.32750701352,-15844.037619510049,14141.567583801896,9356.496152353568,5238.097116569376
277.99295278035675,170.18383596945637,1749.4033155540938,1888.672565620397,2273.2837874741995,2165.691665995896,3726.459543585812,2759.6114636410307
-180.4385623223488,332.59326500214365,-3142.49158535104,-1716.7736134850152,-1307.501336503431,1082.5742783417584,-1303.324932794633,-375.3521177485254
28.556817415490976,21.28708282248534,23.600652677289773,36.355562046983806,24.4708482491042,22.517284235089942,24.042002390947783,27.84786717326496
80.00800053340777,47.98361079488933,10.072693989217818,54.91885921776216,54.10082341399652,84.17147326886275,53.70846066132583,67.89258763953394
509.9741176489685,496.196391271924,513.7767982374952,787.4714812443631,565.7397460837647,257.938923356492,513.5076148056266,561.2455468689855
1.0356241121474412,-0.6435031900692016,2.0496327741938543,-1.3400175968033678,1.8875595802957603,2.3132129764135634,-0.4545304315020047,0.1524922605637513
207.49502011628968,316.13491311457346,-108.81095863641224,-358.2973668117023,355.6517139017733,-313.2220750015865,-84.22930967149951,286.4383646186034
0.0016518947593836,0.0007237534292414,1344.2528992468788,13842.420533400167,-7478.890799670186,18491.78431732909,-460.25713771783137,478.6583057953563
17.164807200035913,1447.8682126424596,-1079.984524988502,-1792.6313394402468,2792.9609245892934,-531.8668040715226,-1219.9887140155054,1212.5366282955329
-157.64199669067108,-130.07163506966228,-175.29185758586436,3035.231974303687,1476.6323057382365,1146.002226089262,739.3365013831154,1192.0431999886853
16.750431360399475,32.54739563587751,26.58017255394597,23.592697342294286,27.192164907017105,32.09168445457992,25.5838344912096,18.698091609269472
69.52135946779252,78.30466653797158,59.78496057744354,62.76350205234532,54.01527067790848,46.732379003976334,54.180857317388245,53.02359007031773
583.0604371843847,491.9823040891563,543.2547938832339,477.0927845400176,356.26798814401667,515.827746969826,802.573561737595,427.645087191324
2.9366446269609496,-0.6398850145877777,2.328049750710838,0.8291131986667256,1.197935043471648,1.312323140895401,0.3569409847508273,3.991559353614527
541.126428254857,267.4796905165555,-408.25613866780986,735.9361675013688,1735.078846424473,-469.48574988434166,919.705862684376,-31.150437242984964
0.0017740651878499,0.0007618954638519,1760.969807676895,21201.143199372684,13535.776206236009,4610.49562656643,1684.1000824912558,112.93804139987664
174.05946893857333,320.933460994514,3053.06566548351,-1381.3449739072184,827.7589530146938,4659.190709882062,17512.77969904679,2435.811199303765
-365.5913083552385,-480.5267994618797,-1325.9865216409462,1260.7206567146698,4213.858157354338,294.98144618754213,-1584.543329547041,-412.66727849893056
11.164811804647504,26.11716716774208,25.47665131176894,27.24464424029134,25.631318751116268,31.51053281754278,30.441126788811395,12.453268763440557
33.51763114025379,59.80513173259675,67.18781889822726,56.09802551349322,55.53475453673191,55.25639362787302,42.12232135529365,66.98710365662049
623.4403607899667,459.44358443928434,377.27425479117727,753.5126441158569,498.6794501166076,527.2205040212253,599.4972423465967,621.9762858975465
1.6048849597902066,2.69040995340575,0.1356843061404702,-0.5663525526387341,2.046015390724896,0.0482669247257165,1.602518585327818,-1.1552520140252256
301.43220614429055,340.701858177481,202.0368630066909,172.13868464213,-254.35921477329063,-119.17828382539004,1994.2571412436664,92.65438633233624
0.0004832227697213,0.0004699354851996,634.5791616948093,11656.32750701352,-15844.037619510049,14141.567583801896,9356.496152353568,5238.097116569376
277.99295278035675,170.18383596945637,1749.4033155540938,1888.672565620397,2273.2837874741995,2165.691665995896,3726.459543585812,2759.6114636410307
-180.4385623223488,332.59326500214365,-3142.49158535104,-1716.7736134850152,-1307.501336503431,1082.5742783417584,-1303.324932794633,-375.3521177485254
28.556817415490976,21.28708282248534,23.600652677289773,36.355562046983806,24.4708482491042,22.517284235089942,24.042002390947783,27.84786717326496
80.00800053340777,47.98361079488933,10.072693989217818,54.91885921776216,54.10082341399652,84.17147326886275,53.70846066132583,67.89258763953394
509.9741176489685,496.196391271924,513.7767982374952,787.4714812443631,565.7397460837647,257.938923356492,513.5076148056266,561.2455468689855
1.0356241121474412,-0.6435031900692016,2.0496327741938543,-1.3400175968033678,1.8875595802957603,2.3132129764135634,-0.4545304315020047,0.1524922605637513
207.49502011628968,316.13491311457346,-108.81095863641224,-358.2973668117023,355.6517139017733,-313.2220750015865,-84.22930967149951,286.4383646186034
0.0016518947593836,0.0007237534292414,1344.2528992468788,13842.420533400167,-7478.890799670186,18491.78431732909,-460.25713771783137,478.6583057953563
17.164807200035913,1447.8682126424596,-1079.984524988502,-1792.6313394402468,2792.9609245892934,-531.8668040715226,-1219.9887140155054,1212.5366282955329
-157.64199669067108,-130.07163506966228,-175.29185758586436,3035.231974303687,1476.6323057382365,1146.002226089262,739.3365013831154,1192.0431999886853
16.750431360399475,32.54739563587751,26.58017255394597,23.592697342294286,27.192164907017105,32.09168445457992,25.5838344912096,18.698091609269472
69.52135946779252,78.30466653797158,59.78496057744354,62.76350205234532,54.01527067790848,46.732379003976334,54.180857317388245,53.02359007031773
583.0604371843847,491.9823040891563,543.2547938832339,477.0927845400176,356.26798814401667,515.827746969826,802.573561737595,427.645087191324
2.9366446269609496,-0.6398850145877777,2.328049750710838,0.8291131986667256,1.197935043471648,1.312323140895401,0.3569409847508273,3.991559353614527
541.126428254857,267.4796905165555,-408.25613866780986,735.9361675013688,1735.078846424473,-469.48574988434166,919.705862684376,-31.150437242984964
0.0017740651878499,0.0007618954638519,1760.969807676895,21201.143199372684,13535.776206236009,4610.49562656643,1684.1000824912558,112.93804139987664
174.05946893857333,320.933460994514,3053.06566548351,-1381.3449739072184,827.7589530146938,4659.190709882062,17512.77969904679,2435.811199303765
-365.5913083552385,-480.5267994618797,-1325.9865216409462,1260.7206567146698,4213.858157354338,294.98144618754213,-1584.543329547041,-412.66727849893056
11.164811804647504,26.11716716774208,25.47665131176894,27.24464424029134,25.631318751116268,31.51053281754278,30.441126788811395,12.453268763440557
33.51763114025379,59.80513173259675,67.18781889822726,56.09802551349322,55.53475453673191,55.25639362787302,42.12232135529365,66.98710365662049
623.4403607899667,459.44358443928434,377.27425479117727,753.5126441158569,498.6794501166076,527.2205040212253,599.4972423465967,621.9762858975465
1.6048849597902066,2.69040995340575,0.1356843061404702,-0.5663525526387341,2.046015390724896,0.0482669247257165,1.602518585327818,-1.1552520140252256
301.43220614429055,340.701858177481,202.0368630066909,172.13868464213,-254.35921477329063,-119.17828382539004,1994.2571412436664,92.65438633233624
0.0004832227697213,0.0004699354851996,634.5791616948093,11656.32750701352,-15844.037619510049,14141.567583801896,9356.496152353568,5238.097116569376
277.99295278035675,170.18383596945637,1749.4033155540938,1888.672565620397,2273.2837874741995,2165.691665995896,3726.459543585812,2759.6114636410307
-180.4385623223488,332.59326500214365,-3142.49158535104,-1716.7736134850152,-1307.501336503431,1082.5742783417584,-1303.324932794633,-375.3521177485254
28.556817415490976,21.28708282248534,23.600652677289773,36.355562046983806,24.4708482491042,22.517284235089942,24.042002390947783,27.84786717326496
80.00800053340777,47.98361079488933,10.072693989217818,54.91885921776216,54.10082341399652,84.17147326886275,53.70846066132583,67.89258763953394
509.9741176489685,496.196391271924,513.7767982374952,787.4714812443631,565.7397460837647,257.938923356492,513.5076148056266,561.2455468689855
1.0356241121474412,-0.6435031900692016,2.0496327741938543,-1.3400175968033678,1.8875595802957603,2.3132129764135634,-0.4545304315020047,0.1524922605637513
207.49502011628968,316.13491311457346,-108.81095863641224,-358.2973668117023,355.6517139017733,-313.2220750015865,-84.22930967149951,286.4383646186034
0.0016518947593836,0.0007237534292414,1344.2528992468788,13842.420533400167,-7478.890799670186,18491.78431732909,-460.25713771783137,478.6583057953563
17.164807200035913,1447.8682126424596,-1079.984524988502,-1792.6313394402468,2792.9609245892934,-531.8668040715226,-1219.9887140155054,1212.5366282955329
-157.64199669067108,-130.07163506966228,-175.29185758586436,3035.231974303687,1476.6323057382365,1146.002226089262,739.3365013831154,1192.0431999886853
16.750431360399475,32.54739563587751,26.58017255394597,23.592697342294286,27.192164907017105,32.09168445457992,25.5838344912096,18.698091609269472
69.52135946779252,78.30466653797158,59.78496057744354,62.76350205234532,54.01527067790848,46.732379003976334,54.180857317388245,53.02359007031773
583.0604371843847,491.9823040891563,543.2547938832339,477.0927845400176,356.26798814401667,515.827746969826,802.573561737595,427.645087191324
2.9366446269609496,-0.6398850145877777,2.328049750710838,0.8291131986667256,1.197935043471648,1.312323140895401,0.3569409847508273,3.991559353614527
541.126428254857,267.4796905165555,-408.25613866780986,735.9361675013688,1735.078846424473,-469.48574988434166,919.705862684376,-31.150437242984964
0.0017740651878499,0.0007618954638519,1760.969807676895,21201.143199372684,13535.776206236009,4610.49562656643,1684.1000824912558,112.93804139987664
174.05946893857333,320.933460994514,3053.06566548351,-1381.3449739072184,827.7589530146938,4659.190709882062,17512.77969904679,2435.811199303765
-365.5913083552385,-480.5267994618797,-1325.9865216409462,1260.7206567146698,4213.858157354338,294.98144618754213,-1584.543329547041,-412.66727849893056
11.164811804647504,26.11716716774208,25.47665131176894,27.24464424029134,25.631318751116268,31.51053281754278,30.441126788811395,12.453268763440557
33.51763114025379,59.80513173259675,67.18781889822726,56.09802551349322,55.53475453673191,55.25639362787302,42.12232135529365,66.98710365662049
623.4403607899667,459.44358443928434,377.27425479117727,753.5126441158569,498.6794501166076,527.2205040212253,599.4972423465967,621.9762858975465
1.6048849597902066,2.69040995340575,0.1356843061404702,-0.5663525526387341,2.046015390724896,0.0482669247257165,1.602518585327818,-1.1552520140252256
301.43220614429055,340.701858177481,202.0368630066909,172.13868464213,-254.35921477329063,-119.17828382539004,1994.2571412436664,92.65438633233624
0.0004832227697213,0.0004699354851996,634.5791616948093,11656.32750701352,-15844.037619510049,14141.567583801896,9356.496152353568,5238.097116569376
277.99295278035675,170.18383596945637,1749.4033155540938,1888.672565620397,2273.2837874741995,2165.691665995896,3726.459543585812,2759.6114636410307
-180.4385623223488,332.59326500214365,-3142.49158535104,-1716.7736134850152,-1307.501336503431,1082.5742783417584,-1303.324932794633,-375.3521177485254
28.556817415490976,21.28708282248534,23.600652677289773,36.355562046983806,24.4708482491042,22.517284235089942,24.042002390947783,27.84786717326496
80.00800053340777,47.98361079488933,10.072693989217818,54.91885921776216,54.10082341399652,84.17147326886275,53.70846066132583,67.89258763953394
509.9741176489685,496.196391271924,513.7767982374952,787.4714812443631,565.7397460837647,257.938923356492,513.5076148056266,561.2455468689855
1.0356241121474412,-0.6435031900692016,2.0496327741938543,-1.3400175968033678,1.8875595802957603,2.3132129764135634,-0.4545304315020047,0.1524922605637513
207.49502011628968,316.13491311457346,-108.81095863641224,-358.2973668117023,355.6517139017733,-313.2220750015865,-84.22930967149951,286.4383646186034
0.0016518947593836,0.0007237534292414,1344.2528992468788,13842.420533400167,-7478.890799670186,18491.78431732909,-460.25713771783137,478.6583057953563
17.164807200035913,1447.8682126424596,-1079.984524988502,-1792.6313394402468,2792.9609245892934,-531.8668040715226,-1219.9887140155054,1212.5366282955329
-157.64199669067108,-130.07163506966228,-175.29185758586436,3035.231974303687,1476.6323057382365,1146.002226089262,739.3365013831154,1192.0431999886853
16.750431360399475,32.54739563587751,26.58017255394597,23.592697342294286,27.192164907017105,32.09168445457992,25.5838344912096,18.698091609269472
69.52135946779252,78.30466653797158,59.78496057744354,62.76350205234532,54.01527067790848,46.732379003976334,54.180857317388245,53.02359007031773
583.0604371843847,491.9823040891563,543.2547938832339,477.0927845400176,356.26798814401667,515.827746969826,802.573561737595,427.645087191324
2.9366446269609496,-0.6398850145877777,2.328049750710838,0.8291131986667256,1.197935043471648,1.312323140895401,0.3569409847508273,3.991559353614527
541.126428254857,267.4796905165555,-408.25613866780986,735.9361675013688,1735.078846424473,-469.48574988434166,919.705862684376,-31.150437242984964
0.0017740651878499,0.0007618954638519,1760.969807676895,21201.143199372684,13535.776206236009,4610.49562656643,1684.1000824912558,112.93804139987664
174.05946893857333,320.933460994514,3053.06566548351,-1381.3449739072184,827.7589530146938,4659.190709882062,17512.77969904679,2435.811199303765
-365.5913083552385,-480.5267994618797,-1325.9865216409462,1260.7206567146698,4213.858157354338,294.98144618754213,-1584.543329547041,-412.66727849893056
11.164811804647504,26.11716716774208,25.47665131176894,27.24464424029134,25.631318751116268,31.51053281754278,30.441126788811395,12.453268763440557
33.51763114025379,59.80513173259675,67.18781889822726,56.09802551349322,55.53475453673191,55.25639362787302,42.12232135529365,66.98710365662049
623.4403607899667,459.44358443928434,377.27425479117727,753.5126441158569,498.6794501166076,527.2205040212253,599.4972423465967,621.9762858975465
1.6048849597902066,2.69040995340575,0.1356843061404702,-0.5663525526387341,2.046015390724896,0.0482669247257165,1.602518585327818,-1.1552520140252256
301.43220614429055,340.701858177481,202.0368630066909,172.13868464213,-254.35921477329063,-119.17828382539004,1994.2571412436664,92.65438633233624
0.0004832227697213,0.0004699354851996,634.5791616948093,11656.32750701352,-15844.037619510049,14141.567583801896,9356.496152353568,5238.097116569376
277.99295278035675,170.18383596945637,1749.4033155540938,1888.672565620397,2273.2837874741995,2165.691665995896,3726.459543585812,2759.6114636410307
-180.4385623223488,332.59326500214365,-3142.49158535104,-1716.7736134850152,-1307.501336503431,1082.5742783417584,-1303.324932794633,-375.3521177485254
28.556817415490976,21.28708282248534,23.600652677289773,36.355562046983806,24.4708482491042,22.517284235089942,24.042002390947783,27.84786717326496
80.00800053340777,47.98361079488933,10.072693989217818,54.91885921776216,54.10082341399652,84.17147326886275,53.70846066132583,67.89258763953394
509.9741176489685,496.196391271924,513.7767982374952,787.4714812443631,565.7397460837647,257.938923356492,513.5076148056266,561.2455468689855
1.0356241121474412,-0.6435031900692016,2.0496327741938543,-1.3400175968033678,1.8875595802957603,2.3132129764135634,-0.4545304315020047,0.1524922605637513
207.49502011628968,316.13491311457346,-108.81095863641224,-358.2973668117023,355.6517139017733,-313.2220750015865,-84.22930967149951,286.4383646186034
0.0016518947593836,0.0007237534292414,1344.2528992468788,13842.420533400167,-7478.890799670186,18491.78431732909,-460.25713771783137,478.6583057953563
17.164807200035913,1447.8682126424596,-1079.984524988502,-1792.6313394402468,2792.9609245892934,-531.8668040715226,-1219.9887140155054,1212.5366282955329
-157.64199669067108,-130.07163506966228,-175.29185758586436,3035.231974303687,1476.6323057382365,1146.002226089262,739.3365013831154,1192.0431999886853
16.750431360399475,32.54739563587751,26.58017255394597,23.592697342294286,27.192164907017105,32.09168445457992,25.5838344912096,18.698091609269472
69.52135946779252,78.30466653797158,59.78496057744354,62.76350205234532,54.01527067790848,46.732379003976334,54.180857317388245,53.02359007031773
583.0604371843847,491.9823040891563,543.2547938832339,477.0927845400176,356.26798814401667,515.827746969826,802.573561737595,427.645087191324
2.9366446269609496,-0.6398850145877777,2.328049750710838,0.8291131986667256,1.197935043471648,1.312323140895401,0.3569409847508273,3.991559353614527
541.126428254857,267.4796905165555,-408.25613866780986,735.9361675013688,1735.078846424473,-469.48574988434166,919.705862684376,-31.150437242984964
0.0017740651878499,0.0007618954638519,1760.969807676895,21201.143199372684,13535.776206236009,4610.49562656643,1684.1000824912558,112.93804139987664
174.05946893857333,320.933460994514,3053.06566548351,-1381.3449739072184,827.7589530146938,4659.190709882062,17512.77969904679,2435.811199303765
-365.5913083552385,-480.5267994618797,-1325.9865216409462,1260.7206567146698,4213.858157354338,294.98144618754213,-1584.543329547041,-412.66727849893056
11.164811804647504,26.11716716774208,25.47665131176894,27.24464424029134,25.631318751116268,31.51053281754278,30.441126788811395,12.453268763440557
33.51763114025379,59.80513173259675,67.18781889822726,56.09802551349322,55.53475453673191,55.25639362787302,42.12232135529365,66.98710365662049
623.4403607899667,459.44358443928434,377.27425479117727,753.5126441158569,498.6794501166076,527.2205040212253,599.4972423465967,621.9762858975465
1.6048849597902066,2.69040995340575,0.1356843061404702,-0.5663525526387341,2.046015390724896,0.0482669247257165,1.602518585327818,-1.1552520140252256
301.43220614429055,340.701858177481,202.0368630066909,172.13868464213,-254.35921477329063,-119.17828382539004,1994.2571412436664,92.65438633233624
0.0004832227697213,0.0004699354851996,634.5791616948093,11656.32750701352,-15844.037619510049,14141.567583801896,9356.496152353568,5238.097116569376
277.99295278035675,170.18383596945637,1749.4033155540938,1888.672565620397,2273.2837874741995,2165.691665995896,3726.459543585812,2759.6114636410307
-180.4385623223488,332.59326500214365,-3142.49158535104,-1716.7736134850152,-1307.501336503431,1082.5742783417584,-1303.324932794633,-375.3521177485254
28.556817415490976,21.28708282248534,23.600652677289773,36.355562046983806,24.4708482491042,22.517284235089942,24.042002390947783,27.84786717326496
80.00800053340777,47.98361079488933,10.072693989217818,54.91885921776216,54.10082341399652,84.17147326886275,53.70846066132583,67.89258763953394
509.9741176489685,496.196391271924,513.7767982374952,787.4714812443631,565.7397460837647,257.938923356492,513.5076148056266,561.2455468689855
1.0356241121474412,-0.6435031900692016,2.0496327741938543,-1.3400175968033678,1.8875595802957603,2.3132129764135634,-0.4545304315020047,0.1524922605637513
207.49502011628968,316.13491311457346,-108.81095863641224,-358.2973668117023,355.6517139017733,-313.2220750015865,-84.22930967149951,286.4383646186034
0.0016518947593836,0.0007237534292414,1344.2528992468788,13842.420533400167,-7478.890799670186,18491.78431732909,-460.25713771783137,478.6583057953563
17.164807200035913,1447.8682126424596,-1079.984524988502,-1792.6313394402468,2792.9609245892934,-531.8668040715226,-1219.9887140155054,1212.5366282955329
-157.64199669067108,-130.07163506966228,-175.29185758586436,3035.231974303687,1476.6323057382365,1146.002226089262,739.3365013831154,1192.0431999886853
16.750431360399475,32.54739563587751,26.58017255394597,23.592697342294286,27.192164907017105,32.09168445457992,25.5838344912096,18.698091609269472
69.52135946779252,78.30466653797158,59.78496057744354,62.76350205234532,54.01527067790848,46.732379003976334,54.180857317388245,53.02359007031773
583.0604371843847,491.9823040891563,543.2547938832339,477.0927845400176,356.26798814401667,515.827746969826,802.573561737595,427.645087191324
2.9366446269609496,-0.6398850145877777,2.328049750710838,0.8291131986667256,1.197935043471648,1.312323140895401,0.3569409847508273,3.991559353614527
541.126428254857,267.4796905165555,-408.25613866780986,735.9361675013688,1735.078846424473,-469.48574988434166,919.705862684376,-31.150437242984964
0.0017740651878499,0.0007618954638519,1760.969807676895,21201.143199372684,13535.776206236009,4610.49562656643,1684.1000824912558,112.93804139987664
174.05946893857333,320.933460994514,3053.06566548351,-1381.3449739072184,827.7589530146938,4659.190709882062,17512.77969904679,2435.811199303765
-365.5913083552385,-480.5267994618797,-1325.9865216409462,1260.7206567146698,4213.858157354338,294.98144618754213,-1584.543329547041,-412.66727849893056
11.164811804647504,26.11716716774208,25.47665131176894,27.24464424029134,25.631318751116268,31.51053281754278,30.441126788811395,12.453268763440557
33.51763114025379,59.80513173259675,67.18781889822726,56.09802551349322,55.53475453673191,55.25639362787302,42.12232135529365,66.98710365662049
623.4403607899667,459.44358443928434,377.27425479117727,753.5126441158569,498.6794501166076,527.2205040212253,599.4972423465967,621.9762858975465
1.6048849597902066,2.69040995340575,0.1356843061404702,-0.5663525526387341,2.046015390724896,0.0482669247257165,1.602518585327818,-1.1552520140252256
301.43220614429055,340.701858177481,202.0368630066909,172.13868464213,-254.35921477329063,-119.17828382539004,1994.2571412436664,92.65438633233624
0.0004832227697213,0.0004699354851996,634.5791616948093,11656.32750701352,-15844.037619510049,14141.567583801896,9356.496152353568,5238.097116569376
277.99295278035675,170.18383596945637,1749.4033155540938,1888.672565620397,2273.2837874741995,2165.691665995896,3726.459543585812,2759.6114636410307
-180.4385623223488,332.59326500214365,-3142.49158535104,-1716.7736134850152,-1307.501336503431,1082.5742783417584,-1303.324932794633,-375.3521177485254
28.556817415490976,21.28708282248534,23.600652677289773,36.355562046983806,24.4708482491042,22.517284235089942,24.042002390947783,27.84786717326496
80.00800053340777,47.98361079488933,10.072693989217818,54.91885921776216,54.10082341399652,84.17147326886275,53.70846066132583,67.89258763953394
509.9741176489685,496.196391271924,513.7767982374952,787.4714812443631,565.7397460837647,257.938923356492,513.5076148056266,561.2455468689855
1.0356241121474412,-0.6435031900692016,2.0496327741938543,-1.3400175968033678,1.8875595802957603,2.3132129764135634,-0.4545304315020047,0.1524922605637513
207.49502011628968,316.13491311457346,-108.81095863641224,-358.2973668117023,355.6517139017733,-313.2220750015865,-84.22930967149951,286.4383646186034
0.0016518947593836,0.0007237534292414,1344.2528992468788,13842.420533400167,-7478.890799670186,18491.78431732909,-460.25713771783137,478.6583057953563
17.164807200035913,1447.8682126424596,-1079.984524988502,-1792.6313394402468,2792.9609245892934,-531.8668040715226,-1219.9887140155054,1212.5366282955329
-157.64199669067108,-130.07163506966228,-175.29185758586436,3035.231974303687,1476.6323057382365,1146.002226089262,739.3365013831154,1192.0431999886853
16.750431360399475,32.54739563587751,26.58017255394597,23.592697342294286,27.192164907017105,32.09168445457992,25.5838344912096,18.698091609269472
69.52135946779252,78.30466653797158,59.78496057744354,62.76350205234532,54.01527067790848,46.732379003976334,54.180857317388245,53.02359007031773
583.0604371843847,491.9823040891563,543.2547938832339,477.0927845400176,356.26798814401667,515.827746969826,802.573561737595,427.645087191324
2.9366446269609496,-0.6398850145877777,2.328049750710838,0.8291131986667256,1.197935043471648,1.312323140895401,0.3569409847508273,3.991559353614527
541.126428254857,267.4796905165555,-408.25613866780986,735.9361675013688,1735.078846424473,-469.48574988434166,919.705862684376,-31.150437242984964
0.0017740651878499,0.0007618954638519,1760.969807676895,21201.143199372684,13535.776206236009,4610.49562656643,1684.1000824912558,112.93804139987664
174.05946893857333,320.933460994514,3053.06566548351,-1381.3449739072184,827.7589530146938,4659.190709882062,17512.77969904679,2435.811199303765
-365.5913083552385,-480.5267994618797,-1325.9865216409462,1260.7206567146698,4213.858157354338,294.98144618754213,-1584.543329547041,-412.66727849893056
11.164811804647504,26.11716716774208,25.47665131176894,27.24464424029134,25.631318751116268,31.51053281754278,30.441126788811395,12.453268763440557
33.51763114025379,59.80513173259675,67.18781889822726,56.09802551349322,55.53475453673191,55.25639362787302,42.12232135529365,66.98710365662049
623.4403607899667,459.44358443928434,377.27425479117727,753.5126441158569,498.6794501166076,527.2205040212253,599.4972423465967,621.9762858975465
1.6048849597902066,2.69040995340575,0.1356843061404702,-0.5663525526387341,2.046015390724896,0.0482669247257165,1.602518585327818,-1.1552520140252256
301.43220614429055,340.701858177481,202.0368630066909,172.13868464213,-254.35921477329063,-119.17828382539004,1994.2571412436664,92.65438633233624
0.0004832227697213,0.0004699354851996,634.5791616948093,11656.32750701352,-15844.037619510049,14141.567583801896,9356.496152353568,5238.097116569376
277.99295278035675,170.18383596945637,1749.4033155540938,1888.672565620397,2273.2837874741995,2165.691665995896,3726.459543585812,2759.6114636410307
-180.4385623223488,332.59326500214365,-3142.49158535104,-1716.7736134850152,-1307.501336503431,1082.5742783417584,-1303.324932794633,-375.3521177485254
28.556817415490976,21.28708282248534,23.600652677289773,36.355562046983806,24.4708482491042,22.517284235089942,24.042002390947783,27.84786717326496
80.00800053340777,47.98361079488933,10.072693989217818,54.91885921776216,54.10082341399652,84.17147326886275,53.70846066132583,67.89258763953394
509.9741176489685,496.196391271924,513.7767982374952,787.4714812443631,565.7397460837647,257.938923356492,513.5076148056266,561.2455468689855
1.0356241121474412,-0.6435031900692016,2.0496327741938543,-1.3400175968033678,1.8875595802957603,2.3132129764135634,-0.4545304315020047,0.1524922605637513
207.49502011628968,316.13491311457346,-108.81095863641224,-358.2973668117023,355.6517139017733,-313.2220750015865,-84.22930967149951,286.4383646186034
0.0016518947593836,0.0007237534292414,1344.2528992468788,13842.420533400167,-7478.890799670186,18491.78431732909,-460.25713771783137,478.6583057953563
17.164807200035913,1447.8682126424596,-1079.984524988502,-1792.6313394402468,2792.9609245892934,-531.8668040715226,-1219.9887140155054,1212.5366282955329
-157.64199669067108,-130.07163506966228,-175.29185758586436,3035.231974303687,1476.6323057382365,1146.002226089262,739.3365013831154,1192.0431999886853
16.750431360399475,32.54739563587751,26.58017255394597,23.592697342294286,27.192164907017105,32.09168445457992,25.5838344912096,18.698091609269472
69.52135946779252,78.30466653797158,59.78496057744354,62.76350205234532,54.01527067790848,46.732379003976334,54.180857317388245,53.02359007031773
583.0604371843847,491.9823040891563,543.2547938832339,477.0927845400176,356.26798814401667,515.827746969826,802.573561737595,427.645087191324
2.9366446269609496,-0.6398850145877777,2.328049750710838,0.8291131986667256,1.197935043471648,1.312323140895401,0.3569409847508273,3.991559353614527
541.126428254857,267.4796905165555,-408.25613866780986,735.9361675013688,1735.078846424473,-469.48574988434166,919.705862684376,-31.150437242984964
0.0017740651878499,0.0007618954638519,1760.969807676895,21201.143199372684,13535.776206236009,4610.49562656643,1684.1000824912558,112.93804139987664
174.05946893857333,320.933460994514,3053.06566548351,-1381.3449739072184,827.7589530146938,4659.190709882062,17512.77969904679,2435.811199303765
-365.5913083552385,-480.5267994618797,-1325.9865216409462,1260.7206567146698,4213.858157354338,294.98144618754213,-1584.543329547041,-412.66727849893056
11.164811804647504,26.11716716774208,25.47665131176894,27.24464424029134,25.631318751116268,31.51053281754278,30.441126788811395,12.453268763440557
33.51763114025379,59.80513173259675,67.18781889822726,56.09802551349322,55.53475453673191,55.25639362787302,42.12232135529365,66.98710365662049
623.4403607899667,459.44358443928434,377.27425479117727,753.5126441158569,498.6794501166076,527.2205040212253,599.4972423465967,621.9762858975465
1.6048849597902066,2.69040995340575,0.1356843061404702,-0.5663525526387341,2.046015390724896,0.0482669247257165,1.602518585327818,-1.1552520140252256
301.43220614429055,340.701858177481,202.0368630066909,172.13868464213,-254.35921477329063,-119.17828382539004,1994.2571412436664,92.65438633233624
0.0004832227697213,0.0004699354851996,634.5791616948093,11656.32750701352,-15844.037619510049,14141.567583801896,9356.496152353568,5238.097116569376
277.99295278035675,170.18383596945637,1749.4033155540938,1888.672565620397,2273.2837874741995,2165.691665995896,3726.459543585812,2759.6114636410307
-180.4385623223488,332.59326500214365,-3142.49158535104,-1716.7736134850152,-1307.501336503431,1082.5742783417584,-1303.324932794633,-375.3521177485254
28.556817415490976,21.28708282248534,23.600652677289773,36.355562046983806,24.4708482491042,22.517284235089942,24.042002390947783,27.84786717326496
80.00800053340777,47.98361079488933,10.072693989217818,54.91885921776216,54.10082341399652,84.17147326886275,53.70846066132583,67.89258763953394
509.9741176489685,496.196391271924,513.7767982374952,787.4714812443631,565.7397460837647,257.938923356492,513.5076148056266,561.2455468689855
1.0356241121474412,-0.6435031900692016,2.0496327741938543,-1.3400175968033678,1.8875595802957603,2.3132129764135634,-0.4545304315020047,0.1524922605637513
207.49502011628968,316.13491311457346,-108.81095863641224,-358.2973668117023,355.6517139017733,-313.2220750015865,-84.22930967149951,286.4383646186034
0.0016518947593836,0.0007237534292414,1344.2528992468788,13842.420533400167,-7478.890799670186,18491.78431732909,-460.25713771783137,478.6583057953563
17.164807200035913,1447.8682126424596,-1079.984524988502,-1792.6313394402468,2792.9609245892934,-531.8668040715226,-1219.9887140155054,1212.5366282955329
-157.64199669067108,-130.07163506966228,-175.29185758586436,3035.231974303687,1476.6323057382365,1146.002226089262,739.3365013831154,1192.0431999886853
16.750431360399475,32.54739563587751,26.58017255394597,23.592697342294286,27.192164907017105,32.09168445457992,25.5838344912096,18.698091609269472
69.52135946779252,78.30466653797158,59.78496057744354,62.76350205234532,54.01527067790848,46.732379003976334,54.180857317388245,53.02359007031773
583.0604371843847,491.9823040891563,543.2547938832339,477.0927845400176,356.26798814401667,515.827746969826,802.573561737595,427.645087191324
2.9366446269609496,-0.6398850145877777,2.328049750710838,0.8291131986667256,1.197935043471648,1.312323140895401,0.3569409847508273,3.991559353614527
541.126428254857,267.4796905165555,-408.25613866780986,735.9361675013688,1735.078846424473,-469.48574988434166,919.705862684376,-31.150437242984964
0.0017740651878499,0.0007618954638519,1760.969807676895,21201.143199372684,13535.776206236009,4610.49562656643,1684.1000824912558,112.93804139987664
174.05946893857333,320.933460994514,3053.06566548351,-1381.3449739072184,827.7589530146938,4659.190709882062,17512.77969904679,2435.811199303765
-365.5913083552385,-480.5267994618797,-1325.9865216409462,1260.7206567146698,4213.858157354338,294.98144618754213,-1584.543329547041,-412.66727849893056
11.164811804647504,26.11716716774208,25.47665131176894,27.24464424029134,25.631318751116268,31.51053281754278,30.441126788811395,12.453268763440557
33.51763114025379,59.80513173259675,67.18781889822726,56.09802551349322,55.53475453673191,55.25639362787302,42.12232135529365,66.98710365662049
623.4403607899667,459.44358443928434,377.27425479117727,753.5126441158569,498.6794501166076,527.2205040212253,599.4972423465967,621.9762858975465
1.6048849597902066,2.69040995340575,0.1356843061404702,-0.5663525526387341,2.046015390724896,0.0482669247257165,1.602518585327818,-1.1552520140252256
301.43220614429055,340.701858177481,202.0368630066909,172.13868464213,-254.35921477329063,-119.17828382539004,1994.2571412436664,92.65438633233624
0.0004832227697213,0.0004699354851996,634.5791616948093,11656.32750701352,-15844.037619510049,14141.567583801896,9356.496152353568,5238.097116569376
277.99295278035675,170.18383596945637,1749.4033155540938,1888.672565620397,2273.2837874741995,2165.691665995896,3726.459543585812,2759.6114636410307
-180.4385623223488,332.59326500214365,-3142.49158535104,-1716.7736134850152,-1307.501336503431,1082.5742783417584,-1303.324932794633,-375.3521177485254
28.556817415490976,21.28708282248534,23.600652677289773,36.355562046983806,24.4708482491042,22.517284235089942,24.042002390947783,27.84786717326496
80.00800053340777,47.98361079488933,10.072693989217818,54.91885921776216,54.10082341399652,84.17147326886275,53.70846066132583,67.89258763953394
509.9741176489685,496.196391271924,513.7767982374952,787.4714812443631,565.7397460837647,257.938923356492,513.5076148056266,561.2455468689855
1.0356241121474412,-0.6435031900692016,2.0496327741938543,-1.3400175968033678,1.8875595802957603,2.3132129764135634,-0.4545304315020047,0.1524922605637513
207.49502011628968,316.13491311457346,-108.81095863641224,-358.2973668117023,355.6517139017733,-313.2220750015865,-84.22930967149951,286.4383646186034
0.0016518947593836,0.0007237534292414,1344.2528992468788,13842.420533400167,-7478.890799670186,18491.78431732909,-460.25713771783137,478.6583057953563
17.164807200035913,1447.8682126424596,-1079.984524988502,-1792.6313394402468,2792.9609245892934,-531.8668040715226,-1219.9887140155054,1212.5366282955329
-157.64199669067108,-130.07163506966228,-175.29185758586436,3035.231974303687,1476.6323057382365,1146.002226089262,739.3365013831154,1192.0431999886853
16.750431360399475,32.54739563587751,26.58017255394597,23.592697342294286,27.192164907017105,32.09168445457992,25.5838344912096,18.698091609269472
69.52135946779252,78.30466653797158,59.78496057744354,62.76350205234532,54.01527067790848,46.732379003976334,54.180857317388245,53.02359007031773
583.0604371843847,491.9823040891563,543.2547938832339,477.0927845400176,356.26798814401667,515.827746969826,802.573561737595,427.645087191324
2.9366446269609496,-0.6398850145877777,2.328049750710838,0.8291131986667256,1.197935043471648,1.312323140895401,0.3569409847508273,3.991559353614527
541.126428254857,267.4796905165555,-408.25613866780986,735.9361675013688,1735.078846424473,-469.48574988434166,919.705862684376,-31.150437242984964
0.0017740651878499,0.0007618954638519,1760.969807676895,21201.143199372684,13535.776206236009,4610.49562656643,1684.1000824912558,112.93804139987664
174.05946893857333,320.933460994514,3053.06566548351,-1381.3449739072184,827.7589530146938,4659.190709882062,17512.77969904679,2435.811199303765
-365.5913083552385,-480.5267994618797,-1325.9865216409462,1260.7206567146698,4213.858157354338,294.98144618754213,-1584.543329547041,-412.66727849893056
11.164811804647504,26.11716716774208,25.47665131176894,27.24464424029134,25.631318751116268,31.51053281754278,30.441126788811395,12.453268763440557
33.51763114025379,59.80513173259675,67.18781889822726,56.09802551349322,55.53475453673191,55.25639362787302,42.12232135529365,66.98710365662049
623.4403607899667,459.44358443928434,377.27425479117727,753.5126441158569,498.6794501166076,527.2205040212253,599.4972423465967,621.9762858975465
1.6048849597902066,2.69040995340575,0.1356843061404702,-0.5663525526387341,2.046015390724896,0.0482669247257165,1.602518585327818,-1.1552520140252256
301.43220614429055,340.701858177481,202.0368630066909,172.13868464213,-254.35921477329063,-119.17828382539004,1994.2571412436664,92.65438633233624
0.0004832227697213,0.0004699354851996,634.5791616948093,11656.32750701352,-15844.037619510049,14141.567583801896,9356.496152353568,5238.097116569376
277.99295278035675,170.18383596945637,1749.4033155540938,1888.672565620397,2273.2837874741995,2165.691665995896,3726.459543585812,2759.6114636410307
-180.4385623223488,332.59326500214365,-3142.49158535104,-1716.7736134850152,-1307.501336503431,1082.5742783417584,-1303.324932794633,-375.3521177485254
28.556817415490976,21.28708282248534,23.600652677289773,36.355562046983806,24.4708482491042,22.517284235089942,24.042002390947783,27.84786717326496
80.00800053340777,47.98361079488933,10.072693989217818,54.91885921776216,54.10082341399652,84.17147326886275,53.70846066132583,67.89258763953394
509.9741176489685,496.196391271924,513.7767982374952,787.4714812443631,565.7397460837647,257.938923356492,513.5076148056266,561.2455468689855
1.0356241121474412,-0.6435031900692016,2.0496327741938543,-1.3400175968033678,1.8875595802957603,2.3132129764135634,-0.4545304315020047,0.1524922605637513
207.49502011628968,316.13491311457346,-108.81095863641224,-358.2973668117023,355.6517139017733,-313.2220750015865,-84.22930967149951,286.4383646186034
0.0016518947593836,0.0007237534292414,1344.2528992468788,13842.420533400167,-7478.890799670186,18491.78431732909,-460.25713771783137,478.6583057953563
17.164807200035913,1447.8682126424596,-1079.984524988502,-1792.6313394402468,2792.9609245892934,-531.8668040715226,-1219.9887140155054,1212.5366282955329
-157.64199669067108,-130.07163506966228,-175.29185758586436,3035.231974303687,1476.6323057382365,1146.002226089262,739.3365013831154,1192.0431999886853
16.750431360399475,32.54739563587751,26.58017255394597,23.592697342294286,27.192164907017105,32.09168445457992,25.5838344912096,18.698091609269472
69.52135946779252,78.30466653797158,59.78496057744354,62.76350205234532,54.01527067790848,46.732379003976334,54.180857317388245,53.02359007031773
583.0604371843847,491.9823040891563,543.2547938832339,477.0927845400176,356.26798814401667,515.827746969826,802.573561737595,427.645087191324
2.9366446269609496,-0.6398850145877777,2.328049750710838,0.8291131986667256,1.197935043471648,1.312323140895401,0.3569409847508273,3.991559353614527
541.126428254857,267.4796905165555,-408.25613866780986,735.9361675013688,1735.078846424473,-469.48574988434166,919.705862684376,-31.150437242984964
0.0017740651878499,0.0007618954638519,1760.969807676895,21201.143199372684,13535.776206236009,4610.49562656643,1684.1000824912558,112.93804139987664
174.05946893857333,320.933460994514,3053.06566548351,-1381.3449739072184,827.7589530146938,4659.190709882062,17512.77969904679,2435.811199303765
-365.5913083552385,-480.5267994618797,-1325.9865216409462,1260.7206567146698,4213.858157354338,294.98144618754213,-1584.543329547041,-412.66727849893056
11.164811804647504,26.11716716774208,25.47665131176894,27.24464424029134,25.631318751116268,31.51053281754278,30.441126788811395,12.453268763440557
33.51763114025379,59.80513173259675,67.18781889822726,56.09802551349322,55.53475453673191,55.25639362787302,42.12232135529365,66.98710365662049
623.4403607899667,459.44358443928434,377.27425479117727,753.5126441158569,498.6794501166076,527.2205040212253,599.4972423465967,621.9762858975465
1.6048849597902066,2.69040995340575,0.1356843061404702,-0.5663525526387341,2.046015390724896,0.0482669247257165,1.602518585327818,-1.1552520140252256
301.43220614429055,340.701858177481,202.0368630066909,172.13868464213,-254.35921477329063,-119.17828382539004,1994.2571412436664,92.65438633233624
0.0004832227697213,0.0004699354851996,634.5791616948093,11656.32750701352,-15844.037619510049,14141.567583801896,9356.496152353568,5238.097116569376
277.99295278035675,170.18383596945637,1749.4033155540938,1888.672565620397,2273.2837874741995,2165.691665995896,3726.459543585812,2759.6114636410307
-180.4385623223488,332.59326500214365,-3142.49158535104,-1716.7736134850152,-1307.501336503431,1082.5742783417584,-1303.324932794633,-375.3521177485254
28.556817415490976,21.28708282248534,23.600652677289773,36.355562046983806,24.4708482491042,22.517284235089942,24.042002390947783,27.84786717326496
80.00800053340777,47.98361079488933,10.072693989217818,54.91885921776216,54.10082341399652,84.17147326886275,53.70846066132583,67.89258763953394
509.9741176489685,496.196391271924,513.7767982374952,787.4714812443631,565.7397460837647,257.938923356492,513.5076148056266,561.2455468689855
1.0356241121474412,-0.6435031900692016,2.0496327741938543,-1.3400175968033678,1.8875595802957603,2.3132129764135634,-0.4545304315020047,0.1524922605637513
207.49502011628968,316.13491311457346,-108.81095863641224,-358.2973668117023,355.6517139017733,-313.2220750015865,-84.22930967149951,286.4383646186034
0.0016518947593836,0.0007237534292414,1344.2528992468788,13842.420533400167,-7478.890799670186,18491.78431732909,-460.25713771783137,478.6583057953563
17.164807200035913,1447.8682126424596,-1079.984524988502,-1792.6313394402468,2792.9609245892934,-531.8668040715226,-1219.9887140155054,1212.5366282955329
-157.64199669067108,-130.07163506966228,-175.29185758586436,3035.231974303687,1476.6323057382365,1146.002226089262,739.3365013831154,1192.0431999886853
16.750431360399475,32.54739563587751,26.58017255394597,23.592697342294286,27.192164907017105,32.09168445457992,25.5838344912096,18.698091609269472
69.52135946779252,78.30466653797158,59.78496057744354,62.76350205234532,54.01527067790848,46.732379003976334,54.180857317388245,53.02359007031773
583.0604371843847,491.9823040891563,543.2547938832339,477.0927845400176,356.26798814401667,515.827746969826,802.573561737595,427.645087191324
2.9366446269609496,-0.6398850145877777,2.328049750710838,0.8291131986667256,1.197935043471648,1.312323140895401,0.3569409847508273,3.991559353614527
541.126428254857,267.4796905165555,-408.25613866780986,735.9361675013688,1735.078846424473,-469.48574988434166,919.705862684376,-31.150437242984964
0.0017740651878499,0.0007618954638519,1760.969807676895,21201.143199372684,13535.776206236009,4610.49562656643,1684.1000824912558,112.93804139987664
174.05946893857333,320.933460994514,3053.06566548351,-1381.3449739072184,827.7589530146938,4659.190709882062,17512.77969904679,2435.811199303765
-365.5913083552385,-480.5267994618797,-1325.9865216409462,1260.7206567146698,4213.858157354338,294.98144618754213,-1584.543329547041,-412.66727849893056
11.164811804647504,26.11716716774208,25.47665131176894,27.24464424029134,25.631318751116268,31.51053281754278,30.441126788811395,12.453268763440557
33.51763114025379,59.80513173259675,67.18781889822726,56.09802551349322,55.53475453673191,55.25639362787302,42.12232135529365,66.98710365662049
623.4403607899667,459.44358443928434,377.27425479117727,753.5126441158569,498.6794501166076,527.2205040212253,599.4972423465967,621.9762858975465
1.6048849597902066,2.69040995340575,0.1356843061404702,-0.5663525526387341,2.046015390724896,0.0482669247257165,1.602518585327818,-1.1552520140252256
301.43220614429055,340.701858177481,202.0368630066909,172.13868464213,-254.35921477329063,-119.17828382539004,1994.2571412436664,92.65438633233624
0.0004832227697213,0.0004699354851996,634.5791616948093,11656.32750701352,-15844.037619510049,14141.567583801896,9356.496152353568,5238.097116569376
277.99295278035675,170.18383596945637,1749.4033155540938,1888.672565620397,2273.2837874741995,2165.691665995896,3726.459543585812,2759.6114636410307
-180.4385623223488,332.59326500214365,-3142.49158535104,-1716.7736134850152,-1307.501336503431,1082.5742783417584,-1303.324932794633,-375.3521177485254
28.556817415490976,21.28708282248534,23.600652677289773,36.355562046983806,24.4708482491042,22.517284235089942,24.042002390947783,27.84786717326496
80.00800053340777,47.98361079488933,10.072693989217818,54.91885921776216,54.10082341399652,84.17147326886275,53.70846066132583,67.89258763953394
509.9741176489685,496.196391271924,513.7767982374952,787.4714812443631,565.7397460837647,257.938923356492,513.5076148056266,561.2455468689855
1.0356241121474412,-0.6435031900692016,2.0496327741938543,-1.3400175968033678,1.8875595802957603,2.3132129764135634,-0.4545304315020047,0.1524922605637513
207.49502011628968,316.13491311457346,-108.81095863641224,-358.2973668117023,355.6517139017733,-313.2220750015865,-84.22930967149951,286.4383646186034
0.0016518947593836,0.0007237534292414,1344.2528992468788,13842.420533400167,-7478.890799670186,18491.78431732909,-460.25713771783137,478.6583057953563
17.164807200035913,1447.8682126424596,-1079.984524988502,-1792.6313394402468,2792.9609245892934,-531.8668040715226,-1219.9887140155054,1212.5366282955329
-157.64199669067108,-130.07163506966228,-175.29185758586436,3035.231974303687,1476.6323057382365,1146.002226089262,739.3365013831154,1192.0431999886853
16.750431360399475,32.54739563587751,26.58017255394597,23.592697342294286,27.192164907017105,32.09168445457992,25.5838344912096,18.698091609269472
69.52135946779252,78.30466653797158,59.78496057744354,62.76350205234532,54.01527067790848,46.732379003976334,54.180857317388245,53.02359007031773
583.0604371843847,491.9823040891563,543.2547938832339,477.0927845400176,356.26798814401667,515.827746969826,802.573561737595,427.645087191324
2.9366446269609496,-0.6398850145877777,2.328049750710838,0.8291131986667256,1.197935043471648,1.312323140895401,0.3569409847508273,3.991559353614527
541.126428254857,267.4796905165555,-408.25613866780986,735.9361675013688,1735.078846424473,-469.48574988434166,919.705862684376,-31.150437242984964
0.0017740651878499,0.0007618954638519,1760.969807676895,21201.143199372684,13535.776206236009,4610.49562656643,1684.1000824912558,112.93804139987664
174.05946893857333,320.933460994514,3053.06566548351,-1381.3449739072184,827.7589530146938,4659.190709882062,17512.77969904679,2435.811199303765
-365.5913083552385,-480.5267994618797,-1325.9865216409462,1260.7206567146698,4213.858157354338,294.98144618754213,-1584.543329547041,-412.66727849893056
11.164811804647504,26.11716716774208,25.47665131176894,27.24464424029134,25.631318751116268,31.51053281754278,30.441126788811395,12.453268763440557
33.51763114025379,59.80513173259675,67.18781889822726,56.09802551349322,55.53475453673191,55.25639362787302,42.12232135529365,66.98710365662049
623.4403607899667,459.44358443928434,377.27425479117727,753.5126441158569,498.6794501166076,527.2205040212253,599.4972423465967,621.9762858975465
1.6048849597902066,2.69040995340575,0.1356843061404702,-0.5663525526387341,2.046015390724896,0.0482669247257165,1.602518585327818,-1.1552520140252256
301.43220614429055,340.701858177481,202.0368630066909,172.13868464213,-254.35921477329063,-119.17828382539004,1994.2571412436664,92.65438633233624
0.0004832227697213,0.0004699354851996,634.5791616948093,11656.32750701352,-15844.037619510049,14141.567583801896,9356.496152353568,5238.097116569376
277.99295278035675,170.18383596945637,1749.4033155540938,1888.672565620397,2273.2837874741995,2165.691665995896,3726.459543585812,2759.6114636410307
-180.4385623223488,332.59326500214365,-3142.49158535104,-1716.7736134850152,-1307.501336503431,1082.5742783417584,-1303.324932794633,-375.3521177485254
28.556817415490976,21.28708282248534,23.600652677289773,36.355562046983806,24.4708482491042,22.517284235089942,24.042002390947783,27.84786717326496
80.00800053340777,47.98361079488933,10.072693989217818,54.91885921776216,54.10082341399652,84.17147326886275,53.70846066132583,67.89258763953394
509.9741176489685,496.196391271924,513.7767982374952,787.4714812443631,565.7397460837647,257.938923356492,513.5076148056266,561.2455468689855
1.0356241121474412,-0.6435031900692016,2.0496327741938543,-1.3400175968033678,1.8875595802957603,2.3132129764135634,-0.4545304315020047,0.1524922605637513
207.49502011628968,316.13491311457346,-108.81095863641224,-358.2973668117023,355.6517139017733,-313.2220750015865,-84.22930967149951,286.4383646186034
0.0016518947593836,0.0007237534292414,1344.2528992468788,13842.420533400167,-7478.890799670186,18491.78431732909,-460.25713771783137,478.6583057953563
17.164807200035913,1447.8682126424596,-1079.984524988502,-1792.6313394402468,2792.9609245892934,-531.8668040715226,-1219.9887140155054,1212.5366282955329
-157.64199669067108,-130.07163506966228,-175.29185758586436,3035.231974303687,1476.6323057382365,1146.002226089262,739.3365013831154,1192.0431999886853
16.750431360399475,32.54739563587751,26.58017255394597,23.592697342294286,27.192164907017105,32.09168445457992,25.5838344912096,18.698091609269472
69.52135946779252,78.30466653797158,59.78496057744354,62.76350205234532,54.01527067790848,46.732379003976334,54.180857317388245,53.02359007031773
583.0604371843847,491.9823040891563,543.2547938832339,477.0927845400176,356.26798814401667,515.827746969826,802.573561737595,427.645087191324
2.9366446269609496,-0.6398850145877777,2.328049750710838,0.8291131986667256,1.197935043471648,1.312323140895401,0.3569409847508273,3.991559353614527
541.126428254857,267.4796905165555,-408.25613866780986,735.9361675013688,1735.078846424473,-469.48574988434166,919.705862684376,-31.150437242984964
0.0017740651878499,0.0007618954638519,1760.969807676895,21201.143199372684,13535.776206236009,4610.49562656643,1684.1000824912558,112.93804139987664
174.05946893857333,320.933460994514,3053.06566548351,-1381.3449739072184,827.7589530146938,4659.190709882062,17512.77969904679,2435.811199303765
-365.5913083552385,-480.5267994618797,-1325.9865216409462,1260.7206567146698,4213.858157354338,294.98144618754213,-1584.543329547041,-412.66727849893056
11.164811804647504,26.11716716774208,25.47665131176894,27.24464424029134,25.631318751116268,31.51053281754278,30.441126788811395,12.453268763440557
33.51763114025379,59.80513173259675,67.18781889822726,56.09802551349322,55.53475453673191,55.25639362787302,42.12232135529365,66.98710365662049
623.4403607899667,459.44358443928434,377.27425479117727,753.5126441158569,498.6794501166076,527.2205040212253,599.4972423465967,621.9762858975465
1.6048849597902066,2.69040995340575,0.1356843061404702,-0.5663525526387341,2.046015390724896,0.0482669247257165,1.602518585327818,-1.1552520140252256
301.43220614429055,340.701858177481,202.0368630066909,172.13868464213,-254.35921477329063,-119.17828382539004,1994.2571412436664,92.65438633233624
0.0004832227697213,0.0004699354851996,634.5791616948093,11656.32750701352,-15844.037619510049,14141.567583801896,9356.496152353568,5238.097116569376
277.99295278035675,170.18383596945637,1749.4033155540938,1888.672565620397,2273.2837874741995,2165.691665995896,3726.459543585812,2759.6114636410307
-180.4385623223488,332.59326500214365,-3142.49158535104,-1716.7736134850152,-1307.501336503431,1082.5742783417584,-1303.324932794633,-375.3521177485254
28.556817415490976,21.28708282248534,23.600652677289773,36.355562046983806,24.4708482491042,22.517284235089942,24.042002390947783,27.84786717326496
80.00800053340777,47.98361079488933,10.072693989217818,54.91885921776216,54.10082341399652,84.17147326886275,53.70846066132583,67.89258763953394
509.9741176489685,496.196391271924,513.7767982374952,787.4714812443631,565.7397460837647,257.938923356492,513.5076148056266,561.2455468689855
1.0356241121474412,-0.6435031900692016,2.0496327741938543,-1.3400175968033678,1.8875595802957603,2.3132129764135634,-0.4545304315020047,0.1524922605637513
207.49502011628968,316.13491311457346,-108.81095863641224,-358.2973668117023,355.6517139017733,-313.2220750015865,-84.22930967149951,286.4383646186034
0.0016518947593836,0.0007237534292414,1344.2528992468788,13842.420533400167,-7478.890799670186,18491.78431732909,-460.25713771783137,478.6583057953563
17.164807200035913,1447.8682126424596,-1079.984524988502,-1792.6313394402468,2792.9609245892934,-531.8668040715226,-1219.9887140155054,1212.5366282955329
-157.64199669067108,-130.07163506966228,-175.29185758586436,3035.231974303687,1476.6323057382365,1146.002226089262,739.3365013831154,1192.0431999886853
16.750431360399475,32.54739563587751,26.58017255394597,23.592697342294286,27.192164907017105,32.09168445457992,25.5838344912096,18.698091609269472
69.52135946779252,78.30466653797158,59.78496057744354,62.76350205234532,54.01527067790848,46.732379003976334,54.180857317388245,53.02359007031773
583.0604371843847,491.9823040891563,543.2547938832339,477.0927845400176,356.26798814401667,515.827746969826,802.573561737595,427.645087191324
2.9366446269609496,-0.6398850145877777,2.328049750710838,0.8291131986667256,1.197935043471648,1.312323140895401,0.3569409847508273,3.991559353614527
541.126428254857,267.4796905165555,-408.25613866780986,735.9361675013688,1735.078846424473,-469.48574988434166,919.705862684376,-31.150437242984964
0.0017740651878499,0.0007618954638519,1760.969807676895,21201.143199372684,13535.776206236009,4610.49562656643,1684.1000824912558,112.93804139987664
174.05946893857333,320.933460994514,3053.06566548351,-1381.3449739072184,827.7589530146938,4659.190709882062,17512.77969904679,2435.811199303765
-365.5913083552385,-480.5267994618797,-1325.9865216409462,1260.7206567146698,4213.858157354338,294.98144618754213,-1584.543329547041,-412.66727849893056
11.164811804647504,26.11716716774208,25.47665131176894,27.24464424029134,25.631318751116268,31.51053281754278,30.441126788811395,12.453268763440557
33.51763114025379,59.80513173259675,67.18781889822726,56.09802551349322,55.53475453673191,55.25639362787302,42.12232135529365,66.98710365662049
623.4403607899667,459.44358443928434,377.27425479117727,753.5126441158569,498.6794501166076,527.2205040212253,599.4972423465967,621.9762858975465
1.6048849597902066,2.69040995340575,0.1356843061404702,-0.5663525526387341,2.046015390724896,0.0482669247257165,1.602518585327818,-1.1552520140252256
301.43220614429055,340.701858177481,202.0368630066909,172.13868464213,-254.35921477329063,-119.17828382539004,1994.2571412436664,92.65438633233624
0.0004832227697213,0.0004699354851996,634.5791616948093,11656.32750701352,-15844.037619510049,14141.567583801896,9356.496152353568,5238.097116569376
277.99295278035675,170.18383596945637,1749.4033155540938,1888.672565620397,2273.2837874741995,2165.691665995896,3726.459543585812,2759.6114636410307
-180.4385623223488,332.59326500214365,-3142.49158535104,-1716.7736134850152,-1307.501336503431,1082.5742783417584,-1303.324932794633,-375.3521177485254
28.556817415490976,21.28708282248534,23.600652677289773,36.355562046983806,24.4708482491042,22.517284235089942,24.042002390947783,27.84786717326496
80.00800053340777,47.98361079488933,10.072693989217818,54.91885921776216,54.10082341399652,84.17147326886275,53.70846066132583,67.89258763953394
509.9741176489685,496.196391271924,513.7767982374952,787.4714812443631,565.7397460837647,257.938923356492,513.5076148056266,561.2455468689855
1.0356241121474412,-0.6435031900692016,2.0496327741938543,-1.3400175968033678,1.8875595802957603,2.3132129764135634,-0.4545304315020047,0.1524922605637513
207.49502011628968,316.13491311457346,-108.81095863641224,-358.2973668117023,355.6517139017733,-313.2220750015865,-84.22930967149951,286.4383646186034
0.0016518947593836,0.0007237534292414,1344.2528992468788,13842.420533400167,-7478.890799670186,18491.78431732909,-460.25713771783137,478.6583057953563
17.164807200035913,1447.8682126424596,-1079.984524988502,-1792.6313394402468,2792.9609245892934,-531.8668040715226,-1219.9887140155054,1212.5366282955329
-157.64199669067108,-130.07163506966228,-175.29185758586436,3035.231974303687,1476.6323057382365,1146.002226089262,739.3365013831154,1192.0431999886853
16.750431360399475,32.54739563587751,26.58017255394597,23.592697342294286,27.192164907017105,32.09168445457992,25.5838344912096,18.698091609269472
69.52135946779252,78.30466653797158,59.78496057744354,62.76350205234532,54.01527067790848,46.732379003976334,54.180857317388245,53.02359007031773
583.0604371843847,491.9823040891563,543.2547938832339,477.0927845400176,356.26798814401667,515.827746969826,802.573561737595,427.645087191324
2.9366446269609496,-0.6398850145877777,2.328049750710838,0.8291131986667256,1.197935043471648,1.312323140895401,0.3569409847508273,3.991559353614527
541.126428254857,267.4796905165555,-408.25613866780986,735.9361675013688,1735.078846424473,-469.48574988434166,919.705862684376,-31.150437242984964
0.0017740651878499,0.0007618954638519,1760.969807676895,21201.143199372684,13535.776206236009,4610.49562656643,1684.1000824912558,112.93804139987664
174.05946893857333,320.933460994514,3053.06566548351,-1381.3449739072184,827.7589530146938,4659.190709882062,17512.77969904679,2435.811199303765
-365.5913083552385,-480.5267994618797,-1325.9865216409462,1260.7206567146698,4213.858157354338,294.98144618754213,-1584.543329547041,-412.66727849893056
11.164811804647504,26.11716716774208,25.47665131176894,27.24464424029134,25.631318751116268,31.51053281754278,30.441126788811395,12.453268763440557
33.51763114025379,59.80513173259675,67.18781889822726,56.09802551349322,55.53475453673191,55.25639362787302,42.12232135529365,66.98710365662049
623.4403607899667,459.44358443928434,377.27425479117727,753.5126441158569,498.6794501166076,527.2205040212253,599.4972423465967,621.9762858975465
1.6048849597902066,2.69040995340575,0.1356843061404702,-0.5663525526387341,2.046015390724896,0.0482669247257165,1.602518585327818,-1.1552520140252256
301.43220614429055,340.701858177481,202.0368630066909,172.13868464213,-254.35921477329063,-119.17828382539004,1994.2571412436664,92.65438633233624
0.0004832227697213,0.0004699354851996,634.5791616948093,11656.32750701352,-15844.037619510049,14141.567583801896,9356.496152353568,5238.097116569376
277.99295278035675,170.18383596945637,1749.4033155540938,1888.672565620397,2273.2837874741995,2165.691665995896,3726.459543585812,2759.6114636410307
-180.4385623223488,332.59326500214365,-3142.49158535104,-1716.7736134850152,-1307.501336503431,1082.5742783417584,-1303.324932794633,-375.3521177485254
28.556817415490976,21.28708282248534,23.600652677289773,36.355562046983806,24.4708482491042,22.517284235089942,24.042002390947783,27.84786717326496
80.00800053340777,47.98361079488933,10.072693989217818,54.91885921776216,54.10082341399652,84.17147326886275,53.70846066132583,67.89258763953394
509.9741176489685,496.196391271924,513.7767982374952,787.4714812443631,565.7397460837647,257.938923356492,513.5076148056266,561.2455468689855
1.0356241121474412,-0.6435031900692016,2.0496327741938543,-1.3400175968033678,1.8875595802957603,2.3132129764135634,-0.4545304315020047,0.1524922605637513
207.49502011628968,316.13491311457346,-108.81095863641224,-358.2973668117023,355.6517139017733,-313.2220750015865,-84.22930967149951,286.4383646186034
0.0016518947593836,0.0007237534292414,1344.2528992468788,13842.420533400167,-7478.890799670186,18491.78431732909,-460.25713771783137,478.6583057953563
17.164807200035913,1447.8682126424596,-1079.984524988502,-1792.6313394402468,2792.9609245892934,-531.8668040715226,-1219.9887140155054,1212.5366282955329
-157.64199669067108,-130.07163506966228,-175.29185758586436,3035.231974303687,1476.6323057382365,1146.002226089262,739.3365013831154,1192.0431999886853
16.750431360399475,32.54739563587751,26.58017255394597,23.592697342294286,27.192164907017105,32.09168445457992,25.5838344912096,18.698091609269472
69.52135946779252,78.30466653797158,59.78496057744354,62.76350205234532,54.01527067790848,46.732379003976334,54.180857317388245,53.02359007031773
583.0604371843847,491.9823040891563,543.2547938832339,477.0927845400176,356.26798814401667,515.827746969826,802.573561737595,427.645087191324
2.9366446269609496,-0.6398850145877777,2.328049750710838,0.8291131986667256,1.197935043471648,1.312323140895401,0.3569409847508273,3.991559353614527
541.126428254857,267.4796905165555,-408.25613866780986,735.9361675013688,1735.078846424473,-469.48574988434166,919.705862684376,-31.150437242984964
0.0017740651878499,0.0007618954638519,1760.969807676895,21201.143199372684,13535.776206236009,4610.49562656643,1684.1000824912558,112.93804139987664
174.05946893857333,320.933460994514,3053.06566548351,-1381.3449739072184,827.7589530146938,4659.190709882062,17512.77969904679,2435.811199303765
-365.5913083552385,-480.5267994618797,-1325.9865216409462,1260.7206567146698,4213.858157354338,294.98144618754213,-1584.543329547041,-412.66727849893056
11.164811804647504,26.11716716774208,25.47665131176894,27.24464424029134,25.631318751116268,31.51053281754278,30.441126788811395,12.453268763440557
33.51763114025379,59.80513173259675,67.18781889822726,56.09802551349322,55.53475453673191,55.25639362787302,42.12232135529365,66.98710365662049
623.4403607899667,459.44358443928434,377.27425479117727,753.5126441158569,498.6794501166076,527.2205040212253,599.4972423465967,621.9762858975465
1.6048849597902066,2.69040995340575,0.1356843061404702,-0.5663525526387341,2.046015390724896,0.0482669247257165,1.602518585327818,-1.1552520140252256
301.43220614429055,340.701858177481,202.0368630066909,172.13868464213,-254.35921477329063,-119.17828382539004,1994.2571412436664,92.65438633233624
0.0004832227697213,0.0004699354851996,634.5791616948093,11656.32750701352,-15844.037619510049,14141.567583801896,9356.496152353568,5238.097116569376
277.99295278035675,170.18383596945637,1749.4033155540938,1888.672565620397,2273.2837874741995,2165.691665995896,3726.459543585812,2759.6114636410307
-180.4385623223488,332.59326500214365,-3142.49158535104,-1716.7736134850152,-1307.501336503431,1082.5742783417584,-1303.324932794633,-375.3521177485254
28.556817415490976,21.28708282248534,23.600652677289773,36.355562046983806,24.4708482491042,22.517284235089942,24.042002390947783,27.84786717326496
80.00800053340777,47.98361079488933,10.072693989217818,54.91885921776216,54.10082341399652,84.17147326886275,53.70846066132583,67.89258763953394
509.9741176489685,496.196391271924,513.7767982374952,787.4714812443631,565.7397460837647,257.938923356492,513.5076148056266,561.2455468689855
1.0356241121474412,-0.6435031900692016,2.0496327741938543,-1.3400175968033678,1.8875595802957603,2.3132129764135634,-0.4545304315020047,0.1524922605637513
207.49502011628968,316.13491311457346,-108.81095863641224,-358.2973668117023,355.6517139017733,-313.2220750015865,-84.22930967149951,286.4383646186034
0.0016518947593836,0.0007237534292414,1344.2528992468788,13842.420533400167,-7478.890799670186,18491.78431732909,-460.25713771783137,478.6583057953563
17.164807200035913,1447.8682126424596,-1079.984524988502,-1792.6313394402468,2792.9609245892934,-531.8668040715226,-1219.9887140155054,1212.5366282955329
-157.64199669067108,-130.07163506966228,-175.29185758586436,3035.231974303687,1476.6323057382365,1146.002226089262,739.3365013831154,1192.0431999886853
16.750431360399475,32.54739563587751,26.58017255394597,23.592697342294286,27.192164907017105,32.09168445457992,25.5838344912096,18.698091609269472
69.52135946779252,78.30466653797158,59.78496057744354,62.76350205234532,54.01527067790848,46.732379003976334,54.180857317388245,53.02359007031773
583.0604371843847,491.9823040891563,543.2547938832339,477.0927845400176,356.26798814401667,515.827746969826,802.573561737595,427.645087191324
2.9366446269609496,-0.6398850145877777,2.328049750710838,0.8291131986667256,1.197935043471648,1.312323140895401,0.3569409847508273,3.991559353614527
541.126428254857,267.4796905165555,-408.25613866780986,735.9361675013688,1735.078846424473,-469.48574988434166,919.705862684376,-31.150437242984964
0.0017740651878499,0.0007618954638519,1760.969807676895,21201.143199372684,13535.776206236009,4610.49562656643,1684.1000824912558,112.93804139987664
174.05946893857333,320.933460994514,3053.06566548351,-1381.3449739072184,827.7589530146938,4659.190709882062,17512.77969904679,2435.811199303765
-365.5913083552385,-480.5267994618797,-1325.9865216409462,1260.7206567146698,4213.858157354338,294.98144618754213,-1584.543329547041,-412.66727849893056
11.164811804647504,26.11716716774208,25.47665131176894,27.24464424029134,25.631318751116268,31.51053281754278,30.441126788811395,12.453268763440557
33.51763114025379,59.80513173259675,67.18781889822726,56.09802551349322,55.53475453673191,55.25639362787302,42.12232135529365,66.98710365662049
623.4403607899667,459.44358443928434,377.27425479117727,753.5126441158569,498.6794501166076,527.2205040212253,599.4972423465967,621.9762858975465
1.6048849597902066,2.69040995340575,0.1356843061404702,-0.5663525526387341,2.046015390724896,0.0482669247257165,1.602518585327818,-1.1552520140252256
301.43220614429055,340.701858177481,202.0368630066909,172.13868464213,-254.35921477329063,-119.17828382539004,1994.2571412436664,92.65438633233624
0.0004832227697213,0.0004699354851996,634.5791616948093,11656.32750701352,-15844.037619510049,14141.567583801896,9356.496152353568,5238.097116569376
277.99295278035675,170.18383596945637,1749.4033155540938,1888.672565620397,2273.2837874741995,2165.691665995896,3726.459543585812,2759.6114636410307
-180.4385623223488,332.59326500214365,-3142.49158535104,-1716.7736134850152,-1307.501336503431,1082.5742783417584,-1303.324932794633,-375.3521177485254
28.556817415490976,21.28708282248534,23.600652677289773,36.355562046983806,24.4708482491042,22.517284235089942,24.042002390947783,27.84786717326496
80.00800053340777,47.98361079488933,10.072693989217818,54.91885921776216,54.10082341399652,84.17147326886275,53.70846066132583,67.89258763953394
509.9741176489685,496.196391271924,513.7767982374952,787.4714812443631,565.7397460837647,257.938923356492,513.5076148056266,561.2455468689855
1.0356241121474412,-0.6435031900692016,2.0496327741938543,-1.3400175968033678,1.8875595802957603,2.3132129764135634,-0.4545304315020047,0.1524922605637513
207.49502011628968,316.13491311457346,-108.81095863641224,-358.2973668117023,355.6517139017733,-313.2220750015865,-84.22930967149951,286.4383646186034
0.0016518947593836,0.0007237534292414,1344.2528992468788,13842.420533400167,-7478.890799670186,18491.78431732909,-460.25713771783137,478.6583057953563
17.164807200035913,1447.8682126424596,-1079.984524988502,-1792.6313394402468,2792.9609245892934,-531.8668040715226,-1219.9887140155054,1212.5366282955329
-157.64199669067108,-130.07163506966228,-175.29185758586436,3035.231974303687,1476.6323057382365,1146.002226089262,739.3365013831154,1192.0431999886853
16.750431360399475,32.54739563587751,26.58017255394597,23.592697342294286,27.192164907017105,32.09168445457992,25.5838344912096,18.698091609269472
69.52135946779252,78.30466653797158,59.78496057744354,62.76350205234532,54.01527067790848,46.732379003976334,54.180857317388245,53.02359007031773
583.0604371843847,491.9823040891563,543.2547938832339,477.0927845400176,356.26798814401667,515.827746969826,802.573561737595,427.645087191324
2.9366446269609496,-0.6398850145877777,2.328049750710838,0.8291131986667256,1.197935043471648,1.312323140895401,0.3569409847508273,3.991559353614527
541.126428254857,267.4796905165555,-408.25613866780986,735.9361675013688,1735.078846424473,-469.48574988434166,919.705862684376,-31.150437242984964
0.0017740651878499,0.0007618954638519,1760.969807676895,21201.143199372684,13535.776206236009,4610.49562656643,1684.1000824912558,112.93804139987664
174.05946893857333,320.933460994514,3053.06566548351,-1381.3449739072184,827.7589530146938,4659.190709882062,17512.77969904679,2435.811199303765
-365.5913083552385,-480.5267994618797,-1325.9865216409462,1260.7206567146698,4213.858157354338,294.98144618754213,-1584.543329547041,-412.66727849893056
11.164811804647504,26.11716716774208,25.47665131176894,27.24464424029134,25.631318751116268,31.51053281754278,30.441126788811395,12.453268763440557
33.51763114025379,59.80513173259675,67.18781889822726,56.09802551349322,55.53475453673191,55.25639362787302,42.12232135529365,66.98710365662049
623.4403607899667,459.44358443928434,377.27425479117727,753.5126441158569,498.6794501166076,527.2205040212253,599.4972423465967,621.9762858975465
1.6048849597902066,2.69040995340575,0.1356843061404702,-0.5663525526387341,2.046015390724896,0.0482669247257165,1.602518585327818,-1.1552520140252256
301.43220614429055,340.701858177481,202.0368630066909,172.13868464213,-254.35921477329063,-119.17828382539004,1994.2571412436664,92.65438633233624
0.0004832227697213,0.0004699354851996,634.5791616948093,11656.32750701352,-15844.037619510049,14141.567583801896,9356.496152353568,5238.097116569376
277.99295278035675,170.18383596945637,1749.4033155540938,1888.672565620397,2273.2837874741995,2165.691665995896,3726.459543585812,2759.6114636410307
-180.4385623223488,332.59326500214365,-3142.49158535104,-1716.7736134850152,-1307.501336503431,1082.5742783417584,-1303.324932794633,-375.3521177485254
28.556817415490976,21.28708282248534,23.600652677289773,36.355562046983806,24.4708482491042,22.517284235089942,24.042002390947783,27.84786717326496
80.00800053340777,47.98361079488933,10.072693989217818,54.91885921776216,54.10082341399652,84.17147326886275,53.70846066132583,67.89258763953394
509.9741176489685,496.196391271924,513.7767982374952,787.4714812443631,565.7397460837647,257.938923356492,513.5076148056266,561.2455468689855
1.0356241121474412,-0.6435031900692016,2.0496327741938543,-1.3400175968033678,1.8875595802957603,2.3132129764135634,-0.4545304315020047,0.1524922605637513
207.49502011628968,316.13491311457346,-108.81095863641224,-358.2973668117023,355.6517139017733,-313.2220750015865,-84.22930967149951,286.4383646186034
0.0016518947593836,0.0007237534292414,1344.2528992468788,13842.420533400167,-7478.890799670186,18491.78431732909,-460.25713771783137,478.6583057953563
17.164807200035913,1447.8682126424596,-1079.984524988502,-1792.6313394402468,2792.9609245892934,-531.8668040715226,-1219.9887140155054,1212.5366282955329
-157.64199669067108,-130.07163506966228,-175.29185758586436,3035.231974303687,1476.6323057382365,1146.002226089262,739.3365013831154,1192.0431999886853
16.750431360399475,32.54739563587751,26.58017255394597,23.592697342294286,27.192164907017105,32.09168445457992,25.5838344912096,18.698091609269472
69.52135946779252,78.30466653797158,59.78496057744354,62.76350205234532,54.01527067790848,46.732379003976334,54.180857317388245,53.02359007031773
583.0604371843847,491.9823040891563,543.2547938832339,477.0927845400176,356.26798814401667,515.827746969826,802.573561737595,427.645087191324
2.9366446269609496,-0.6398850145877777,2.328049750710838,0.8291131986667256,1.197935043471648,1.312323140895401,0.3569409847508273,3.991559353614527
541.126428254857,267.4796905165555,-408.25613866780986,735.9361675013688,1735.078846424473,-469.48574988434166,919.705862684376,-31.150437242984964
0.0017740651878499,0.0007618954638519,1760.969807676895,21201.143199372684,13535.776206236009,4610.49562656643,1684.1000824912558,112.93804139987664
174.05946893857333,320.933460994514,3053.06566548351,-1381.3449739072184,827.7589530146938,4659.190709882062,17512.77969904679,2435.811199303765
-365.5913083552385,-480.5267994618797,-1325.9865216409462,1260.7206567146698,4213.858157354338,294.98144618754213,-1584.543329547041,-412.66727849893056
11.164811804647504,26.11716716774208,25.47665131176894,27.24464424029134,25.631318751116268,31.51053281754278,30.441126788811395,12.453268763440557
33.51763114025379,59.80513173259675,67.18781889822726,56.09802551349322,55.53475453673191,55.25639362787302,42.12232135529365,66.98710365662049
623.4403607899667,459.44358443928434,377.27425479117727,753.5126441158569,498.6794501166076,527.2205040212253,599.4972423465967,621.9762858975465
1.6048849597902066,2.69040995340575,0.1356843061404702,-0.5663525526387341,2.046015390724896,0.0482669247257165,1.602518585327818,-1.1552520140252256
301.43220614429055,340.701858177481,202.0368630066909,172.13868464213,-254.35921477329063,-119.17828382539004,1994.2571412436664,92.65438633233624
0.0004832227697213,0.0004699354851996,634.5791616948093,11656.32750701352,-15844.037619510049,14141.567583801896,9356.496152353568,5238.097116569376
277.99295278035675,170.18383596945637,1749.4033155540938,1888.672565620397,2273.2837874741995,2165.691665995896,3726.459543585812,2759.6114636410307
-180.4385623223488,332.59326500214365,-3142.49158535104,-1716.7736134850152,-1307.501336503431,1082.5742783417584,-1303.324932794633,-375.3521177485254
28.556817415490976,21.28708282248534,23.600652677289773,36.355562046983806,24.4708482491042,22.517284235089942,24.042002390947783,27.84786717326496
80.00800053340777,47.98361079488933,10.072693989217818,54.91885921776216,54.10082341399652,84.17147326886275,53.70846066132583,67.89258763953394
509.9741176489685,496.196391271924,513.7767982374952,787.4714812443631,565.7397460837647,257.938923356492,513.5076148056266,561.2455468689855
1.0356241121474412,-0.6435031900692016,2.0496327741938543,-1.3400175968033678,1.8875595802957603,2.3132129764135634,-0.4545304315020047,0.1524922605637513
207.49502011628968,316.13491311457346,-108.81095863641224,-358.2973668117023,355.6517139017733,-313.2220750015865,-84.22930967149951,286.4383646186034
0.0016518947593836,0.0007237534292414,1344.2528992468788,13842.420533400167,-7478.890799670186,18491.78431732909,-460.25713771783137,478.6583057953563
17.164807200035913,1447.8682126424596,-1079.984524988502,-1792.6313394402468,2792.9609245892934,-531.8668040715226,-1219.9887140155054,1212.5366282955329
-157.64199669067108,-130.07163506966228,-175.29185758586436,3035.231974303687,1476.6323057382365,1146.002226089262,739.3365013831154,1192.0431999886853
16.750431360399475,32.54739563587751,26.58017255394597,23.592697342294286,27.192164907017105,32.09168445457992,25.5838344912096,18.698091609269472
69.52135946779252,78.30466653797158,59.78496057744354,62.76350205234532,54.01527067790848,46.732379003976334,54.180857317388245,53.02359007031773
583.0604371843847,491.9823040891563,543.2547938832339,477.0927845400176,356.26798814401667,515.827746969826,802.573561737595,427.645087191324
2.9366446269609496,-0.6398850145877777,2.328049750710838,0.8291131986667256,1.197935043471648,1.312323140895401,0.3569409847508273,3.991559353614527
541.126428254857,267.4796905165555,-408.25613866780986,735.9361675013688,1735.078846424473,-469.48574988434166,919.705862684376,-31.150437242984964
0.0017740651878499,0.0007618954638519,1760.969807676895,21201.143199372684,13535.776206236009,4610.49562656643,1684.1000824912558,112.93804139987664
174.05946893857333,320.933460994514,3053.06566548351,-1381.3449739072184,827.7589530146938,4659.190709882062,17512.77969904679,2435.811199303765
-365.5913083552385,-480.5267994618797,-1325.9865216409462,1260.7206567146698,4213.858157354338,294.98144618754213,-1584.543329547041,-412.66727849893056
11.164811804647504,26.11716716774208,25.47665131176894,27.24464424029134,25.631318751116268,31.51053281754278,30.441126788811395,12.453268763440557
33.51763114025379,59.80513173259675,67.18781889822726,56.09802551349322,55.53475453673191,55.25639362787302,42.12232135529365,66.98710365662049
623.4403607899667,459.44358443928434,377.27425479117727,753.5126441158569,498.6794501166076,527.2205040212253,599.4972423465967,621.9762858975465
1.6048849597902066,2.69040995340575,0.1356843061404702,-0.5663525526387341,2.046015390724896,0.0482669247257165,1.602518585327818,-1.1552520140252256
301.43220614429055,340.701858177481,202.0368630066909,172.13868464213,-254.35921477329063,-119.17828382539004,1994.2571412436664,92.65438633233624
0.0004832227697213,0.0004699354851996,634.5791616948093,11656.32750701352,-15844.037619510049,14141.567583801896,9356.496152353568,5238.097116569376
277.99295278035675,170.18383596945637,1749.4033155540938,1888.672565620397,2273.2837874741995,2165.691665995896,3726.459543585812,2759.6114636410307
-180.4385623223488,332.59326500214365,-3142.49158535104,-1716.7736134850152,-1307.501336503431,1082.5742783417584,-1303.324932794633,-375.3521177485254
28.556817415490976,21.28708282248534,23.600652677289773,36.355562046983806,24.4708482491042,22.517284235089942,24.042002390947783,27.84786717326496
80.00800053340777,47.98361079488933,10.072693989217818,54.91885921776216,54.10082341399652,84.17147326886275,53.70846066132583,67.89258763953394
509.9741176489685,496.196391271924,513.7767982374952,787.4714812443631,565.7397460837647,257.938923356492,513.5076148056266,561.2455468689855
1.0356241121474412,-0.6435031900692016,2.0496327741938543,-1.3400175968033678,1.8875595802957603,2.3132129764135634,-0.4545304315020047,0.1524922605637513
207.49502011628968,316.13491311457346,-108.81095863641224,-358.2973668117023,355.6517139017733,-313.2220750015865,-84.22930967149951,286.4383646186034
0.0016518947593836,0.0007237534292414,1344.2528992468788,13842.420533400167,-7478.890799670186,18491.78431732909,-460.25713771783137,478.6583057953563
17.164807200035913,1447.8682126424596,-1079.984524988502,-1792.6313394402468,2792.9609245892934,-531.8668040715226,-1219.9887140155054,1212.5366282955329
-157.64199669067108,-130.07163506966228,-175.29185758586436,3035.231974303687,1476.6323057382365,1146.002226089262,739.3365013831154,1192.0431999886853
16.750431360399475,32.54739563587751,26.58017255394597,23.592697342294286,27.192164907017105,32.09168445457992,25.5838344912096,18.698091609269472
69.52135946779252,78.30466653797158,59.78496057744354,62.76350205234532,54.01527067790848,46.732379003976334,54.180857317388245,53.02359007031773
583.0604371843847,491.9823040891563,543.2547938832339,477.0927845400176,356.26798814401667,515.827746969826,802.573561737595,427.645087191324
2.9366446269609496,-0.6398850145877777,2.328049750710838,0.8291131986667256,1.197935043471648,1.312323140895401,0.3569409847508273,3.991559353614527
541.126428254857,267.4796905165555,-408.25613866780986,735.9361675013688,1735.078846424473,-469.48574988434166,919.705862684376,-31.150437242984964
0.0017740651878499,0.0007618954638519,1760.969807676895,21201.143199372684,13535.776206236009,4610.49562656643,1684.1000824912558,112.93804139987664
174.05946893857333,320.933460994514,3053.06566548351,-1381.3449739072184,827.7589530146938,4659.190709882062,17512.77969904679,2435.811199303765
-365.5913083552385,-480.5267994618797,-1325.9865216409462,1260.7206567146698,4213.858157354338,294.98144618754213,-1584.543329547041,-412.66727849893056
