내부온도관측치,내부습도관측치,co2관측치,ec관측치,시간당분무량,시간당백색광량,시간당적색광량,시간당청색광량
15.919793766526748,20.035654335928555,41.44290979794674,29.882904855869032,25.50397440296481,36.26838934793118,31.617895626607105,25.64786899272068
32.548472242370735,66.83623572871966,68.32003368720353,70.37515375775848,52.74821110810893,43.436543120696,95.10478567427184,37.57175162514725
626.4006213820988,464.7564557786482,300.61618552711457,590.904860355598,396.3188955764472,400.7453493258502,418.6852771257936,668.5595149646977
0.7553500532552291,1.6262461174849483,1.1145708748615497,-0.2286587471807319,1.137049862295811,1.1348111440958109,-0.2557161236287073,-1.481649910161331
860.9680140863932,267.77140763399893,345.3092001079754,667.8996740800349,1727.847682187234,365.3233396229641,432.7101612284784,388.9573883045295
0.0015607272822245,-0.0026536057093574,-661.8466163603093,14768.46275846164,15296.196491006043,12217.434456002156,1464.1230579902112,1106.6782091124162
92.00203617984376,-44.64392817361848,-678.5166241654124,2033.6990508449617,970.9384868892458,3517.6600099166585,3156.7464865476204,901.817594586776
237.10379521828347,-157.4368482173072,-607.1740191802322,-843.8439859392272,-1978.910854623348,1716.173661664801,-1654.2149982467165,-155.79599097926456
29.553324002146063,24.699115936520844,40.19523107148847,26.676321595008936,25.23349401167824,27.98994169767172,28.52533341346197,30.850020215917965
65.62659236097157,76.34988302179411,38.38362668583877,53.32318369831809,52.492620421023325,62.3664221838027,69.26436383748187,57.23880766813839
488.0936346733116,660.8091933869741,657.251841486737,425.0378259015499,819.2913127889278,403.5289794633318,331.5963582927835,370.4531534057592
0.2745849226591468,1.9810441367601608,-0.4905427876468464,1.273322186286868,3.2725555632014705,1.983375174927204,0.3785983577937124,-0.7622725907890691
448.4999938269373,2153.621445204568,524.1432634056749,205.95463843494292,493.4895070734526,177.1816471644634,708.8812083175493,1405.777656456078
-0.0005681334899423,-0.0007305855578498,-2446.5918822793747,894.4885097087865,4457.307913101507,15689.103158128912,-4527.668170843501,735.227269080336
165.95862925007606,-1136.4684372598506,-378.3267957624553,-930.6396860099004,-1363.5500809911382,672.9254103429603,-1999.851633673996,6251.225480581195
351.75211200912304,-146.4054463309455,114.84851346159503,3253.773296714767,1034.814742225504,889.2470934492726,1572.3283688716422,1007.8866829644784
21.86387845643372,30.394491564759733,17.796544534100995,27.773158636352743,28.391657251490617,39.669908397051245,23.96446800803806,21.591858678348068
56.3562731860343,71.25706379199669,55.98238391294256,71.75505385101404,63.64259372808457,43.63803719020308,55.74743319813175,48.83346027622902
274.05040186115434,448.5264735091984,560.3030276576062,783.0594571584634,356.7968620462509,385.6347844441996,606.1334544657145,349.81986103973225
0.5261747384294353,1.8497174140196924,1.864664787855972,0.8194757600734783,2.241993320386693,0.916551041097812,3.1534037169787696,3.935506320874162
131.38892460080925,868.2912791191649,60.12241109853767,1026.7235767395202,985.0935297059336,1074.4177111566446,-69.57303765359597,1185.1206612322612
0.0021812518065383,-0.0014232908798846,10626.233507834022,19629.8707569428,13477.561057519764,16873.688516350594,2816.2613411563543,-108.97407614030888
520.7382932290457,1025.0424278348687,9794.086298433403,-1562.3203253779916,27.198968461598213,-1481.5475020118731,266.8058279451652,1323.540979156916
-290.6015524069509,511.048768539191,-1682.417295128114,5726.196343836698,-854.274306056428,319.71112880417866,-518.4821966963111,-37.61504538526012
15.919793766526748,20.035654335928555,41.44290979794674,29.882904855869032,25.50397440296481,36.26838934793118,31.617895626607105,25.64786899272068
32.548472242370735,66.83623572871966,68.32003368720353,70.37515375775848,52.74821110810893,43.436543120696,95.10478567427184,37.57175162514725
626.4006213820988,464.7564557786482,300.61618552711457,590.904860355598,396.3188955764472,400.7453493258502,418.6852771257936,668.5595149646977
0.7553500532552291,1.6262461174849483,1.1145708748615497,-0.2286587471807319,1.137049862295811,1.1348111440958109,-0.2557161236287073,-1.481649910161331
860.9680140863932,267.77140763399893,345.3092001079754,667.8996740800349,1727.847682187234,365.3233396229641,432.7101612284784,388.9573883045295
0.0015607272822245,-0.0026536057093574,-661.8466163603093,14768.46275846164,15296.196491006043,12217.434456002156,1464.1230579902112,1106.6782091124162
92.00203617984376,-44.64392817361848,-678.5166241654124,2033.6990508449617,970.9384868892458,3517.6600099166585,3156.7464865476204,901.817594586776
237.10379521828347,-157.4368482173072,-607.1740191802322,-843.8439859392272,-1978.910854623348,1716.173661664801,-1654.2149982467165,-155.79599097926456
29.553324002146063,24.699115936520844,40.19523107148847,26.676321595008936,25.23349401167824,27.98994169767172,28.52533341346197,30.850020215917965
65.62659236097157,76.34988302179411,38.38362668583877,53.32318369831809,52.492620421023325,62.3664221838027,69.26436383748187,57.23880766813839
488.0936346733116,660.8091933869741,657.251841486737,425.0378259015499,819.2913127889278,403.5289794633318,331.5963582927835,370.4531534057592
0.2745849226591468,1.9810441367601608,-0.4905427876468464,1.273322186286868,3.2725555632014705,1.983375174927204,0.3785983577937124,-0.7622725907890691
448.4999938269373,2153.621445204568,524.1432634056749,205.95463843494292,493.4895070734526,177.1816471644634,708.8812083175493,1405.777656456078
-0.0005681334899423,-0.0007305855578498,-2446.5918822793747,894.4885097087865,4457.307913101507,15689.103158128912,-4527.668170843501,735.227269080336
165.95862925007606,-1136.4684372598506,-378.3267957624553,-930.6396860099004,-1363.5500809911382,672.9254103429603,-1999.851633673996,6251.225480581195
351.75211200912304,-146.4054463309455,114.84851346159503,3253.773296714767,1034.814742225504,889.2470934492726,1572.3283688716422,1007.8866829644784
21.86387845643372,30.394491564759733,17.796544534100995,27.773158636352743,28.391657251490617,39.669908397051245,23.96446800803806,21.591858678348068
56.3562731860343,71.25706379199669,55.98238391294256,71.75505385101404,63.64259372808457,43.63803719020308,55.74743319813175,48.83346027622902
274.05040186115434,448.5264735091984,560.3030276576062,783.0594571584634,356.7968620462509,385.6347844441996,606.1334544657145,349.81986103973225
0.5261747384294353,1.8497174140196924,1.864664787855972,0.8194757600734783,2.241993320386693,0.916551041097812,3.1534037169787696,3.935506320874162
131.38892460080925,868.2912791191649,60.12241109853767,1026.7235767395202,985.0935297059336,1074.4177111566446,-69.57303765359597,1185.1206612322612
0.0021812518065383,-0.0014232908798846,10626.233507834022,19629.8707569428,13477.561057519764,16873.688516350594,2816.2613411563543,-108.97407614030888
520.7382932290457,1025.0424278348687,9794.086298433403,-1562.3203253779916,27.198968461598213,-1481.5475020118731,266.8058279451652,1323.540979156916
-290.6015524069509,511.048768539191,-1682.417295128114,5726.196343836698,-854.274306056428,319.71112880417866,-518.4821966963111,-37.61504538526012
15.919793766526748,20.035654335928555,41.44290979794674,29.882904855869032,25.50397440296481,36.26838934793118,31.617895626607105,25.64786899272068
32.548472242370735,66.83623572871966,68.32003368720353,70.37515375775848,52.74821110810893,43.436543120696,95.10478567427184,37.57175162514725
626.4006213820988,464.7564557786482,300.61618552711457,590.904860355598,396.3188955764472,400.7453493258502,418.6852771257936,668.5595149646977
0.7553500532552291,1.6262461174849483,1.1145708748615497,-0.2286587471807319,1.137049862295811,1.1348111440958109,-0.2557161236287073,-1.481649910161331
860.9680140863932,267.77140763399893,345.3092001079754,667.8996740800349,1727.847682187234,365.3233396229641,432.7101612284784,388.9573883045295
0.0015607272822245,-0.0026536057093574,-661.8466163603093,14768.46275846164,15296.196491006043,12217.434456002156,1464.1230579902112,1106.6782091124162
92.00203617984376,-44.64392817361848,-678.5166241654124,2033.6990508449617,970.9384868892458,3517.6600099166585,3156.7464865476204,901.817594586776
237.10379521828347,-157.4368482173072,-607.1740191802322,-843.8439859392272,-1978.910854623348,1716.173661664801,-1654.2149982467165,-155.79599097926456
29.553324002146063,24.699115936520844,40.19523107148847,26.676321595008936,25.23349401167824,27.98994169767172,28.52533341346197,30.850020215917965
65.62659236097157,76.34988302179411,38.38362668583877,53.32318369831809,52.492620421023325,62.3664221838027,69.26436383748187,57.23880766813839
488.0936346733116,660.8091933869741,657.251841486737,425.0378259015499,819.2913127889278,403.5289794633318,331.5963582927835,370.4531534057592
0.2745849226591468,1.9810441367601608,-0.4905427876468464,1.273322186286868,3.2725555632014705,1.983375174927204,0.3785983577937124,-0.7622725907890691
448.4999938269373,2153.621445204568,524.1432634056749,205.95463843494292,493.4895070734526,177.1816471644634,708.8812083175493,1405.777656456078
-0.0005681334899423,-0.0007305855578498,-2446.5918822793747,894.4885097087865,4457.307913101507,15689.103158128912,-4527.668170843501,735.227269080336
165.95862925007606,-1136.4684372598506,-378.3267957624553,-930.6396860099004,-1363.5500809911382,672.9254103429603,-1999.851633673996,6251.225480581195
351.75211200912304,-146.4054463309455,114.84851346159503,3253.773296714767,1034.814742225504,889.2470934492726,1572.3283688716422,1007.8866829644784
21.86387845643372,30.394491564759733,17.796544534100995,27.773158636352743,28.391657251490617,39.669908397051245,23.96446800803806,21.591858678348068
56.3562731860343,71.25706379199669,55.98238391294256,71.75505385101404,63.64259372808457,43.63803719020308,55.74743319813175,48.83346027622902
274.05040186115434,448.5264735091984,560.3030276576062,783.0594571584634,356.7968620462509,385.6347844441996,606.1334544657145,349.81986103973225
0.5261747384294353,1.8497174140196924,1.864664787855972,0.8194757600734783,2.241993320386693,0.916551041097812,3.1534037169787696,3.935506320874162
131.38892460080925,868.2912791191649,60.12241109853767,1026.7235767395202,985.0935297059336,1074.4177111566446,-69.57303765359597,1185.1206612322612
0.0021812518065383,-0.0014232908798846,10626.233507834022,19629.8707569428,13477.561057519764,16873.688516350594,2816.2613411563543,-108.97407614030888
520.7382932290457,1025.0424278348687,9794.086298433403,-1562.3203253779916,27.198968461598213,-1481.5475020118731,266.8058279451652,1323.540979156916
-290.6015524069509,511.048768539191,-1682.417295128114,5726.196343836698,-854.274306056428,319.71112880417866,-518.4821966963111,-37.61504538526012
15.919793766526748,20.035654335928555,41.44290979794674,29.882904855869032,25.50397440296481,36.26838934793118,31.617895626607105,25.64786899272068
32.548472242370735,66.83623572871966,68.32003368720353,70.37515375775848,52.74821110810893,43.436543120696,95.10478567427184,37.57175162514725
626.4006213820988,464.7564557786482,300.61618552711457,590.904860355598,396.3188955764472,400.7453493258502,418.6852771257936,668.5595149646977
0.7553500532552291,1.6262461174849483,1.1145708748615497,-0.2286587471807319,1.137049862295811,1.1348111440958109,-0.2557161236287073,-1.481649910161331
860.9680140863932,267.77140763399893,345.3092001079754,667.8996740800349,1727.847682187234,365.3233396229641,432.7101612284784,388.9573883045295
0.0015607272822245,-0.0026536057093574,-661.8466163603093,14768.46275846164,15296.196491006043,12217.434456002156,1464.1230579902112,1106.6782091124162
92.00203617984376,-44.64392817361848,-678.5166241654124,2033.6990508449617,970.9384868892458,3517.6600099166585,3156.7464865476204,901.817594586776
237.10379521828347,-157.4368482173072,-607.1740191802322,-843.8439859392272,-1978.910854623348,1716.173661664801,-1654.2149982467165,-155.79599097926456
29.553324002146063,24.699115936520844,40.19523107148847,26.676321595008936,25.23349401167824,27.98994169767172,28.52533341346197,30.850020215917965
65.62659236097157,76.34988302179411,38.38362668583877,53.32318369831809,52.492620421023325,62.3664221838027,69.26436383748187,57.23880766813839
488.0936346733116,660.8091933869741,657.251841486737,425.0378259015499,819.2913127889278,403.5289794633318,331.5963582927835,370.4531534057592
0.2745849226591468,1.9810441367601608,-0.4905427876468464,1.273322186286868,3.2725555632014705,1.983375174927204,0.3785983577937124,-0.7622725907890691
448.4999938269373,2153.621445204568,524.1432634056749,205.95463843494292,493.4895070734526,177.1816471644634,708.8812083175493,1405.777656456078
-0.0005681334899423,-0.0007305855578498,-2446.5918822793747,894.4885097087865,4457.307913101507,15689.103158128912,-4527.668170843501,735.227269080336
165.95862925007606,-1136.4684372598506,-378.3267957624553,-930.6396860099004,-1363.5500809911382,672.9254103429603,-1999.851633673996,6251.225480581195
351.75211200912304,-146.4054463309455,114.84851346159503,3253.773296714767,1034.814742225504,889.2470934492726,1572.3283688716422,1007.8866829644784
21.86387845643372,30.394491564759733,17.796544534100995,27.773158636352743,28.391657251490617,39.669908397051245,23.96446800803806,21.591858678348068
56.3562731860343,71.25706379199669,55.98238391294256,71.75505385101404,63.64259372808457,43.63803719020308,55.74743319813175,48.83346027622902
274.05040186115434,448.5264735091984,560.3030276576062,783.0594571584634,356.7968620462509,385.6347844441996,606.1334544657145,349.81986103973225
0.5261747384294353,1.8497174140196924,1.864664787855972,0.8194757600734783,2.241993320386693,0.916551041097812,3.1534037169787696,3.935506320874162
131.38892460080925,868.2912791191649,60.12241109853767,1026.7235767395202,985.0935297059336,1074.4177111566446,-69.57303765359597,1185.1206612322612
0.0021812518065383,-0.0014232908798846,10626.233507834022,19629.8707569428,13477.561057519764,16873.688516350594,2816.2613411563543,-108.97407614030888
520.7382932290457,1025.0424278348687,9794.086298433403,-1562.3203253779916,27.198968461598213,-1481.5475020118731,266.8058279451652,1323.540979156916
-290.6015524069509,511.048768539191,-1682.417295128114,5726.196343836698,-854.274306056428,319.71112880417866,-518.4821966963111,-37.61504538526012
15.919793766526748,20.035654335928555,41.44290979794674,29.882904855869032,25.50397440296481,36.26838934793118,31.617895626607105,25.64786899272068
32.548472242370735,66.83623572871966,68.32003368720353,70.37515375775848,52.74821110810893,43.436543120696,95.10478567427184,37.57175162514725
626.4006213820988,464.7564557786482,300.61618552711457,590.904860355598,396.3188955764472,400.7453493258502,418.6852771257936,668.5595149646977
0.7553500532552291,1.6262461174849483,1.1145708748615497,-0.2286587471807319,1.137049862295811,1.1348111440958109,-0.2557161236287073,-1.481649910161331
860.9680140863932,267.77140763399893,345.3092001079754,667.8996740800349,1727.847682187234,365.3233396229641,432.7101612284784,388.9573883045295
0.0015607272822245,-0.0026536057093574,-661.8466163603093,14768.46275846164,15296.196491006043,12217.434456002156,1464.1230579902112,1106.6782091124162
92.00203617984376,-44.64392817361848,-678.5166241654124,2033.6990508449617,970.9384868892458,3517.6600099166585,3156.7464865476204,901.817594586776
237.10379521828347,-157.4368482173072,-607.1740191802322,-843.8439859392272,-1978.910854623348,1716.173661664801,-1654.2149982467165,-155.79599097926456
29.553324002146063,24.699115936520844,40.19523107148847,26.676321595008936,25.23349401167824,27.98994169767172,28.52533341346197,30.850020215917965
65.62659236097157,76.34988302179411,38.38362668583877,53.32318369831809,52.492620421023325,62.3664221838027,69.26436383748187,57.23880766813839
488.0936346733116,660.8091933869741,657.251841486737,425.0378259015499,819.2913127889278,403.5289794633318,331.5963582927835,370.4531534057592
0.2745849226591468,1.9810441367601608,-0.4905427876468464,1.273322186286868,3.2725555632014705,1.983375174927204,0.3785983577937124,-0.7622725907890691
448.4999938269373,2153.621445204568,524.1432634056749,205.95463843494292,493.4895070734526,177.1816471644634,708.8812083175493,1405.777656456078
-0.0005681334899423,-0.0007305855578498,-2446.5918822793747,894.4885097087865,4457.307913101507,15689.103158128912,-4527.668170843501,735.227269080336
165.95862925007606,-1136.4684372598506,-378.3267957624553,-930.6396860099004,-1363.5500809911382,672.9254103429603,-1999.851633673996,6251.225480581195
351.75211200912304,-146.4054463309455,114.84851346159503,3253.773296714767,1034.814742225504,889.2470934492726,1572.3283688716422,1007.8866829644784
21.86387845643372,30.394491564759733,17.796544534100995,27.773158636352743,28.391657251490617,39.669908397051245,23.96446800803806,21.591858678348068
56.3562731860343,71.25706379199669,55.98238391294256,71.75505385101404,63.64259372808457,43.63803719020308,55.74743319813175,48.83346027622902
274.05040186115434,448.5264735091984,560.3030276576062,783.0594571584634,356.7968620462509,385.6347844441996,606.1334544657145,349.81986103973225
0.5261747384294353,1.8497174140196924,1.864664787855972,0.8194757600734783,2.241993320386693,0.916551041097812,3.1534037169787696,3.935506320874162
131.38892460080925,868.2912791191649,60.12241109853767,1026.7235767395202,985.0935297059336,1074.4177111566446,-69.57303765359597,1185.1206612322612
0.0021812518065383,-0.0014232908798846,10626.233507834022,19629.8707569428,13477.561057519764,16873.688516350594,2816.2613411563543,-108.97407614030888
520.7382932290457,1025.0424278348687,9794.086298433403,-1562.3203253779916,27.198968461598213,-1481.5475020118731,266.8058279451652,1323.540979156916
-290.6015524069509,511.048768539191,-1682.417295128114,5726.196343836698,-854.274306056428,319.71112880417866,-518.4821966963111,-37.61504538526012
15.919793766526748,20.035654335928555,41.44290979794674,29.882904855869032,25.50397440296481,36.26838934793118,31.617895626607105,25.64786899272068
32.548472242370735,66.83623572871966,68.32003368720353,70.37515375775848,52.74821110810893,43.436543120696,95.10478567427184,37.57175162514725
626.4006213820988,464.7564557786482,300.61618552711457,590.904860355598,396.3188955764472,400.7453493258502,418.6852771257936,668.5595149646977
0.7553500532552291,1.6262461174849483,1.1145708748615497,-0.2286587471807319,1.137049862295811,1.1348111440958109,-0.2557161236287073,-1.481649910161331
860.9680140863932,267.77140763399893,345.3092001079754,667.8996740800349,1727.847682187234,365.3233396229641,432.7101612284784,388.9573883045295
0.0015607272822245,-0.0026536057093574,-661.8466163603093,14768.46275846164,15296.196491006043,12217.434456002156,1464.1230579902112,1106.6782091124162
92.00203617984376,-44.64392817361848,-678.5166241654124,2033.6990508449617,970.9384868892458,3517.6600099166585,3156.7464865476204,901.817594586776
237.10379521828347,-157.4368482173072,-607.1740191802322,-843.8439859392272,-1978.910854623348,1716.173661664801,-1654.2149982467165,-155.79599097926456
29.553324002146063,24.699115936520844,40.19523107148847,26.676321595008936,25.23349401167824,27.98994169767172,28.52533341346197,30.850020215917965
65.62659236097157,76.34988302179411,38.38362668583877,53.32318369831809,52.492620421023325,62.3664221838027,69.26436383748187,57.23880766813839
488.0936346733116,660.8091933869741,657.251841486737,425.0378259015499,819.2913127889278,403.5289794633318,331.5963582927835,370.4531534057592
0.2745849226591468,1.9810441367601608,-0.4905427876468464,1.273322186286868,3.2725555632014705,1.983375174927204,0.3785983577937124,-0.7622725907890691
448.4999938269373,2153.621445204568,524.1432634056749,205.95463843494292,493.4895070734526,177.1816471644634,708.8812083175493,1405.777656456078
-0.0005681334899423,-0.0007305855578498,-2446.5918822793747,894.4885097087865,4457.307913101507,15689.103158128912,-4527.668170843501,735.227269080336
165.95862925007606,-1136.4684372598506,-378.3267957624553,-930.6396860099004,-1363.5500809911382,672.9254103429603,-1999.851633673996,6251.225480581195
351.75211200912304,-146.4054463309455,114.84851346159503,3253.773296714767,1034.814742225504,889.2470934492726,1572.3283688716422,1007.8866829644784
21.86387845643372,30.394491564759733,17.796544534100995,27.773158636352743,28.391657251490617,39.669908397051245,23.96446800803806,21.591858678348068
56.3562731860343,71.25706379199669,55.98238391294256,71.75505385101404,63.64259372808457,43.63803719020308,55.74743319813175,48.83346027622902
274.05040186115434,448.5264735091984,560.3030276576062,783.0594571584634,356.7968620462509,385.6347844441996,606.1334544657145,349.81986103973225
0.5261747384294353,1.8497174140196924,1.864664787855972,0.8194757600734783,2.241993320386693,0.916551041097812,3.1534037169787696,3.935506320874162
131.38892460080925,868.2912791191649,60.12241109853767,1026.7235767395202,985.0935297059336,1074.4177111566446,-69.57303765359597,1185.1206612322612
0.0021812518065383,-0.0014232908798846,10626.233507834022,19629.8707569428,13477.561057519764,16873.688516350594,2816.2613411563543,-108.97407614030888
520.7382932290457,1025.0424278348687,9794.086298433403,-1562.3203253779916,27.198968461598213,-1481.5475020118731,266.8058279451652,1323.540979156916
-290.6015524069509,511.048768539191,-1682.417295128114,5726.196343836698,-854.274306056428,319.71112880417866,-518.4821966963111,-37.61504538526012
15.919793766526748,20.035654335928555,41.44290979794674,29.882904855869032,25.50397440296481,36.26838934793118,31.617895626607105,25.64786899272068
32.548472242370735,66.83623572871966,68.32003368720353,70.37515375775848,52.74821110810893,43.436543120696,95.10478567427184,37.57175162514725
626.4006213820988,464.7564557786482,300.61618552711457,590.904860355598,396.3188955764472,400.7453493258502,418.6852771257936,668.5595149646977
0.7553500532552291,1.6262461174849483,1.1145708748615497,-0.2286587471807319,1.137049862295811,1.1348111440958109,-0.2557161236287073,-1.481649910161331
860.9680140863932,267.77140763399893,345.3092001079754,667.8996740800349,1727.847682187234,365.3233396229641,432.7101612284784,388.9573883045295
0.0015607272822245,-0.0026536057093574,-661.8466163603093,14768.46275846164,15296.196491006043,12217.434456002156,1464.1230579902112,1106.6782091124162
92.00203617984376,-44.64392817361848,-678.5166241654124,2033.6990508449617,970.9384868892458,3517.6600099166585,3156.7464865476204,901.817594586776
237.10379521828347,-157.4368482173072,-607.1740191802322,-843.8439859392272,-1978.910854623348,1716.173661664801,-1654.2149982467165,-155.79599097926456
29.553324002146063,24.699115936520844,40.19523107148847,26.676321595008936,25.23349401167824,27.98994169767172,28.52533341346197,30.850020215917965
65.62659236097157,76.34988302179411,38.38362668583877,53.32318369831809,52.492620421023325,62.3664221838027,69.26436383748187,57.23880766813839
488.0936346733116,660.8091933869741,657.251841486737,425.0378259015499,819.2913127889278,403.5289794633318,331.5963582927835,370.4531534057592
0.2745849226591468,1.9810441367601608,-0.4905427876468464,1.273322186286868,3.2725555632014705,1.983375174927204,0.3785983577937124,-0.7622725907890691
448.4999938269373,2153.621445204568,524.1432634056749,205.95463843494292,493.4895070734526,177.1816471644634,708.8812083175493,1405.777656456078
-0.0005681334899423,-0.0007305855578498,-2446.5918822793747,894.4885097087865,4457.307913101507,15689.103158128912,-4527.668170843501,735.227269080336
165.95862925007606,-1136.4684372598506,-378.3267957624553,-930.6396860099004,-1363.5500809911382,672.9254103429603,-1999.851633673996,6251.225480581195
351.75211200912304,-146.4054463309455,114.84851346159503,3253.773296714767,1034.814742225504,889.2470934492726,1572.3283688716422,1007.8866829644784
21.86387845643372,30.394491564759733,17.796544534100995,27.773158636352743,28.391657251490617,39.669908397051245,23.96446800803806,21.591858678348068
56.3562731860343,71.25706379199669,55.98238391294256,71.75505385101404,63.64259372808457,43.63803719020308,55.74743319813175,48.83346027622902
274.05040186115434,448.5264735091984,560.3030276576062,783.0594571584634,356.7968620462509,385.6347844441996,606.1334544657145,349.81986103973225
0.5261747384294353,1.8497174140196924,1.864664787855972,0.8194757600734783,2.241993320386693,0.916551041097812,3.1534037169787696,3.935506320874162
131.38892460080925,868.2912791191649,60.12241109853767,1026.7235767395202,985.0935297059336,1074.4177111566446,-69.57303765359597,1185.1206612322612
0.0021812518065383,-0.0014232908798846,10626.233507834022,19629.8707569428,13477.561057519764,16873.688516350594,2816.2613411563543,-108.97407614030888
520.7382932290457,1025.0424278348687,9794.086298433403,-1562.3203253779916,27.198968461598213,-1481.5475020118731,266.8058279451652,1323.540979156916
-290.6015524069509,511.048768539191,-1682.417295128114,5726.196343836698,-854.274306056428,319.71112880417866,-518.4821966963111,-37.61504538526012
15.919793766526748,20.035654335928555,41.44290979794674,29.882904855869032,25.50397440296481,36.26838934793118,31.617895626607105,25.64786899272068
32.548472242370735,66.83623572871966,68.32003368720353,70.37515375775848,52.74821110810893,43.436543120696,95.10478567427184,37.57175162514725
626.4006213820988,464.7564557786482,300.61618552711457,590.904860355598,396.3188955764472,400.7453493258502,418.6852771257936,668.5595149646977
0.7553500532552291,1.6262461174849483,1.1145708748615497,-0.2286587471807319,1.137049862295811,1.1348111440958109,-0.2557161236287073,-1.481649910161331
860.9680140863932,267.77140763399893,345.3092001079754,667.8996740800349,1727.847682187234,365.3233396229641,432.7101612284784,388.9573883045295
0.0015607272822245,-0.0026536057093574,-661.8466163603093,14768.46275846164,15296.196491006043,12217.434456002156,1464.1230579902112,1106.6782091124162
92.00203617984376,-44.64392817361848,-678.5166241654124,2033.6990508449617,970.9384868892458,3517.6600099166585,3156.7464865476204,901.817594586776
237.10379521828347,-157.4368482173072,-607.1740191802322,-843.8439859392272,-1978.910854623348,1716.173661664801,-1654.2149982467165,-155.79599097926456
29.553324002146063,24.699115936520844,40.19523107148847,26.676321595008936,25.23349401167824,27.98994169767172,28.52533341346197,30.850020215917965
65.62659236097157,76.34988302179411,38.38362668583877,53.32318369831809,52.492620421023325,62.3664221838027,69.26436383748187,57.23880766813839
488.0936346733116,660.8091933869741,657.251841486737,425.0378259015499,819.2913127889278,403.5289794633318,331.5963582927835,370.4531534057592
0.2745849226591468,1.9810441367601608,-0.4905427876468464,1.273322186286868,3.2725555632014705,1.983375174927204,0.3785983577937124,-0.7622725907890691
448.4999938269373,2153.621445204568,524.1432634056749,205.95463843494292,493.4895070734526,177.1816471644634,708.8812083175493,1405.777656456078
-0.0005681334899423,-0.0007305855578498,-2446.5918822793747,894.4885097087865,4457.307913101507,15689.103158128912,-4527.668170843501,735.227269080336
165.95862925007606,-1136.4684372598506,-378.3267957624553,-930.6396860099004,-1363.5500809911382,672.9254103429603,-1999.851633673996,6251.225480581195
351.75211200912304,-146.4054463309455,114.84851346159503,3253.773296714767,1034.814742225504,889.2470934492726,1572.3283688716422,1007.8866829644784
21.86387845643372,30.394491564759733,17.796544534100995,27.773158636352743,28.391657251490617,39.669908397051245,23.96446800803806,21.591858678348068
56.3562731860343,71.25706379199669,55.98238391294256,71.75505385101404,63.64259372808457,43.63803719020308,55.74743319813175,48.83346027622902
274.05040186115434,448.5264735091984,560.3030276576062,783.0594571584634,356.7968620462509,385.6347844441996,606.1334544657145,349.81986103973225
0.5261747384294353,1.8497174140196924,1.864664787855972,0.8194757600734783,2.241993320386693,0.916551041097812,3.1534037169787696,3.935506320874162
131.38892460080925,868.2912791191649,60.12241109853767,1026.7235767395202,985.0935297059336,1074.4177111566446,-69.57303765359597,1185.1206612322612
0.0021812518065383,-0.0014232908798846,10626.233507834022,19629.8707569428,13477.561057519764,16873.688516350594,2816.2613411563543,-108.97407614030888
520.7382932290457,1025.0424278348687,9794.086298433403,-1562.3203253779916,27.198968461598213,-1481.5475020118731,266.8058279451652,1323.540979156916
-290.6015524069509,511.048768539191,-1682.417295128114,5726.196343836698,-854.274306056428,319.71112880417866,-518.4821966963111,-37.61504538526012
15.919793766526748,20.035654335928555,41.44290979794674,29.882904855869032,25.50397440296481,36.26838934793118,31.617895626607105,25.64786899272068
32.548472242370735,66.83623572871966,68.32003368720353,70.37515375775848,52.74821110810893,43.436543120696,95.10478567427184,37.57175162514725
626.4006213820988,464.7564557786482,300.61618552711457,590.904860355598,396.3188955764472,400.7453493258502,418.6852771257936,668.5595149646977
0.7553500532552291,1.6262461174849483,1.1145708748615497,-0.2286587471807319,1.137049862295811,1.1348111440958109,-0.2557161236287073,-1.481649910161331
860.9680140863932,267.77140763399893,345.3092001079754,667.8996740800349,1727.847682187234,365.3233396229641,432.7101612284784,388.9573883045295
0.0015607272822245,-0.0026536057093574,-661.8466163603093,14768.46275846164,15296.196491006043,12217.434456002156,1464.1230579902112,1106.6782091124162
92.00203617984376,-44.64392817361848,-678.5166241654124,2033.6990508449617,970.9384868892458,3517.6600099166585,3156.7464865476204,901.817594586776
237.10379521828347,-157.4368482173072,-607.1740191802322,-843.8439859392272,-1978.910854623348,1716.173661664801,-1654.2149982467165,-155.79599097926456
29.553324002146063,24.699115936520844,40.19523107148847,26.676321595008936,25.23349401167824,27.98994169767172,28.52533341346197,30.850020215917965
65.62659236097157,76.34988302179411,38.38362668583877,53.32318369831809,52.492620421023325,62.3664221838027,69.26436383748187,57.23880766813839
488.0936346733116,660.8091933869741,657.251841486737,425.0378259015499,819.2913127889278,403.5289794633318,331.5963582927835,370.4531534057592
0.2745849226591468,1.9810441367601608,-0.4905427876468464,1.273322186286868,3.2725555632014705,1.983375174927204,0.3785983577937124,-0.7622725907890691
448.4999938269373,2153.621445204568,524.1432634056749,205.95463843494292,493.4895070734526,177.1816471644634,708.8812083175493,1405.777656456078
-0.0005681334899423,-0.0007305855578498,-2446.5918822793747,894.4885097087865,4457.307913101507,15689.103158128912,-4527.668170843501,735.227269080336
165.95862925007606,-1136.4684372598506,-378.3267957624553,-930.6396860099004,-1363.5500809911382,672.9254103429603,-1999.851633673996,6251.225480581195
351.75211200912304,-146.4054463309455,114.84851346159503,3253.773296714767,1034.814742225504,889.2470934492726,1572.3283688716422,1007.8866829644784
21.86387845643372,30.394491564759733,17.796544534100995,27.773158636352743,28.391657251490617,39.669908397051245,23.96446800803806,21.591858678348068
56.3562731860343,71.25706379199669,55.98238391294256,71.75505385101404,63.64259372808457,43.63803719020308,55.74743319813175,48.83346027622902
274.05040186115434,448.5264735091984,560.3030276576062,783.0594571584634,356.7968620462509,385.6347844441996,606.1334544657145,349.81986103973225
0.5261747384294353,1.8497174140196924,1.864664787855972,0.8194757600734783,2.241993320386693,0.916551041097812,3.1534037169787696,3.935506320874162
131.38892460080925,868.2912791191649,60.12241109853767,1026.7235767395202,985.0935297059336,1074.4177111566446,-69.57303765359597,1185.1206612322612
0.0021812518065383,-0.0014232908798846,10626.233507834022,19629.8707569428,13477.561057519764,16873.688516350594,2816.2613411563543,-108.97407614030888
520.7382932290457,1025.0424278348687,9794.086298433403,-1562.3203253779916,27.198968461598213,-1481.5475020118731,266.8058279451652,1323.540979156916
-290.6015524069509,511.048768539191,-1682.417295128114,5726.196343836698,-854.274306056428,319.71112880417866,-518.4821966963111,-37.61504538526012
15.919793766526748,20.035654335928555,41.44290979794674,29.882904855869032,25.50397440296481,36.26838934793118,31.617895626607105,25.64786899272068
32.548472242370735,66.83623572871966,68.32003368720353,70.37515375775848,52.74821110810893,43.436543120696,95.10478567427184,37.57175162514725
626.4006213820988,464.7564557786482,300.61618552711457,590.904860355598,396.3188955764472,400.7453493258502,418.6852771257936,668.5595149646977
0.7553500532552291,1.6262461174849483,1.1145708748615497,-0.2286587471807319,1.137049862295811,1.1348111440958109,-0.2557161236287073,-1.481649910161331
860.9680140863932,267.77140763399893,345.3092001079754,667.8996740800349,1727.847682187234,365.3233396229641,432.7101612284784,388.9573883045295
0.0015607272822245,-0.0026536057093574,-661.8466163603093,14768.46275846164,15296.196491006043,12217.434456002156,1464.1230579902112,1106.6782091124162
92.00203617984376,-44.64392817361848,-678.5166241654124,2033.6990508449617,970.9384868892458,3517.6600099166585,3156.7464865476204,901.817594586776
237.10379521828347,-157.4368482173072,-607.1740191802322,-843.8439859392272,-1978.910854623348,1716.173661664801,-1654.2149982467165,-155.79599097926456
29.553324002146063,24.699115936520844,40.19523107148847,26.676321595008936,25.23349401167824,27.98994169767172,28.52533341346197,30.850020215917965
65.62659236097157,76.34988302179411,38.38362668583877,53.32318369831809,52.492620421023325,62.3664221838027,69.26436383748187,57.23880766813839
488.0936346733116,660.8091933869741,657.251841486737,425.0378259015499,819.2913127889278,403.5289794633318,331.5963582927835,370.4531534057592
0.2745849226591468,1.9810441367601608,-0.4905427876468464,1.273322186286868,3.2725555632014705,1.983375174927204,0.3785983577937124,-0.7622725907890691
448.4999938269373,2153.621445204568,524.1432634056749,205.95463843494292,493.4895070734526,177.1816471644634,708.8812083175493,1405.777656456078
-0.0005681334899423,-0.0007305855578498,-2446.5918822793747,894.4885097087865,4457.307913101507,15689.103158128912,-4527.668170843501,735.227269080336
165.95862925007606,-1136.4684372598506,-378.3267957624553,-930.6396860099004,-1363.5500809911382,672.9254103429603,-1999.851633673996,6251.225480581195
351.75211200912304,-146.4054463309455,114.84851346159503,3253.773296714767,1034.814742225504,889.2470934492726,1572.3283688716422,1007.8866829644784
21.86387845643372,30.394491564759733,17.796544534100995,27.773158636352743,28.391657251490617,39.669908397051245,23.96446800803806,21.591858678348068
56.3562731860343,71.25706379199669,55.98238391294256,71.75505385101404,63.64259372808457,43.63803719020308,55.74743319813175,48.83346027622902
274.05040186115434,448.5264735091984,560.3030276576062,783.0594571584634,356.7968620462509,385.6347844441996,606.1334544657145,349.81986103973225
0.5261747384294353,1.8497174140196924,1.864664787855972,0.8194757600734783,2.241993320386693,0.916551041097812,3.1534037169787696,3.935506320874162
131.38892460080925,868.2912791191649,60.12241109853767,1026.7235767395202,985.0935297059336,1074.4177111566446,-69.57303765359597,1185.1206612322612
0.0021812518065383,-0.0014232908798846,10626.233507834022,19629.8707569428,13477.561057519764,16873.688516350594,2816.2613411563543,-108.97407614030888
520.7382932290457,1025.0424278348687,9794.086298433403,-1562.3203253779916,27.198968461598213,-1481.5475020118731,266.8058279451652,1323.540979156916
-290.6015524069509,511.048768539191,-1682.417295128114,5726.196343836698,-854.274306056428,319.71112880417866,-518.4821966963111,-37.61504538526012
15.919793766526748,20.035654335928555,41.44290979794674,29.882904855869032,25.50397440296481,36.26838934793118,31.617895626607105,25.64786899272068
32.548472242370735,66.83623572871966,68.32003368720353,70.37515375775848,52.74821110810893,43.436543120696,95.10478567427184,37.57175162514725
626.4006213820988,464.7564557786482,300.61618552711457,590.904860355598,396.3188955764472,400.7453493258502,418.6852771257936,668.5595149646977
0.7553500532552291,1.6262461174849483,1.1145708748615497,-0.2286587471807319,1.137049862295811,1.1348111440958109,-0.2557161236287073,-1.481649910161331
860.9680140863932,267.77140763399893,345.3092001079754,667.8996740800349,1727.847682187234,365.3233396229641,432.7101612284784,388.9573883045295
0.0015607272822245,-0.0026536057093574,-661.8466163603093,14768.46275846164,15296.196491006043,12217.434456002156,1464.1230579902112,1106.6782091124162
92.00203617984376,-44.64392817361848,-678.5166241654124,2033.6990508449617,970.9384868892458,3517.6600099166585,3156.7464865476204,901.817594586776
237.10379521828347,-157.4368482173072,-607.1740191802322,-843.8439859392272,-1978.910854623348,1716.173661664801,-1654.2149982467165,-155.79599097926456
29.553324002146063,24.699115936520844,40.19523107148847,26.676321595008936,25.23349401167824,27.98994169767172,28.52533341346197,30.850020215917965
65.62659236097157,76.34988302179411,38.38362668583877,53.32318369831809,52.492620421023325,62.3664221838027,69.26436383748187,57.23880766813839
488.0936346733116,660.8091933869741,657.251841486737,425.0378259015499,819.2913127889278,403.5289794633318,331.5963582927835,370.4531534057592
0.2745849226591468,1.9810441367601608,-0.4905427876468464,1.273322186286868,3.2725555632014705,1.983375174927204,0.3785983577937124,-0.7622725907890691
448.4999938269373,2153.621445204568,524.1432634056749,205.95463843494292,493.4895070734526,177.1816471644634,708.8812083175493,1405.777656456078
-0.0005681334899423,-0.0007305855578498,-2446.5918822793747,894.4885097087865,4457.307913101507,15689.103158128912,-4527.668170843501,735.227269080336
165.95862925007606,-1136.4684372598506,-378.3267957624553,-930.6396860099004,-1363.5500809911382,672.9254103429603,-1999.851633673996,6251.225480581195
351.75211200912304,-146.4054463309455,114.84851346159503,3253.773296714767,1034.814742225504,889.2470934492726,1572.3283688716422,1007.8866829644784
21.86387845643372,30.394491564759733,17.796544534100995,27.773158636352743,28.391657251490617,39.669908397051245,23.96446800803806,21.591858678348068
56.3562731860343,71.25706379199669,55.98238391294256,71.75505385101404,63.64259372808457,43.63803719020308,55.74743319813175,48.83346027622902
274.05040186115434,448.5264735091984,560.3030276576062,783.0594571584634,356.7968620462509,385.6347844441996,606.1334544657145,349.81986103973225
0.5261747384294353,1.8497174140196924,1.864664787855972,0.8194757600734783,2.241993320386693,0.916551041097812,3.1534037169787696,3.935506320874162
131.38892460080925,868.2912791191649,60.12241109853767,1026.7235767395202,985.0935297059336,1074.4177111566446,-69.57303765359597,1185.1206612322612
0.0021812518065383,-0.0014232908798846,10626.233507834022,19629.8707569428,13477.561057519764,16873.688516350594,2816.2613411563543,-108.97407614030888
520.7382932290457,1025.0424278348687,9794.086298433403,-1562.3203253779916,27.198968461598213,-1481.5475020118731,266.8058279451652,1323.540979156916
-290.6015524069509,511.048768539191,-1682.417295128114,5726.196343836698,-854.274306056428,319.71112880417866,-518.4821966963111,-37.61504538526012
15.919793766526748,20.035654335928555,41.44290979794674,29.882904855869032,25.50397440296481,36.26838934793118,31.617895626607105,25.64786899272068
32.548472242370735,66.83623572871966,68.32003368720353,70.37515375775848,52.74821110810893,43.436543120696,95.10478567427184,37.57175162514725
626.4006213820988,464.7564557786482,300.61618552711457,590.904860355598,396.3188955764472,400.7453493258502,418.6852771257936,668.5595149646977
0.7553500532552291,1.6262461174849483,1.1145708748615497,-0.2286587471807319,1.137049862295811,1.1348111440958109,-0.2557161236287073,-1.481649910161331
860.9680140863932,267.77140763399893,345.3092001079754,667.8996740800349,1727.847682187234,365.3233396229641,432.7101612284784,388.9573883045295
0.0015607272822245,-0.0026536057093574,-661.8466163603093,14768.46275846164,15296.196491006043,12217.434456002156,1464.1230579902112,1106.6782091124162
92.00203617984376,-44.64392817361848,-678.5166241654124,2033.6990508449617,970.9384868892458,3517.6600099166585,3156.7464865476204,901.817594586776
237.10379521828347,-157.4368482173072,-607.1740191802322,-843.8439859392272,-1978.910854623348,1716.173661664801,-1654.2149982467165,-155.79599097926456
29.553324002146063,24.699115936520844,40.19523107148847,26.676321595008936,25.23349401167824,27.98994169767172,28.52533341346197,30.850020215917965
65.62659236097157,76.34988302179411,38.38362668583877,53.32318369831809,52.492620421023325,62.3664221838027,69.26436383748187,57.23880766813839
488.0936346733116,660.8091933869741,657.251841486737,425.0378259015499,819.2913127889278,403.5289794633318,331.5963582927835,370.4531534057592
0.2745849226591468,1.9810441367601608,-0.4905427876468464,1.273322186286868,3.2725555632014705,1.983375174927204,0.3785983577937124,-0.7622725907890691
448.4999938269373,2153.621445204568,524.1432634056749,205.95463843494292,493.4895070734526,177.1816471644634,708.8812083175493,1405.777656456078
-0.0005681334899423,-0.0007305855578498,-2446.5918822793747,894.4885097087865,4457.307913101507,15689.103158128912,-4527.668170843501,735.227269080336
165.95862925007606,-1136.4684372598506,-378.3267957624553,-930.6396860099004,-1363.5500809911382,672.9254103429603,-1999.851633673996,6251.225480581195
351.75211200912304,-146.4054463309455,114.84851346159503,3253.773296714767,1034.814742225504,889.2470934492726,1572.3283688716422,1007.8866829644784
21.86387845643372,30.394491564759733,17.796544534100995,27.773158636352743,28.391657251490617,39.669908397051245,23.96446800803806,21.591858678348068
56.3562731860343,71.25706379199669,55.98238391294256,71.75505385101404,63.64259372808457,43.63803719020308,55.74743319813175,48.83346027622902
274.05040186115434,448.5264735091984,560.3030276576062,783.0594571584634,356.7968620462509,385.6347844441996,606.1334544657145,349.81986103973225
0.5261747384294353,1.8497174140196924,1.864664787855972,0.8194757600734783,2.241993320386693,0.916551041097812,3.1534037169787696,3.935506320874162
131.38892460080925,868.2912791191649,60.12241109853767,1026.7235767395202,985.0935297059336,1074.4177111566446,-69.57303765359597,1185.1206612322612
0.0021812518065383,-0.0014232908798846,10626.233507834022,19629.8707569428,13477.561057519764,16873.688516350594,2816.2613411563543,-108.97407614030888
520.7382932290457,1025.0424278348687,9794.086298433403,-1562.3203253779916,27.198968461598213,-1481.5475020118731,266.8058279451652,1323.540979156916
-290.6015524069509,511.048768539191,-1682.417295128114,5726.196343836698,-854.274306056428,319.71112880417866,-518.4821966963111,-37.61504538526012
15.919793766526748,20.035654335928555,41.44290979794674,29.882904855869032,25.50397440296481,36.26838934793118,31.617895626607105,25.64786899272068
32.548472242370735,66.83623572871966,68.32003368720353,70.37515375775848,52.74821110810893,43.436543120696,95.10478567427184,37.57175162514725
626.4006213820988,464.7564557786482,300.61618552711457,590.904860355598,396.3188955764472,400.7453493258502,418.6852771257936,668.5595149646977
0.7553500532552291,1.6262461174849483,1.1145708748615497,-0.2286587471807319,1.137049862295811,1.1348111440958109,-0.2557161236287073,-1.481649910161331
860.9680140863932,267.77140763399893,345.3092001079754,667.8996740800349,1727.847682187234,365.3233396229641,432.7101612284784,388.9573883045295
0.0015607272822245,-0.0026536057093574,-661.8466163603093,14768.46275846164,15296.196491006043,12217.434456002156,1464.1230579902112,1106.6782091124162
92.00203617984376,-44.64392817361848,-678.5166241654124,2033.6990508449617,970.9384868892458,3517.6600099166585,3156.7464865476204,901.817594586776
237.10379521828347,-157.4368482173072,-607.1740191802322,-843.8439859392272,-1978.910854623348,1716.173661664801,-1654.2149982467165,-155.79599097926456
29.553324002146063,24.699115936520844,40.19523107148847,26.676321595008936,25.23349401167824,27.98994169767172,28.52533341346197,30.850020215917965
65.62659236097157,76.34988302179411,38.38362668583877,53.32318369831809,52.492620421023325,62.3664221838027,69.26436383748187,57.23880766813839
488.0936346733116,660.8091933869741,657.251841486737,425.0378259015499,819.2913127889278,403.5289794633318,331.5963582927835,370.4531534057592
0.2745849226591468,1.9810441367601608,-0.4905427876468464,1.273322186286868,3.2725555632014705,1.983375174927204,0.3785983577937124,-0.7622725907890691
448.4999938269373,2153.621445204568,524.1432634056749,205.95463843494292,493.4895070734526,177.1816471644634,708.8812083175493,1405.777656456078
-0.0005681334899423,-0.0007305855578498,-2446.5918822793747,894.4885097087865,4457.307913101507,15689.103158128912,-4527.668170843501,735.227269080336
165.95862925007606,-1136.4684372598506,-378.3267957624553,-930.6396860099004,-1363.5500809911382,672.9254103429603,-1999.851633673996,6251.225480581195
351.75211200912304,-146.4054463309455,114.84851346159503,3253.773296714767,1034.814742225504,889.2470934492726,1572.3283688716422,1007.8866829644784
21.86387845643372,30.394491564759733,17.796544534100995,27.773158636352743,28.391657251490617,39.669908397051245,23.96446800803806,21.591858678348068
56.3562731860343,71.25706379199669,55.98238391294256,71.75505385101404,63.64259372808457,43.63803719020308,55.74743319813175,48.83346027622902
274.05040186115434,448.5264735091984,560.3030276576062,783.0594571584634,356.7968620462509,385.6347844441996,606.1334544657145,349.81986103973225
0.5261747384294353,1.8497174140196924,1.864664787855972,0.8194757600734783,2.241993320386693,0.916551041097812,3.1534037169787696,3.935506320874162
131.38892460080925,868.2912791191649,60.12241109853767,1026.7235767395202,985.0935297059336,1074.4177111566446,-69.57303765359597,1185.1206612322612
0.0021812518065383,-0.0014232908798846,10626.233507834022,19629.8707569428,13477.561057519764,16873.688516350594,2816.2613411563543,-108.97407614030888
520.7382932290457,1025.0424278348687,9794.086298433403,-1562.3203253779916,27.198968461598213,-1481.5475020118731,266.8058279451652,1323.540979156916
-290.6015524069509,511.048768539191,-1682.417295128114,5726.196343836698,-854.274306056428,319.71112880417866,-518.4821966963111,-37.61504538526012
15.919793766526748,20.035654335928555,41.44290979794674,29.882904855869032,25.50397440296481,36.26838934793118,31.617895626607105,25.64786899272068
32.548472242370735,66.83623572871966,68.32003368720353,70.37515375775848,52.74821110810893,43.436543120696,95.10478567427184,37.57175162514725
626.4006213820988,464.7564557786482,300.61618552711457,590.904860355598,396.3188955764472,400.7453493258502,418.6852771257936,668.5595149646977
0.7553500532552291,1.6262461174849483,1.1145708748615497,-0.2286587471807319,1.137049862295811,1.1348111440958109,-0.2557161236287073,-1.481649910161331
860.9680140863932,267.77140763399893,345.3092001079754,667.8996740800349,1727.847682187234,365.3233396229641,432.7101612284784,388.9573883045295
0.0015607272822245,-0.0026536057093574,-661.8466163603093,14768.46275846164,15296.196491006043,12217.434456002156,1464.1230579902112,1106.6782091124162
92.00203617984376,-44.64392817361848,-678.5166241654124,2033.6990508449617,970.9384868892458,3517.6600099166585,3156.7464865476204,901.817594586776
237.10379521828347,-157.4368482173072,-607.1740191802322,-843.8439859392272,-1978.910854623348,1716.173661664801,-1654.2149982467165,-155.79599097926456
29.553324002146063,24.699115936520844,40.19523107148847,26.676321595008936,25.23349401167824,27.98994169767172,28.52533341346197,30.850020215917965
65.62659236097157,76.34988302179411,38.38362668583877,53.32318369831809,52.492620421023325,62.3664221838027,69.26436383748187,57.23880766813839
488.0936346733116,660.8091933869741,657.251841486737,425.0378259015499,819.2913127889278,403.5289794633318,331.5963582927835,370.4531534057592
0.2745849226591468,1.9810441367601608,-0.4905427876468464,1.273322186286868,3.2725555632014705,1.983375174927204,0.3785983577937124,-0.7622725907890691
448.4999938269373,2153.621445204568,524.1432634056749,205.95463843494292,493.4895070734526,177.1816471644634,708.8812083175493,1405.777656456078
-0.0005681334899423,-0.0007305855578498,-2446.5918822793747,894.4885097087865,4457.307913101507,15689.103158128912,-4527.668170843501,735.227269080336
165.95862925007606,-1136.4684372598506,-378.3267957624553,-930.6396860099004,-1363.5500809911382,672.9254103429603,-1999.851633673996,6251.225480581195
351.75211200912304,-146.4054463309455,114.84851346159503,3253.773296714767,1034.814742225504,889.2470934492726,1572.3283688716422,1007.8866829644784
21.86387845643372,30.394491564759733,17.796544534100995,27.773158636352743,28.391657251490617,39.669908397051245,23.96446800803806,21.591858678348068
56.3562731860343,71.25706379199669,55.98238391294256,71.75505385101404,63.64259372808457,43.63803719020308,55.74743319813175,48.83346027622902
274.05040186115434,448.5264735091984,560.3030276576062,783.0594571584634,356.7968620462509,385.6347844441996,606.1334544657145,349.81986103973225
0.5261747384294353,1.8497174140196924,1.864664787855972,0.8194757600734783,2.241993320386693,0.916551041097812,3.1534037169787696,3.935506320874162
131.38892460080925,868.2912791191649,60.12241109853767,1026.7235767395202,985.0935297059336,1074.4177111566446,-69.57303765359597,1185.1206612322612
0.0021812518065383,-0.0014232908798846,10626.233507834022,19629.8707569428,13477.561057519764,16873.688516350594,2816.2613411563543,-108.97407614030888
520.7382932290457,1025.0424278348687,9794.086298433403,-1562.3203253779916,27.198968461598213,-1481.5475020118731,266.8058279451652,1323.540979156916
-290.6015524069509,511.048768539191,-1682.417295128114,5726.196343836698,-854.274306056428,319.71112880417866,-518.4821966963111,-37.61504538526012
15.919793766526748,20.035654335928555,41.44290979794674,29.882904855869032,25.50397440296481,36.26838934793118,31.617895626607105,25.64786899272068
32.548472242370735,66.83623572871966,68.32003368720353,70.37515375775848,52.74821110810893,43.436543120696,95.10478567427184,37.57175162514725
626.4006213820988,464.7564557786482,300.61618552711457,590.904860355598,396.3188955764472,400.7453493258502,418.6852771257936,668.5595149646977
0.7553500532552291,1.6262461174849483,1.1145708748615497,-0.2286587471807319,1.137049862295811,1.1348111440958109,-0.2557161236287073,-1.481649910161331
860.9680140863932,267.77140763399893,345.3092001079754,667.8996740800349,1727.847682187234,365.3233396229641,432.7101612284784,388.9573883045295
0.0015607272822245,-0.0026536057093574,-661.8466163603093,14768.46275846164,15296.196491006043,12217.434456002156,1464.1230579902112,1106.6782091124162
92.00203617984376,-44.64392817361848,-678.5166241654124,2033.6990508449617,970.9384868892458,3517.6600099166585,3156.7464865476204,901.817594586776
237.10379521828347,-157.4368482173072,-607.1740191802322,-843.8439859392272,-1978.910854623348,1716.173661664801,-1654.2149982467165,-155.79599097926456
29.553324002146063,24.699115936520844,40.19523107148847,26.676321595008936,25.23349401167824,27.98994169767172,28.52533341346197,30.850020215917965
65.62659236097157,76.34988302179411,38.38362668583877,53.32318369831809,52.492620421023325,62.3664221838027,69.26436383748187,57.23880766813839
488.0936346733116,660.8091933869741,657.251841486737,425.0378259015499,819.2913127889278,403.5289794633318,331.5963582927835,370.4531534057592
0.2745849226591468,1.9810441367601608,-0.4905427876468464,1.273322186286868,3.2725555632014705,1.983375174927204,0.3785983577937124,-0.7622725907890691
448.4999938269373,2153.621445204568,524.1432634056749,205.95463843494292,493.4895070734526,177.1816471644634,708.8812083175493,1405.777656456078
-0.0005681334899423,-0.0007305855578498,-2446.5918822793747,894.4885097087865,4457.307913101507,15689.103158128912,-4527.668170843501,735.227269080336
165.95862925007606,-1136.4684372598506,-378.3267957624553,-930.6396860099004,-1363.5500809911382,672.9254103429603,-1999.851633673996,6251.225480581195
351.75211200912304,-146.4054463309455,114.84851346159503,3253.773296714767,1034.814742225504,889.2470934492726,1572.3283688716422,1007.8866829644784
21.86387845643372,30.394491564759733,17.796544534100995,27.773158636352743,28.391657251490617,39.669908397051245,23.96446800803806,21.591858678348068
56.3562731860343,71.25706379199669,55.98238391294256,71.75505385101404,63.64259372808457,43.63803719020308,55.74743319813175,48.83346027622902
274.05040186115434,448.5264735091984,560.3030276576062,783.0594571584634,356.7968620462509,385.6347844441996,606.1334544657145,349.81986103973225
0.5261747384294353,1.8497174140196924,1.864664787855972,0.8194757600734783,2.241993320386693,0.916551041097812,3.1534037169787696,3.935506320874162
131.38892460080925,868.2912791191649,60.12241109853767,1026.7235767395202,985.0935297059336,1074.4177111566446,-69.57303765359597,1185.1206612322612
0.0021812518065383,-0.0014232908798846,10626.233507834022,19629.8707569428,13477.561057519764,16873.688516350594,2816.2613411563543,-108.97407614030888
520.7382932290457,1025.0424278348687,9794.086298433403,-1562.3203253779916,27.198968461598213,-1481.5475020118731,266.8058279451652,1323.540979156916
-290.6015524069509,511.048768539191,-1682.417295128114,5726.196343836698,-854.274306056428,319.71112880417866,-518.4821966963111,-37.61504538526012
15.919793766526748,20.035654335928555,41.44290979794674,29.882904855869032,25.50397440296481,36.26838934793118,31.617895626607105,25.64786899272068
32.548472242370735,66.83623572871966,68.32003368720353,70.37515375775848,52.74821110810893,43.436543120696,95.10478567427184,37.57175162514725
626.4006213820988,464.7564557786482,300.61618552711457,590.904860355598,396.3188955764472,400.7453493258502,418.6852771257936,668.5595149646977
0.7553500532552291,1.6262461174849483,1.1145708748615497,-0.2286587471807319,1.137049862295811,1.1348111440958109,-0.2557161236287073,-1.481649910161331
860.9680140863932,267.77140763399893,345.3092001079754,667.8996740800349,1727.847682187234,365.3233396229641,432.7101612284784,388.9573883045295
0.0015607272822245,-0.0026536057093574,-661.8466163603093,14768.46275846164,15296.196491006043,12217.434456002156,1464.1230579902112,1106.6782091124162
92.00203617984376,-44.64392817361848,-678.5166241654124,2033.6990508449617,970.9384868892458,3517.6600099166585,3156.7464865476204,901.817594586776
237.10379521828347,-157.4368482173072,-607.1740191802322,-843.8439859392272,-1978.910854623348,1716.173661664801,-1654.2149982467165,-155.79599097926456
29.553324002146063,24.699115936520844,40.19523107148847,26.676321595008936,25.23349401167824,27.98994169767172,28.52533341346197,30.850020215917965
65.62659236097157,76.34988302179411,38.38362668583877,53.32318369831809,52.492620421023325,62.3664221838027,69.26436383748187,57.23880766813839
488.0936346733116,660.8091933869741,657.251841486737,425.0378259015499,819.2913127889278,403.5289794633318,331.5963582927835,370.4531534057592
0.2745849226591468,1.9810441367601608,-0.4905427876468464,1.273322186286868,3.2725555632014705,1.983375174927204,0.3785983577937124,-0.7622725907890691
448.4999938269373,2153.621445204568,524.1432634056749,205.95463843494292,493.4895070734526,177.1816471644634,708.8812083175493,1405.777656456078
-0.0005681334899423,-0.0007305855578498,-2446.5918822793747,894.4885097087865,4457.307913101507,15689.103158128912,-4527.668170843501,735.227269080336
165.95862925007606,-1136.4684372598506,-378.3267957624553,-930.6396860099004,-1363.5500809911382,672.9254103429603,-1999.851633673996,6251.225480581195
351.75211200912304,-146.4054463309455,114.84851346159503,3253.773296714767,1034.814742225504,889.2470934492726,1572.3283688716422,1007.8866829644784
21.86387845643372,30.394491564759733,17.796544534100995,27.773158636352743,28.391657251490617,39.669908397051245,23.96446800803806,21.591858678348068
56.3562731860343,71.25706379199669,55.98238391294256,71.75505385101404,63.64259372808457,43.63803719020308,55.74743319813175,48.83346027622902
274.05040186115434,448.5264735091984,560.3030276576062,783.0594571584634,356.7968620462509,385.6347844441996,606.1334544657145,349.81986103973225
0.5261747384294353,1.8497174140196924,1.864664787855972,0.8194757600734783,2.241993320386693,0.916551041097812,3.1534037169787696,3.935506320874162
131.38892460080925,868.2912791191649,60.12241109853767,1026.7235767395202,985.0935297059336,1074.4177111566446,-69.57303765359597,1185.1206612322612
0.0021812518065383,-0.0014232908798846,10626.233507834022,19629.8707569428,13477.561057519764,16873.688516350594,2816.2613411563543,-108.97407614030888
520.7382932290457,1025.0424278348687,9794.086298433403,-1562.3203253779916,27.198968461598213,-1481.5475020118731,266.8058279451652,1323.540979156916
-290.6015524069509,511.048768539191,-1682.417295128114,5726.196343836698,-854.274306056428,319.71112880417866,-518.4821966963111,-37.61504538526012
15.919793766526748,20.035654335928555,41.44290979794674,29.882904855869032,25.50397440296481,36.26838934793118,31.617895626607105,25.64786899272068
32.548472242370735,66.83623572871966,68.32003368720353,70.37515375775848,52.74821110810893,43.436543120696,95.10478567427184,37.57175162514725
626.4006213820988,464.7564557786482,300.61618552711457,590.904860355598,396.3188955764472,400.7453493258502,418.6852771257936,668.5595149646977
0.7553500532552291,1.6262461174849483,1.1145708748615497,-0.2286587471807319,1.137049862295811,1.1348111440958109,-0.2557161236287073,-1.481649910161331
860.9680140863932,267.77140763399893,345.3092001079754,667.8996740800349,1727.847682187234,365.3233396229641,432.7101612284784,388.9573883045295
0.0015607272822245,-0.0026536057093574,-661.8466163603093,14768.46275846164,15296.196491006043,12217.434456002156,1464.1230579902112,1106.6782091124162
92.00203617984376,-44.64392817361848,-678.5166241654124,2033.6990508449617,970.9384868892458,3517.6600099166585,3156.7464865476204,901.817594586776
237.10379521828347,-157.4368482173072,-607.1740191802322,-843.8439859392272,-1978.910854623348,1716.173661664801,-1654.2149982467165,-155.79599097926456
29.553324002146063,24.699115936520844,40.19523107148847,26.676321595008936,25.23349401167824,27.98994169767172,28.52533341346197,30.850020215917965
65.62659236097157,76.34988302179411,38.38362668583877,53.32318369831809,52.492620421023325,62.3664221838027,69.26436383748187,57.23880766813839
488.0936346733116,660.8091933869741,657.251841486737,425.0378259015499,819.2913127889278,403.5289794633318,331.5963582927835,370.4531534057592
0.2745849226591468,1.9810441367601608,-0.4905427876468464,1.273322186286868,3.2725555632014705,1.983375174927204,0.3785983577937124,-0.7622725907890691
448.4999938269373,2153.621445204568,524.1432634056749,205.95463843494292,493.4895070734526,177.1816471644634,708.8812083175493,1405.777656456078
-0.0005681334899423,-0.0007305855578498,-2446.5918822793747,894.4885097087865,4457.307913101507,15689.103158128912,-4527.668170843501,735.227269080336
165.95862925007606,-1136.4684372598506,-378.3267957624553,-930.6396860099004,-1363.5500809911382,672.9254103429603,-1999.851633673996,6251.225480581195
351.75211200912304,-146.4054463309455,114.84851346159503,3253.773296714767,1034.814742225504,889.2470934492726,1572.3283688716422,1007.8866829644784
21.86387845643372,30.394491564759733,17.796544534100995,27.773158636352743,28.391657251490617,39.669908397051245,23.96446800803806,21.591858678348068
56.3562731860343,71.25706379199669,55.98238391294256,71.75505385101404,63.64259372808457,43.63803719020308,55.74743319813175,48.83346027622902
274.05040186115434,448.5264735091984,560.3030276576062,783.0594571584634,356.7968620462509,385.6347844441996,606.1334544657145,349.81986103973225
0.5261747384294353,1.8497174140196924,1.864664787855972,0.8194757600734783,2.241993320386693,0.916551041097812,3.1534037169787696,3.935506320874162
131.38892460080925,868.2912791191649,60.12241109853767,1026.7235767395202,985.0935297059336,1074.4177111566446,-69.57303765359597,1185.1206612322612
0.0021812518065383,-0.0014232908798846,10626.233507834022,19629.8707569428,13477.561057519764,16873.688516350594,2816.2613411563543,-108.97407614030888
520.7382932290457,1025.0424278348687,9794.086298433403,-1562.3203253779916,27.198968461598213,-1481.5475020118731,266.8058279451652,1323.540979156916
-290.6015524069509,511.048768539191,-1682.417295128114,5726.196343836698,-854.274306056428,319.71112880417866,-518.4821966963111,-37.61504538526012
15.919793766526748,20.035654335928555,41.44290979794674,29.882904855869032,25.50397440296481,36.26838934793118,31.617895626607105,25.64786899272068
32.548472242370735,66.83623572871966,68.32003368720353,70.37515375775848,52.74821110810893,43.436543120696,95.10478567427184,37.57175162514725
626.4006213820988,464.7564557786482,300.61618552711457,590.904860355598,396.3188955764472,400.7453493258502,418.6852771257936,668.5595149646977
0.7553500532552291,1.6262461174849483,1.1145708748615497,-0.2286587471807319,1.137049862295811,1.1348111440958109,-0.2557161236287073,-1.481649910161331
860.9680140863932,267.77140763399893,345.3092001079754,667.8996740800349,1727.847682187234,365.3233396229641,432.7101612284784,388.9573883045295
0.0015607272822245,-0.0026536057093574,-661.8466163603093,14768.46275846164,15296.196491006043,12217.434456002156,1464.1230579902112,1106.6782091124162
92.00203617984376,-44.64392817361848,-678.5166241654124,2033.6990508449617,970.9384868892458,3517.6600099166585,3156.7464865476204,901.817594586776
237.10379521828347,-157.4368482173072,-607.1740191802322,-843.8439859392272,-1978.910854623348,1716.173661664801,-1654.2149982467165,-155.79599097926456
29.553324002146063,24.699115936520844,40.19523107148847,26.676321595008936,25.23349401167824,27.98994169767172,28.52533341346197,30.850020215917965
65.62659236097157,76.34988302179411,38.38362668583877,53.32318369831809,52.492620421023325,62.3664221838027,69.26436383748187,57.23880766813839
488.0936346733116,660.8091933869741,657.251841486737,425.0378259015499,819.2913127889278,403.5289794633318,331.5963582927835,370.4531534057592
0.2745849226591468,1.9810441367601608,-0.4905427876468464,1.273322186286868,3.2725555632014705,1.983375174927204,0.3785983577937124,-0.7622725907890691
448.4999938269373,2153.621445204568,524.1432634056749,205.95463843494292,493.4895070734526,177.1816471644634,708.8812083175493,1405.777656456078
-0.0005681334899423,-0.0007305855578498,-2446.5918822793747,894.4885097087865,4457.307913101507,15689.103158128912,-4527.668170843501,735.227269080336
165.95862925007606,-1136.4684372598506,-378.3267957624553,-930.6396860099004,-1363.5500809911382,672.9254103429603,-1999.851633673996,6251.225480581195
351.75211200912304,-146.4054463309455,114.84851346159503,3253.773296714767,1034.814742225504,889.2470934492726,1572.3283688716422,1007.8866829644784
21.86387845643372,30.394491564759733,17.796544534100995,27.773158636352743,28.391657251490617,39.669908397051245,23.96446800803806,21.591858678348068
56.3562731860343,71.25706379199669,55.98238391294256,71.75505385101404,63.64259372808457,43.63803719020308,55.74743319813175,48.83346027622902
274.05040186115434,448.5264735091984,560.3030276576062,783.0594571584634,356.7968620462509,385.6347844441996,606.1334544657145,349.81986103973225
0.5261747384294353,1.8497174140196924,1.864664787855972,0.8194757600734783,2.241993320386693,0.916551041097812,3.1534037169787696,3.935506320874162
131.38892460080925,868.2912791191649,60.12241109853767,1026.7235767395202,985.0935297059336,1074.4177111566446,-69.57303765359597,1185.1206612322612
0.0021812518065383,-0.0014232908798846,10626.233507834022,19629.8707569428,13477.561057519764,16873.688516350594,2816.2613411563543,-108.97407614030888
520.7382932290457,1025.0424278348687,9794.086298433403,-1562.3203253779916,27.198968461598213,-1481.5475020118731,266.8058279451652,1323.540979156916
-290.6015524069509,511.048768539191,-1682.417295128114,5726.196343836698,-854.274306056428,319.71112880417866,-518.4821966963111,-37.61504538526012
15.919793766526748,20.035654335928555,41.44290979794674,29.882904855869032,25.50397440296481,36.26838934793118,31.617895626607105,25.64786899272068
32.548472242370735,66.83623572871966,68.32003368720353,70.37515375775848,52.74821110810893,43.436543120696,95.10478567427184,37.57175162514725
626.4006213820988,464.7564557786482,300.61618552711457,590.904860355598,396.3188955764472,400.7453493258502,418.6852771257936,668.5595149646977
0.7553500532552291,1.6262461174849483,1.1145708748615497,-0.2286587471807319,1.137049862295811,1.1348111440958109,-0.2557161236287073,-1.481649910161331
860.9680140863932,267.77140763399893,345.3092001079754,667.8996740800349,1727.847682187234,365.3233396229641,432.7101612284784,388.9573883045295
0.0015607272822245,-0.0026536057093574,-661.8466163603093,14768.46275846164,15296.196491006043,12217.434456002156,1464.1230579902112,1106.6782091124162
92.00203617984376,-44.64392817361848,-678.5166241654124,2033.6990508449617,970.9384868892458,3517.6600099166585,3156.7464865476204,901.817594586776
237.10379521828347,-157.4368482173072,-607.1740191802322,-843.8439859392272,-1978.910854623348,1716.173661664801,-1654.2149982467165,-155.79599097926456
29.553324002146063,24.699115936520844,40.19523107148847,26.676321595008936,25.23349401167824,27.98994169767172,28.52533341346197,30.850020215917965
65.62659236097157,76.34988302179411,38.38362668583877,53.32318369831809,52.492620421023325,62.3664221838027,69.26436383748187,57.23880766813839
488.0936346733116,660.8091933869741,657.251841486737,425.0378259015499,819.2913127889278,403.5289794633318,331.5963582927835,370.4531534057592
0.2745849226591468,1.9810441367601608,-0.4905427876468464,1.273322186286868,3.2725555632014705,1.983375174927204,0.3785983577937124,-0.7622725907890691
448.4999938269373,2153.621445204568,524.1432634056749,205.95463843494292,493.4895070734526,177.1816471644634,708.8812083175493,1405.777656456078
-0.0005681334899423,-0.0007305855578498,-2446.5918822793747,894.4885097087865,4457.307913101507,15689.103158128912,-4527.668170843501,735.227269080336
165.95862925007606,-1136.4684372598506,-378.3267957624553,-930.6396860099004,-1363.5500809911382,672.9254103429603,-1999.851633673996,6251.225480581195
351.75211200912304,-146.4054463309455,114.84851346159503,3253.773296714767,1034.814742225504,889.2470934492726,1572.3283688716422,1007.8866829644784
21.86387845643372,30.394491564759733,17.796544534100995,27.773158636352743,28.391657251490617,39.669908397051245,23.96446800803806,21.591858678348068
56.3562731860343,71.25706379199669,55.98238391294256,71.75505385101404,63.64259372808457,43.63803719020308,55.74743319813175,48.83346027622902
274.05040186115434,448.5264735091984,560.3030276576062,783.0594571584634,356.7968620462509,385.6347844441996,606.1334544657145,349.81986103973225
0.5261747384294353,1.8497174140196924,1.864664787855972,0.8194757600734783,2.241993320386693,0.916551041097812,3.1534037169787696,3.935506320874162
131.38892460080925,868.2912791191649,60.12241109853767,1026.7235767395202,985.0935297059336,1074.4177111566446,-69.57303765359597,1185.1206612322612
0.0021812518065383,-0.0014232908798846,10626.233507834022,19629.8707569428,13477.561057519764,16873.688516350594,2816.2613411563543,-108.97407614030888
520.7382932290457,1025.0424278348687,9794.086298433403,-1562.3203253779916,27.198968461598213,-1481.5475020118731,266.8058279451652,1323.540979156916
-290.6015524069509,511.048768539191,-1682.417295128114,5726.196343836698,-854.274306056428,319.71112880417866,-518.4821966963111,-37.61504538526012
15.919793766526748,20.035654335928555,41.44290979794674,29.882904855869032,25.50397440296481,36.26838934793118,31.617895626607105,25.64786899272068
32.548472242370735,66.83623572871966,68.32003368720353,70.37515375775848,52.74821110810893,43.436543120696,95.10478567427184,37.57175162514725
626.4006213820988,464.7564557786482,300.61618552711457,590.904860355598,396.3188955764472,400.7453493258502,418.6852771257936,668.5595149646977
0.7553500532552291,1.6262461174849483,1.1145708748615497,-0.2286587471807319,1.137049862295811,1.1348111440958109,-0.2557161236287073,-1.481649910161331
860.9680140863932,267.77140763399893,345.3092001079754,667.8996740800349,1727.847682187234,365.3233396229641,432.7101612284784,388.9573883045295
0.0015607272822245,-0.0026536057093574,-661.8466163603093,14768.46275846164,15296.196491006043,12217.434456002156,1464.1230579902112,1106.6782091124162
92.00203617984376,-44.64392817361848,-678.5166241654124,2033.6990508449617,970.9384868892458,3517.6600099166585,3156.7464865476204,901.817594586776
237.10379521828347,-157.4368482173072,-607.1740191802322,-843.8439859392272,-1978.910854623348,1716.173661664801,-1654.2149982467165,-155.79599097926456
29.553324002146063,24.699115936520844,40.19523107148847,26.676321595008936,25.23349401167824,27.98994169767172,28.52533341346197,30.850020215917965
65.62659236097157,76.34988302179411,38.38362668583877,53.32318369831809,52.492620421023325,62.3664221838027,69.26436383748187,57.23880766813839
488.0936346733116,660.8091933869741,657.251841486737,425.0378259015499,819.2913127889278,403.5289794633318,331.5963582927835,370.4531534057592
0.2745849226591468,1.9810441367601608,-0.4905427876468464,1.273322186286868,3.2725555632014705,1.983375174927204,0.3785983577937124,-0.7622725907890691
448.4999938269373,2153.621445204568,524.1432634056749,205.95463843494292,493.4895070734526,177.1816471644634,708.8812083175493,1405.777656456078
-0.0005681334899423,-0.0007305855578498,-2446.5918822793747,894.4885097087865,4457.307913101507,15689.103158128912,-4527.668170843501,735.227269080336
165.95862925007606,-1136.4684372598506,-378.3267957624553,-930.6396860099004,-1363.5500809911382,672.9254103429603,-1999.851633673996,6251.225480581195
351.75211200912304,-146.4054463309455,114.84851346159503,3253.773296714767,1034.814742225504,889.2470934492726,1572.3283688716422,1007.8866829644784
21.86387845643372,30.394491564759733,17.796544534100995,27.773158636352743,28.391657251490617,39.669908397051245,23.96446800803806,21.591858678348068
56.3562731860343,71.25706379199669,55.98238391294256,71.75505385101404,63.64259372808457,43.63803719020308,55.74743319813175,48.83346027622902
274.05040186115434,448.5264735091984,560.3030276576062,783.0594571584634,356.7968620462509,385.6347844441996,606.1334544657145,349.81986103973225
0.5261747384294353,1.8497174140196924,1.864664787855972,0.8194757600734783,2.241993320386693,0.916551041097812,3.1534037169787696,3.935506320874162
131.38892460080925,868.2912791191649,60.12241109853767,1026.7235767395202,985.0935297059336,1074.4177111566446,-69.57303765359597,1185.1206612322612
0.0021812518065383,-0.0014232908798846,10626.233507834022,19629.8707569428,13477.561057519764,16873.688516350594,2816.2613411563543,-108.97407614030888
520.7382932290457,1025.0424278348687,9794.086298433403,-1562.3203253779916,27.198968461598213,-1481.5475020118731,266.8058279451652,1323.540979156916
-290.6015524069509,511.048768539191,-1682.417295128114,5726.196343836698,-854.274306056428,319.71112880417866,-518.4821966963111,-37.61504538526012
15.919793766526748,20.035654335928555,41.44290979794674,29.882904855869032,25.50397440296481,36.26838934793118,31.617895626607105,25.64786899272068
32.548472242370735,66.83623572871966,68.32003368720353,70.37515375775848,52.74821110810893,43.436543120696,95.10478567427184,37.57175162514725
626.4006213820988,464.7564557786482,300.61618552711457,590.904860355598,396.3188955764472,400.7453493258502,418.6852771257936,668.5595149646977
0.7553500532552291,1.6262461174849483,1.1145708748615497,-0.2286587471807319,1.137049862295811,1.1348111440958109,-0.2557161236287073,-1.481649910161331
860.9680140863932,267.77140763399893,345.3092001079754,667.8996740800349,1727.847682187234,365.3233396229641,432.7101612284784,388.9573883045295
0.0015607272822245,-0.0026536057093574,-661.8466163603093,14768.46275846164,15296.196491006043,12217.434456002156,1464.1230579902112,1106.6782091124162
92.00203617984376,-44.64392817361848,-678.5166241654124,2033.6990508449617,970.9384868892458,3517.6600099166585,3156.7464865476204,901.817594586776
237.10379521828347,-157.4368482173072,-607.1740191802322,-843.8439859392272,-1978.910854623348,1716.173661664801,-1654.2149982467165,-155.79599097926456
29.553324002146063,24.699115936520844,40.19523107148847,26.676321595008936,25.23349401167824,27.98994169767172,28.52533341346197,30.850020215917965
65.62659236097157,76.34988302179411,38.38362668583877,53.32318369831809,52.492620421023325,62.3664221838027,69.26436383748187,57.23880766813839
488.0936346733116,660.8091933869741,657.251841486737,425.0378259015499,819.2913127889278,403.5289794633318,331.5963582927835,370.4531534057592
0.2745849226591468,1.9810441367601608,-0.4905427876468464,1.273322186286868,3.2725555632014705,1.983375174927204,0.3785983577937124,-0.7622725907890691
448.4999938269373,2153.621445204568,524.1432634056749,205.95463843494292,493.4895070734526,177.1816471644634,708.8812083175493,1405.777656456078
-0.0005681334899423,-0.0007305855578498,-2446.5918822793747,894.4885097087865,4457.307913101507,15689.103158128912,-4527.668170843501,735.227269080336
165.95862925007606,-1136.4684372598506,-378.3267957624553,-930.6396860099004,-1363.5500809911382,672.9254103429603,-1999.851633673996,6251.225480581195
351.75211200912304,-146.4054463309455,114.84851346159503,3253.773296714767,1034.814742225504,889.2470934492726,1572.3283688716422,1007.8866829644784
21.86387845643372,30.394491564759733,17.796544534100995,27.773158636352743,28.391657251490617,39.669908397051245,23.96446800803806,21.591858678348068
56.3562731860343,71.25706379199669,55.98238391294256,71.75505385101404,63.64259372808457,43.63803719020308,55.74743319813175,48.83346027622902
274.05040186115434,448.5264735091984,560.3030276576062,783.0594571584634,356.7968620462509,385.6347844441996,606.1334544657145,349.81986103973225
0.5261747384294353,1.8497174140196924,1.864664787855972,0.8194757600734783,2.241993320386693,0.916551041097812,3.1534037169787696,3.935506320874162
131.38892460080925,868.2912791191649,60.12241109853767,1026.7235767395202,985.0935297059336,1074.4177111566446,-69.57303765359597,1185.1206612322612
0.0021812518065383,-0.0014232908798846,10626.233507834022,19629.8707569428,13477.561057519764,16873.688516350594,2816.2613411563543,-108.97407614030888
520.7382932290457,1025.0424278348687,9794.086298433403,-1562.3203253779916,27.198968461598213,-1481.5475020118731,266.8058279451652,1323.540979156916
-290.6015524069509,511.048768539191,-1682.417295128114,5726.196343836698,-854.274306056428,319.71112880417866,-518.4821966963111,-37.61504538526012
15.919793766526748,20.035654335928555,41.44290979794674,29.882904855869032,25.50397440296481,36.26838934793118,31.617895626607105,25.64786899272068
32.548472242370735,66.83623572871966,68.32003368720353,70.37515375775848,52.74821110810893,43.436543120696,95.10478567427184,37.57175162514725
626.4006213820988,464.7564557786482,300.61618552711457,590.904860355598,396.3188955764472,400.7453493258502,418.6852771257936,668.5595149646977
0.7553500532552291,1.6262461174849483,1.1145708748615497,-0.2286587471807319,1.137049862295811,1.1348111440958109,-0.2557161236287073,-1.481649910161331
860.9680140863932,267.77140763399893,345.3092001079754,667.8996740800349,1727.847682187234,365.3233396229641,432.7101612284784,388.9573883045295
0.0015607272822245,-0.0026536057093574,-661.8466163603093,14768.46275846164,15296.196491006043,12217.434456002156,1464.1230579902112,1106.6782091124162
92.00203617984376,-44.64392817361848,-678.5166241654124,2033.6990508449617,970.9384868892458,3517.6600099166585,3156.7464865476204,901.817594586776
237.10379521828347,-157.4368482173072,-607.1740191802322,-843.8439859392272,-1978.910854623348,1716.173661664801,-1654.2149982467165,-155.79599097926456
29.553324002146063,24.699115936520844,40.19523107148847,26.676321595008936,25.23349401167824,27.98994169767172,28.52533341346197,30.850020215917965
65.62659236097157,76.34988302179411,38.38362668583877,53.32318369831809,52.492620421023325,62.3664221838027,69.26436383748187,57.23880766813839
488.0936346733116,660.8091933869741,657.251841486737,425.0378259015499,819.2913127889278,403.5289794633318,331.5963582927835,370.4531534057592
0.2745849226591468,1.9810441367601608,-0.4905427876468464,1.273322186286868,3.2725555632014705,1.983375174927204,0.3785983577937124,-0.7622725907890691
448.4999938269373,2153.621445204568,524.1432634056749,205.95463843494292,493.4895070734526,177.1816471644634,708.8812083175493,1405.777656456078
-0.0005681334899423,-0.0007305855578498,-2446.5918822793747,894.4885097087865,4457.307913101507,15689.103158128912,-4527.668170843501,735.227269080336
165.95862925007606,-1136.4684372598506,-378.3267957624553,-930.6396860099004,-1363.5500809911382,672.9254103429603,-1999.851633673996,6251.225480581195
351.75211200912304,-146.4054463309455,114.84851346159503,3253.773296714767,1034.814742225504,889.2470934492726,1572.3283688716422,1007.8866829644784
21.86387845643372,30.394491564759733,17.796544534100995,27.773158636352743,28.391657251490617,39.669908397051245,23.96446800803806,21.591858678348068
56.3562731860343,71.25706379199669,55.98238391294256,71.75505385101404,63.64259372808457,43.63803719020308,55.74743319813175,48.83346027622902
274.05040186115434,448.5264735091984,560.3030276576062,783.0594571584634,356.7968620462509,385.6347844441996,606.1334544657145,349.81986103973225
0.5261747384294353,1.8497174140196924,1.864664787855972,0.8194757600734783,2.241993320386693,0.916551041097812,3.1534037169787696,3.935506320874162
131.38892460080925,868.2912791191649,60.12241109853767,1026.7235767395202,985.0935297059336,1074.4177111566446,-69.57303765359597,1185.1206612322612
0.0021812518065383,-0.0014232908798846,10626.233507834022,19629.8707569428,13477.561057519764,16873.688516350594,2816.2613411563543,-108.97407614030888
520.7382932290457,1025.0424278348687,9794.086298433403,-1562.3203253779916,27.198968461598213,-1481.5475020118731,266.8058279451652,1323.540979156916
-290.6015524069509,511.048768539191,-1682.417295128114,5726.196343836698,-854.274306056428,319.71112880417866,-518.4821966963111,-37.61504538526012
15.919793766526748,20.035654335928555,41.44290979794674,29.882904855869032,25.50397440296481,36.26838934793118,31.617895626607105,25.64786899272068
32.548472242370735,66.83623572871966,68.32003368720353,70.37515375775848,52.74821110810893,43.436543120696,95.10478567427184,37.57175162514725
626.4006213820988,464.7564557786482,300.61618552711457,590.904860355598,396.3188955764472,400.7453493258502,418.6852771257936,668.5595149646977
0.7553500532552291,1.6262461174849483,1.1145708748615497,-0.2286587471807319,1.137049862295811,1.1348111440958109,-0.2557161236287073,-1.481649910161331
860.9680140863932,267.77140763399893,345.3092001079754,667.8996740800349,1727.847682187234,365.3233396229641,432.7101612284784,388.9573883045295
0.0015607272822245,-0.0026536057093574,-661.8466163603093,14768.46275846164,15296.196491006043,12217.434456002156,1464.1230579902112,1106.6782091124162
92.00203617984376,-44.64392817361848,-678.5166241654124,2033.6990508449617,970.9384868892458,3517.6600099166585,3156.7464865476204,901.817594586776
237.10379521828347,-157.4368482173072,-607.1740191802322,-843.8439859392272,-1978.910854623348,1716.173661664801,-1654.2149982467165,-155.79599097926456
29.553324002146063,24.699115936520844,40.19523107148847,26.676321595008936,25.23349401167824,27.98994169767172,28.52533341346197,30.850020215917965
65.62659236097157,76.34988302179411,38.38362668583877,53.32318369831809,52.492620421023325,62.3664221838027,69.26436383748187,57.23880766813839
488.0936346733116,660.8091933869741,657.251841486737,425.0378259015499,819.2913127889278,403.5289794633318,331.5963582927835,370.4531534057592
0.2745849226591468,1.9810441367601608,-0.4905427876468464,1.273322186286868,3.2725555632014705,1.983375174927204,0.3785983577937124,-0.7622725907890691
448.4999938269373,2153.621445204568,524.1432634056749,205.95463843494292,493.4895070734526,177.1816471644634,708.8812083175493,1405.777656456078
-0.0005681334899423,-0.0007305855578498,-2446.5918822793747,894.4885097087865,4457.307913101507,15689.103158128912,-4527.668170843501,735.227269080336
165.95862925007606,-1136.4684372598506,-378.3267957624553,-930.6396860099004,-1363.5500809911382,672.9254103429603,-1999.851633673996,6251.225480581195
351.75211200912304,-146.4054463309455,114.84851346159503,3253.773296714767,1034.814742225504,889.2470934492726,1572.3283688716422,1007.8866829644784
21.86387845643372,30.394491564759733,17.796544534100995,27.773158636352743,28.391657251490617,39.669908397051245,23.96446800803806,21.591858678348068
56.3562731860343,71.25706379199669,55.98238391294256,71.75505385101404,63.64259372808457,43.63803719020308,55.74743319813175,48.83346027622902
274.05040186115434,448.5264735091984,560.3030276576062,783.0594571584634,356.7968620462509,385.6347844441996,606.1334544657145,349.81986103973225
0.5261747384294353,1.8497174140196924,1.864664787855972,0.8194757600734783,2.241993320386693,0.916551041097812,3.1534037169787696,3.935506320874162
131.38892460080925,868.2912791191649,60.12241109853767,1026.7235767395202,985.0935297059336,1074.4177111566446,-69.57303765359597,1185.1206612322612
0.0021812518065383,-0.0014232908798846,10626.233507834022,19629.8707569428,13477.561057519764,16873.688516350594,2816.2613411563543,-108.97407614030888
520.7382932290457,1025.0424278348687,9794.086298433403,-1562.3203253779916,27.198968461598213,-1481.5475020118731,266.8058279451652,1323.540979156916
-290.6015524069509,511.048768539191,-1682.417295128114,5726.196343836698,-854.274306056428,319.71112880417866,-518.4821966963111,-37.61504538526012
15.919793766526748,20.035654335928555,41.44290979794674,29.882904855869032,25.50397440296481,36.26838934793118,31.617895626607105,25.64786899272068
32.548472242370735,66.83623572871966,68.32003368720353,70.37515375775848,52.74821110810893,43.436543120696,95.10478567427184,37.57175162514725
626.4006213820988,464.7564557786482,300.61618552711457,590.904860355598,396.3188955764472,400.7453493258502,418.6852771257936,668.5595149646977
0.7553500532552291,1.6262461174849483,1.1145708748615497,-0.2286587471807319,1.137049862295811,1.1348111440958109,-0.2557161236287073,-1.481649910161331
860.9680140863932,267.77140763399893,345.3092001079754,667.8996740800349,1727.847682187234,365.3233396229641,432.7101612284784,388.9573883045295
0.0015607272822245,-0.0026536057093574,-661.8466163603093,14768.46275846164,15296.196491006043,12217.434456002156,1464.1230579902112,1106.6782091124162
92.00203617984376,-44.64392817361848,-678.5166241654124,2033.6990508449617,970.9384868892458,3517.6600099166585,3156.7464865476204,901.817594586776
237.10379521828347,-157.4368482173072,-607.1740191802322,-843.8439859392272,-1978.910854623348,1716.173661664801,-1654.2149982467165,-155.79599097926456
29.553324002146063,24.699115936520844,40.19523107148847,26.676321595008936,25.23349401167824,27.98994169767172,28.52533341346197,30.850020215917965
65.62659236097157,76.34988302179411,38.38362668583877,53.32318369831809,52.492620421023325,62.3664221838027,69.26436383748187,57.23880766813839
488.0936346733116,660.8091933869741,657.251841486737,425.0378259015499,819.2913127889278,403.5289794633318,331.5963582927835,370.4531534057592
0.2745849226591468,1.9810441367601608,-0.4905427876468464,1.273322186286868,3.2725555632014705,1.983375174927204,0.3785983577937124,-0.7622725907890691
448.4999938269373,2153.621445204568,524.1432634056749,205.95463843494292,493.4895070734526,177.1816471644634,708.8812083175493,1405.777656456078
-0.0005681334899423,-0.0007305855578498,-2446.5918822793747,894.4885097087865,4457.307913101507,15689.103158128912,-4527.668170843501,735.227269080336
165.95862925007606,-1136.4684372598506,-378.3267957624553,-930.6396860099004,-1363.5500809911382,672.9254103429603,-1999.851633673996,6251.225480581195
351.75211200912304,-146.4054463309455,114.84851346159503,3253.773296714767,1034.814742225504,889.2470934492726,1572.3283688716422,1007.8866829644784
21.86387845643372,30.394491564759733,17.796544534100995,27.773158636352743,28.391657251490617,39.669908397051245,23.96446800803806,21.591858678348068
56.3562731860343,71.25706379199669,55.98238391294256,71.75505385101404,63.64259372808457,43.63803719020308,55.74743319813175,48.83346027622902
274.05040186115434,448.5264735091984,560.3030276576062,783.0594571584634,356.7968620462509,385.6347844441996,606.1334544657145,349.81986103973225
0.5261747384294353,1.8497174140196924,1.864664787855972,0.8194757600734783,2.241993320386693,0.916551041097812,3.1534037169787696,3.935506320874162
131.38892460080925,868.2912791191649,60.12241109853767,1026.7235767395202,985.0935297059336,1074.4177111566446,-69.57303765359597,1185.1206612322612
0.0021812518065383,-0.0014232908798846,10626.233507834022,19629.8707569428,13477.561057519764,16873.688516350594,2816.2613411563543,-108.97407614030888
520.7382932290457,1025.0424278348687,9794.086298433403,-1562.3203253779916,27.198968461598213,-1481.5475020118731,266.8058279451652,1323.540979156916
-290.6015524069509,511.048768539191,-1682.417295128114,5726.196343836698,-854.274306056428,319.71112880417866,-518.4821966963111,-37.61504538526012
15.919793766526748,20.035654335928555,41.44290979794674,29.882904855869032,25.50397440296481,36.26838934793118,31.617895626607105,25.64786899272068
32.548472242370735,66.83623572871966,68.32003368720353,70.37515375775848,52.74821110810893,43.436543120696,95.10478567427184,37.57175162514725
626.4006213820988,464.7564557786482,300.61618552711457,590.904860355598,396.3188955764472,400.7453493258502,418.6852771257936,668.5595149646977
0.7553500532552291,1.6262461174849483,1.1145708748615497,-0.2286587471807319,1.137049862295811,1.1348111440958109,-0.2557161236287073,-1.481649910161331
860.9680140863932,267.77140763399893,345.3092001079754,667.8996740800349,1727.847682187234,365.3233396229641,432.7101612284784,388.9573883045295
0.0015607272822245,-0.0026536057093574,-661.8466163603093,14768.46275846164,15296.196491006043,12217.434456002156,1464.1230579902112,1106.6782091124162
92.00203617984376,-44.64392817361848,-678.5166241654124,2033.6990508449617,970.9384868892458,3517.6600099166585,3156.7464865476204,901.817594586776
237.10379521828347,-157.4368482173072,-607.1740191802322,-843.8439859392272,-1978.910854623348,1716.173661664801,-1654.2149982467165,-155.79599097926456
29.553324002146063,24.699115936520844,40.19523107148847,26.676321595008936,25.23349401167824,27.98994169767172,28.52533341346197,30.850020215917965
65.62659236097157,76.34988302179411,38.38362668583877,53.32318369831809,52.492620421023325,62.3664221838027,69.26436383748187,57.23880766813839
488.0936346733116,660.8091933869741,657.251841486737,425.0378259015499,819.2913127889278,403.5289794633318,331.5963582927835,370.4531534057592
0.2745849226591468,1.9810441367601608,-0.4905427876468464,1.273322186286868,3.2725555632014705,1.983375174927204,0.3785983577937124,-0.7622725907890691
448.4999938269373,2153.621445204568,524.1432634056749,205.95463843494292,493.4895070734526,177.1816471644634,708.8812083175493,1405.777656456078
-0.0005681334899423,-0.0007305855578498,-2446.5918822793747,894.4885097087865,4457.307913101507,15689.103158128912,-4527.668170843501,735.227269080336
165.95862925007606,-1136.4684372598506,-378.3267957624553,-930.6396860099004,-1363.5500809911382,672.9254103429603,-1999.851633673996,6251.225480581195
351.75211200912304,-146.4054463309455,114.84851346159503,3253.773296714767,1034.814742225504,889.2470934492726,1572.3283688716422,1007.8866829644784
21.86387845643372,30.394491564759733,17.796544534100995,27.773158636352743,28.391657251490617,39.669908397051245,23.96446800803806,21.591858678348068
56.3562731860343,71.25706379199669,55.98238391294256,71.75505385101404,63.64259372808457,43.63803719020308,55.74743319813175,48.83346027622902
274.05040186115434,448.5264735091984,560.3030276576062,783.0594571584634,356.7968620462509,385.6347844441996,606.1334544657145,349.81986103973225
0.5261747384294353,1.8497174140196924,1.864664787855972,0.8194757600734783,2.241993320386693,0.916551041097812,3.1534037169787696,3.935506320874162
131.38892460080925,868.2912791191649,60.12241109853767,1026.7235767395202,985.0935297059336,1074.4177111566446,-69.57303765359597,1185.1206612322612
0.0021812518065383,-0.0014232908798846,10626.233507834022,19629.8707569428,13477.561057519764,16873.688516350594,2816.2613411563543,-108.97407614030888
520.7382932290457,1025.0424278348687,9794.086298433403,-1562.3203253779916,27.198968461598213,-1481.5475020118731,266.8058279451652,1323.540979156916
-290.6015524069509,511.048768539191,-1682.417295128114,5726.196343836698,-854.274306056428,319.71112880417866,-518.4821966963111,-37.61504538526012
15.919793766526748,20.035654335928555,41.44290979794674,29.882904855869032,25.50397440296481,36.26838934793118,31.617895626607105,25.64786899272068
32.548472242370735,66.83623572871966,68.32003368720353,70.37515375775848,52.74821110810893,43.436543120696,95.10478567427184,37.57175162514725
626.4006213820988,464.7564557786482,300.61618552711457,590.904860355598,396.3188955764472,400.7453493258502,418.6852771257936,668.5595149646977
0.7553500532552291,1.6262461174849483,1.1145708748615497,-0.2286587471807319,1.137049862295811,1.1348111440958109,-0.2557161236287073,-1.481649910161331
860.9680140863932,267.77140763399893,345.3092001079754,667.8996740800349,1727.847682187234,365.3233396229641,432.7101612284784,388.9573883045295
0.0015607272822245,-0.0026536057093574,-661.8466163603093,14768.46275846164,15296.196491006043,12217.434456002156,1464.1230579902112,1106.6782091124162
92.00203617984376,-44.64392817361848,-678.5166241654124,2033.6990508449617,970.9384868892458,3517.6600099166585,3156.7464865476204,901.817594586776
237.10379521828347,-157.4368482173072,-607.1740191802322,-843.8439859392272,-1978.910854623348,1716.173661664801,-1654.2149982467165,-155.79599097926456
29.553324002146063,24.699115936520844,40.19523107148847,26.676321595008936,25.23349401167824,27.98994169767172,28.52533341346197,30.850020215917965
65.62659236097157,76.34988302179411,38.38362668583877,53.32318369831809,52.492620421023325,62.3664221838027,69.26436383748187,57.23880766813839
488.0936346733116,660.8091933869741,657.251841486737,425.0378259015499,819.2913127889278,403.5289794633318,331.5963582927835,370.4531534057592
0.2745849226591468,1.9810441367601608,-0.4905427876468464,1.273322186286868,3.2725555632014705,1.983375174927204,0.3785983577937124,-0.7622725907890691
448.4999938269373,2153.621445204568,524.1432634056749,205.95463843494292,493.4895070734526,177.1816471644634,708.8812083175493,1405.777656456078
-0.0005681334899423,-0.0007305855578498,-2446.5918822793747,894.4885097087865,4457.307913101507,15689.103158128912,-4527.668170843501,735.227269080336
165.95862925007606,-1136.4684372598506,-378.3267957624553,-930.6396860099004,-1363.5500809911382,672.9254103429603,-1999.851633673996,6251.225480581195
351.75211200912304,-146.4054463309455,114.84851346159503,3253.773296714767,1034.814742225504,889.2470934492726,1572.3283688716422,1007.8866829644784
21.86387845643372,30.394491564759733,17.796544534100995,27.773158636352743,28.391657251490617,39.669908397051245,23.96446800803806,21.591858678348068
56.3562731860343,71.25706379199669,55.98238391294256,71.75505385101404,63.64259372808457,43.63803719020308,55.74743319813175,48.83346027622902
274.05040186115434,448.5264735091984,560.3030276576062,783.0594571584634,356.7968620462509,385.6347844441996,606.1334544657145,349.81986103973225
0.5261747384294353,1.8497174140196924,1.864664787855972,0.8194757600734783,2.241993320386693,0.916551041097812,3.1534037169787696,3.935506320874162
131.38892460080925,868.2912791191649,60.12241109853767,1026.7235767395202,985.0935297059336,1074.4177111566446,-69.57303765359597,1185.1206612322612
0.0021812518065383,-0.0014232908798846,10626.233507834022,19629.8707569428,13477.561057519764,16873.688516350594,2816.2613411563543,-108.97407614030888
520.7382932290457,1025.0424278348687,9794.086298433403,-1562.3203253779916,27.198968461598213,-1481.5475020118731,266.8058279451652,1323.540979156916
-290.6015524069509,511.048768539191,-1682.417295128114,5726.196343836698,-854.274306056428,319.71112880417866,-518.4821966963111,-37.61504538526012
15.919793766526748,20.035654335928555,41.44290979794674,29.882904855869032,25.50397440296481,36.26838934793118,31.617895626607105,25.64786899272068
32.548472242370735,66.83623572871966,68.32003368720353,70.37515375775848,52.74821110810893,43.436543120696,95.10478567427184,37.57175162514725
626.4006213820988,464.7564557786482,300.61618552711457,590.904860355598,396.3188955764472,400.7453493258502,418.6852771257936,668.5595149646977
0.7553500532552291,1.6262461174849483,1.1145708748615497,-0.2286587471807319,1.137049862295811,1.1348111440958109,-0.2557161236287073,-1.481649910161331
860.9680140863932,267.77140763399893,345.3092001079754,667.8996740800349,1727.847682187234,365.3233396229641,432.7101612284784,388.9573883045295
0.0015607272822245,-0.0026536057093574,-661.8466163603093,14768.46275846164,15296.196491006043,12217.434456002156,1464.1230579902112,1106.6782091124162
92.00203617984376,-44.64392817361848,-678.5166241654124,2033.6990508449617,970.9384868892458,3517.6600099166585,3156.7464865476204,901.817594586776
237.10379521828347,-157.4368482173072,-607.1740191802322,-843.8439859392272,-1978.910854623348,1716.173661664801,-1654.2149982467165,-155.79599097926456
29.553324002146063,24.699115936520844,40.19523107148847,26.676321595008936,25.23349401167824,27.98994169767172,28.52533341346197,30.850020215917965
65.62659236097157,76.34988302179411,38.38362668583877,53.32318369831809,52.492620421023325,62.3664221838027,69.26436383748187,57.23880766813839
488.0936346733116,660.8091933869741,657.251841486737,425.0378259015499,819.2913127889278,403.5289794633318,331.5963582927835,370.4531534057592
0.2745849226591468,1.9810441367601608,-0.4905427876468464,1.273322186286868,3.2725555632014705,1.983375174927204,0.3785983577937124,-0.7622725907890691
448.4999938269373,2153.621445204568,524.1432634056749,205.95463843494292,493.4895070734526,177.1816471644634,708.8812083175493,1405.777656456078
-0.0005681334899423,-0.0007305855578498,-2446.5918822793747,894.4885097087865,4457.307913101507,15689.103158128912,-4527.668170843501,735.227269080336
165.95862925007606,-1136.4684372598506,-378.3267957624553,-930.6396860099004,-1363.5500809911382,672.9254103429603,-1999.851633673996,6251.225480581195
351.75211200912304,-146.4054463309455,114.84851346159503,3253.773296714767,1034.814742225504,889.2470934492726,1572.3283688716422,1007.8866829644784
21.86387845643372,30.394491564759733,17.796544534100995,27.773158636352743,28.391657251490617,39.669908397051245,23.96446800803806,21.591858678348068
56.3562731860343,71.25706379199669,55.98238391294256,71.75505385101404,63.64259372808457,43.63803719020308,55.74743319813175,48.83346027622902
274.05040186115434,448.5264735091984,560.3030276576062,783.0594571584634,356.7968620462509,385.6347844441996,606.1334544657145,349.81986103973225
0.5261747384294353,1.8497174140196924,1.864664787855972,0.8194757600734783,2.241993320386693,0.916551041097812,3.1534037169787696,3.935506320874162
131.38892460080925,868.2912791191649,60.12241109853767,1026.7235767395202,985.0935297059336,1074.4177111566446,-69.57303765359597,1185.1206612322612
0.0021812518065383,-0.0014232908798846,10626.233507834022,19629.8707569428,13477.561057519764,16873.688516350594,2816.2613411563543,-108.97407614030888
520.7382932290457,1025.0424278348687,9794.086298433403,-1562.3203253779916,27.198968461598213,-1481.5475020118731,266.8058279451652,1323.540979156916
-290.6015524069509,511.048768539191,-1682.417295128114,5726.196343836698,-854.274306056428,319.71112880417866,-518.4821966963111,-37.61504538526012
15.919793766526748,20.035654335928555,41.44290979794674,29.882904855869032,25.50397440296481,36.26838934793118,31.617895626607105,25.64786899272068
32.548472242370735,66.83623572871966,68.32003368720353,70.37515375775848,52.74821110810893,43.436543120696,95.10478567427184,37.57175162514725
626.4006213820988,464.7564557786482,300.61618552711457,590.904860355598,396.3188955764472,400.7453493258502,418.6852771257936,668.5595149646977
0.7553500532552291,1.6262461174849483,1.1145708748615497,-0.2286587471807319,1.137049862295811,1.1348111440958109,-0.2557161236287073,-1.481649910161331
860.9680140863932,267.77140763399893,345.3092001079754,667.8996740800349,1727.847682187234,365.3233396229641,432.7101612284784,388.9573883045295
0.0015607272822245,-0.0026536057093574,-661.8466163603093,14768.46275846164,15296.196491006043,12217.434456002156,1464.1230579902112,1106.6782091124162
92.00203617984376,-44.64392817361848,-678.5166241654124,2033.6990508449617,970.9384868892458,3517.6600099166585,3156.7464865476204,901.817594586776
237.10379521828347,-157.4368482173072,-607.1740191802322,-843.8439859392272,-1978.910854623348,1716.173661664801,-1654.2149982467165,-155.79599097926456
29.553324002146063,24.699115936520844,40.19523107148847,26.676321595008936,25.23349401167824,27.98994169767172,28.52533341346197,30.850020215917965
65.62659236097157,76.34988302179411,38.38362668583877,53.32318369831809,52.492620421023325,62.3664221838027,69.26436383748187,57.23880766813839
488.0936346733116,660.8091933869741,657.251841486737,425.0378259015499,819.2913127889278,403.5289794633318,331.5963582927835,370.4531534057592
0.2745849226591468,1.9810441367601608,-0.4905427876468464,1.273322186286868,3.2725555632014705,1.983375174927204,0.3785983577937124,-0.7622725907890691
448.4999938269373,2153.621445204568,524.1432634056749,205.95463843494292,493.4895070734526,177.1816471644634,708.8812083175493,1405.777656456078
-0.0005681334899423,-0.0007305855578498,-2446.5918822793747,894.4885097087865,4457.307913101507,15689.103158128912,-4527.668170843501,735.227269080336
165.95862925007606,-1136.4684372598506,-378.3267957624553,-930.6396860099004,-1363.5500809911382,672.9254103429603,-1999.851633673996,6251.225480581195
351.75211200912304,-146.4054463309455,114.84851346159503,3253.773296714767,1034.814742225504,889.2470934492726,1572.3283688716422,1007.8866829644784
21.86387845643372,30.394491564759733,17.796544534100995,27.773158636352743,28.391657251490617,39.669908397051245,23.96446800803806,21.591858678348068
56.3562731860343,71.25706379199669,55.98238391294256,71.75505385101404,63.64259372808457,43.63803719020308,55.74743319813175,48.83346027622902
274.05040186115434,448.5264735091984,560.3030276576062,783.0594571584634,356.7968620462509,385.6347844441996,606.1334544657145,349.81986103973225
0.5261747384294353,1.8497174140196924,1.864664787855972,0.8194757600734783,2.241993320386693,0.916551041097812,3.1534037169787696,3.935506320874162
131.38892460080925,868.2912791191649,60.12241109853767,1026.7235767395202,985.0935297059336,1074.4177111566446,-69.57303765359597,1185.1206612322612
0.0021812518065383,-0.0014232908798846,10626.233507834022,19629.8707569428,13477.561057519764,16873.688516350594,2816.2613411563543,-108.97407614030888
520.7382932290457,1025.0424278348687,9794.086298433403,-1562.3203253779916,27.198968461598213,-1481.5475020118731,266.8058279451652,1323.540979156916
-290.6015524069509,511.048768539191,-1682.417295128114,5726.196343836698,-854.274306056428,319.71112880417866,-518.4821966963111,-37.61504538526012
