내부온도관측치,내부습도관측치,co2관측치,ec관측치,시간당분무량,시간당백색광량,시간당적색광량,시간당청색광량
25.18102088263697,21.296617210566897,31.20041603412573,32.44486657920553,25.29928220087864,37.17130309513206,23.58808679666032,30.79711419783056
46.25612296361497,64.4973907916414,55.1011163612363,53.10385754527425,52.57178189549042,59.98084346914185,81.58716963259727,75.60151351538933
492.0164083620538,675.375427872558,301.1199240061337,496.5987875416428,506.3894642653858,742.096796356524,501.19586106211256,286.3437460714131
1.981622436050059,1.6214363287162572,1.2404908191786113,2.2912310942889573,2.854483788430896,1.2559510522499484,3.03511390042577,0.3198012025843981
174.3761405104634,-158.6279642325383,-401.56182134462097,1131.163590773458,-162.6818334175899,758.8008862954296,1779.737899985248,280.8868168595269
0.0006211007745035,0.0001515614869328,-378.7090146544952,15951.744779925732,19087.72232533432,17007.08683913879,7888.55960828629,-310.5274647664832
-158.75946098816564,5560.403407148537,-354.43370306170243,2906.904712045773,334.66973645528293,1702.7358034461986,-2080.922278928335,-564.6167051121326
-163.88870076627876,33.45445131943847,-730.257806321594,151.21160811169776,-2313.355294317089,1967.3422708436976,-1041.0969926043208,563.3997672086715
32.95539295068363,15.379701714728538,40.99762868137989,29.58611069873008,26.669066121125464,22.02952041498163,30.42249850439502,22.84006286913622
62.1986046142151,63.62530233364734,58.01875388608019,29.64001242767868,44.35389833765316,76.69529809854741,69.6488212064018,69.33582790102508
661.1072818125276,519.5304647086548,497.9912193849766,642.0744953344071,514.078481161208,235.9439386012681,469.297713717682,527.5852637300126
1.1431705404564276,-0.4699300144935234,-0.7837755127089643,0.1587466410721785,3.23834996420378,2.0379659894582733,0.2334579494759978,0.4873699726235052
72.82021132906326,1053.7543731377848,-144.74414972338218,196.42815272579685,1845.211239608048,153.51412066909862,-158.46105014049562,672.1641142588376
-8.562452459322658e-05,-0.0002027271184528,-1031.2230947719363,2815.900785439783,15719.90002402584,13103.690228802148,4794.121195452691,-262.92893255717166
643.4786437510206,8336.64211969557,7841.800916417983,-34.739150218541795,-1552.6170358779873,-1475.2943280806649,8288.26886724443,1318.9189890412515
212.26029726136463,188.3713954089671,3591.9468817519955,3139.3155501243887,1494.4135060284138,1201.050982106258,148.51000635922384,395.36621459960537
14.34290369229992,20.242149617380434,19.31391414597089,24.870293958554345,28.01487274921596,27.17884738402297,15.928739721716484,21.55765473685922
70.93757734059866,39.45148296918225,50.88981161102108,57.73274613168842,69.24213817947306,78.03941922073895,50.040110580675154,39.287020380141136
460.35640578629886,496.24618447018577,693.2001253933802,738.5463228533777,381.7542292290461,564.3777462039184,767.3358331717008,337.83786693373986
0.2707231831537707,1.988903322793225,1.3534585982613592,1.1182539416275803,1.2795321742068635,2.288111431903076,-0.5327289238182318,0.555610209969456
307.4975329415648,208.09313650590417,606.6501032694961,250.14950372906088,-762.2926839278907,202.0357191214364,269.32086889667835,-98.15015191594732
0.0010338177902508,0.0020379957399695,17705.743572425738,21002.545833888984,21361.010115657285,7138.921586718008,2244.221663443439,-82.3555277103245
606.43760758872,-1767.178147922786,122.62808188325178,-1265.6673045977086,-1076.8913287981136,14226.319928241552,1346.5796652850188,-118.31620805874198
-8.45954890472202,392.4750394101512,6100.435874718098,6045.033009871622,813.7671347641092,2169.022607193258,-857.9153771571346,-1089.4500907885229
25.18102088263697,21.296617210566897,31.20041603412573,32.44486657920553,25.29928220087864,37.17130309513206,23.58808679666032,30.79711419783056
46.25612296361497,64.4973907916414,55.1011163612363,53.10385754527425,52.57178189549042,59.98084346914185,81.58716963259727,75.60151351538933
492.0164083620538,675.375427872558,301.1199240061337,496.5987875416428,506.3894642653858,742.096796356524,501.19586106211256,286.3437460714131
1.981622436050059,1.6214363287162572,1.2404908191786113,2.2912310942889573,2.854483788430896,1.2559510522499484,3.03511390042577,0.3198012025843981
174.3761405104634,-158.6279642325383,-401.56182134462097,1131.163590773458,-162.6818334175899,758.8008862954296,1779.737899985248,280.8868168595269
0.0006211007745035,0.0001515614869328,-378.7090146544952,15951.744779925732,19087.72232533432,17007.08683913879,7888.55960828629,-310.5274647664832
-158.75946098816564,5560.403407148537,-354.43370306170243,2906.904712045773,334.66973645528293,1702.7358034461986,-2080.922278928335,-564.6167051121326
-163.88870076627876,33.45445131943847,-730.257806321594,151.21160811169776,-2313.355294317089,1967.3422708436976,-1041.0969926043208,563.3997672086715
32.95539295068363,15.379701714728538,40.99762868137989,29.58611069873008,26.669066121125464,22.02952041498163,30.42249850439502,22.84006286913622
62.1986046142151,63.62530233364734,58.01875388608019,29.64001242767868,44.35389833765316,76.69529809854741,69.6488212064018,69.33582790102508
661.1072818125276,519.5304647086548,497.9912193849766,642.0744953344071,514.078481161208,235.9439386012681,469.297713717682,527.5852637300126
1.1431705404564276,-0.4699300144935234,-0.7837755127089643,0.1587466410721785,3.23834996420378,2.0379659894582733,0.2334579494759978,0.4873699726235052
72.82021132906326,1053.7543731377848,-144.74414972338218,196.42815272579685,1845.211239608048,153.51412066909862,-158.46105014049562,672.1641142588376
-8.562452459322658e-05,-0.0002027271184528,-1031.2230947719363,2815.900785439783,15719.90002402584,13103.690228802148,4794.121195452691,-262.92893255717166
643.4786437510206,8336.64211969557,7841.800916417983,-34.739150218541795,-1552.6170358779873,-1475.2943280806649,8288.26886724443,1318.9189890412515
212.26029726136463,188.3713954089671,3591.9468817519955,3139.3155501243887,1494.4135060284138,1201.050982106258,148.51000635922384,395.36621459960537
14.34290369229992,20.242149617380434,19.31391414597089,24.870293958554345,28.01487274921596,27.17884738402297,15.928739721716484,21.55765473685922
70.93757734059866,39.45148296918225,50.88981161102108,57.73274613168842,69.24213817947306,78.03941922073895,50.040110580675154,39.287020380141136
460.35640578629886,496.24618447018577,693.2001253933802,738.5463228533777,381.7542292290461,564.3777462039184,767.3358331717008,337.83786693373986
0.2707231831537707,1.988903322793225,1.3534585982613592,1.1182539416275803,1.2795321742068635,2.288111431903076,-0.5327289238182318,0.555610209969456
307.4975329415648,208.09313650590417,606.6501032694961,250.14950372906088,-762.2926839278907,202.0357191214364,269.32086889667835,-98.15015191594732
0.0010338177902508,0.0020379957399695,17705.743572425738,21002.545833888984,21361.010115657285,7138.921586718008,2244.221663443439,-82.3555277103245
606.43760758872,-1767.178147922786,122.62808188325178,-1265.6673045977086,-1076.8913287981136,14226.319928241552,1346.5796652850188,-118.31620805874198
-8.45954890472202,392.4750394101512,6100.435874718098,6045.033009871622,813.7671347641092,2169.022607193258,-857.9153771571346,-1089.4500907885229
25.18102088263697,21.296617210566897,31.20041603412573,32.44486657920553,25.29928220087864,37.17130309513206,23.58808679666032,30.79711419783056
46.25612296361497,64.4973907916414,55.1011163612363,53.10385754527425,52.57178189549042,59.98084346914185,81.58716963259727,75.60151351538933
492.0164083620538,675.375427872558,301.1199240061337,496.5987875416428,506.3894642653858,742.096796356524,501.19586106211256,286.3437460714131
1.981622436050059,1.6214363287162572,1.2404908191786113,2.2912310942889573,2.854483788430896,1.2559510522499484,3.03511390042577,0.3198012025843981
174.3761405104634,-158.6279642325383,-401.56182134462097,1131.163590773458,-162.6818334175899,758.8008862954296,1779.737899985248,280.8868168595269
0.0006211007745035,0.0001515614869328,-378.7090146544952,15951.744779925732,19087.72232533432,17007.08683913879,7888.55960828629,-310.5274647664832
-158.75946098816564,5560.403407148537,-354.43370306170243,2906.904712045773,334.66973645528293,1702.7358034461986,-2080.922278928335,-564.6167051121326
-163.88870076627876,33.45445131943847,-730.257806321594,151.21160811169776,-2313.355294317089,1967.3422708436976,-1041.0969926043208,563.3997672086715
32.95539295068363,15.379701714728538,40.99762868137989,29.58611069873008,26.669066121125464,22.02952041498163,30.42249850439502,22.84006286913622
62.1986046142151,63.62530233364734,58.01875388608019,29.64001242767868,44.35389833765316,76.69529809854741,69.6488212064018,69.33582790102508
661.1072818125276,519.5304647086548,497.9912193849766,642.0744953344071,514.078481161208,235.9439386012681,469.297713717682,527.5852637300126
1.1431705404564276,-0.4699300144935234,-0.7837755127089643,0.1587466410721785,3.23834996420378,2.0379659894582733,0.2334579494759978,0.4873699726235052
72.82021132906326,1053.7543731377848,-144.74414972338218,196.42815272579685,1845.211239608048,153.51412066909862,-158.46105014049562,672.1641142588376
-8.562452459322658e-05,-0.0002027271184528,-1031.2230947719363,2815.900785439783,15719.90002402584,13103.690228802148,4794.121195452691,-262.92893255717166
643.4786437510206,8336.64211969557,7841.800916417983,-34.739150218541795,-1552.6170358779873,-1475.2943280806649,8288.26886724443,1318.9189890412515
212.26029726136463,188.3713954089671,3591.9468817519955,3139.3155501243887,1494.4135060284138,1201.050982106258,148.51000635922384,395.36621459960537
14.34290369229992,20.242149617380434,19.31391414597089,24.870293958554345,28.01487274921596,27.17884738402297,15.928739721716484,21.55765473685922
70.93757734059866,39.45148296918225,50.88981161102108,57.73274613168842,69.24213817947306,78.03941922073895,50.040110580675154,39.287020380141136
460.35640578629886,496.24618447018577,693.2001253933802,738.5463228533777,381.7542292290461,564.3777462039184,767.3358331717008,337.83786693373986
0.2707231831537707,1.988903322793225,1.3534585982613592,1.1182539416275803,1.2795321742068635,2.288111431903076,-0.5327289238182318,0.555610209969456
307.4975329415648,208.09313650590417,606.6501032694961,250.14950372906088,-762.2926839278907,202.0357191214364,269.32086889667835,-98.15015191594732
0.0010338177902508,0.0020379957399695,17705.743572425738,21002.545833888984,21361.010115657285,7138.921586718008,2244.221663443439,-82.3555277103245
606.43760758872,-1767.178147922786,122.62808188325178,-1265.6673045977086,-1076.8913287981136,14226.319928241552,1346.5796652850188,-118.31620805874198
-8.45954890472202,392.4750394101512,6100.435874718098,6045.033009871622,813.7671347641092,2169.022607193258,-857.9153771571346,-1089.4500907885229
25.18102088263697,21.296617210566897,31.20041603412573,32.44486657920553,25.29928220087864,37.17130309513206,23.58808679666032,30.79711419783056
46.25612296361497,64.4973907916414,55.1011163612363,53.10385754527425,52.57178189549042,59.98084346914185,81.58716963259727,75.60151351538933
492.0164083620538,675.375427872558,301.1199240061337,496.5987875416428,506.3894642653858,742.096796356524,501.19586106211256,286.3437460714131
1.981622436050059,1.6214363287162572,1.2404908191786113,2.2912310942889573,2.854483788430896,1.2559510522499484,3.03511390042577,0.3198012025843981
174.3761405104634,-158.6279642325383,-401.56182134462097,1131.163590773458,-162.6818334175899,758.8008862954296,1779.737899985248,280.8868168595269
0.0006211007745035,0.0001515614869328,-378.7090146544952,15951.744779925732,19087.72232533432,17007.08683913879,7888.55960828629,-310.5274647664832
-158.75946098816564,5560.403407148537,-354.43370306170243,2906.904712045773,334.66973645528293,1702.7358034461986,-2080.922278928335,-564.6167051121326
-163.88870076627876,33.45445131943847,-730.257806321594,151.21160811169776,-2313.355294317089,1967.3422708436976,-1041.0969926043208,563.3997672086715
32.95539295068363,15.379701714728538,40.99762868137989,29.58611069873008,26.669066121125464,22.02952041498163,30.42249850439502,22.84006286913622
62.1986046142151,63.62530233364734,58.01875388608019,29.64001242767868,44.35389833765316,76.69529809854741,69.6488212064018,69.33582790102508
661.1072818125276,519.5304647086548,497.9912193849766,642.0744953344071,514.078481161208,235.9439386012681,469.297713717682,527.5852637300126
1.1431705404564276,-0.4699300144935234,-0.7837755127089643,0.1587466410721785,3.23834996420378,2.0379659894582733,0.2334579494759978,0.4873699726235052
72.82021132906326,1053.7543731377848,-144.74414972338218,196.42815272579685,1845.211239608048,153.51412066909862,-158.46105014049562,672.1641142588376
-8.562452459322658e-05,-0.0002027271184528,-1031.2230947719363,2815.900785439783,15719.90002402584,13103.690228802148,4794.121195452691,-262.92893255717166
643.4786437510206,8336.64211969557,7841.800916417983,-34.739150218541795,-1552.6170358779873,-1475.2943280806649,8288.26886724443,1318.9189890412515
212.26029726136463,188.3713954089671,3591.9468817519955,3139.3155501243887,1494.4135060284138,1201.050982106258,148.51000635922384,395.36621459960537
14.34290369229992,20.242149617380434,19.31391414597089,24.870293958554345,28.01487274921596,27.17884738402297,15.928739721716484,21.55765473685922
70.93757734059866,39.45148296918225,50.88981161102108,57.73274613168842,69.24213817947306,78.03941922073895,50.040110580675154,39.287020380141136
460.35640578629886,496.24618447018577,693.2001253933802,738.5463228533777,381.7542292290461,564.3777462039184,767.3358331717008,337.83786693373986
0.2707231831537707,1.988903322793225,1.3534585982613592,1.1182539416275803,1.2795321742068635,2.288111431903076,-0.5327289238182318,0.555610209969456
307.4975329415648,208.09313650590417,606.6501032694961,250.14950372906088,-762.2926839278907,202.0357191214364,269.32086889667835,-98.15015191594732
0.0010338177902508,0.0020379957399695,17705.743572425738,21002.545833888984,21361.010115657285,7138.921586718008,2244.221663443439,-82.3555277103245
606.43760758872,-1767.178147922786,122.62808188325178,-1265.6673045977086,-1076.8913287981136,14226.319928241552,1346.5796652850188,-118.31620805874198
-8.45954890472202,392.4750394101512,6100.435874718098,6045.033009871622,813.7671347641092,2169.022607193258,-857.9153771571346,-1089.4500907885229
25.18102088263697,21.296617210566897,31.20041603412573,32.44486657920553,25.29928220087864,37.17130309513206,23.58808679666032,30.79711419783056
46.25612296361497,64.4973907916414,55.1011163612363,53.10385754527425,52.57178189549042,59.98084346914185,81.58716963259727,75.60151351538933
492.0164083620538,675.375427872558,301.1199240061337,496.5987875416428,506.3894642653858,742.096796356524,501.19586106211256,286.3437460714131
1.981622436050059,1.6214363287162572,1.2404908191786113,2.2912310942889573,2.854483788430896,1.2559510522499484,3.03511390042577,0.3198012025843981
174.3761405104634,-158.6279642325383,-401.56182134462097,1131.163590773458,-162.6818334175899,758.8008862954296,1779.737899985248,280.8868168595269
0.0006211007745035,0.0001515614869328,-378.7090146544952,15951.744779925732,19087.72232533432,17007.08683913879,7888.55960828629,-310.5274647664832
-158.75946098816564,5560.403407148537,-354.43370306170243,2906.904712045773,334.66973645528293,1702.7358034461986,-2080.922278928335,-564.6167051121326
-163.88870076627876,33.45445131943847,-730.257806321594,151.21160811169776,-2313.355294317089,1967.3422708436976,-1041.0969926043208,563.3997672086715
32.95539295068363,15.379701714728538,40.99762868137989,29.58611069873008,26.669066121125464,22.02952041498163,30.42249850439502,22.84006286913622
62.1986046142151,63.62530233364734,58.01875388608019,29.64001242767868,44.35389833765316,76.69529809854741,69.6488212064018,69.33582790102508
661.1072818125276,519.5304647086548,497.9912193849766,642.0744953344071,514.078481161208,235.9439386012681,469.297713717682,527.5852637300126
1.1431705404564276,-0.4699300144935234,-0.7837755127089643,0.1587466410721785,3.23834996420378,2.0379659894582733,0.2334579494759978,0.4873699726235052
72.82021132906326,1053.7543731377848,-144.74414972338218,196.42815272579685,1845.211239608048,153.51412066909862,-158.46105014049562,672.1641142588376
-8.562452459322658e-05,-0.0002027271184528,-1031.2230947719363,2815.900785439783,15719.90002402584,13103.690228802148,4794.121195452691,-262.92893255717166
643.4786437510206,8336.64211969557,7841.800916417983,-34.739150218541795,-1552.6170358779873,-1475.2943280806649,8288.26886724443,1318.9189890412515
212.26029726136463,188.3713954089671,3591.9468817519955,3139.3155501243887,1494.4135060284138,1201.050982106258,148.51000635922384,395.36621459960537
14.34290369229992,20.242149617380434,19.31391414597089,24.870293958554345,28.01487274921596,27.17884738402297,15.928739721716484,21.55765473685922
70.93757734059866,39.45148296918225,50.88981161102108,57.73274613168842,69.24213817947306,78.03941922073895,50.040110580675154,39.287020380141136
460.35640578629886,496.24618447018577,693.2001253933802,738.5463228533777,381.7542292290461,564.3777462039184,767.3358331717008,337.83786693373986
0.2707231831537707,1.988903322793225,1.3534585982613592,1.1182539416275803,1.2795321742068635,2.288111431903076,-0.5327289238182318,0.555610209969456
307.4975329415648,208.09313650590417,606.6501032694961,250.14950372906088,-762.2926839278907,202.0357191214364,269.32086889667835,-98.15015191594732
0.0010338177902508,0.0020379957399695,17705.743572425738,21002.545833888984,21361.010115657285,7138.921586718008,2244.221663443439,-82.3555277103245
606.43760758872,-1767.178147922786,122.62808188325178,-1265.6673045977086,-1076.8913287981136,14226.319928241552,1346.5796652850188,-118.31620805874198
-8.45954890472202,392.4750394101512,6100.435874718098,6045.033009871622,813.7671347641092,2169.022607193258,-857.9153771571346,-1089.4500907885229
25.18102088263697,21.296617210566897,31.20041603412573,32.44486657920553,25.29928220087864,37.17130309513206,23.58808679666032,30.79711419783056
46.25612296361497,64.4973907916414,55.1011163612363,53.10385754527425,52.57178189549042,59.98084346914185,81.58716963259727,75.60151351538933
492.0164083620538,675.375427872558,301.1199240061337,496.5987875416428,506.3894642653858,742.096796356524,501.19586106211256,286.3437460714131
1.981622436050059,1.6214363287162572,1.2404908191786113,2.2912310942889573,2.854483788430896,1.2559510522499484,3.03511390042577,0.3198012025843981
174.3761405104634,-158.6279642325383,-401.56182134462097,1131.163590773458,-162.6818334175899,758.8008862954296,1779.737899985248,280.8868168595269
0.0006211007745035,0.0001515614869328,-378.7090146544952,15951.744779925732,19087.72232533432,17007.08683913879,7888.55960828629,-310.5274647664832
-158.75946098816564,5560.403407148537,-354.43370306170243,2906.904712045773,334.66973645528293,1702.7358034461986,-2080.922278928335,-564.6167051121326
-163.88870076627876,33.45445131943847,-730.257806321594,151.21160811169776,-2313.355294317089,1967.3422708436976,-1041.0969926043208,563.3997672086715
32.95539295068363,15.379701714728538,40.99762868137989,29.58611069873008,26.669066121125464,22.02952041498163,30.42249850439502,22.84006286913622
62.1986046142151,63.62530233364734,58.01875388608019,29.64001242767868,44.35389833765316,76.69529809854741,69.6488212064018,69.33582790102508
661.1072818125276,519.5304647086548,497.9912193849766,642.0744953344071,514.078481161208,235.9439386012681,469.297713717682,527.5852637300126
1.1431705404564276,-0.4699300144935234,-0.7837755127089643,0.1587466410721785,3.23834996420378,2.0379659894582733,0.2334579494759978,0.4873699726235052
72.82021132906326,1053.7543731377848,-144.74414972338218,196.42815272579685,1845.211239608048,153.51412066909862,-158.46105014049562,672.1641142588376
-8.562452459322658e-05,-0.0002027271184528,-1031.2230947719363,2815.900785439783,15719.90002402584,13103.690228802148,4794.121195452691,-262.92893255717166
643.4786437510206,8336.64211969557,7841.800916417983,-34.739150218541795,-1552.6170358779873,-1475.2943280806649,8288.26886724443,1318.9189890412515
212.26029726136463,188.3713954089671,3591.9468817519955,3139.3155501243887,1494.4135060284138,1201.050982106258,148.51000635922384,395.36621459960537
14.34290369229992,20.242149617380434,19.31391414597089,24.870293958554345,28.01487274921596,27.17884738402297,15.928739721716484,21.55765473685922
70.93757734059866,39.45148296918225,50.88981161102108,57.73274613168842,69.24213817947306,78.03941922073895,50.040110580675154,39.287020380141136
460.35640578629886,496.24618447018577,693.2001253933802,738.5463228533777,381.7542292290461,564.3777462039184,767.3358331717008,337.83786693373986
0.2707231831537707,1.988903322793225,1.3534585982613592,1.1182539416275803,1.2795321742068635,2.288111431903076,-0.5327289238182318,0.555610209969456
307.4975329415648,208.09313650590417,606.6501032694961,250.14950372906088,-762.2926839278907,202.0357191214364,269.32086889667835,-98.15015191594732
0.0010338177902508,0.0020379957399695,17705.743572425738,21002.545833888984,21361.010115657285,7138.921586718008,2244.221663443439,-82.3555277103245
606.43760758872,-1767.178147922786,122.62808188325178,-1265.6673045977086,-1076.8913287981136,14226.319928241552,1346.5796652850188,-118.31620805874198
-8.45954890472202,392.4750394101512,6100.435874718098,6045.033009871622,813.7671347641092,2169.022607193258,-857.9153771571346,-1089.4500907885229
25.18102088263697,21.296617210566897,31.20041603412573,32.44486657920553,25.29928220087864,37.17130309513206,23.58808679666032,30.79711419783056
46.25612296361497,64.4973907916414,55.1011163612363,53.10385754527425,52.57178189549042,59.98084346914185,81.58716963259727,75.60151351538933
492.0164083620538,675.375427872558,301.1199240061337,496.5987875416428,506.3894642653858,742.096796356524,501.19586106211256,286.3437460714131
1.981622436050059,1.6214363287162572,1.2404908191786113,2.2912310942889573,2.854483788430896,1.2559510522499484,3.03511390042577,0.3198012025843981
174.3761405104634,-158.6279642325383,-401.56182134462097,1131.163590773458,-162.6818334175899,758.8008862954296,1779.737899985248,280.8868168595269
0.0006211007745035,0.0001515614869328,-378.7090146544952,15951.744779925732,19087.72232533432,17007.08683913879,7888.55960828629,-310.5274647664832
-158.75946098816564,5560.403407148537,-354.43370306170243,2906.904712045773,334.66973645528293,1702.7358034461986,-2080.922278928335,-564.6167051121326
-163.88870076627876,33.45445131943847,-730.257806321594,151.21160811169776,-2313.355294317089,1967.3422708436976,-1041.0969926043208,563.3997672086715
32.95539295068363,15.379701714728538,40.99762868137989,29.58611069873008,26.669066121125464,22.02952041498163,30.42249850439502,22.84006286913622
62.1986046142151,63.62530233364734,58.01875388608019,29.64001242767868,44.35389833765316,76.69529809854741,69.6488212064018,69.33582790102508
661.1072818125276,519.5304647086548,497.9912193849766,642.0744953344071,514.078481161208,235.9439386012681,469.297713717682,527.5852637300126
1.1431705404564276,-0.4699300144935234,-0.7837755127089643,0.1587466410721785,3.23834996420378,2.0379659894582733,0.2334579494759978,0.4873699726235052
72.82021132906326,1053.7543731377848,-144.74414972338218,196.42815272579685,1845.211239608048,153.51412066909862,-158.46105014049562,672.1641142588376
-8.562452459322658e-05,-0.0002027271184528,-1031.2230947719363,2815.900785439783,15719.90002402584,13103.690228802148,4794.121195452691,-262.92893255717166
643.4786437510206,8336.64211969557,7841.800916417983,-34.739150218541795,-1552.6170358779873,-1475.2943280806649,8288.26886724443,1318.9189890412515
212.26029726136463,188.3713954089671,3591.9468817519955,3139.3155501243887,1494.4135060284138,1201.050982106258,148.51000635922384,395.36621459960537
14.34290369229992,20.242149617380434,19.31391414597089,24.870293958554345,28.01487274921596,27.17884738402297,15.928739721716484,21.55765473685922
70.93757734059866,39.45148296918225,50.88981161102108,57.73274613168842,69.24213817947306,78.03941922073895,50.040110580675154,39.287020380141136
460.35640578629886,496.24618447018577,693.2001253933802,738.5463228533777,381.7542292290461,564.3777462039184,767.3358331717008,337.83786693373986
0.2707231831537707,1.988903322793225,1.3534585982613592,1.1182539416275803,1.2795321742068635,2.288111431903076,-0.5327289238182318,0.555610209969456
307.4975329415648,208.09313650590417,606.6501032694961,250.14950372906088,-762.2926839278907,202.0357191214364,269.32086889667835,-98.15015191594732
0.0010338177902508,0.0020379957399695,17705.743572425738,21002.545833888984,21361.010115657285,7138.921586718008,2244.221663443439,-82.3555277103245
606.43760758872,-1767.178147922786,122.62808188325178,-1265.6673045977086,-1076.8913287981136,14226.319928241552,1346.5796652850188,-118.31620805874198
-8.45954890472202,392.4750394101512,6100.435874718098,6045.033009871622,813.7671347641092,2169.022607193258,-857.9153771571346,-1089.4500907885229
25.18102088263697,21.296617210566897,31.20041603412573,32.44486657920553,25.29928220087864,37.17130309513206,23.58808679666032,30.79711419783056
46.25612296361497,64.4973907916414,55.1011163612363,53.10385754527425,52.57178189549042,59.98084346914185,81.58716963259727,75.60151351538933
492.0164083620538,675.375427872558,301.1199240061337,496.5987875416428,506.3894642653858,742.096796356524,501.19586106211256,286.3437460714131
1.981622436050059,1.6214363287162572,1.2404908191786113,2.2912310942889573,2.854483788430896,1.2559510522499484,3.03511390042577,0.3198012025843981
174.3761405104634,-158.6279642325383,-401.56182134462097,1131.163590773458,-162.6818334175899,758.8008862954296,1779.737899985248,280.8868168595269
0.0006211007745035,0.0001515614869328,-378.7090146544952,15951.744779925732,19087.72232533432,17007.08683913879,7888.55960828629,-310.5274647664832
-158.75946098816564,5560.403407148537,-354.43370306170243,2906.904712045773,334.66973645528293,1702.7358034461986,-2080.922278928335,-564.6167051121326
-163.88870076627876,33.45445131943847,-730.257806321594,151.21160811169776,-2313.355294317089,1967.3422708436976,-1041.0969926043208,563.3997672086715
32.95539295068363,15.379701714728538,40.99762868137989,29.58611069873008,26.669066121125464,22.02952041498163,30.42249850439502,22.84006286913622
62.1986046142151,63.62530233364734,58.01875388608019,29.64001242767868,44.35389833765316,76.69529809854741,69.6488212064018,69.33582790102508
661.1072818125276,519.5304647086548,497.9912193849766,642.0744953344071,514.078481161208,235.9439386012681,469.297713717682,527.5852637300126
1.1431705404564276,-0.4699300144935234,-0.7837755127089643,0.1587466410721785,3.23834996420378,2.0379659894582733,0.2334579494759978,0.4873699726235052
72.82021132906326,1053.7543731377848,-144.74414972338218,196.42815272579685,1845.211239608048,153.51412066909862,-158.46105014049562,672.1641142588376
-8.562452459322658e-05,-0.0002027271184528,-1031.2230947719363,2815.900785439783,15719.90002402584,13103.690228802148,4794.121195452691,-262.92893255717166
643.4786437510206,8336.64211969557,7841.800916417983,-34.739150218541795,-1552.6170358779873,-1475.2943280806649,8288.26886724443,1318.9189890412515
212.26029726136463,188.3713954089671,3591.9468817519955,3139.3155501243887,1494.4135060284138,1201.050982106258,148.51000635922384,395.36621459960537
14.34290369229992,20.242149617380434,19.31391414597089,24.870293958554345,28.01487274921596,27.17884738402297,15.928739721716484,21.55765473685922
70.93757734059866,39.45148296918225,50.88981161102108,57.73274613168842,69.24213817947306,78.03941922073895,50.040110580675154,39.287020380141136
460.35640578629886,496.24618447018577,693.2001253933802,738.5463228533777,381.7542292290461,564.3777462039184,767.3358331717008,337.83786693373986
0.2707231831537707,1.988903322793225,1.3534585982613592,1.1182539416275803,1.2795321742068635,2.288111431903076,-0.5327289238182318,0.555610209969456
307.4975329415648,208.09313650590417,606.6501032694961,250.14950372906088,-762.2926839278907,202.0357191214364,269.32086889667835,-98.15015191594732
0.0010338177902508,0.0020379957399695,17705.743572425738,21002.545833888984,21361.010115657285,7138.921586718008,2244.221663443439,-82.3555277103245
606.43760758872,-1767.178147922786,122.62808188325178,-1265.6673045977086,-1076.8913287981136,14226.319928241552,1346.5796652850188,-118.31620805874198
-8.45954890472202,392.4750394101512,6100.435874718098,6045.033009871622,813.7671347641092,2169.022607193258,-857.9153771571346,-1089.4500907885229
25.18102088263697,21.296617210566897,31.20041603412573,32.44486657920553,25.29928220087864,37.17130309513206,23.58808679666032,30.79711419783056
46.25612296361497,64.4973907916414,55.1011163612363,53.10385754527425,52.57178189549042,59.98084346914185,81.58716963259727,75.60151351538933
492.0164083620538,675.375427872558,301.1199240061337,496.5987875416428,506.3894642653858,742.096796356524,501.19586106211256,286.3437460714131
1.981622436050059,1.6214363287162572,1.2404908191786113,2.2912310942889573,2.854483788430896,1.2559510522499484,3.03511390042577,0.3198012025843981
174.3761405104634,-158.6279642325383,-401.56182134462097,1131.163590773458,-162.6818334175899,758.8008862954296,1779.737899985248,280.8868168595269
0.0006211007745035,0.0001515614869328,-378.7090146544952,15951.744779925732,19087.72232533432,17007.08683913879,7888.55960828629,-310.5274647664832
-158.75946098816564,5560.403407148537,-354.43370306170243,2906.904712045773,334.66973645528293,1702.7358034461986,-2080.922278928335,-564.6167051121326
-163.88870076627876,33.45445131943847,-730.257806321594,151.21160811169776,-2313.355294317089,1967.3422708436976,-1041.0969926043208,563.3997672086715
32.95539295068363,15.379701714728538,40.99762868137989,29.58611069873008,26.669066121125464,22.02952041498163,30.42249850439502,22.84006286913622
62.1986046142151,63.62530233364734,58.01875388608019,29.64001242767868,44.35389833765316,76.69529809854741,69.6488212064018,69.33582790102508
661.1072818125276,519.5304647086548,497.9912193849766,642.0744953344071,514.078481161208,235.9439386012681,469.297713717682,527.5852637300126
1.1431705404564276,-0.4699300144935234,-0.7837755127089643,0.1587466410721785,3.23834996420378,2.0379659894582733,0.2334579494759978,0.4873699726235052
72.82021132906326,1053.7543731377848,-144.74414972338218,196.42815272579685,1845.211239608048,153.51412066909862,-158.46105014049562,672.1641142588376
-8.562452459322658e-05,-0.0002027271184528,-1031.2230947719363,2815.900785439783,15719.90002402584,13103.690228802148,4794.121195452691,-262.92893255717166
643.4786437510206,8336.64211969557,7841.800916417983,-34.739150218541795,-1552.6170358779873,-1475.2943280806649,8288.26886724443,1318.9189890412515
212.26029726136463,188.3713954089671,3591.9468817519955,3139.3155501243887,1494.4135060284138,1201.050982106258,148.51000635922384,395.36621459960537
14.34290369229992,20.242149617380434,19.31391414597089,24.870293958554345,28.01487274921596,27.17884738402297,15.928739721716484,21.55765473685922
70.93757734059866,39.45148296918225,50.88981161102108,57.73274613168842,69.24213817947306,78.03941922073895,50.040110580675154,39.287020380141136
460.35640578629886,496.24618447018577,693.2001253933802,738.5463228533777,381.7542292290461,564.3777462039184,767.3358331717008,337.83786693373986
0.2707231831537707,1.988903322793225,1.3534585982613592,1.1182539416275803,1.2795321742068635,2.288111431903076,-0.5327289238182318,0.555610209969456
307.4975329415648,208.09313650590417,606.6501032694961,250.14950372906088,-762.2926839278907,202.0357191214364,269.32086889667835,-98.15015191594732
0.0010338177902508,0.0020379957399695,17705.743572425738,21002.545833888984,21361.010115657285,7138.921586718008,2244.221663443439,-82.3555277103245
606.43760758872,-1767.178147922786,122.62808188325178,-1265.6673045977086,-1076.8913287981136,14226.319928241552,1346.5796652850188,-118.31620805874198
-8.45954890472202,392.4750394101512,6100.435874718098,6045.033009871622,813.7671347641092,2169.022607193258,-857.9153771571346,-1089.4500907885229
25.18102088263697,21.296617210566897,31.20041603412573,32.44486657920553,25.29928220087864,37.17130309513206,23.58808679666032,30.79711419783056
46.25612296361497,64.4973907916414,55.1011163612363,53.10385754527425,52.57178189549042,59.98084346914185,81.58716963259727,75.60151351538933
492.0164083620538,675.375427872558,301.1199240061337,496.5987875416428,506.3894642653858,742.096796356524,501.19586106211256,286.3437460714131
1.981622436050059,1.6214363287162572,1.2404908191786113,2.2912310942889573,2.854483788430896,1.2559510522499484,3.03511390042577,0.3198012025843981
174.3761405104634,-158.6279642325383,-401.56182134462097,1131.163590773458,-162.6818334175899,758.8008862954296,1779.737899985248,280.8868168595269
0.0006211007745035,0.0001515614869328,-378.7090146544952,15951.744779925732,19087.72232533432,17007.08683913879,7888.55960828629,-310.5274647664832
-158.75946098816564,5560.403407148537,-354.43370306170243,2906.904712045773,334.66973645528293,1702.7358034461986,-2080.922278928335,-564.6167051121326
-163.88870076627876,33.45445131943847,-730.257806321594,151.21160811169776,-2313.355294317089,1967.3422708436976,-1041.0969926043208,563.3997672086715
32.95539295068363,15.379701714728538,40.99762868137989,29.58611069873008,26.669066121125464,22.02952041498163,30.42249850439502,22.84006286913622
62.1986046142151,63.62530233364734,58.01875388608019,29.64001242767868,44.35389833765316,76.69529809854741,69.6488212064018,69.33582790102508
661.1072818125276,519.5304647086548,497.9912193849766,642.0744953344071,514.078481161208,235.9439386012681,469.297713717682,527.5852637300126
1.1431705404564276,-0.4699300144935234,-0.7837755127089643,0.1587466410721785,3.23834996420378,2.0379659894582733,0.2334579494759978,0.4873699726235052
72.82021132906326,1053.7543731377848,-144.74414972338218,196.42815272579685,1845.211239608048,153.51412066909862,-158.46105014049562,672.1641142588376
-8.562452459322658e-05,-0.0002027271184528,-1031.2230947719363,2815.900785439783,15719.90002402584,13103.690228802148,4794.121195452691,-262.92893255717166
643.4786437510206,8336.64211969557,7841.800916417983,-34.739150218541795,-1552.6170358779873,-1475.2943280806649,8288.26886724443,1318.9189890412515
212.26029726136463,188.3713954089671,3591.9468817519955,3139.3155501243887,1494.4135060284138,1201.050982106258,148.51000635922384,395.36621459960537
14.34290369229992,20.242149617380434,19.31391414597089,24.870293958554345,28.01487274921596,27.17884738402297,15.928739721716484,21.55765473685922
70.93757734059866,39.45148296918225,50.88981161102108,57.73274613168842,69.24213817947306,78.03941922073895,50.040110580675154,39.287020380141136
460.35640578629886,496.24618447018577,693.2001253933802,738.5463228533777,381.7542292290461,564.3777462039184,767.3358331717008,337.83786693373986
0.2707231831537707,1.988903322793225,1.3534585982613592,1.1182539416275803,1.2795321742068635,2.288111431903076,-0.5327289238182318,0.555610209969456
307.4975329415648,208.09313650590417,606.6501032694961,250.14950372906088,-762.2926839278907,202.0357191214364,269.32086889667835,-98.15015191594732
0.0010338177902508,0.0020379957399695,17705.743572425738,21002.545833888984,21361.010115657285,7138.921586718008,2244.221663443439,-82.3555277103245
606.43760758872,-1767.178147922786,122.62808188325178,-1265.6673045977086,-1076.8913287981136,14226.319928241552,1346.5796652850188,-118.31620805874198
-8.45954890472202,392.4750394101512,6100.435874718098,6045.033009871622,813.7671347641092,2169.022607193258,-857.9153771571346,-1089.4500907885229
25.18102088263697,21.296617210566897,31.20041603412573,32.44486657920553,25.29928220087864,37.17130309513206,23.58808679666032,30.79711419783056
46.25612296361497,64.4973907916414,55.1011163612363,53.10385754527425,52.57178189549042,59.98084346914185,81.58716963259727,75.60151351538933
492.0164083620538,675.375427872558,301.1199240061337,496.5987875416428,506.3894642653858,742.096796356524,501.19586106211256,286.3437460714131
1.981622436050059,1.6214363287162572,1.2404908191786113,2.2912310942889573,2.854483788430896,1.2559510522499484,3.03511390042577,0.3198012025843981
174.3761405104634,-158.6279642325383,-401.56182134462097,1131.163590773458,-162.6818334175899,758.8008862954296,1779.737899985248,280.8868168595269
0.0006211007745035,0.0001515614869328,-378.7090146544952,15951.744779925732,19087.72232533432,17007.08683913879,7888.55960828629,-310.5274647664832
-158.75946098816564,5560.403407148537,-354.43370306170243,2906.904712045773,334.66973645528293,1702.7358034461986,-2080.922278928335,-564.6167051121326
-163.88870076627876,33.45445131943847,-730.257806321594,151.21160811169776,-2313.355294317089,1967.3422708436976,-1041.0969926043208,563.3997672086715
32.95539295068363,15.379701714728538,40.99762868137989,29.58611069873008,26.669066121125464,22.02952041498163,30.42249850439502,22.84006286913622
62.1986046142151,63.62530233364734,58.01875388608019,29.64001242767868,44.35389833765316,76.69529809854741,69.6488212064018,69.33582790102508
661.1072818125276,519.5304647086548,497.9912193849766,642.0744953344071,514.078481161208,235.9439386012681,469.297713717682,527.5852637300126
1.1431705404564276,-0.4699300144935234,-0.7837755127089643,0.1587466410721785,3.23834996420378,2.0379659894582733,0.2334579494759978,0.4873699726235052
72.82021132906326,1053.7543731377848,-144.74414972338218,196.42815272579685,1845.211239608048,153.51412066909862,-158.46105014049562,672.1641142588376
-8.562452459322658e-05,-0.0002027271184528,-1031.2230947719363,2815.900785439783,15719.90002402584,13103.690228802148,4794.121195452691,-262.92893255717166
643.4786437510206,8336.64211969557,7841.800916417983,-34.739150218541795,-1552.6170358779873,-1475.2943280806649,8288.26886724443,1318.9189890412515
212.26029726136463,188.3713954089671,3591.9468817519955,3139.3155501243887,1494.4135060284138,1201.050982106258,148.51000635922384,395.36621459960537
14.34290369229992,20.242149617380434,19.31391414597089,24.870293958554345,28.01487274921596,27.17884738402297,15.928739721716484,21.55765473685922
70.93757734059866,39.45148296918225,50.88981161102108,57.73274613168842,69.24213817947306,78.03941922073895,50.040110580675154,39.287020380141136
460.35640578629886,496.24618447018577,693.2001253933802,738.5463228533777,381.7542292290461,564.3777462039184,767.3358331717008,337.83786693373986
0.2707231831537707,1.988903322793225,1.3534585982613592,1.1182539416275803,1.2795321742068635,2.288111431903076,-0.5327289238182318,0.555610209969456
307.4975329415648,208.09313650590417,606.6501032694961,250.14950372906088,-762.2926839278907,202.0357191214364,269.32086889667835,-98.15015191594732
0.0010338177902508,0.0020379957399695,17705.743572425738,21002.545833888984,21361.010115657285,7138.921586718008,2244.221663443439,-82.3555277103245
606.43760758872,-1767.178147922786,122.62808188325178,-1265.6673045977086,-1076.8913287981136,14226.319928241552,1346.5796652850188,-118.31620805874198
-8.45954890472202,392.4750394101512,6100.435874718098,6045.033009871622,813.7671347641092,2169.022607193258,-857.9153771571346,-1089.4500907885229
25.18102088263697,21.296617210566897,31.20041603412573,32.44486657920553,25.29928220087864,37.17130309513206,23.58808679666032,30.79711419783056
46.25612296361497,64.4973907916414,55.1011163612363,53.10385754527425,52.57178189549042,59.98084346914185,81.58716963259727,75.60151351538933
492.0164083620538,675.375427872558,301.1199240061337,496.5987875416428,506.3894642653858,742.096796356524,501.19586106211256,286.3437460714131
1.981622436050059,1.6214363287162572,1.2404908191786113,2.2912310942889573,2.854483788430896,1.2559510522499484,3.03511390042577,0.3198012025843981
174.3761405104634,-158.6279642325383,-401.56182134462097,1131.163590773458,-162.6818334175899,758.8008862954296,1779.737899985248,280.8868168595269
0.0006211007745035,0.0001515614869328,-378.7090146544952,15951.744779925732,19087.72232533432,17007.08683913879,7888.55960828629,-310.5274647664832
-158.75946098816564,5560.403407148537,-354.43370306170243,2906.904712045773,334.66973645528293,1702.7358034461986,-2080.922278928335,-564.6167051121326
-163.88870076627876,33.45445131943847,-730.257806321594,151.21160811169776,-2313.355294317089,1967.3422708436976,-1041.0969926043208,563.3997672086715
32.95539295068363,15.379701714728538,40.99762868137989,29.58611069873008,26.669066121125464,22.02952041498163,30.42249850439502,22.84006286913622
62.1986046142151,63.62530233364734,58.01875388608019,29.64001242767868,44.35389833765316,76.69529809854741,69.6488212064018,69.33582790102508
661.1072818125276,519.5304647086548,497.9912193849766,642.0744953344071,514.078481161208,235.9439386012681,469.297713717682,527.5852637300126
1.1431705404564276,-0.4699300144935234,-0.7837755127089643,0.1587466410721785,3.23834996420378,2.0379659894582733,0.2334579494759978,0.4873699726235052
72.82021132906326,1053.7543731377848,-144.74414972338218,196.42815272579685,1845.211239608048,153.51412066909862,-158.46105014049562,672.1641142588376
-8.562452459322658e-05,-0.0002027271184528,-1031.2230947719363,2815.900785439783,15719.90002402584,13103.690228802148,4794.121195452691,-262.92893255717166
643.4786437510206,8336.64211969557,7841.800916417983,-34.739150218541795,-1552.6170358779873,-1475.2943280806649,8288.26886724443,1318.9189890412515
212.26029726136463,188.3713954089671,3591.9468817519955,3139.3155501243887,1494.4135060284138,1201.050982106258,148.51000635922384,395.36621459960537
14.34290369229992,20.242149617380434,19.31391414597089,24.870293958554345,28.01487274921596,27.17884738402297,15.928739721716484,21.55765473685922
70.93757734059866,39.45148296918225,50.88981161102108,57.73274613168842,69.24213817947306,78.03941922073895,50.040110580675154,39.287020380141136
460.35640578629886,496.24618447018577,693.2001253933802,738.5463228533777,381.7542292290461,564.3777462039184,767.3358331717008,337.83786693373986
0.2707231831537707,1.988903322793225,1.3534585982613592,1.1182539416275803,1.2795321742068635,2.288111431903076,-0.5327289238182318,0.555610209969456
307.4975329415648,208.09313650590417,606.6501032694961,250.14950372906088,-762.2926839278907,202.0357191214364,269.32086889667835,-98.15015191594732
0.0010338177902508,0.0020379957399695,17705.743572425738,21002.545833888984,21361.010115657285,7138.921586718008,2244.221663443439,-82.3555277103245
606.43760758872,-1767.178147922786,122.62808188325178,-1265.6673045977086,-1076.8913287981136,14226.319928241552,1346.5796652850188,-118.31620805874198
-8.45954890472202,392.4750394101512,6100.435874718098,6045.033009871622,813.7671347641092,2169.022607193258,-857.9153771571346,-1089.4500907885229
25.18102088263697,21.296617210566897,31.20041603412573,32.44486657920553,25.29928220087864,37.17130309513206,23.58808679666032,30.79711419783056
46.25612296361497,64.4973907916414,55.1011163612363,53.10385754527425,52.57178189549042,59.98084346914185,81.58716963259727,75.60151351538933
492.0164083620538,675.375427872558,301.1199240061337,496.5987875416428,506.3894642653858,742.096796356524,501.19586106211256,286.3437460714131
1.981622436050059,1.6214363287162572,1.2404908191786113,2.2912310942889573,2.854483788430896,1.2559510522499484,3.03511390042577,0.3198012025843981
174.3761405104634,-158.6279642325383,-401.56182134462097,1131.163590773458,-162.6818334175899,758.8008862954296,1779.737899985248,280.8868168595269
0.0006211007745035,0.0001515614869328,-378.7090146544952,15951.744779925732,19087.72232533432,17007.08683913879,7888.55960828629,-310.5274647664832
-158.75946098816564,5560.403407148537,-354.43370306170243,2906.904712045773,334.66973645528293,1702.7358034461986,-2080.922278928335,-564.6167051121326
-163.88870076627876,33.45445131943847,-730.257806321594,151.21160811169776,-2313.355294317089,1967.3422708436976,-1041.0969926043208,563.3997672086715
32.95539295068363,15.379701714728538,40.99762868137989,29.58611069873008,26.669066121125464,22.02952041498163,30.42249850439502,22.84006286913622
62.1986046142151,63.62530233364734,58.01875388608019,29.64001242767868,44.35389833765316,76.69529809854741,69.6488212064018,69.33582790102508
661.1072818125276,519.5304647086548,497.9912193849766,642.0744953344071,514.078481161208,235.9439386012681,469.297713717682,527.5852637300126
1.1431705404564276,-0.4699300144935234,-0.7837755127089643,0.1587466410721785,3.23834996420378,2.0379659894582733,0.2334579494759978,0.4873699726235052
72.82021132906326,1053.7543731377848,-144.74414972338218,196.42815272579685,1845.211239608048,153.51412066909862,-158.46105014049562,672.1641142588376
-8.562452459322658e-05,-0.0002027271184528,-1031.2230947719363,2815.900785439783,15719.90002402584,13103.690228802148,4794.121195452691,-262.92893255717166
643.4786437510206,8336.64211969557,7841.800916417983,-34.739150218541795,-1552.6170358779873,-1475.2943280806649,8288.26886724443,1318.9189890412515
212.26029726136463,188.3713954089671,3591.9468817519955,3139.3155501243887,1494.4135060284138,1201.050982106258,148.51000635922384,395.36621459960537
14.34290369229992,20.242149617380434,19.31391414597089,24.870293958554345,28.01487274921596,27.17884738402297,15.928739721716484,21.55765473685922
70.93757734059866,39.45148296918225,50.88981161102108,57.73274613168842,69.24213817947306,78.03941922073895,50.040110580675154,39.287020380141136
460.35640578629886,496.24618447018577,693.2001253933802,738.5463228533777,381.7542292290461,564.3777462039184,767.3358331717008,337.83786693373986
0.2707231831537707,1.988903322793225,1.3534585982613592,1.1182539416275803,1.2795321742068635,2.288111431903076,-0.5327289238182318,0.555610209969456
307.4975329415648,208.09313650590417,606.6501032694961,250.14950372906088,-762.2926839278907,202.0357191214364,269.32086889667835,-98.15015191594732
0.0010338177902508,0.0020379957399695,17705.743572425738,21002.545833888984,21361.010115657285,7138.921586718008,2244.221663443439,-82.3555277103245
606.43760758872,-1767.178147922786,122.62808188325178,-1265.6673045977086,-1076.8913287981136,14226.319928241552,1346.5796652850188,-118.31620805874198
-8.45954890472202,392.4750394101512,6100.435874718098,6045.033009871622,813.7671347641092,2169.022607193258,-857.9153771571346,-1089.4500907885229
25.18102088263697,21.296617210566897,31.20041603412573,32.44486657920553,25.29928220087864,37.17130309513206,23.58808679666032,30.79711419783056
46.25612296361497,64.4973907916414,55.1011163612363,53.10385754527425,52.57178189549042,59.98084346914185,81.58716963259727,75.60151351538933
492.0164083620538,675.375427872558,301.1199240061337,496.5987875416428,506.3894642653858,742.096796356524,501.19586106211256,286.3437460714131
1.981622436050059,1.6214363287162572,1.2404908191786113,2.2912310942889573,2.854483788430896,1.2559510522499484,3.03511390042577,0.3198012025843981
174.3761405104634,-158.6279642325383,-401.56182134462097,1131.163590773458,-162.6818334175899,758.8008862954296,1779.737899985248,280.8868168595269
0.0006211007745035,0.0001515614869328,-378.7090146544952,15951.744779925732,19087.72232533432,17007.08683913879,7888.55960828629,-310.5274647664832
-158.75946098816564,5560.403407148537,-354.43370306170243,2906.904712045773,334.66973645528293,1702.7358034461986,-2080.922278928335,-564.6167051121326
-163.88870076627876,33.45445131943847,-730.257806321594,151.21160811169776,-2313.355294317089,1967.3422708436976,-1041.0969926043208,563.3997672086715
32.95539295068363,15.379701714728538,40.99762868137989,29.58611069873008,26.669066121125464,22.02952041498163,30.42249850439502,22.84006286913622
62.1986046142151,63.62530233364734,58.01875388608019,29.64001242767868,44.35389833765316,76.69529809854741,69.6488212064018,69.33582790102508
661.1072818125276,519.5304647086548,497.9912193849766,642.0744953344071,514.078481161208,235.9439386012681,469.297713717682,527.5852637300126
1.1431705404564276,-0.4699300144935234,-0.7837755127089643,0.1587466410721785,3.23834996420378,2.0379659894582733,0.2334579494759978,0.4873699726235052
72.82021132906326,1053.7543731377848,-144.74414972338218,196.42815272579685,1845.211239608048,153.51412066909862,-158.46105014049562,672.1641142588376
-8.562452459322658e-05,-0.0002027271184528,-1031.2230947719363,2815.900785439783,15719.90002402584,13103.690228802148,4794.121195452691,-262.92893255717166
643.4786437510206,8336.64211969557,7841.800916417983,-34.739150218541795,-1552.6170358779873,-1475.2943280806649,8288.26886724443,1318.9189890412515
212.26029726136463,188.3713954089671,3591.9468817519955,3139.3155501243887,1494.4135060284138,1201.050982106258,148.51000635922384,395.36621459960537
14.34290369229992,20.242149617380434,19.31391414597089,24.870293958554345,28.01487274921596,27.17884738402297,15.928739721716484,21.55765473685922
70.93757734059866,39.45148296918225,50.88981161102108,57.73274613168842,69.24213817947306,78.03941922073895,50.040110580675154,39.287020380141136
460.35640578629886,496.24618447018577,693.2001253933802,738.5463228533777,381.7542292290461,564.3777462039184,767.3358331717008,337.83786693373986
0.2707231831537707,1.988903322793225,1.3534585982613592,1.1182539416275803,1.2795321742068635,2.288111431903076,-0.5327289238182318,0.555610209969456
307.4975329415648,208.09313650590417,606.6501032694961,250.14950372906088,-762.2926839278907,202.0357191214364,269.32086889667835,-98.15015191594732
0.0010338177902508,0.0020379957399695,17705.743572425738,21002.545833888984,21361.010115657285,7138.921586718008,2244.221663443439,-82.3555277103245
606.43760758872,-1767.178147922786,122.62808188325178,-1265.6673045977086,-1076.8913287981136,14226.319928241552,1346.5796652850188,-118.31620805874198
-8.45954890472202,392.4750394101512,6100.435874718098,6045.033009871622,813.7671347641092,2169.022607193258,-857.9153771571346,-1089.4500907885229
25.18102088263697,21.296617210566897,31.20041603412573,32.44486657920553,25.29928220087864,37.17130309513206,23.58808679666032,30.79711419783056
46.25612296361497,64.4973907916414,55.1011163612363,53.10385754527425,52.57178189549042,59.98084346914185,81.58716963259727,75.60151351538933
492.0164083620538,675.375427872558,301.1199240061337,496.5987875416428,506.3894642653858,742.096796356524,501.19586106211256,286.3437460714131
1.981622436050059,1.6214363287162572,1.2404908191786113,2.2912310942889573,2.854483788430896,1.2559510522499484,3.03511390042577,0.3198012025843981
174.3761405104634,-158.6279642325383,-401.56182134462097,1131.163590773458,-162.6818334175899,758.8008862954296,1779.737899985248,280.8868168595269
0.0006211007745035,0.0001515614869328,-378.7090146544952,15951.744779925732,19087.72232533432,17007.08683913879,7888.55960828629,-310.5274647664832
-158.75946098816564,5560.403407148537,-354.43370306170243,2906.904712045773,334.66973645528293,1702.7358034461986,-2080.922278928335,-564.6167051121326
-163.88870076627876,33.45445131943847,-730.257806321594,151.21160811169776,-2313.355294317089,1967.3422708436976,-1041.0969926043208,563.3997672086715
32.95539295068363,15.379701714728538,40.99762868137989,29.58611069873008,26.669066121125464,22.02952041498163,30.42249850439502,22.84006286913622
62.1986046142151,63.62530233364734,58.01875388608019,29.64001242767868,44.35389833765316,76.69529809854741,69.6488212064018,69.33582790102508
661.1072818125276,519.5304647086548,497.9912193849766,642.0744953344071,514.078481161208,235.9439386012681,469.297713717682,527.5852637300126
1.1431705404564276,-0.4699300144935234,-0.7837755127089643,0.1587466410721785,3.23834996420378,2.0379659894582733,0.2334579494759978,0.4873699726235052
72.82021132906326,1053.7543731377848,-144.74414972338218,196.42815272579685,1845.211239608048,153.51412066909862,-158.46105014049562,672.1641142588376
-8.562452459322658e-05,-0.0002027271184528,-1031.2230947719363,2815.900785439783,15719.90002402584,13103.690228802148,4794.121195452691,-262.92893255717166
643.4786437510206,8336.64211969557,7841.800916417983,-34.739150218541795,-1552.6170358779873,-1475.2943280806649,8288.26886724443,1318.9189890412515
212.26029726136463,188.3713954089671,3591.9468817519955,3139.3155501243887,1494.4135060284138,1201.050982106258,148.51000635922384,395.36621459960537
14.34290369229992,20.242149617380434,19.31391414597089,24.870293958554345,28.01487274921596,27.17884738402297,15.928739721716484,21.55765473685922
70.93757734059866,39.45148296918225,50.88981161102108,57.73274613168842,69.24213817947306,78.03941922073895,50.040110580675154,39.287020380141136
460.35640578629886,496.24618447018577,693.2001253933802,738.5463228533777,381.7542292290461,564.3777462039184,767.3358331717008,337.83786693373986
0.2707231831537707,1.988903322793225,1.3534585982613592,1.1182539416275803,1.2795321742068635,2.288111431903076,-0.5327289238182318,0.555610209969456
307.4975329415648,208.09313650590417,606.6501032694961,250.14950372906088,-762.2926839278907,202.0357191214364,269.32086889667835,-98.15015191594732
0.0010338177902508,0.0020379957399695,17705.743572425738,21002.545833888984,21361.010115657285,7138.921586718008,2244.221663443439,-82.3555277103245
606.43760758872,-1767.178147922786,122.62808188325178,-1265.6673045977086,-1076.8913287981136,14226.319928241552,1346.5796652850188,-118.31620805874198
-8.45954890472202,392.4750394101512,6100.435874718098,6045.033009871622,813.7671347641092,2169.022607193258,-857.9153771571346,-1089.4500907885229
25.18102088263697,21.296617210566897,31.20041603412573,32.44486657920553,25.29928220087864,37.17130309513206,23.58808679666032,30.79711419783056
46.25612296361497,64.4973907916414,55.1011163612363,53.10385754527425,52.57178189549042,59.98084346914185,81.58716963259727,75.60151351538933
492.0164083620538,675.375427872558,301.1199240061337,496.5987875416428,506.3894642653858,742.096796356524,501.19586106211256,286.3437460714131
1.981622436050059,1.6214363287162572,1.2404908191786113,2.2912310942889573,2.854483788430896,1.2559510522499484,3.03511390042577,0.3198012025843981
174.3761405104634,-158.6279642325383,-401.56182134462097,1131.163590773458,-162.6818334175899,758.8008862954296,1779.737899985248,280.8868168595269
0.0006211007745035,0.0001515614869328,-378.7090146544952,15951.744779925732,19087.72232533432,17007.08683913879,7888.55960828629,-310.5274647664832
-158.75946098816564,5560.403407148537,-354.43370306170243,2906.904712045773,334.66973645528293,1702.7358034461986,-2080.922278928335,-564.6167051121326
-163.88870076627876,33.45445131943847,-730.257806321594,151.21160811169776,-2313.355294317089,1967.3422708436976,-1041.0969926043208,563.3997672086715
32.95539295068363,15.379701714728538,40.99762868137989,29.58611069873008,26.669066121125464,22.02952041498163,30.42249850439502,22.84006286913622
62.1986046142151,63.62530233364734,58.01875388608019,29.64001242767868,44.35389833765316,76.69529809854741,69.6488212064018,69.33582790102508
661.1072818125276,519.5304647086548,497.9912193849766,642.0744953344071,514.078481161208,235.9439386012681,469.297713717682,527.5852637300126
1.1431705404564276,-0.4699300144935234,-0.7837755127089643,0.1587466410721785,3.23834996420378,2.0379659894582733,0.2334579494759978,0.4873699726235052
72.82021132906326,1053.7543731377848,-144.74414972338218,196.42815272579685,1845.211239608048,153.51412066909862,-158.46105014049562,672.1641142588376
-8.562452459322658e-05,-0.0002027271184528,-1031.2230947719363,2815.900785439783,15719.90002402584,13103.690228802148,4794.121195452691,-262.92893255717166
643.4786437510206,8336.64211969557,7841.800916417983,-34.739150218541795,-1552.6170358779873,-1475.2943280806649,8288.26886724443,1318.9189890412515
212.26029726136463,188.3713954089671,3591.9468817519955,3139.3155501243887,1494.4135060284138,1201.050982106258,148.51000635922384,395.36621459960537
14.34290369229992,20.242149617380434,19.31391414597089,24.870293958554345,28.01487274921596,27.17884738402297,15.928739721716484,21.55765473685922
70.93757734059866,39.45148296918225,50.88981161102108,57.73274613168842,69.24213817947306,78.03941922073895,50.040110580675154,39.287020380141136
460.35640578629886,496.24618447018577,693.2001253933802,738.5463228533777,381.7542292290461,564.3777462039184,767.3358331717008,337.83786693373986
0.2707231831537707,1.988903322793225,1.3534585982613592,1.1182539416275803,1.2795321742068635,2.288111431903076,-0.5327289238182318,0.555610209969456
307.4975329415648,208.09313650590417,606.6501032694961,250.14950372906088,-762.2926839278907,202.0357191214364,269.32086889667835,-98.15015191594732
0.0010338177902508,0.0020379957399695,17705.743572425738,21002.545833888984,21361.010115657285,7138.921586718008,2244.221663443439,-82.3555277103245
606.43760758872,-1767.178147922786,122.62808188325178,-1265.6673045977086,-1076.8913287981136,14226.319928241552,1346.5796652850188,-118.31620805874198
-8.45954890472202,392.4750394101512,6100.435874718098,6045.033009871622,813.7671347641092,2169.022607193258,-857.9153771571346,-1089.4500907885229
25.18102088263697,21.296617210566897,31.20041603412573,32.44486657920553,25.29928220087864,37.17130309513206,23.58808679666032,30.79711419783056
46.25612296361497,64.4973907916414,55.1011163612363,53.10385754527425,52.57178189549042,59.98084346914185,81.58716963259727,75.60151351538933
492.0164083620538,675.375427872558,301.1199240061337,496.5987875416428,506.3894642653858,742.096796356524,501.19586106211256,286.3437460714131
1.981622436050059,1.6214363287162572,1.2404908191786113,2.2912310942889573,2.854483788430896,1.2559510522499484,3.03511390042577,0.3198012025843981
174.3761405104634,-158.6279642325383,-401.56182134462097,1131.163590773458,-162.6818334175899,758.8008862954296,1779.737899985248,280.8868168595269
0.0006211007745035,0.0001515614869328,-378.7090146544952,15951.744779925732,19087.72232533432,17007.08683913879,7888.55960828629,-310.5274647664832
-158.75946098816564,5560.403407148537,-354.43370306170243,2906.904712045773,334.66973645528293,1702.7358034461986,-2080.922278928335,-564.6167051121326
-163.88870076627876,33.45445131943847,-730.257806321594,151.21160811169776,-2313.355294317089,1967.3422708436976,-1041.0969926043208,563.3997672086715
32.95539295068363,15.379701714728538,40.99762868137989,29.58611069873008,26.669066121125464,22.02952041498163,30.42249850439502,22.84006286913622
62.1986046142151,63.62530233364734,58.01875388608019,29.64001242767868,44.35389833765316,76.69529809854741,69.6488212064018,69.33582790102508
661.1072818125276,519.5304647086548,497.9912193849766,642.0744953344071,514.078481161208,235.9439386012681,469.297713717682,527.5852637300126
1.1431705404564276,-0.4699300144935234,-0.7837755127089643,0.1587466410721785,3.23834996420378,2.0379659894582733,0.2334579494759978,0.4873699726235052
72.82021132906326,1053.7543731377848,-144.74414972338218,196.42815272579685,1845.211239608048,153.51412066909862,-158.46105014049562,672.1641142588376
-8.562452459322658e-05,-0.0002027271184528,-1031.2230947719363,2815.900785439783,15719.90002402584,13103.690228802148,4794.121195452691,-262.92893255717166
643.4786437510206,8336.64211969557,7841.800916417983,-34.739150218541795,-1552.6170358779873,-1475.2943280806649,8288.26886724443,1318.9189890412515
212.26029726136463,188.3713954089671,3591.9468817519955,3139.3155501243887,1494.4135060284138,1201.050982106258,148.51000635922384,395.36621459960537
14.34290369229992,20.242149617380434,19.31391414597089,24.870293958554345,28.01487274921596,27.17884738402297,15.928739721716484,21.55765473685922
70.93757734059866,39.45148296918225,50.88981161102108,57.73274613168842,69.24213817947306,78.03941922073895,50.040110580675154,39.287020380141136
460.35640578629886,496.24618447018577,693.2001253933802,738.5463228533777,381.7542292290461,564.3777462039184,767.3358331717008,337.83786693373986
0.2707231831537707,1.988903322793225,1.3534585982613592,1.1182539416275803,1.2795321742068635,2.288111431903076,-0.5327289238182318,0.555610209969456
307.4975329415648,208.09313650590417,606.6501032694961,250.14950372906088,-762.2926839278907,202.0357191214364,269.32086889667835,-98.15015191594732
0.0010338177902508,0.0020379957399695,17705.743572425738,21002.545833888984,21361.010115657285,7138.921586718008,2244.221663443439,-82.3555277103245
606.43760758872,-1767.178147922786,122.62808188325178,-1265.6673045977086,-1076.8913287981136,14226.319928241552,1346.5796652850188,-118.31620805874198
-8.45954890472202,392.4750394101512,6100.435874718098,6045.033009871622,813.7671347641092,2169.022607193258,-857.9153771571346,-1089.4500907885229
25.18102088263697,21.296617210566897,31.20041603412573,32.44486657920553,25.29928220087864,37.17130309513206,23.58808679666032,30.79711419783056
46.25612296361497,64.4973907916414,55.1011163612363,53.10385754527425,52.57178189549042,59.98084346914185,81.58716963259727,75.60151351538933
492.0164083620538,675.375427872558,301.1199240061337,496.5987875416428,506.3894642653858,742.096796356524,501.19586106211256,286.3437460714131
1.981622436050059,1.6214363287162572,1.2404908191786113,2.2912310942889573,2.854483788430896,1.2559510522499484,3.03511390042577,0.3198012025843981
174.3761405104634,-158.6279642325383,-401.56182134462097,1131.163590773458,-162.6818334175899,758.8008862954296,1779.737899985248,280.8868168595269
0.0006211007745035,0.0001515614869328,-378.7090146544952,15951.744779925732,19087.72232533432,17007.08683913879,7888.55960828629,-310.5274647664832
-158.75946098816564,5560.403407148537,-354.43370306170243,2906.904712045773,334.66973645528293,1702.7358034461986,-2080.922278928335,-564.6167051121326
-163.88870076627876,33.45445131943847,-730.257806321594,151.21160811169776,-2313.355294317089,1967.3422708436976,-1041.0969926043208,563.3997672086715
32.95539295068363,15.379701714728538,40.99762868137989,29.58611069873008,26.669066121125464,22.02952041498163,30.42249850439502,22.84006286913622
62.1986046142151,63.62530233364734,58.01875388608019,29.64001242767868,44.35389833765316,76.69529809854741,69.6488212064018,69.33582790102508
661.1072818125276,519.5304647086548,497.9912193849766,642.0744953344071,514.078481161208,235.9439386012681,469.297713717682,527.5852637300126
1.1431705404564276,-0.4699300144935234,-0.7837755127089643,0.1587466410721785,3.23834996420378,2.0379659894582733,0.2334579494759978,0.4873699726235052
72.82021132906326,1053.7543731377848,-144.74414972338218,196.42815272579685,1845.211239608048,153.51412066909862,-158.46105014049562,672.1641142588376
-8.562452459322658e-05,-0.0002027271184528,-1031.2230947719363,2815.900785439783,15719.90002402584,13103.690228802148,4794.121195452691,-262.92893255717166
643.4786437510206,8336.64211969557,7841.800916417983,-34.739150218541795,-1552.6170358779873,-1475.2943280806649,8288.26886724443,1318.9189890412515
212.26029726136463,188.3713954089671,3591.9468817519955,3139.3155501243887,1494.4135060284138,1201.050982106258,148.51000635922384,395.36621459960537
14.34290369229992,20.242149617380434,19.31391414597089,24.870293958554345,28.01487274921596,27.17884738402297,15.928739721716484,21.55765473685922
70.93757734059866,39.45148296918225,50.88981161102108,57.73274613168842,69.24213817947306,78.03941922073895,50.040110580675154,39.287020380141136
460.35640578629886,496.24618447018577,693.2001253933802,738.5463228533777,381.7542292290461,564.3777462039184,767.3358331717008,337.83786693373986
0.2707231831537707,1.988903322793225,1.3534585982613592,1.1182539416275803,1.2795321742068635,2.288111431903076,-0.5327289238182318,0.555610209969456
307.4975329415648,208.09313650590417,606.6501032694961,250.14950372906088,-762.2926839278907,202.0357191214364,269.32086889667835,-98.15015191594732
0.0010338177902508,0.0020379957399695,17705.743572425738,21002.545833888984,21361.010115657285,7138.921586718008,2244.221663443439,-82.3555277103245
606.43760758872,-1767.178147922786,122.62808188325178,-1265.6673045977086,-1076.8913287981136,14226.319928241552,1346.5796652850188,-118.31620805874198
-8.45954890472202,392.4750394101512,6100.435874718098,6045.033009871622,813.7671347641092,2169.022607193258,-857.9153771571346,-1089.4500907885229
25.18102088263697,21.296617210566897,31.20041603412573,32.44486657920553,25.29928220087864,37.17130309513206,23.58808679666032,30.79711419783056
46.25612296361497,64.4973907916414,55.1011163612363,53.10385754527425,52.57178189549042,59.98084346914185,81.58716963259727,75.60151351538933
492.0164083620538,675.375427872558,301.1199240061337,496.5987875416428,506.3894642653858,742.096796356524,501.19586106211256,286.3437460714131
1.981622436050059,1.6214363287162572,1.2404908191786113,2.2912310942889573,2.854483788430896,1.2559510522499484,3.03511390042577,0.3198012025843981
174.3761405104634,-158.6279642325383,-401.56182134462097,1131.163590773458,-162.6818334175899,758.8008862954296,1779.737899985248,280.8868168595269
0.0006211007745035,0.0001515614869328,-378.7090146544952,15951.744779925732,19087.72232533432,17007.08683913879,7888.55960828629,-310.5274647664832
-158.75946098816564,5560.403407148537,-354.43370306170243,2906.904712045773,334.66973645528293,1702.7358034461986,-2080.922278928335,-564.6167051121326
-163.88870076627876,33.45445131943847,-730.257806321594,151.21160811169776,-2313.355294317089,1967.3422708436976,-1041.0969926043208,563.3997672086715
32.95539295068363,15.379701714728538,40.99762868137989,29.58611069873008,26.669066121125464,22.02952041498163,30.42249850439502,22.84006286913622
62.1986046142151,63.62530233364734,58.01875388608019,29.64001242767868,44.35389833765316,76.69529809854741,69.6488212064018,69.33582790102508
661.1072818125276,519.5304647086548,497.9912193849766,642.0744953344071,514.078481161208,235.9439386012681,469.297713717682,527.5852637300126
1.1431705404564276,-0.4699300144935234,-0.7837755127089643,0.1587466410721785,3.23834996420378,2.0379659894582733,0.2334579494759978,0.4873699726235052
72.82021132906326,1053.7543731377848,-144.74414972338218,196.42815272579685,1845.211239608048,153.51412066909862,-158.46105014049562,672.1641142588376
-8.562452459322658e-05,-0.0002027271184528,-1031.2230947719363,2815.900785439783,15719.90002402584,13103.690228802148,4794.121195452691,-262.92893255717166
643.4786437510206,8336.64211969557,7841.800916417983,-34.739150218541795,-1552.6170358779873,-1475.2943280806649,8288.26886724443,1318.9189890412515
212.26029726136463,188.3713954089671,3591.9468817519955,3139.3155501243887,1494.4135060284138,1201.050982106258,148.51000635922384,395.36621459960537
14.34290369229992,20.242149617380434,19.31391414597089,24.870293958554345,28.01487274921596,27.17884738402297,15.928739721716484,21.55765473685922
70.93757734059866,39.45148296918225,50.88981161102108,57.73274613168842,69.24213817947306,78.03941922073895,50.040110580675154,39.287020380141136
460.35640578629886,496.24618447018577,693.2001253933802,738.5463228533777,381.7542292290461,564.3777462039184,767.3358331717008,337.83786693373986
0.2707231831537707,1.988903322793225,1.3534585982613592,1.1182539416275803,1.2795321742068635,2.288111431903076,-0.5327289238182318,0.555610209969456
307.4975329415648,208.09313650590417,606.6501032694961,250.14950372906088,-762.2926839278907,202.0357191214364,269.32086889667835,-98.15015191594732
0.0010338177902508,0.0020379957399695,17705.743572425738,21002.545833888984,21361.010115657285,7138.921586718008,2244.221663443439,-82.3555277103245
606.43760758872,-1767.178147922786,122.62808188325178,-1265.6673045977086,-1076.8913287981136,14226.319928241552,1346.5796652850188,-118.31620805874198
-8.45954890472202,392.4750394101512,6100.435874718098,6045.033009871622,813.7671347641092,2169.022607193258,-857.9153771571346,-1089.4500907885229
25.18102088263697,21.296617210566897,31.20041603412573,32.44486657920553,25.29928220087864,37.17130309513206,23.58808679666032,30.79711419783056
46.25612296361497,64.4973907916414,55.1011163612363,53.10385754527425,52.57178189549042,59.98084346914185,81.58716963259727,75.60151351538933
492.0164083620538,675.375427872558,301.1199240061337,496.5987875416428,506.3894642653858,742.096796356524,501.19586106211256,286.3437460714131
1.981622436050059,1.6214363287162572,1.2404908191786113,2.2912310942889573,2.854483788430896,1.2559510522499484,3.03511390042577,0.3198012025843981
174.3761405104634,-158.6279642325383,-401.56182134462097,1131.163590773458,-162.6818334175899,758.8008862954296,1779.737899985248,280.8868168595269
0.0006211007745035,0.0001515614869328,-378.7090146544952,15951.744779925732,19087.72232533432,17007.08683913879,7888.55960828629,-310.5274647664832
-158.75946098816564,5560.403407148537,-354.43370306170243,2906.904712045773,334.66973645528293,1702.7358034461986,-2080.922278928335,-564.6167051121326
-163.88870076627876,33.45445131943847,-730.257806321594,151.21160811169776,-2313.355294317089,1967.3422708436976,-1041.0969926043208,563.3997672086715
32.95539295068363,15.379701714728538,40.99762868137989,29.58611069873008,26.669066121125464,22.02952041498163,30.42249850439502,22.84006286913622
62.1986046142151,63.62530233364734,58.01875388608019,29.64001242767868,44.35389833765316,76.69529809854741,69.6488212064018,69.33582790102508
661.1072818125276,519.5304647086548,497.9912193849766,642.0744953344071,514.078481161208,235.9439386012681,469.297713717682,527.5852637300126
1.1431705404564276,-0.4699300144935234,-0.7837755127089643,0.1587466410721785,3.23834996420378,2.0379659894582733,0.2334579494759978,0.4873699726235052
72.82021132906326,1053.7543731377848,-144.74414972338218,196.42815272579685,1845.211239608048,153.51412066909862,-158.46105014049562,672.1641142588376
-8.562452459322658e-05,-0.0002027271184528,-1031.2230947719363,2815.900785439783,15719.90002402584,13103.690228802148,4794.121195452691,-262.92893255717166
643.4786437510206,8336.64211969557,7841.800916417983,-34.739150218541795,-1552.6170358779873,-1475.2943280806649,8288.26886724443,1318.9189890412515
212.26029726136463,188.3713954089671,3591.9468817519955,3139.3155501243887,1494.4135060284138,1201.050982106258,148.51000635922384,395.36621459960537
14.34290369229992,20.242149617380434,19.31391414597089,24.870293958554345,28.01487274921596,27.17884738402297,15.928739721716484,21.55765473685922
70.93757734059866,39.45148296918225,50.88981161102108,57.73274613168842,69.24213817947306,78.03941922073895,50.040110580675154,39.287020380141136
460.35640578629886,496.24618447018577,693.2001253933802,738.5463228533777,381.7542292290461,564.3777462039184,767.3358331717008,337.83786693373986
0.2707231831537707,1.988903322793225,1.3534585982613592,1.1182539416275803,1.2795321742068635,2.288111431903076,-0.5327289238182318,0.555610209969456
307.4975329415648,208.09313650590417,606.6501032694961,250.14950372906088,-762.2926839278907,202.0357191214364,269.32086889667835,-98.15015191594732
0.0010338177902508,0.0020379957399695,17705.743572425738,21002.545833888984,21361.010115657285,7138.921586718008,2244.221663443439,-82.3555277103245
606.43760758872,-1767.178147922786,122.62808188325178,-1265.6673045977086,-1076.8913287981136,14226.319928241552,1346.5796652850188,-118.31620805874198
-8.45954890472202,392.4750394101512,6100.435874718098,6045.033009871622,813.7671347641092,2169.022607193258,-857.9153771571346,-1089.4500907885229
25.18102088263697,21.296617210566897,31.20041603412573,32.44486657920553,25.29928220087864,37.17130309513206,23.58808679666032,30.79711419783056
46.25612296361497,64.4973907916414,55.1011163612363,53.10385754527425,52.57178189549042,59.98084346914185,81.58716963259727,75.60151351538933
492.0164083620538,675.375427872558,301.1199240061337,496.5987875416428,506.3894642653858,742.096796356524,501.19586106211256,286.3437460714131
1.981622436050059,1.6214363287162572,1.2404908191786113,2.2912310942889573,2.854483788430896,1.2559510522499484,3.03511390042577,0.3198012025843981
174.3761405104634,-158.6279642325383,-401.56182134462097,1131.163590773458,-162.6818334175899,758.8008862954296,1779.737899985248,280.8868168595269
0.0006211007745035,0.0001515614869328,-378.7090146544952,15951.744779925732,19087.72232533432,17007.08683913879,7888.55960828629,-310.5274647664832
-158.75946098816564,5560.403407148537,-354.43370306170243,2906.904712045773,334.66973645528293,1702.7358034461986,-2080.922278928335,-564.6167051121326
-163.88870076627876,33.45445131943847,-730.257806321594,151.21160811169776,-2313.355294317089,1967.3422708436976,-1041.0969926043208,563.3997672086715
32.95539295068363,15.379701714728538,40.99762868137989,29.58611069873008,26.669066121125464,22.02952041498163,30.42249850439502,22.84006286913622
62.1986046142151,63.62530233364734,58.01875388608019,29.64001242767868,44.35389833765316,76.69529809854741,69.6488212064018,69.33582790102508
661.1072818125276,519.5304647086548,497.9912193849766,642.0744953344071,514.078481161208,235.9439386012681,469.297713717682,527.5852637300126
1.1431705404564276,-0.4699300144935234,-0.7837755127089643,0.1587466410721785,3.23834996420378,2.0379659894582733,0.2334579494759978,0.4873699726235052
72.82021132906326,1053.7543731377848,-144.74414972338218,196.42815272579685,1845.211239608048,153.51412066909862,-158.46105014049562,672.1641142588376
-8.562452459322658e-05,-0.0002027271184528,-1031.2230947719363,2815.900785439783,15719.90002402584,13103.690228802148,4794.121195452691,-262.92893255717166
643.4786437510206,8336.64211969557,7841.800916417983,-34.739150218541795,-1552.6170358779873,-1475.2943280806649,8288.26886724443,1318.9189890412515
212.26029726136463,188.3713954089671,3591.9468817519955,3139.3155501243887,1494.4135060284138,1201.050982106258,148.51000635922384,395.36621459960537
14.34290369229992,20.242149617380434,19.31391414597089,24.870293958554345,28.01487274921596,27.17884738402297,15.928739721716484,21.55765473685922
70.93757734059866,39.45148296918225,50.88981161102108,57.73274613168842,69.24213817947306,78.03941922073895,50.040110580675154,39.287020380141136
460.35640578629886,496.24618447018577,693.2001253933802,738.5463228533777,381.7542292290461,564.3777462039184,767.3358331717008,337.83786693373986
0.2707231831537707,1.988903322793225,1.3534585982613592,1.1182539416275803,1.2795321742068635,2.288111431903076,-0.5327289238182318,0.555610209969456
307.4975329415648,208.09313650590417,606.6501032694961,250.14950372906088,-762.2926839278907,202.0357191214364,269.32086889667835,-98.15015191594732
0.0010338177902508,0.0020379957399695,17705.743572425738,21002.545833888984,21361.010115657285,7138.921586718008,2244.221663443439,-82.3555277103245
606.43760758872,-1767.178147922786,122.62808188325178,-1265.6673045977086,-1076.8913287981136,14226.319928241552,1346.5796652850188,-118.31620805874198
-8.45954890472202,392.4750394101512,6100.435874718098,6045.033009871622,813.7671347641092,2169.022607193258,-857.9153771571346,-1089.4500907885229
25.18102088263697,21.296617210566897,31.20041603412573,32.44486657920553,25.29928220087864,37.17130309513206,23.58808679666032,30.79711419783056
46.25612296361497,64.4973907916414,55.1011163612363,53.10385754527425,52.57178189549042,59.98084346914185,81.58716963259727,75.60151351538933
492.0164083620538,675.375427872558,301.1199240061337,496.5987875416428,506.3894642653858,742.096796356524,501.19586106211256,286.3437460714131
1.981622436050059,1.6214363287162572,1.2404908191786113,2.2912310942889573,2.854483788430896,1.2559510522499484,3.03511390042577,0.3198012025843981
174.3761405104634,-158.6279642325383,-401.56182134462097,1131.163590773458,-162.6818334175899,758.8008862954296,1779.737899985248,280.8868168595269
0.0006211007745035,0.0001515614869328,-378.7090146544952,15951.744779925732,19087.72232533432,17007.08683913879,7888.55960828629,-310.5274647664832
-158.75946098816564,5560.403407148537,-354.43370306170243,2906.904712045773,334.66973645528293,1702.7358034461986,-2080.922278928335,-564.6167051121326
-163.88870076627876,33.45445131943847,-730.257806321594,151.21160811169776,-2313.355294317089,1967.3422708436976,-1041.0969926043208,563.3997672086715
32.95539295068363,15.379701714728538,40.99762868137989,29.58611069873008,26.669066121125464,22.02952041498163,30.42249850439502,22.84006286913622
62.1986046142151,63.62530233364734,58.01875388608019,29.64001242767868,44.35389833765316,76.69529809854741,69.6488212064018,69.33582790102508
661.1072818125276,519.5304647086548,497.9912193849766,642.0744953344071,514.078481161208,235.9439386012681,469.297713717682,527.5852637300126
1.1431705404564276,-0.4699300144935234,-0.7837755127089643,0.1587466410721785,3.23834996420378,2.0379659894582733,0.2334579494759978,0.4873699726235052
72.82021132906326,1053.7543731377848,-144.74414972338218,196.42815272579685,1845.211239608048,153.51412066909862,-158.46105014049562,672.1641142588376
-8.562452459322658e-05,-0.0002027271184528,-1031.2230947719363,2815.900785439783,15719.90002402584,13103.690228802148,4794.121195452691,-262.92893255717166
643.4786437510206,8336.64211969557,7841.800916417983,-34.739150218541795,-1552.6170358779873,-1475.2943280806649,8288.26886724443,1318.9189890412515
212.26029726136463,188.3713954089671,3591.9468817519955,3139.3155501243887,1494.4135060284138,1201.050982106258,148.51000635922384,395.36621459960537
14.34290369229992,20.242149617380434,19.31391414597089,24.870293958554345,28.01487274921596,27.17884738402297,15.928739721716484,21.55765473685922
70.93757734059866,39.45148296918225,50.88981161102108,57.73274613168842,69.24213817947306,78.03941922073895,50.040110580675154,39.287020380141136
460.35640578629886,496.24618447018577,693.2001253933802,738.5463228533777,381.7542292290461,564.3777462039184,767.3358331717008,337.83786693373986
0.2707231831537707,1.988903322793225,1.3534585982613592,1.1182539416275803,1.2795321742068635,2.288111431903076,-0.5327289238182318,0.555610209969456
307.4975329415648,208.09313650590417,606.6501032694961,250.14950372906088,-762.2926839278907,202.0357191214364,269.32086889667835,-98.15015191594732
0.0010338177902508,0.0020379957399695,17705.743572425738,21002.545833888984,21361.010115657285,7138.921586718008,2244.221663443439,-82.3555277103245
606.43760758872,-1767.178147922786,122.62808188325178,-1265.6673045977086,-1076.8913287981136,14226.319928241552,1346.5796652850188,-118.31620805874198
-8.45954890472202,392.4750394101512,6100.435874718098,6045.033009871622,813.7671347641092,2169.022607193258,-857.9153771571346,-1089.4500907885229
25.18102088263697,21.296617210566897,31.20041603412573,32.44486657920553,25.29928220087864,37.17130309513206,23.58808679666032,30.79711419783056
46.25612296361497,64.4973907916414,55.1011163612363,53.10385754527425,52.57178189549042,59.98084346914185,81.58716963259727,75.60151351538933
492.0164083620538,675.375427872558,301.1199240061337,496.5987875416428,506.3894642653858,742.096796356524,501.19586106211256,286.3437460714131
1.981622436050059,1.6214363287162572,1.2404908191786113,2.2912310942889573,2.854483788430896,1.2559510522499484,3.03511390042577,0.3198012025843981
174.3761405104634,-158.6279642325383,-401.56182134462097,1131.163590773458,-162.6818334175899,758.8008862954296,1779.737899985248,280.8868168595269
0.0006211007745035,0.0001515614869328,-378.7090146544952,15951.744779925732,19087.72232533432,17007.08683913879,7888.55960828629,-310.5274647664832
-158.75946098816564,5560.403407148537,-354.43370306170243,2906.904712045773,334.66973645528293,1702.7358034461986,-2080.922278928335,-564.6167051121326
-163.88870076627876,33.45445131943847,-730.257806321594,151.21160811169776,-2313.355294317089,1967.3422708436976,-1041.0969926043208,563.3997672086715
32.95539295068363,15.379701714728538,40.99762868137989,29.58611069873008,26.669066121125464,22.02952041498163,30.42249850439502,22.84006286913622
62.1986046142151,63.62530233364734,58.01875388608019,29.64001242767868,44.35389833765316,76.69529809854741,69.6488212064018,69.33582790102508
661.1072818125276,519.5304647086548,497.9912193849766,642.0744953344071,514.078481161208,235.9439386012681,469.297713717682,527.5852637300126
1.1431705404564276,-0.4699300144935234,-0.7837755127089643,0.1587466410721785,3.23834996420378,2.0379659894582733,0.2334579494759978,0.4873699726235052
72.82021132906326,1053.7543731377848,-144.74414972338218,196.42815272579685,1845.211239608048,153.51412066909862,-158.46105014049562,672.1641142588376
-8.562452459322658e-05,-0.0002027271184528,-1031.2230947719363,2815.900785439783,15719.90002402584,13103.690228802148,4794.121195452691,-262.92893255717166
643.4786437510206,8336.64211969557,7841.800916417983,-34.739150218541795,-1552.6170358779873,-1475.2943280806649,8288.26886724443,1318.9189890412515
212.26029726136463,188.3713954089671,3591.9468817519955,3139.3155501243887,1494.4135060284138,1201.050982106258,148.51000635922384,395.36621459960537
14.34290369229992,20.242149617380434,19.31391414597089,24.870293958554345,28.01487274921596,27.17884738402297,15.928739721716484,21.55765473685922
70.93757734059866,39.45148296918225,50.88981161102108,57.73274613168842,69.24213817947306,78.03941922073895,50.040110580675154,39.287020380141136
460.35640578629886,496.24618447018577,693.2001253933802,738.5463228533777,381.7542292290461,564.3777462039184,767.3358331717008,337.83786693373986
0.2707231831537707,1.988903322793225,1.3534585982613592,1.1182539416275803,1.2795321742068635,2.288111431903076,-0.5327289238182318,0.555610209969456
307.4975329415648,208.09313650590417,606.6501032694961,250.14950372906088,-762.2926839278907,202.0357191214364,269.32086889667835,-98.15015191594732
0.0010338177902508,0.0020379957399695,17705.743572425738,21002.545833888984,21361.010115657285,7138.921586718008,2244.221663443439,-82.3555277103245
606.43760758872,-1767.178147922786,122.62808188325178,-1265.6673045977086,-1076.8913287981136,14226.319928241552,1346.5796652850188,-118.31620805874198
-8.45954890472202,392.4750394101512,6100.435874718098,6045.033009871622,813.7671347641092,2169.022607193258,-857.9153771571346,-1089.4500907885229
25.18102088263697,21.296617210566897,31.20041603412573,32.44486657920553,25.29928220087864,37.17130309513206,23.58808679666032,30.79711419783056
46.25612296361497,64.4973907916414,55.1011163612363,53.10385754527425,52.57178189549042,59.98084346914185,81.58716963259727,75.60151351538933
492.0164083620538,675.375427872558,301.1199240061337,496.5987875416428,506.3894642653858,742.096796356524,501.19586106211256,286.3437460714131
1.981622436050059,1.6214363287162572,1.2404908191786113,2.2912310942889573,2.854483788430896,1.2559510522499484,3.03511390042577,0.3198012025843981
174.3761405104634,-158.6279642325383,-401.56182134462097,1131.163590773458,-162.6818334175899,758.8008862954296,1779.737899985248,280.8868168595269
0.0006211007745035,0.0001515614869328,-378.7090146544952,15951.744779925732,19087.72232533432,17007.08683913879,7888.55960828629,-310.5274647664832
-158.75946098816564,5560.403407148537,-354.43370306170243,2906.904712045773,334.66973645528293,1702.7358034461986,-2080.922278928335,-564.6167051121326
-163.88870076627876,33.45445131943847,-730.257806321594,151.21160811169776,-2313.355294317089,1967.3422708436976,-1041.0969926043208,563.3997672086715
32.95539295068363,15.379701714728538,40.99762868137989,29.58611069873008,26.669066121125464,22.02952041498163,30.42249850439502,22.84006286913622
62.1986046142151,63.62530233364734,58.01875388608019,29.64001242767868,44.35389833765316,76.69529809854741,69.6488212064018,69.33582790102508
661.1072818125276,519.5304647086548,497.9912193849766,642.0744953344071,514.078481161208,235.9439386012681,469.297713717682,527.5852637300126
1.1431705404564276,-0.4699300144935234,-0.7837755127089643,0.1587466410721785,3.23834996420378,2.0379659894582733,0.2334579494759978,0.4873699726235052
72.82021132906326,1053.7543731377848,-144.74414972338218,196.42815272579685,1845.211239608048,153.51412066909862,-158.46105014049562,672.1641142588376
-8.562452459322658e-05,-0.0002027271184528,-1031.2230947719363,2815.900785439783,15719.90002402584,13103.690228802148,4794.121195452691,-262.92893255717166
643.4786437510206,8336.64211969557,7841.800916417983,-34.739150218541795,-1552.6170358779873,-1475.2943280806649,8288.26886724443,1318.9189890412515
212.26029726136463,188.3713954089671,3591.9468817519955,3139.3155501243887,1494.4135060284138,1201.050982106258,148.51000635922384,395.36621459960537
14.34290369229992,20.242149617380434,19.31391414597089,24.870293958554345,28.01487274921596,27.17884738402297,15.928739721716484,21.55765473685922
70.93757734059866,39.45148296918225,50.88981161102108,57.73274613168842,69.24213817947306,78.03941922073895,50.040110580675154,39.287020380141136
460.35640578629886,496.24618447018577,693.2001253933802,738.5463228533777,381.7542292290461,564.3777462039184,767.3358331717008,337.83786693373986
0.2707231831537707,1.988903322793225,1.3534585982613592,1.1182539416275803,1.2795321742068635,2.288111431903076,-0.5327289238182318,0.555610209969456
307.4975329415648,208.09313650590417,606.6501032694961,250.14950372906088,-762.2926839278907,202.0357191214364,269.32086889667835,-98.15015191594732
0.0010338177902508,0.0020379957399695,17705.743572425738,21002.545833888984,21361.010115657285,7138.921586718008,2244.221663443439,-82.3555277103245
606.43760758872,-1767.178147922786,122.62808188325178,-1265.6673045977086,-1076.8913287981136,14226.319928241552,1346.5796652850188,-118.31620805874198
-8.45954890472202,392.4750394101512,6100.435874718098,6045.033009871622,813.7671347641092,2169.022607193258,-857.9153771571346,-1089.4500907885229
25.18102088263697,21.296617210566897,31.20041603412573,32.44486657920553,25.29928220087864,37.17130309513206,23.58808679666032,30.79711419783056
46.25612296361497,64.4973907916414,55.1011163612363,53.10385754527425,52.57178189549042,59.98084346914185,81.58716963259727,75.60151351538933
492.0164083620538,675.375427872558,301.1199240061337,496.5987875416428,506.3894642653858,742.096796356524,501.19586106211256,286.3437460714131
1.981622436050059,1.6214363287162572,1.2404908191786113,2.2912310942889573,2.854483788430896,1.2559510522499484,3.03511390042577,0.3198012025843981
174.3761405104634,-158.6279642325383,-401.56182134462097,1131.163590773458,-162.6818334175899,758.8008862954296,1779.737899985248,280.8868168595269
0.0006211007745035,0.0001515614869328,-378.7090146544952,15951.744779925732,19087.72232533432,17007.08683913879,7888.55960828629,-310.5274647664832
-158.75946098816564,5560.403407148537,-354.43370306170243,2906.904712045773,334.66973645528293,1702.7358034461986,-2080.922278928335,-564.6167051121326
-163.88870076627876,33.45445131943847,-730.257806321594,151.21160811169776,-2313.355294317089,1967.3422708436976,-1041.0969926043208,563.3997672086715
32.95539295068363,15.379701714728538,40.99762868137989,29.58611069873008,26.669066121125464,22.02952041498163,30.42249850439502,22.84006286913622
62.1986046142151,63.62530233364734,58.01875388608019,29.64001242767868,44.35389833765316,76.69529809854741,69.6488212064018,69.33582790102508
661.1072818125276,519.5304647086548,497.9912193849766,642.0744953344071,514.078481161208,235.9439386012681,469.297713717682,527.5852637300126
1.1431705404564276,-0.4699300144935234,-0.7837755127089643,0.1587466410721785,3.23834996420378,2.0379659894582733,0.2334579494759978,0.4873699726235052
72.82021132906326,1053.7543731377848,-144.74414972338218,196.42815272579685,1845.211239608048,153.51412066909862,-158.46105014049562,672.1641142588376
-8.562452459322658e-05,-0.0002027271184528,-1031.2230947719363,2815.900785439783,15719.90002402584,13103.690228802148,4794.121195452691,-262.92893255717166
643.4786437510206,8336.64211969557,7841.800916417983,-34.739150218541795,-1552.6170358779873,-1475.2943280806649,8288.26886724443,1318.9189890412515
212.26029726136463,188.3713954089671,3591.9468817519955,3139.3155501243887,1494.4135060284138,1201.050982106258,148.51000635922384,395.36621459960537
14.34290369229992,20.242149617380434,19.31391414597089,24.870293958554345,28.01487274921596,27.17884738402297,15.928739721716484,21.55765473685922
70.93757734059866,39.45148296918225,50.88981161102108,57.73274613168842,69.24213817947306,78.03941922073895,50.040110580675154,39.287020380141136
460.35640578629886,496.24618447018577,693.2001253933802,738.5463228533777,381.7542292290461,564.3777462039184,767.3358331717008,337.83786693373986
0.2707231831537707,1.988903322793225,1.3534585982613592,1.1182539416275803,1.2795321742068635,2.288111431903076,-0.5327289238182318,0.555610209969456
307.4975329415648,208.09313650590417,606.6501032694961,250.14950372906088,-762.2926839278907,202.0357191214364,269.32086889667835,-98.15015191594732
0.0010338177902508,0.0020379957399695,17705.743572425738,21002.545833888984,21361.010115657285,7138.921586718008,2244.221663443439,-82.3555277103245
606.43760758872,-1767.178147922786,122.62808188325178,-1265.6673045977086,-1076.8913287981136,14226.319928241552,1346.5796652850188,-118.31620805874198
-8.45954890472202,392.4750394101512,6100.435874718098,6045.033009871622,813.7671347641092,2169.022607193258,-857.9153771571346,-1089.4500907885229
25.18102088263697,21.296617210566897,31.20041603412573,32.44486657920553,25.29928220087864,37.17130309513206,23.58808679666032,30.79711419783056
46.25612296361497,64.4973907916414,55.1011163612363,53.10385754527425,52.57178189549042,59.98084346914185,81.58716963259727,75.60151351538933
492.0164083620538,675.375427872558,301.1199240061337,496.5987875416428,506.3894642653858,742.096796356524,501.19586106211256,286.3437460714131
1.981622436050059,1.6214363287162572,1.2404908191786113,2.2912310942889573,2.854483788430896,1.2559510522499484,3.03511390042577,0.3198012025843981
174.3761405104634,-158.6279642325383,-401.56182134462097,1131.163590773458,-162.6818334175899,758.8008862954296,1779.737899985248,280.8868168595269
0.0006211007745035,0.0001515614869328,-378.7090146544952,15951.744779925732,19087.72232533432,17007.08683913879,7888.55960828629,-310.5274647664832
-158.75946098816564,5560.403407148537,-354.43370306170243,2906.904712045773,334.66973645528293,1702.7358034461986,-2080.922278928335,-564.6167051121326
-163.88870076627876,33.45445131943847,-730.257806321594,151.21160811169776,-2313.355294317089,1967.3422708436976,-1041.0969926043208,563.3997672086715
32.95539295068363,15.379701714728538,40.99762868137989,29.58611069873008,26.669066121125464,22.02952041498163,30.42249850439502,22.84006286913622
62.1986046142151,63.62530233364734,58.01875388608019,29.64001242767868,44.35389833765316,76.69529809854741,69.6488212064018,69.33582790102508
661.1072818125276,519.5304647086548,497.9912193849766,642.0744953344071,514.078481161208,235.9439386012681,469.297713717682,527.5852637300126
1.1431705404564276,-0.4699300144935234,-0.7837755127089643,0.1587466410721785,3.23834996420378,2.0379659894582733,0.2334579494759978,0.4873699726235052
72.82021132906326,1053.7543731377848,-144.74414972338218,196.42815272579685,1845.211239608048,153.51412066909862,-158.46105014049562,672.1641142588376
-8.562452459322658e-05,-0.0002027271184528,-1031.2230947719363,2815.900785439783,15719.90002402584,13103.690228802148,4794.121195452691,-262.92893255717166
643.4786437510206,8336.64211969557,7841.800916417983,-34.739150218541795,-1552.6170358779873,-1475.2943280806649,8288.26886724443,1318.9189890412515
212.26029726136463,188.3713954089671,3591.9468817519955,3139.3155501243887,1494.4135060284138,1201.050982106258,148.51000635922384,395.36621459960537
14.34290369229992,20.242149617380434,19.31391414597089,24.870293958554345,28.01487274921596,27.17884738402297,15.928739721716484,21.55765473685922
70.93757734059866,39.45148296918225,50.88981161102108,57.73274613168842,69.24213817947306,78.03941922073895,50.040110580675154,39.287020380141136
460.35640578629886,496.24618447018577,693.2001253933802,738.5463228533777,381.7542292290461,564.3777462039184,767.3358331717008,337.83786693373986
0.2707231831537707,1.988903322793225,1.3534585982613592,1.1182539416275803,1.2795321742068635,2.288111431903076,-0.5327289238182318,0.555610209969456
307.4975329415648,208.09313650590417,606.6501032694961,250.14950372906088,-762.2926839278907,202.0357191214364,269.32086889667835,-98.15015191594732
0.0010338177902508,0.0020379957399695,17705.743572425738,21002.545833888984,21361.010115657285,7138.921586718008,2244.221663443439,-82.3555277103245
606.43760758872,-1767.178147922786,122.62808188325178,-1265.6673045977086,-1076.8913287981136,14226.319928241552,1346.5796652850188,-118.31620805874198
-8.45954890472202,392.4750394101512,6100.435874718098,6045.033009871622,813.7671347641092,2169.022607193258,-857.9153771571346,-1089.4500907885229
25.18102088263697,21.296617210566897,31.20041603412573,32.44486657920553,25.29928220087864,37.17130309513206,23.58808679666032,30.79711419783056
46.25612296361497,64.4973907916414,55.1011163612363,53.10385754527425,52.57178189549042,59.98084346914185,81.58716963259727,75.60151351538933
492.0164083620538,675.375427872558,301.1199240061337,496.5987875416428,506.3894642653858,742.096796356524,501.19586106211256,286.3437460714131
1.981622436050059,1.6214363287162572,1.2404908191786113,2.2912310942889573,2.854483788430896,1.2559510522499484,3.03511390042577,0.3198012025843981
174.3761405104634,-158.6279642325383,-401.56182134462097,1131.163590773458,-162.6818334175899,758.8008862954296,1779.737899985248,280.8868168595269
0.0006211007745035,0.0001515614869328,-378.7090146544952,15951.744779925732,19087.72232533432,17007.08683913879,7888.55960828629,-310.5274647664832
-158.75946098816564,5560.403407148537,-354.43370306170243,2906.904712045773,334.66973645528293,1702.7358034461986,-2080.922278928335,-564.6167051121326
-163.88870076627876,33.45445131943847,-730.257806321594,151.21160811169776,-2313.355294317089,1967.3422708436976,-1041.0969926043208,563.3997672086715
32.95539295068363,15.379701714728538,40.99762868137989,29.58611069873008,26.669066121125464,22.02952041498163,30.42249850439502,22.84006286913622
62.1986046142151,63.62530233364734,58.01875388608019,29.64001242767868,44.35389833765316,76.69529809854741,69.6488212064018,69.33582790102508
661.1072818125276,519.5304647086548,497.9912193849766,642.0744953344071,514.078481161208,235.9439386012681,469.297713717682,527.5852637300126
1.1431705404564276,-0.4699300144935234,-0.7837755127089643,0.1587466410721785,3.23834996420378,2.0379659894582733,0.2334579494759978,0.4873699726235052
72.82021132906326,1053.7543731377848,-144.74414972338218,196.42815272579685,1845.211239608048,153.51412066909862,-158.46105014049562,672.1641142588376
-8.562452459322658e-05,-0.0002027271184528,-1031.2230947719363,2815.900785439783,15719.90002402584,13103.690228802148,4794.121195452691,-262.92893255717166
643.4786437510206,8336.64211969557,7841.800916417983,-34.739150218541795,-1552.6170358779873,-1475.2943280806649,8288.26886724443,1318.9189890412515
212.26029726136463,188.3713954089671,3591.9468817519955,3139.3155501243887,1494.4135060284138,1201.050982106258,148.51000635922384,395.36621459960537
14.34290369229992,20.242149617380434,19.31391414597089,24.870293958554345,28.01487274921596,27.17884738402297,15.928739721716484,21.55765473685922
70.93757734059866,39.45148296918225,50.88981161102108,57.73274613168842,69.24213817947306,78.03941922073895,50.040110580675154,39.287020380141136
460.35640578629886,496.24618447018577,693.2001253933802,738.5463228533777,381.7542292290461,564.3777462039184,767.3358331717008,337.83786693373986
0.2707231831537707,1.988903322793225,1.3534585982613592,1.1182539416275803,1.2795321742068635,2.288111431903076,-0.5327289238182318,0.555610209969456
307.4975329415648,208.09313650590417,606.6501032694961,250.14950372906088,-762.2926839278907,202.0357191214364,269.32086889667835,-98.15015191594732
0.0010338177902508,0.0020379957399695,17705.743572425738,21002.545833888984,21361.010115657285,7138.921586718008,2244.221663443439,-82.3555277103245
606.43760758872,-1767.178147922786,122.62808188325178,-1265.6673045977086,-1076.8913287981136,14226.319928241552,1346.5796652850188,-118.31620805874198
-8.45954890472202,392.4750394101512,6100.435874718098,6045.033009871622,813.7671347641092,2169.022607193258,-857.9153771571346,-1089.4500907885229
25.18102088263697,21.296617210566897,31.20041603412573,32.44486657920553,25.29928220087864,37.17130309513206,23.58808679666032,30.79711419783056
46.25612296361497,64.4973907916414,55.1011163612363,53.10385754527425,52.57178189549042,59.98084346914185,81.58716963259727,75.60151351538933
492.0164083620538,675.375427872558,301.1199240061337,496.5987875416428,506.3894642653858,742.096796356524,501.19586106211256,286.3437460714131
1.981622436050059,1.6214363287162572,1.2404908191786113,2.2912310942889573,2.854483788430896,1.2559510522499484,3.03511390042577,0.3198012025843981
174.3761405104634,-158.6279642325383,-401.56182134462097,1131.163590773458,-162.6818334175899,758.8008862954296,1779.737899985248,280.8868168595269
0.0006211007745035,0.0001515614869328,-378.7090146544952,15951.744779925732,19087.72232533432,17007.08683913879,7888.55960828629,-310.5274647664832
-158.75946098816564,5560.403407148537,-354.43370306170243,2906.904712045773,334.66973645528293,1702.7358034461986,-2080.922278928335,-564.6167051121326
-163.88870076627876,33.45445131943847,-730.257806321594,151.21160811169776,-2313.355294317089,1967.3422708436976,-1041.0969926043208,563.3997672086715
32.95539295068363,15.379701714728538,40.99762868137989,29.58611069873008,26.669066121125464,22.02952041498163,30.42249850439502,22.84006286913622
62.1986046142151,63.62530233364734,58.01875388608019,29.64001242767868,44.35389833765316,76.69529809854741,69.6488212064018,69.33582790102508
661.1072818125276,519.5304647086548,497.9912193849766,642.0744953344071,514.078481161208,235.9439386012681,469.297713717682,527.5852637300126
1.1431705404564276,-0.4699300144935234,-0.7837755127089643,0.1587466410721785,3.23834996420378,2.0379659894582733,0.2334579494759978,0.4873699726235052
72.82021132906326,1053.7543731377848,-144.74414972338218,196.42815272579685,1845.211239608048,153.51412066909862,-158.46105014049562,672.1641142588376
-8.562452459322658e-05,-0.0002027271184528,-1031.2230947719363,2815.900785439783,15719.90002402584,13103.690228802148,4794.121195452691,-262.92893255717166
643.4786437510206,8336.64211969557,7841.800916417983,-34.739150218541795,-1552.6170358779873,-1475.2943280806649,8288.26886724443,1318.9189890412515
212.26029726136463,188.3713954089671,3591.9468817519955,3139.3155501243887,1494.4135060284138,1201.050982106258,148.51000635922384,395.36621459960537
14.34290369229992,20.242149617380434,19.31391414597089,24.870293958554345,28.01487274921596,27.17884738402297,15.928739721716484,21.55765473685922
70.93757734059866,39.45148296918225,50.88981161102108,57.73274613168842,69.24213817947306,78.03941922073895,50.040110580675154,39.287020380141136
460.35640578629886,496.24618447018577,693.2001253933802,738.5463228533777,381.7542292290461,564.3777462039184,767.3358331717008,337.83786693373986
0.2707231831537707,1.988903322793225,1.3534585982613592,1.1182539416275803,1.2795321742068635,2.288111431903076,-0.5327289238182318,0.555610209969456
307.4975329415648,208.09313650590417,606.6501032694961,250.14950372906088,-762.2926839278907,202.0357191214364,269.32086889667835,-98.15015191594732
0.0010338177902508,0.0020379957399695,17705.743572425738,21002.545833888984,21361.010115657285,7138.921586718008,2244.221663443439,-82.3555277103245
606.43760758872,-1767.178147922786,122.62808188325178,-1265.6673045977086,-1076.8913287981136,14226.319928241552,1346.5796652850188,-118.31620805874198
-8.45954890472202,392.4750394101512,6100.435874718098,6045.033009871622,813.7671347641092,2169.022607193258,-857.9153771571346,-1089.4500907885229
