내부온도관측치,내부습도관측치,co2관측치,ec관측치,시간당분무량,시간당백색광량,시간당적색광량,시간당청색광량
28.87559092408377,19.861830242952003,31.48847364080288,26.43859763785924,29.944029827708,32.434080724137615,25.883304757310206,27.56098422893829
44.82874781828448,61.57247261073582,57.67301062249791,67.6944652238542,45.71150480116312,20.047770373294096,59.74242309103432,59.891524603950735
525.7735974565167,701.1508264645266,279.3236819051149,549.0001095703425,759.5351401702819,449.7234086441205,336.9455342343187,416.0844379600442
1.3374149458885922,2.085259401796017,0.3843854365200108,1.4467968924410437,2.244265971413302,-0.1086138294656753,1.784754837011624,-0.7460681488459839
230.9545101325264,490.5755198652951,-701.5044486335225,599.0408611678413,956.9895350325872,489.76546607227664,336.650114090867,55.6421809755408
0.0015300427063651,-7.603500895756215e-05,-7912.767408566344,-4582.1485183153545,-8768.281041303544,15399.521580828176,11043.496142333284,-1879.3486388345227
15.683709910657324,516.9999767912163,-1295.2620042709464,514.7552055926158,-821.6203053485583,2858.7881730310723,-2688.08063963238,14687.03494499013
-86.08281112073082,68.58470578182154,-775.7596668865912,-1250.382551266369,4180.602546865108,-1404.783840061416,8967.47091522031,524.2516936084261
31.991768305615658,20.762604288137023,25.1606988547274,33.17640049799157,27.1249726657632,29.477885127241045,26.372866989383844,28.285729037577127
65.33310065800205,26.65890109667897,21.003828995705348,54.16658851289691,61.42939545963468,83.9692627918821,81.31409472347937,41.7198214252731
699.4869566774585,518.2148051352766,454.3344528253841,566.6167295019108,544.9108989823822,322.2118417419496,526.9012965462259,614.3646543717027
0.0307939346246421,2.159943960649311,0.4960911448946073,2.199227679057618,-0.500698705777082,3.059738305964549,-0.2185903930397001,1.7557014273656375
-104.48036669722552,-91.00981038555996,-216.33138120316585,-517.9105347303818,-239.7761882452287,1314.0473329271442,244.9169827586324,-364.14543429805485
0.0004604029342291,0.0010352374776782,9367.46671852392,17932.602706351834,17224.249387093165,14829.774502034305,852.3231029490645,-623.5673058633304
572.2747124000776,1783.2366702596876,-239.698549700372,-734.3399140852734,-1659.8573890772764,-1342.8124015120788,-4610.931084028884,1100.1583223813122
-101.70416652823064,-107.2403896081906,-835.7466438507133,2063.31956737678,-1394.4029805142604,3049.1065212513968,1189.4959897286617,-425.534812896032
20.039524715917377,35.61804094591001,24.13966096582849,29.081452598256146,24.822953835417223,29.136766041877856,20.30912590970014,19.95612420181892
73.7054928617279,45.05727065205368,69.73525107440558,36.378288475916605,95.04173366200745,36.13584202697496,48.60690574040835,76.6839236434494
460.1567529771797,492.3225890267149,723.2336031148432,581.0013656250671,370.698881258636,566.8094871555907,793.0171417478275,286.58998499508414
0.5886295102087195,-0.9828028486293128,3.4726102881741845,-1.414077729216297,1.0692264327564291,1.6431864285471998,0.6573290552513601,0.8377055315845935
365.6133303331528,-62.84275514135696,-837.7218311568893,406.920498316448,791.0505299570295,-184.42664382653163,-68.11891972284971,-231.1037216928493
0.0007495653262684,0.002078076608433,7101.660153778163,18417.86453373227,18082.909432958,315.03170668128587,1214.8867811754735,-287.83124245734257
9162.725493986323,-233.50696058184167,14182.25343776703,-1695.2142764682048,-952.3573666516618,5416.156005477335,1489.5918885856386,12778.605959445917
-278.0446324361363,-102.27536711795264,472.10363232140367,1997.6654485484564,-1412.6965564723887,3047.8696991464044,-1777.8237854230915,-781.4064331863984
28.87559092408377,19.861830242952003,31.48847364080288,26.43859763785924,29.944029827708,32.434080724137615,25.883304757310206,27.56098422893829
44.82874781828448,61.57247261073582,57.67301062249791,67.6944652238542,45.71150480116312,20.047770373294096,59.74242309103432,59.891524603950735
525.7735974565167,701.1508264645266,279.3236819051149,549.0001095703425,759.5351401702819,449.7234086441205,336.9455342343187,416.0844379600442
1.3374149458885922,2.085259401796017,0.3843854365200108,1.4467968924410437,2.244265971413302,-0.1086138294656753,1.784754837011624,-0.7460681488459839
230.9545101325264,490.5755198652951,-701.5044486335225,599.0408611678413,956.9895350325872,489.76546607227664,336.650114090867,55.6421809755408
0.0015300427063651,-7.603500895756215e-05,-7912.767408566344,-4582.1485183153545,-8768.281041303544,15399.521580828176,11043.496142333284,-1879.3486388345227
15.683709910657324,516.9999767912163,-1295.2620042709464,514.7552055926158,-821.6203053485583,2858.7881730310723,-2688.08063963238,14687.03494499013
-86.08281112073082,68.58470578182154,-775.7596668865912,-1250.382551266369,4180.602546865108,-1404.783840061416,8967.47091522031,524.2516936084261
31.991768305615658,20.762604288137023,25.1606988547274,33.17640049799157,27.1249726657632,29.477885127241045,26.372866989383844,28.285729037577127
65.33310065800205,26.65890109667897,21.003828995705348,54.16658851289691,61.42939545963468,83.9692627918821,81.31409472347937,41.7198214252731
699.4869566774585,518.2148051352766,454.3344528253841,566.6167295019108,544.9108989823822,322.2118417419496,526.9012965462259,614.3646543717027
0.0307939346246421,2.159943960649311,0.4960911448946073,2.199227679057618,-0.500698705777082,3.059738305964549,-0.2185903930397001,1.7557014273656375
-104.48036669722552,-91.00981038555996,-216.33138120316585,-517.9105347303818,-239.7761882452287,1314.0473329271442,244.9169827586324,-364.14543429805485
0.0004604029342291,0.0010352374776782,9367.46671852392,17932.602706351834,17224.249387093165,14829.774502034305,852.3231029490645,-623.5673058633304
572.2747124000776,1783.2366702596876,-239.698549700372,-734.3399140852734,-1659.8573890772764,-1342.8124015120788,-4610.931084028884,1100.1583223813122
-101.70416652823064,-107.2403896081906,-835.7466438507133,2063.31956737678,-1394.4029805142604,3049.1065212513968,1189.4959897286617,-425.534812896032
20.039524715917377,35.61804094591001,24.13966096582849,29.081452598256146,24.822953835417223,29.136766041877856,20.30912590970014,19.95612420181892
73.7054928617279,45.05727065205368,69.73525107440558,36.378288475916605,95.04173366200745,36.13584202697496,48.60690574040835,76.6839236434494
460.1567529771797,492.3225890267149,723.2336031148432,581.0013656250671,370.698881258636,566.8094871555907,793.0171417478275,286.58998499508414
0.5886295102087195,-0.9828028486293128,3.4726102881741845,-1.414077729216297,1.0692264327564291,1.6431864285471998,0.6573290552513601,0.8377055315845935
365.6133303331528,-62.84275514135696,-837.7218311568893,406.920498316448,791.0505299570295,-184.42664382653163,-68.11891972284971,-231.1037216928493
0.0007495653262684,0.002078076608433,7101.660153778163,18417.86453373227,18082.909432958,315.03170668128587,1214.8867811754735,-287.83124245734257
9162.725493986323,-233.50696058184167,14182.25343776703,-1695.2142764682048,-952.3573666516618,5416.156005477335,1489.5918885856386,12778.605959445917
-278.0446324361363,-102.27536711795264,472.10363232140367,1997.6654485484564,-1412.6965564723887,3047.8696991464044,-1777.8237854230915,-781.4064331863984
28.87559092408377,19.861830242952003,31.48847364080288,26.43859763785924,29.944029827708,32.434080724137615,25.883304757310206,27.56098422893829
44.82874781828448,61.57247261073582,57.67301062249791,67.6944652238542,45.71150480116312,20.047770373294096,59.74242309103432,59.891524603950735
525.7735974565167,701.1508264645266,279.3236819051149,549.0001095703425,759.5351401702819,449.7234086441205,336.9455342343187,416.0844379600442
1.3374149458885922,2.085259401796017,0.3843854365200108,1.4467968924410437,2.244265971413302,-0.1086138294656753,1.784754837011624,-0.7460681488459839
230.9545101325264,490.5755198652951,-701.5044486335225,599.0408611678413,956.9895350325872,489.76546607227664,336.650114090867,55.6421809755408
0.0015300427063651,-7.603500895756215e-05,-7912.767408566344,-4582.1485183153545,-8768.281041303544,15399.521580828176,11043.496142333284,-1879.3486388345227
15.683709910657324,516.9999767912163,-1295.2620042709464,514.7552055926158,-821.6203053485583,2858.7881730310723,-2688.08063963238,14687.03494499013
-86.08281112073082,68.58470578182154,-775.7596668865912,-1250.382551266369,4180.602546865108,-1404.783840061416,8967.47091522031,524.2516936084261
31.991768305615658,20.762604288137023,25.1606988547274,33.17640049799157,27.1249726657632,29.477885127241045,26.372866989383844,28.285729037577127
65.33310065800205,26.65890109667897,21.003828995705348,54.16658851289691,61.42939545963468,83.9692627918821,81.31409472347937,41.7198214252731
699.4869566774585,518.2148051352766,454.3344528253841,566.6167295019108,544.9108989823822,322.2118417419496,526.9012965462259,614.3646543717027
0.0307939346246421,2.159943960649311,0.4960911448946073,2.199227679057618,-0.500698705777082,3.059738305964549,-0.2185903930397001,1.7557014273656375
-104.48036669722552,-91.00981038555996,-216.33138120316585,-517.9105347303818,-239.7761882452287,1314.0473329271442,244.9169827586324,-364.14543429805485
0.0004604029342291,0.0010352374776782,9367.46671852392,17932.602706351834,17224.249387093165,14829.774502034305,852.3231029490645,-623.5673058633304
572.2747124000776,1783.2366702596876,-239.698549700372,-734.3399140852734,-1659.8573890772764,-1342.8124015120788,-4610.931084028884,1100.1583223813122
-101.70416652823064,-107.2403896081906,-835.7466438507133,2063.31956737678,-1394.4029805142604,3049.1065212513968,1189.4959897286617,-425.534812896032
20.039524715917377,35.61804094591001,24.13966096582849,29.081452598256146,24.822953835417223,29.136766041877856,20.30912590970014,19.95612420181892
73.7054928617279,45.05727065205368,69.73525107440558,36.378288475916605,95.04173366200745,36.13584202697496,48.60690574040835,76.6839236434494
460.1567529771797,492.3225890267149,723.2336031148432,581.0013656250671,370.698881258636,566.8094871555907,793.0171417478275,286.58998499508414
0.5886295102087195,-0.9828028486293128,3.4726102881741845,-1.414077729216297,1.0692264327564291,1.6431864285471998,0.6573290552513601,0.8377055315845935
365.6133303331528,-62.84275514135696,-837.7218311568893,406.920498316448,791.0505299570295,-184.42664382653163,-68.11891972284971,-231.1037216928493
0.0007495653262684,0.002078076608433,7101.660153778163,18417.86453373227,18082.909432958,315.03170668128587,1214.8867811754735,-287.83124245734257
9162.725493986323,-233.50696058184167,14182.25343776703,-1695.2142764682048,-952.3573666516618,5416.156005477335,1489.5918885856386,12778.605959445917
-278.0446324361363,-102.27536711795264,472.10363232140367,1997.6654485484564,-1412.6965564723887,3047.8696991464044,-1777.8237854230915,-781.4064331863984
28.87559092408377,19.861830242952003,31.48847364080288,26.43859763785924,29.944029827708,32.434080724137615,25.883304757310206,27.56098422893829
44.82874781828448,61.57247261073582,57.67301062249791,67.6944652238542,45.71150480116312,20.047770373294096,59.74242309103432,59.891524603950735
525.7735974565167,701.1508264645266,279.3236819051149,549.0001095703425,759.5351401702819,449.7234086441205,336.9455342343187,416.0844379600442
1.3374149458885922,2.085259401796017,0.3843854365200108,1.4467968924410437,2.244265971413302,-0.1086138294656753,1.784754837011624,-0.7460681488459839
230.9545101325264,490.5755198652951,-701.5044486335225,599.0408611678413,956.9895350325872,489.76546607227664,336.650114090867,55.6421809755408
0.0015300427063651,-7.603500895756215e-05,-7912.767408566344,-4582.1485183153545,-8768.281041303544,15399.521580828176,11043.496142333284,-1879.3486388345227
15.683709910657324,516.9999767912163,-1295.2620042709464,514.7552055926158,-821.6203053485583,2858.7881730310723,-2688.08063963238,14687.03494499013
-86.08281112073082,68.58470578182154,-775.7596668865912,-1250.382551266369,4180.602546865108,-1404.783840061416,8967.47091522031,524.2516936084261
31.991768305615658,20.762604288137023,25.1606988547274,33.17640049799157,27.1249726657632,29.477885127241045,26.372866989383844,28.285729037577127
65.33310065800205,26.65890109667897,21.003828995705348,54.16658851289691,61.42939545963468,83.9692627918821,81.31409472347937,41.7198214252731
699.4869566774585,518.2148051352766,454.3344528253841,566.6167295019108,544.9108989823822,322.2118417419496,526.9012965462259,614.3646543717027
0.0307939346246421,2.159943960649311,0.4960911448946073,2.199227679057618,-0.500698705777082,3.059738305964549,-0.2185903930397001,1.7557014273656375
-104.48036669722552,-91.00981038555996,-216.33138120316585,-517.9105347303818,-239.7761882452287,1314.0473329271442,244.9169827586324,-364.14543429805485
0.0004604029342291,0.0010352374776782,9367.46671852392,17932.602706351834,17224.249387093165,14829.774502034305,852.3231029490645,-623.5673058633304
572.2747124000776,1783.2366702596876,-239.698549700372,-734.3399140852734,-1659.8573890772764,-1342.8124015120788,-4610.931084028884,1100.1583223813122
-101.70416652823064,-107.2403896081906,-835.7466438507133,2063.31956737678,-1394.4029805142604,3049.1065212513968,1189.4959897286617,-425.534812896032
20.039524715917377,35.61804094591001,24.13966096582849,29.081452598256146,24.822953835417223,29.136766041877856,20.30912590970014,19.95612420181892
73.7054928617279,45.05727065205368,69.73525107440558,36.378288475916605,95.04173366200745,36.13584202697496,48.60690574040835,76.6839236434494
460.1567529771797,492.3225890267149,723.2336031148432,581.0013656250671,370.698881258636,566.8094871555907,793.0171417478275,286.58998499508414
0.5886295102087195,-0.9828028486293128,3.4726102881741845,-1.414077729216297,1.0692264327564291,1.6431864285471998,0.6573290552513601,0.8377055315845935
365.6133303331528,-62.84275514135696,-837.7218311568893,406.920498316448,791.0505299570295,-184.42664382653163,-68.11891972284971,-231.1037216928493
0.0007495653262684,0.002078076608433,7101.660153778163,18417.86453373227,18082.909432958,315.03170668128587,1214.8867811754735,-287.83124245734257
9162.725493986323,-233.50696058184167,14182.25343776703,-1695.2142764682048,-952.3573666516618,5416.156005477335,1489.5918885856386,12778.605959445917
-278.0446324361363,-102.27536711795264,472.10363232140367,1997.6654485484564,-1412.6965564723887,3047.8696991464044,-1777.8237854230915,-781.4064331863984
28.87559092408377,19.861830242952003,31.48847364080288,26.43859763785924,29.944029827708,32.434080724137615,25.883304757310206,27.56098422893829
44.82874781828448,61.57247261073582,57.67301062249791,67.6944652238542,45.71150480116312,20.047770373294096,59.74242309103432,59.891524603950735
525.7735974565167,701.1508264645266,279.3236819051149,549.0001095703425,759.5351401702819,449.7234086441205,336.9455342343187,416.0844379600442
1.3374149458885922,2.085259401796017,0.3843854365200108,1.4467968924410437,2.244265971413302,-0.1086138294656753,1.784754837011624,-0.7460681488459839
230.9545101325264,490.5755198652951,-701.5044486335225,599.0408611678413,956.9895350325872,489.76546607227664,336.650114090867,55.6421809755408
0.0015300427063651,-7.603500895756215e-05,-7912.767408566344,-4582.1485183153545,-8768.281041303544,15399.521580828176,11043.496142333284,-1879.3486388345227
15.683709910657324,516.9999767912163,-1295.2620042709464,514.7552055926158,-821.6203053485583,2858.7881730310723,-2688.08063963238,14687.03494499013
-86.08281112073082,68.58470578182154,-775.7596668865912,-1250.382551266369,4180.602546865108,-1404.783840061416,8967.47091522031,524.2516936084261
31.991768305615658,20.762604288137023,25.1606988547274,33.17640049799157,27.1249726657632,29.477885127241045,26.372866989383844,28.285729037577127
65.33310065800205,26.65890109667897,21.003828995705348,54.16658851289691,61.42939545963468,83.9692627918821,81.31409472347937,41.7198214252731
699.4869566774585,518.2148051352766,454.3344528253841,566.6167295019108,544.9108989823822,322.2118417419496,526.9012965462259,614.3646543717027
0.0307939346246421,2.159943960649311,0.4960911448946073,2.199227679057618,-0.500698705777082,3.059738305964549,-0.2185903930397001,1.7557014273656375
-104.48036669722552,-91.00981038555996,-216.33138120316585,-517.9105347303818,-239.7761882452287,1314.0473329271442,244.9169827586324,-364.14543429805485
0.0004604029342291,0.0010352374776782,9367.46671852392,17932.602706351834,17224.249387093165,14829.774502034305,852.3231029490645,-623.5673058633304
572.2747124000776,1783.2366702596876,-239.698549700372,-734.3399140852734,-1659.8573890772764,-1342.8124015120788,-4610.931084028884,1100.1583223813122
-101.70416652823064,-107.2403896081906,-835.7466438507133,2063.31956737678,-1394.4029805142604,3049.1065212513968,1189.4959897286617,-425.534812896032
20.039524715917377,35.61804094591001,24.13966096582849,29.081452598256146,24.822953835417223,29.136766041877856,20.30912590970014,19.95612420181892
73.7054928617279,45.05727065205368,69.73525107440558,36.378288475916605,95.04173366200745,36.13584202697496,48.60690574040835,76.6839236434494
460.1567529771797,492.3225890267149,723.2336031148432,581.0013656250671,370.698881258636,566.8094871555907,793.0171417478275,286.58998499508414
0.5886295102087195,-0.9828028486293128,3.4726102881741845,-1.414077729216297,1.0692264327564291,1.6431864285471998,0.6573290552513601,0.8377055315845935
365.6133303331528,-62.84275514135696,-837.7218311568893,406.920498316448,791.0505299570295,-184.42664382653163,-68.11891972284971,-231.1037216928493
0.0007495653262684,0.002078076608433,7101.660153778163,18417.86453373227,18082.909432958,315.03170668128587,1214.8867811754735,-287.83124245734257
9162.725493986323,-233.50696058184167,14182.25343776703,-1695.2142764682048,-952.3573666516618,5416.156005477335,1489.5918885856386,12778.605959445917
-278.0446324361363,-102.27536711795264,472.10363232140367,1997.6654485484564,-1412.6965564723887,3047.8696991464044,-1777.8237854230915,-781.4064331863984
28.87559092408377,19.861830242952003,31.48847364080288,26.43859763785924,29.944029827708,32.434080724137615,25.883304757310206,27.56098422893829
44.82874781828448,61.57247261073582,57.67301062249791,67.6944652238542,45.71150480116312,20.047770373294096,59.74242309103432,59.891524603950735
525.7735974565167,701.1508264645266,279.3236819051149,549.0001095703425,759.5351401702819,449.7234086441205,336.9455342343187,416.0844379600442
1.3374149458885922,2.085259401796017,0.3843854365200108,1.4467968924410437,2.244265971413302,-0.1086138294656753,1.784754837011624,-0.7460681488459839
230.9545101325264,490.5755198652951,-701.5044486335225,599.0408611678413,956.9895350325872,489.76546607227664,336.650114090867,55.6421809755408
0.0015300427063651,-7.603500895756215e-05,-7912.767408566344,-4582.1485183153545,-8768.281041303544,15399.521580828176,11043.496142333284,-1879.3486388345227
15.683709910657324,516.9999767912163,-1295.2620042709464,514.7552055926158,-821.6203053485583,2858.7881730310723,-2688.08063963238,14687.03494499013
-86.08281112073082,68.58470578182154,-775.7596668865912,-1250.382551266369,4180.602546865108,-1404.783840061416,8967.47091522031,524.2516936084261
31.991768305615658,20.762604288137023,25.1606988547274,33.17640049799157,27.1249726657632,29.477885127241045,26.372866989383844,28.285729037577127
65.33310065800205,26.65890109667897,21.003828995705348,54.16658851289691,61.42939545963468,83.9692627918821,81.31409472347937,41.7198214252731
699.4869566774585,518.2148051352766,454.3344528253841,566.6167295019108,544.9108989823822,322.2118417419496,526.9012965462259,614.3646543717027
0.0307939346246421,2.159943960649311,0.4960911448946073,2.199227679057618,-0.500698705777082,3.059738305964549,-0.2185903930397001,1.7557014273656375
-104.48036669722552,-91.00981038555996,-216.33138120316585,-517.9105347303818,-239.7761882452287,1314.0473329271442,244.9169827586324,-364.14543429805485
0.0004604029342291,0.0010352374776782,9367.46671852392,17932.602706351834,17224.249387093165,14829.774502034305,852.3231029490645,-623.5673058633304
572.2747124000776,1783.2366702596876,-239.698549700372,-734.3399140852734,-1659.8573890772764,-1342.8124015120788,-4610.931084028884,1100.1583223813122
-101.70416652823064,-107.2403896081906,-835.7466438507133,2063.31956737678,-1394.4029805142604,3049.1065212513968,1189.4959897286617,-425.534812896032
20.039524715917377,35.61804094591001,24.13966096582849,29.081452598256146,24.822953835417223,29.136766041877856,20.30912590970014,19.95612420181892
73.7054928617279,45.05727065205368,69.73525107440558,36.378288475916605,95.04173366200745,36.13584202697496,48.60690574040835,76.6839236434494
460.1567529771797,492.3225890267149,723.2336031148432,581.0013656250671,370.698881258636,566.8094871555907,793.0171417478275,286.58998499508414
0.5886295102087195,-0.9828028486293128,3.4726102881741845,-1.414077729216297,1.0692264327564291,1.6431864285471998,0.6573290552513601,0.8377055315845935
365.6133303331528,-62.84275514135696,-837.7218311568893,406.920498316448,791.0505299570295,-184.42664382653163,-68.11891972284971,-231.1037216928493
0.0007495653262684,0.002078076608433,7101.660153778163,18417.86453373227,18082.909432958,315.03170668128587,1214.8867811754735,-287.83124245734257
9162.725493986323,-233.50696058184167,14182.25343776703,-1695.2142764682048,-952.3573666516618,5416.156005477335,1489.5918885856386,12778.605959445917
-278.0446324361363,-102.27536711795264,472.10363232140367,1997.6654485484564,-1412.6965564723887,3047.8696991464044,-1777.8237854230915,-781.4064331863984
28.87559092408377,19.861830242952003,31.48847364080288,26.43859763785924,29.944029827708,32.434080724137615,25.883304757310206,27.56098422893829
44.82874781828448,61.57247261073582,57.67301062249791,67.6944652238542,45.71150480116312,20.047770373294096,59.74242309103432,59.891524603950735
525.7735974565167,701.1508264645266,279.3236819051149,549.0001095703425,759.5351401702819,449.7234086441205,336.9455342343187,416.0844379600442
1.3374149458885922,2.085259401796017,0.3843854365200108,1.4467968924410437,2.244265971413302,-0.1086138294656753,1.784754837011624,-0.7460681488459839
230.9545101325264,490.5755198652951,-701.5044486335225,599.0408611678413,956.9895350325872,489.76546607227664,336.650114090867,55.6421809755408
0.0015300427063651,-7.603500895756215e-05,-7912.767408566344,-4582.1485183153545,-8768.281041303544,15399.521580828176,11043.496142333284,-1879.3486388345227
15.683709910657324,516.9999767912163,-1295.2620042709464,514.7552055926158,-821.6203053485583,2858.7881730310723,-2688.08063963238,14687.03494499013
-86.08281112073082,68.58470578182154,-775.7596668865912,-1250.382551266369,4180.602546865108,-1404.783840061416,8967.47091522031,524.2516936084261
31.991768305615658,20.762604288137023,25.1606988547274,33.17640049799157,27.1249726657632,29.477885127241045,26.372866989383844,28.285729037577127
65.33310065800205,26.65890109667897,21.003828995705348,54.16658851289691,61.42939545963468,83.9692627918821,81.31409472347937,41.7198214252731
699.4869566774585,518.2148051352766,454.3344528253841,566.6167295019108,544.9108989823822,322.2118417419496,526.9012965462259,614.3646543717027
0.0307939346246421,2.159943960649311,0.4960911448946073,2.199227679057618,-0.500698705777082,3.059738305964549,-0.2185903930397001,1.7557014273656375
-104.48036669722552,-91.00981038555996,-216.33138120316585,-517.9105347303818,-239.7761882452287,1314.0473329271442,244.9169827586324,-364.14543429805485
0.0004604029342291,0.0010352374776782,9367.46671852392,17932.602706351834,17224.249387093165,14829.774502034305,852.3231029490645,-623.5673058633304
572.2747124000776,1783.2366702596876,-239.698549700372,-734.3399140852734,-1659.8573890772764,-1342.8124015120788,-4610.931084028884,1100.1583223813122
-101.70416652823064,-107.2403896081906,-835.7466438507133,2063.31956737678,-1394.4029805142604,3049.1065212513968,1189.4959897286617,-425.534812896032
20.039524715917377,35.61804094591001,24.13966096582849,29.081452598256146,24.822953835417223,29.136766041877856,20.30912590970014,19.95612420181892
73.7054928617279,45.05727065205368,69.73525107440558,36.378288475916605,95.04173366200745,36.13584202697496,48.60690574040835,76.6839236434494
460.1567529771797,492.3225890267149,723.2336031148432,581.0013656250671,370.698881258636,566.8094871555907,793.0171417478275,286.58998499508414
0.5886295102087195,-0.9828028486293128,3.4726102881741845,-1.414077729216297,1.0692264327564291,1.6431864285471998,0.6573290552513601,0.8377055315845935
365.6133303331528,-62.84275514135696,-837.7218311568893,406.920498316448,791.0505299570295,-184.42664382653163,-68.11891972284971,-231.1037216928493
0.0007495653262684,0.002078076608433,7101.660153778163,18417.86453373227,18082.909432958,315.03170668128587,1214.8867811754735,-287.83124245734257
9162.725493986323,-233.50696058184167,14182.25343776703,-1695.2142764682048,-952.3573666516618,5416.156005477335,1489.5918885856386,12778.605959445917
-278.0446324361363,-102.27536711795264,472.10363232140367,1997.6654485484564,-1412.6965564723887,3047.8696991464044,-1777.8237854230915,-781.4064331863984
28.87559092408377,19.861830242952003,31.48847364080288,26.43859763785924,29.944029827708,32.434080724137615,25.883304757310206,27.56098422893829
44.82874781828448,61.57247261073582,57.67301062249791,67.6944652238542,45.71150480116312,20.047770373294096,59.74242309103432,59.891524603950735
525.7735974565167,701.1508264645266,279.3236819051149,549.0001095703425,759.5351401702819,449.7234086441205,336.9455342343187,416.0844379600442
1.3374149458885922,2.085259401796017,0.3843854365200108,1.4467968924410437,2.244265971413302,-0.1086138294656753,1.784754837011624,-0.7460681488459839
230.9545101325264,490.5755198652951,-701.5044486335225,599.0408611678413,956.9895350325872,489.76546607227664,336.650114090867,55.6421809755408
0.0015300427063651,-7.603500895756215e-05,-7912.767408566344,-4582.1485183153545,-8768.281041303544,15399.521580828176,11043.496142333284,-1879.3486388345227
15.683709910657324,516.9999767912163,-1295.2620042709464,514.7552055926158,-821.6203053485583,2858.7881730310723,-2688.08063963238,14687.03494499013
-86.08281112073082,68.58470578182154,-775.7596668865912,-1250.382551266369,4180.602546865108,-1404.783840061416,8967.47091522031,524.2516936084261
31.991768305615658,20.762604288137023,25.1606988547274,33.17640049799157,27.1249726657632,29.477885127241045,26.372866989383844,28.285729037577127
65.33310065800205,26.65890109667897,21.003828995705348,54.16658851289691,61.42939545963468,83.9692627918821,81.31409472347937,41.7198214252731
699.4869566774585,518.2148051352766,454.3344528253841,566.6167295019108,544.9108989823822,322.2118417419496,526.9012965462259,614.3646543717027
0.0307939346246421,2.159943960649311,0.4960911448946073,2.199227679057618,-0.500698705777082,3.059738305964549,-0.2185903930397001,1.7557014273656375
-104.48036669722552,-91.00981038555996,-216.33138120316585,-517.9105347303818,-239.7761882452287,1314.0473329271442,244.9169827586324,-364.14543429805485
0.0004604029342291,0.0010352374776782,9367.46671852392,17932.602706351834,17224.249387093165,14829.774502034305,852.3231029490645,-623.5673058633304
572.2747124000776,1783.2366702596876,-239.698549700372,-734.3399140852734,-1659.8573890772764,-1342.8124015120788,-4610.931084028884,1100.1583223813122
-101.70416652823064,-107.2403896081906,-835.7466438507133,2063.31956737678,-1394.4029805142604,3049.1065212513968,1189.4959897286617,-425.534812896032
20.039524715917377,35.61804094591001,24.13966096582849,29.081452598256146,24.822953835417223,29.136766041877856,20.30912590970014,19.95612420181892
73.7054928617279,45.05727065205368,69.73525107440558,36.378288475916605,95.04173366200745,36.13584202697496,48.60690574040835,76.6839236434494
460.1567529771797,492.3225890267149,723.2336031148432,581.0013656250671,370.698881258636,566.8094871555907,793.0171417478275,286.58998499508414
0.5886295102087195,-0.9828028486293128,3.4726102881741845,-1.414077729216297,1.0692264327564291,1.6431864285471998,0.6573290552513601,0.8377055315845935
365.6133303331528,-62.84275514135696,-837.7218311568893,406.920498316448,791.0505299570295,-184.42664382653163,-68.11891972284971,-231.1037216928493
0.0007495653262684,0.002078076608433,7101.660153778163,18417.86453373227,18082.909432958,315.03170668128587,1214.8867811754735,-287.83124245734257
9162.725493986323,-233.50696058184167,14182.25343776703,-1695.2142764682048,-952.3573666516618,5416.156005477335,1489.5918885856386,12778.605959445917
-278.0446324361363,-102.27536711795264,472.10363232140367,1997.6654485484564,-1412.6965564723887,3047.8696991464044,-1777.8237854230915,-781.4064331863984
28.87559092408377,19.861830242952003,31.48847364080288,26.43859763785924,29.944029827708,32.434080724137615,25.883304757310206,27.56098422893829
44.82874781828448,61.57247261073582,57.67301062249791,67.6944652238542,45.71150480116312,20.047770373294096,59.74242309103432,59.891524603950735
525.7735974565167,701.1508264645266,279.3236819051149,549.0001095703425,759.5351401702819,449.7234086441205,336.9455342343187,416.0844379600442
1.3374149458885922,2.085259401796017,0.3843854365200108,1.4467968924410437,2.244265971413302,-0.1086138294656753,1.784754837011624,-0.7460681488459839
230.9545101325264,490.5755198652951,-701.5044486335225,599.0408611678413,956.9895350325872,489.76546607227664,336.650114090867,55.6421809755408
0.0015300427063651,-7.603500895756215e-05,-7912.767408566344,-4582.1485183153545,-8768.281041303544,15399.521580828176,11043.496142333284,-1879.3486388345227
15.683709910657324,516.9999767912163,-1295.2620042709464,514.7552055926158,-821.6203053485583,2858.7881730310723,-2688.08063963238,14687.03494499013
-86.08281112073082,68.58470578182154,-775.7596668865912,-1250.382551266369,4180.602546865108,-1404.783840061416,8967.47091522031,524.2516936084261
31.991768305615658,20.762604288137023,25.1606988547274,33.17640049799157,27.1249726657632,29.477885127241045,26.372866989383844,28.285729037577127
65.33310065800205,26.65890109667897,21.003828995705348,54.16658851289691,61.42939545963468,83.9692627918821,81.31409472347937,41.7198214252731
699.4869566774585,518.2148051352766,454.3344528253841,566.6167295019108,544.9108989823822,322.2118417419496,526.9012965462259,614.3646543717027
0.0307939346246421,2.159943960649311,0.4960911448946073,2.199227679057618,-0.500698705777082,3.059738305964549,-0.2185903930397001,1.7557014273656375
-104.48036669722552,-91.00981038555996,-216.33138120316585,-517.9105347303818,-239.7761882452287,1314.0473329271442,244.9169827586324,-364.14543429805485
0.0004604029342291,0.0010352374776782,9367.46671852392,17932.602706351834,17224.249387093165,14829.774502034305,852.3231029490645,-623.5673058633304
572.2747124000776,1783.2366702596876,-239.698549700372,-734.3399140852734,-1659.8573890772764,-1342.8124015120788,-4610.931084028884,1100.1583223813122
-101.70416652823064,-107.2403896081906,-835.7466438507133,2063.31956737678,-1394.4029805142604,3049.1065212513968,1189.4959897286617,-425.534812896032
20.039524715917377,35.61804094591001,24.13966096582849,29.081452598256146,24.822953835417223,29.136766041877856,20.30912590970014,19.95612420181892
73.7054928617279,45.05727065205368,69.73525107440558,36.378288475916605,95.04173366200745,36.13584202697496,48.60690574040835,76.6839236434494
460.1567529771797,492.3225890267149,723.2336031148432,581.0013656250671,370.698881258636,566.8094871555907,793.0171417478275,286.58998499508414
0.5886295102087195,-0.9828028486293128,3.4726102881741845,-1.414077729216297,1.0692264327564291,1.6431864285471998,0.6573290552513601,0.8377055315845935
365.6133303331528,-62.84275514135696,-837.7218311568893,406.920498316448,791.0505299570295,-184.42664382653163,-68.11891972284971,-231.1037216928493
0.0007495653262684,0.002078076608433,7101.660153778163,18417.86453373227,18082.909432958,315.03170668128587,1214.8867811754735,-287.83124245734257
9162.725493986323,-233.50696058184167,14182.25343776703,-1695.2142764682048,-952.3573666516618,5416.156005477335,1489.5918885856386,12778.605959445917
-278.0446324361363,-102.27536711795264,472.10363232140367,1997.6654485484564,-1412.6965564723887,3047.8696991464044,-1777.8237854230915,-781.4064331863984
28.87559092408377,19.861830242952003,31.48847364080288,26.43859763785924,29.944029827708,32.434080724137615,25.883304757310206,27.56098422893829
44.82874781828448,61.57247261073582,57.67301062249791,67.6944652238542,45.71150480116312,20.047770373294096,59.74242309103432,59.891524603950735
525.7735974565167,701.1508264645266,279.3236819051149,549.0001095703425,759.5351401702819,449.7234086441205,336.9455342343187,416.0844379600442
1.3374149458885922,2.085259401796017,0.3843854365200108,1.4467968924410437,2.244265971413302,-0.1086138294656753,1.784754837011624,-0.7460681488459839
230.9545101325264,490.5755198652951,-701.5044486335225,599.0408611678413,956.9895350325872,489.76546607227664,336.650114090867,55.6421809755408
0.0015300427063651,-7.603500895756215e-05,-7912.767408566344,-4582.1485183153545,-8768.281041303544,15399.521580828176,11043.496142333284,-1879.3486388345227
15.683709910657324,516.9999767912163,-1295.2620042709464,514.7552055926158,-821.6203053485583,2858.7881730310723,-2688.08063963238,14687.03494499013
-86.08281112073082,68.58470578182154,-775.7596668865912,-1250.382551266369,4180.602546865108,-1404.783840061416,8967.47091522031,524.2516936084261
31.991768305615658,20.762604288137023,25.1606988547274,33.17640049799157,27.1249726657632,29.477885127241045,26.372866989383844,28.285729037577127
65.33310065800205,26.65890109667897,21.003828995705348,54.16658851289691,61.42939545963468,83.9692627918821,81.31409472347937,41.7198214252731
699.4869566774585,518.2148051352766,454.3344528253841,566.6167295019108,544.9108989823822,322.2118417419496,526.9012965462259,614.3646543717027
0.0307939346246421,2.159943960649311,0.4960911448946073,2.199227679057618,-0.500698705777082,3.059738305964549,-0.2185903930397001,1.7557014273656375
-104.48036669722552,-91.00981038555996,-216.33138120316585,-517.9105347303818,-239.7761882452287,1314.0473329271442,244.9169827586324,-364.14543429805485
0.0004604029342291,0.0010352374776782,9367.46671852392,17932.602706351834,17224.249387093165,14829.774502034305,852.3231029490645,-623.5673058633304
572.2747124000776,1783.2366702596876,-239.698549700372,-734.3399140852734,-1659.8573890772764,-1342.8124015120788,-4610.931084028884,1100.1583223813122
-101.70416652823064,-107.2403896081906,-835.7466438507133,2063.31956737678,-1394.4029805142604,3049.1065212513968,1189.4959897286617,-425.534812896032
20.039524715917377,35.61804094591001,24.13966096582849,29.081452598256146,24.822953835417223,29.136766041877856,20.30912590970014,19.95612420181892
73.7054928617279,45.05727065205368,69.73525107440558,36.378288475916605,95.04173366200745,36.13584202697496,48.60690574040835,76.6839236434494
460.1567529771797,492.3225890267149,723.2336031148432,581.0013656250671,370.698881258636,566.8094871555907,793.0171417478275,286.58998499508414
0.5886295102087195,-0.9828028486293128,3.4726102881741845,-1.414077729216297,1.0692264327564291,1.6431864285471998,0.6573290552513601,0.8377055315845935
365.6133303331528,-62.84275514135696,-837.7218311568893,406.920498316448,791.0505299570295,-184.42664382653163,-68.11891972284971,-231.1037216928493
0.0007495653262684,0.002078076608433,7101.660153778163,18417.86453373227,18082.909432958,315.03170668128587,1214.8867811754735,-287.83124245734257
9162.725493986323,-233.50696058184167,14182.25343776703,-1695.2142764682048,-952.3573666516618,5416.156005477335,1489.5918885856386,12778.605959445917
-278.0446324361363,-102.27536711795264,472.10363232140367,1997.6654485484564,-1412.6965564723887,3047.8696991464044,-1777.8237854230915,-781.4064331863984
28.87559092408377,19.861830242952003,31.48847364080288,26.43859763785924,29.944029827708,32.434080724137615,25.883304757310206,27.56098422893829
44.82874781828448,61.57247261073582,57.67301062249791,67.6944652238542,45.71150480116312,20.047770373294096,59.74242309103432,59.891524603950735
525.7735974565167,701.1508264645266,279.3236819051149,549.0001095703425,759.5351401702819,449.7234086441205,336.9455342343187,416.0844379600442
1.3374149458885922,2.085259401796017,0.3843854365200108,1.4467968924410437,2.244265971413302,-0.1086138294656753,1.784754837011624,-0.7460681488459839
230.9545101325264,490.5755198652951,-701.5044486335225,599.0408611678413,956.9895350325872,489.76546607227664,336.650114090867,55.6421809755408
0.0015300427063651,-7.603500895756215e-05,-7912.767408566344,-4582.1485183153545,-8768.281041303544,15399.521580828176,11043.496142333284,-1879.3486388345227
15.683709910657324,516.9999767912163,-1295.2620042709464,514.7552055926158,-821.6203053485583,2858.7881730310723,-2688.08063963238,14687.03494499013
-86.08281112073082,68.58470578182154,-775.7596668865912,-1250.382551266369,4180.602546865108,-1404.783840061416,8967.47091522031,524.2516936084261
31.991768305615658,20.762604288137023,25.1606988547274,33.17640049799157,27.1249726657632,29.477885127241045,26.372866989383844,28.285729037577127
65.33310065800205,26.65890109667897,21.003828995705348,54.16658851289691,61.42939545963468,83.9692627918821,81.31409472347937,41.7198214252731
699.4869566774585,518.2148051352766,454.3344528253841,566.6167295019108,544.9108989823822,322.2118417419496,526.9012965462259,614.3646543717027
0.0307939346246421,2.159943960649311,0.4960911448946073,2.199227679057618,-0.500698705777082,3.059738305964549,-0.2185903930397001,1.7557014273656375
-104.48036669722552,-91.00981038555996,-216.33138120316585,-517.9105347303818,-239.7761882452287,1314.0473329271442,244.9169827586324,-364.14543429805485
0.0004604029342291,0.0010352374776782,9367.46671852392,17932.602706351834,17224.249387093165,14829.774502034305,852.3231029490645,-623.5673058633304
572.2747124000776,1783.2366702596876,-239.698549700372,-734.3399140852734,-1659.8573890772764,-1342.8124015120788,-4610.931084028884,1100.1583223813122
-101.70416652823064,-107.2403896081906,-835.7466438507133,2063.31956737678,-1394.4029805142604,3049.1065212513968,1189.4959897286617,-425.534812896032
20.039524715917377,35.61804094591001,24.13966096582849,29.081452598256146,24.822953835417223,29.136766041877856,20.30912590970014,19.95612420181892
73.7054928617279,45.05727065205368,69.73525107440558,36.378288475916605,95.04173366200745,36.13584202697496,48.60690574040835,76.6839236434494
460.1567529771797,492.3225890267149,723.2336031148432,581.0013656250671,370.698881258636,566.8094871555907,793.0171417478275,286.58998499508414
0.5886295102087195,-0.9828028486293128,3.4726102881741845,-1.414077729216297,1.0692264327564291,1.6431864285471998,0.6573290552513601,0.8377055315845935
365.6133303331528,-62.84275514135696,-837.7218311568893,406.920498316448,791.0505299570295,-184.42664382653163,-68.11891972284971,-231.1037216928493
0.0007495653262684,0.002078076608433,7101.660153778163,18417.86453373227,18082.909432958,315.03170668128587,1214.8867811754735,-287.83124245734257
9162.725493986323,-233.50696058184167,14182.25343776703,-1695.2142764682048,-952.3573666516618,5416.156005477335,1489.5918885856386,12778.605959445917
-278.0446324361363,-102.27536711795264,472.10363232140367,1997.6654485484564,-1412.6965564723887,3047.8696991464044,-1777.8237854230915,-781.4064331863984
28.87559092408377,19.861830242952003,31.48847364080288,26.43859763785924,29.944029827708,32.434080724137615,25.883304757310206,27.56098422893829
44.82874781828448,61.57247261073582,57.67301062249791,67.6944652238542,45.71150480116312,20.047770373294096,59.74242309103432,59.891524603950735
525.7735974565167,701.1508264645266,279.3236819051149,549.0001095703425,759.5351401702819,449.7234086441205,336.9455342343187,416.0844379600442
1.3374149458885922,2.085259401796017,0.3843854365200108,1.4467968924410437,2.244265971413302,-0.1086138294656753,1.784754837011624,-0.7460681488459839
230.9545101325264,490.5755198652951,-701.5044486335225,599.0408611678413,956.9895350325872,489.76546607227664,336.650114090867,55.6421809755408
0.0015300427063651,-7.603500895756215e-05,-7912.767408566344,-4582.1485183153545,-8768.281041303544,15399.521580828176,11043.496142333284,-1879.3486388345227
15.683709910657324,516.9999767912163,-1295.2620042709464,514.7552055926158,-821.6203053485583,2858.7881730310723,-2688.08063963238,14687.03494499013
-86.08281112073082,68.58470578182154,-775.7596668865912,-1250.382551266369,4180.602546865108,-1404.783840061416,8967.47091522031,524.2516936084261
31.991768305615658,20.762604288137023,25.1606988547274,33.17640049799157,27.1249726657632,29.477885127241045,26.372866989383844,28.285729037577127
65.33310065800205,26.65890109667897,21.003828995705348,54.16658851289691,61.42939545963468,83.9692627918821,81.31409472347937,41.7198214252731
699.4869566774585,518.2148051352766,454.3344528253841,566.6167295019108,544.9108989823822,322.2118417419496,526.9012965462259,614.3646543717027
0.0307939346246421,2.159943960649311,0.4960911448946073,2.199227679057618,-0.500698705777082,3.059738305964549,-0.2185903930397001,1.7557014273656375
-104.48036669722552,-91.00981038555996,-216.33138120316585,-517.9105347303818,-239.7761882452287,1314.0473329271442,244.9169827586324,-364.14543429805485
0.0004604029342291,0.0010352374776782,9367.46671852392,17932.602706351834,17224.249387093165,14829.774502034305,852.3231029490645,-623.5673058633304
572.2747124000776,1783.2366702596876,-239.698549700372,-734.3399140852734,-1659.8573890772764,-1342.8124015120788,-4610.931084028884,1100.1583223813122
-101.70416652823064,-107.2403896081906,-835.7466438507133,2063.31956737678,-1394.4029805142604,3049.1065212513968,1189.4959897286617,-425.534812896032
20.039524715917377,35.61804094591001,24.13966096582849,29.081452598256146,24.822953835417223,29.136766041877856,20.30912590970014,19.95612420181892
73.7054928617279,45.05727065205368,69.73525107440558,36.378288475916605,95.04173366200745,36.13584202697496,48.60690574040835,76.6839236434494
460.1567529771797,492.3225890267149,723.2336031148432,581.0013656250671,370.698881258636,566.8094871555907,793.0171417478275,286.58998499508414
0.5886295102087195,-0.9828028486293128,3.4726102881741845,-1.414077729216297,1.0692264327564291,1.6431864285471998,0.6573290552513601,0.8377055315845935
365.6133303331528,-62.84275514135696,-837.7218311568893,406.920498316448,791.0505299570295,-184.42664382653163,-68.11891972284971,-231.1037216928493
0.0007495653262684,0.002078076608433,7101.660153778163,18417.86453373227,18082.909432958,315.03170668128587,1214.8867811754735,-287.83124245734257
9162.725493986323,-233.50696058184167,14182.25343776703,-1695.2142764682048,-952.3573666516618,5416.156005477335,1489.5918885856386,12778.605959445917
-278.0446324361363,-102.27536711795264,472.10363232140367,1997.6654485484564,-1412.6965564723887,3047.8696991464044,-1777.8237854230915,-781.4064331863984
28.87559092408377,19.861830242952003,31.48847364080288,26.43859763785924,29.944029827708,32.434080724137615,25.883304757310206,27.56098422893829
44.82874781828448,61.57247261073582,57.67301062249791,67.6944652238542,45.71150480116312,20.047770373294096,59.74242309103432,59.891524603950735
525.7735974565167,701.1508264645266,279.3236819051149,549.0001095703425,759.5351401702819,449.7234086441205,336.9455342343187,416.0844379600442
1.3374149458885922,2.085259401796017,0.3843854365200108,1.4467968924410437,2.244265971413302,-0.1086138294656753,1.784754837011624,-0.7460681488459839
230.9545101325264,490.5755198652951,-701.5044486335225,599.0408611678413,956.9895350325872,489.76546607227664,336.650114090867,55.6421809755408
0.0015300427063651,-7.603500895756215e-05,-7912.767408566344,-4582.1485183153545,-8768.281041303544,15399.521580828176,11043.496142333284,-1879.3486388345227
15.683709910657324,516.9999767912163,-1295.2620042709464,514.7552055926158,-821.6203053485583,2858.7881730310723,-2688.08063963238,14687.03494499013
-86.08281112073082,68.58470578182154,-775.7596668865912,-1250.382551266369,4180.602546865108,-1404.783840061416,8967.47091522031,524.2516936084261
31.991768305615658,20.762604288137023,25.1606988547274,33.17640049799157,27.1249726657632,29.477885127241045,26.372866989383844,28.285729037577127
65.33310065800205,26.65890109667897,21.003828995705348,54.16658851289691,61.42939545963468,83.9692627918821,81.31409472347937,41.7198214252731
699.4869566774585,518.2148051352766,454.3344528253841,566.6167295019108,544.9108989823822,322.2118417419496,526.9012965462259,614.3646543717027
0.0307939346246421,2.159943960649311,0.4960911448946073,2.199227679057618,-0.500698705777082,3.059738305964549,-0.2185903930397001,1.7557014273656375
-104.48036669722552,-91.00981038555996,-216.33138120316585,-517.9105347303818,-239.7761882452287,1314.0473329271442,244.9169827586324,-364.14543429805485
0.0004604029342291,0.0010352374776782,9367.46671852392,17932.602706351834,17224.249387093165,14829.774502034305,852.3231029490645,-623.5673058633304
572.2747124000776,1783.2366702596876,-239.698549700372,-734.3399140852734,-1659.8573890772764,-1342.8124015120788,-4610.931084028884,1100.1583223813122
-101.70416652823064,-107.2403896081906,-835.7466438507133,2063.31956737678,-1394.4029805142604,3049.1065212513968,1189.4959897286617,-425.534812896032
20.039524715917377,35.61804094591001,24.13966096582849,29.081452598256146,24.822953835417223,29.136766041877856,20.30912590970014,19.95612420181892
73.7054928617279,45.05727065205368,69.73525107440558,36.378288475916605,95.04173366200745,36.13584202697496,48.60690574040835,76.6839236434494
460.1567529771797,492.3225890267149,723.2336031148432,581.0013656250671,370.698881258636,566.8094871555907,793.0171417478275,286.58998499508414
0.5886295102087195,-0.9828028486293128,3.4726102881741845,-1.414077729216297,1.0692264327564291,1.6431864285471998,0.6573290552513601,0.8377055315845935
365.6133303331528,-62.84275514135696,-837.7218311568893,406.920498316448,791.0505299570295,-184.42664382653163,-68.11891972284971,-231.1037216928493
0.0007495653262684,0.002078076608433,7101.660153778163,18417.86453373227,18082.909432958,315.03170668128587,1214.8867811754735,-287.83124245734257
9162.725493986323,-233.50696058184167,14182.25343776703,-1695.2142764682048,-952.3573666516618,5416.156005477335,1489.5918885856386,12778.605959445917
-278.0446324361363,-102.27536711795264,472.10363232140367,1997.6654485484564,-1412.6965564723887,3047.8696991464044,-1777.8237854230915,-781.4064331863984
28.87559092408377,19.861830242952003,31.48847364080288,26.43859763785924,29.944029827708,32.434080724137615,25.883304757310206,27.56098422893829
44.82874781828448,61.57247261073582,57.67301062249791,67.6944652238542,45.71150480116312,20.047770373294096,59.74242309103432,59.891524603950735
525.7735974565167,701.1508264645266,279.3236819051149,549.0001095703425,759.5351401702819,449.7234086441205,336.9455342343187,416.0844379600442
1.3374149458885922,2.085259401796017,0.3843854365200108,1.4467968924410437,2.244265971413302,-0.1086138294656753,1.784754837011624,-0.7460681488459839
230.9545101325264,490.5755198652951,-701.5044486335225,599.0408611678413,956.9895350325872,489.76546607227664,336.650114090867,55.6421809755408
0.0015300427063651,-7.603500895756215e-05,-7912.767408566344,-4582.1485183153545,-8768.281041303544,15399.521580828176,11043.496142333284,-1879.3486388345227
15.683709910657324,516.9999767912163,-1295.2620042709464,514.7552055926158,-821.6203053485583,2858.7881730310723,-2688.08063963238,14687.03494499013
-86.08281112073082,68.58470578182154,-775.7596668865912,-1250.382551266369,4180.602546865108,-1404.783840061416,8967.47091522031,524.2516936084261
31.991768305615658,20.762604288137023,25.1606988547274,33.17640049799157,27.1249726657632,29.477885127241045,26.372866989383844,28.285729037577127
65.33310065800205,26.65890109667897,21.003828995705348,54.16658851289691,61.42939545963468,83.9692627918821,81.31409472347937,41.7198214252731
699.4869566774585,518.2148051352766,454.3344528253841,566.6167295019108,544.9108989823822,322.2118417419496,526.9012965462259,614.3646543717027
0.0307939346246421,2.159943960649311,0.4960911448946073,2.199227679057618,-0.500698705777082,3.059738305964549,-0.2185903930397001,1.7557014273656375
-104.48036669722552,-91.00981038555996,-216.33138120316585,-517.9105347303818,-239.7761882452287,1314.0473329271442,244.9169827586324,-364.14543429805485
0.0004604029342291,0.0010352374776782,9367.46671852392,17932.602706351834,17224.249387093165,14829.774502034305,852.3231029490645,-623.5673058633304
572.2747124000776,1783.2366702596876,-239.698549700372,-734.3399140852734,-1659.8573890772764,-1342.8124015120788,-4610.931084028884,1100.1583223813122
-101.70416652823064,-107.2403896081906,-835.7466438507133,2063.31956737678,-1394.4029805142604,3049.1065212513968,1189.4959897286617,-425.534812896032
20.039524715917377,35.61804094591001,24.13966096582849,29.081452598256146,24.822953835417223,29.136766041877856,20.30912590970014,19.95612420181892
73.7054928617279,45.05727065205368,69.73525107440558,36.378288475916605,95.04173366200745,36.13584202697496,48.60690574040835,76.6839236434494
460.1567529771797,492.3225890267149,723.2336031148432,581.0013656250671,370.698881258636,566.8094871555907,793.0171417478275,286.58998499508414
0.5886295102087195,-0.9828028486293128,3.4726102881741845,-1.414077729216297,1.0692264327564291,1.6431864285471998,0.6573290552513601,0.8377055315845935
365.6133303331528,-62.84275514135696,-837.7218311568893,406.920498316448,791.0505299570295,-184.42664382653163,-68.11891972284971,-231.1037216928493
0.0007495653262684,0.002078076608433,7101.660153778163,18417.86453373227,18082.909432958,315.03170668128587,1214.8867811754735,-287.83124245734257
9162.725493986323,-233.50696058184167,14182.25343776703,-1695.2142764682048,-952.3573666516618,5416.156005477335,1489.5918885856386,12778.605959445917
-278.0446324361363,-102.27536711795264,472.10363232140367,1997.6654485484564,-1412.6965564723887,3047.8696991464044,-1777.8237854230915,-781.4064331863984
28.87559092408377,19.861830242952003,31.48847364080288,26.43859763785924,29.944029827708,32.434080724137615,25.883304757310206,27.56098422893829
44.82874781828448,61.57247261073582,57.67301062249791,67.6944652238542,45.71150480116312,20.047770373294096,59.74242309103432,59.891524603950735
525.7735974565167,701.1508264645266,279.3236819051149,549.0001095703425,759.5351401702819,449.7234086441205,336.9455342343187,416.0844379600442
1.3374149458885922,2.085259401796017,0.3843854365200108,1.4467968924410437,2.244265971413302,-0.1086138294656753,1.784754837011624,-0.7460681488459839
230.9545101325264,490.5755198652951,-701.5044486335225,599.0408611678413,956.9895350325872,489.76546607227664,336.650114090867,55.6421809755408
0.0015300427063651,-7.603500895756215e-05,-7912.767408566344,-4582.1485183153545,-8768.281041303544,15399.521580828176,11043.496142333284,-1879.3486388345227
15.683709910657324,516.9999767912163,-1295.2620042709464,514.7552055926158,-821.6203053485583,2858.7881730310723,-2688.08063963238,14687.03494499013
-86.08281112073082,68.58470578182154,-775.7596668865912,-1250.382551266369,4180.602546865108,-1404.783840061416,8967.47091522031,524.2516936084261
31.991768305615658,20.762604288137023,25.1606988547274,33.17640049799157,27.1249726657632,29.477885127241045,26.372866989383844,28.285729037577127
65.33310065800205,26.65890109667897,21.003828995705348,54.16658851289691,61.42939545963468,83.9692627918821,81.31409472347937,41.7198214252731
699.4869566774585,518.2148051352766,454.3344528253841,566.6167295019108,544.9108989823822,322.2118417419496,526.9012965462259,614.3646543717027
0.0307939346246421,2.159943960649311,0.4960911448946073,2.199227679057618,-0.500698705777082,3.059738305964549,-0.2185903930397001,1.7557014273656375
-104.48036669722552,-91.00981038555996,-216.33138120316585,-517.9105347303818,-239.7761882452287,1314.0473329271442,244.9169827586324,-364.14543429805485
0.0004604029342291,0.0010352374776782,9367.46671852392,17932.602706351834,17224.249387093165,14829.774502034305,852.3231029490645,-623.5673058633304
572.2747124000776,1783.2366702596876,-239.698549700372,-734.3399140852734,-1659.8573890772764,-1342.8124015120788,-4610.931084028884,1100.1583223813122
-101.70416652823064,-107.2403896081906,-835.7466438507133,2063.31956737678,-1394.4029805142604,3049.1065212513968,1189.4959897286617,-425.534812896032
20.039524715917377,35.61804094591001,24.13966096582849,29.081452598256146,24.822953835417223,29.136766041877856,20.30912590970014,19.95612420181892
73.7054928617279,45.05727065205368,69.73525107440558,36.378288475916605,95.04173366200745,36.13584202697496,48.60690574040835,76.6839236434494
460.1567529771797,492.3225890267149,723.2336031148432,581.0013656250671,370.698881258636,566.8094871555907,793.0171417478275,286.58998499508414
0.5886295102087195,-0.9828028486293128,3.4726102881741845,-1.414077729216297,1.0692264327564291,1.6431864285471998,0.6573290552513601,0.8377055315845935
365.6133303331528,-62.84275514135696,-837.7218311568893,406.920498316448,791.0505299570295,-184.42664382653163,-68.11891972284971,-231.1037216928493
0.0007495653262684,0.002078076608433,7101.660153778163,18417.86453373227,18082.909432958,315.03170668128587,1214.8867811754735,-287.83124245734257
9162.725493986323,-233.50696058184167,14182.25343776703,-1695.2142764682048,-952.3573666516618,5416.156005477335,1489.5918885856386,12778.605959445917
-278.0446324361363,-102.27536711795264,472.10363232140367,1997.6654485484564,-1412.6965564723887,3047.8696991464044,-1777.8237854230915,-781.4064331863984
28.87559092408377,19.861830242952003,31.48847364080288,26.43859763785924,29.944029827708,32.434080724137615,25.883304757310206,27.56098422893829
44.82874781828448,61.57247261073582,57.67301062249791,67.6944652238542,45.71150480116312,20.047770373294096,59.74242309103432,59.891524603950735
525.7735974565167,701.1508264645266,279.3236819051149,549.0001095703425,759.5351401702819,449.7234086441205,336.9455342343187,416.0844379600442
1.3374149458885922,2.085259401796017,0.3843854365200108,1.4467968924410437,2.244265971413302,-0.1086138294656753,1.784754837011624,-0.7460681488459839
230.9545101325264,490.5755198652951,-701.5044486335225,599.0408611678413,956.9895350325872,489.76546607227664,336.650114090867,55.6421809755408
0.0015300427063651,-7.603500895756215e-05,-7912.767408566344,-4582.1485183153545,-8768.281041303544,15399.521580828176,11043.496142333284,-1879.3486388345227
15.683709910657324,516.9999767912163,-1295.2620042709464,514.7552055926158,-821.6203053485583,2858.7881730310723,-2688.08063963238,14687.03494499013
-86.08281112073082,68.58470578182154,-775.7596668865912,-1250.382551266369,4180.602546865108,-1404.783840061416,8967.47091522031,524.2516936084261
31.991768305615658,20.762604288137023,25.1606988547274,33.17640049799157,27.1249726657632,29.477885127241045,26.372866989383844,28.285729037577127
65.33310065800205,26.65890109667897,21.003828995705348,54.16658851289691,61.42939545963468,83.9692627918821,81.31409472347937,41.7198214252731
699.4869566774585,518.2148051352766,454.3344528253841,566.6167295019108,544.9108989823822,322.2118417419496,526.9012965462259,614.3646543717027
0.0307939346246421,2.159943960649311,0.4960911448946073,2.199227679057618,-0.500698705777082,3.059738305964549,-0.2185903930397001,1.7557014273656375
-104.48036669722552,-91.00981038555996,-216.33138120316585,-517.9105347303818,-239.7761882452287,1314.0473329271442,244.9169827586324,-364.14543429805485
0.0004604029342291,0.0010352374776782,9367.46671852392,17932.602706351834,17224.249387093165,14829.774502034305,852.3231029490645,-623.5673058633304
572.2747124000776,1783.2366702596876,-239.698549700372,-734.3399140852734,-1659.8573890772764,-1342.8124015120788,-4610.931084028884,1100.1583223813122
-101.70416652823064,-107.2403896081906,-835.7466438507133,2063.31956737678,-1394.4029805142604,3049.1065212513968,1189.4959897286617,-425.534812896032
20.039524715917377,35.61804094591001,24.13966096582849,29.081452598256146,24.822953835417223,29.136766041877856,20.30912590970014,19.95612420181892
73.7054928617279,45.05727065205368,69.73525107440558,36.378288475916605,95.04173366200745,36.13584202697496,48.60690574040835,76.6839236434494
460.1567529771797,492.3225890267149,723.2336031148432,581.0013656250671,370.698881258636,566.8094871555907,793.0171417478275,286.58998499508414
0.5886295102087195,-0.9828028486293128,3.4726102881741845,-1.414077729216297,1.0692264327564291,1.6431864285471998,0.6573290552513601,0.8377055315845935
365.6133303331528,-62.84275514135696,-837.7218311568893,406.920498316448,791.0505299570295,-184.42664382653163,-68.11891972284971,-231.1037216928493
0.0007495653262684,0.002078076608433,7101.660153778163,18417.86453373227,18082.909432958,315.03170668128587,1214.8867811754735,-287.83124245734257
9162.725493986323,-233.50696058184167,14182.25343776703,-1695.2142764682048,-952.3573666516618,5416.156005477335,1489.5918885856386,12778.605959445917
-278.0446324361363,-102.27536711795264,472.10363232140367,1997.6654485484564,-1412.6965564723887,3047.8696991464044,-1777.8237854230915,-781.4064331863984
28.87559092408377,19.861830242952003,31.48847364080288,26.43859763785924,29.944029827708,32.434080724137615,25.883304757310206,27.56098422893829
44.82874781828448,61.57247261073582,57.67301062249791,67.6944652238542,45.71150480116312,20.047770373294096,59.74242309103432,59.891524603950735
525.7735974565167,701.1508264645266,279.3236819051149,549.0001095703425,759.5351401702819,449.7234086441205,336.9455342343187,416.0844379600442
1.3374149458885922,2.085259401796017,0.3843854365200108,1.4467968924410437,2.244265971413302,-0.1086138294656753,1.784754837011624,-0.7460681488459839
230.9545101325264,490.5755198652951,-701.5044486335225,599.0408611678413,956.9895350325872,489.76546607227664,336.650114090867,55.6421809755408
0.0015300427063651,-7.603500895756215e-05,-7912.767408566344,-4582.1485183153545,-8768.281041303544,15399.521580828176,11043.496142333284,-1879.3486388345227
15.683709910657324,516.9999767912163,-1295.2620042709464,514.7552055926158,-821.6203053485583,2858.7881730310723,-2688.08063963238,14687.03494499013
-86.08281112073082,68.58470578182154,-775.7596668865912,-1250.382551266369,4180.602546865108,-1404.783840061416,8967.47091522031,524.2516936084261
31.991768305615658,20.762604288137023,25.1606988547274,33.17640049799157,27.1249726657632,29.477885127241045,26.372866989383844,28.285729037577127
65.33310065800205,26.65890109667897,21.003828995705348,54.16658851289691,61.42939545963468,83.9692627918821,81.31409472347937,41.7198214252731
699.4869566774585,518.2148051352766,454.3344528253841,566.6167295019108,544.9108989823822,322.2118417419496,526.9012965462259,614.3646543717027
0.0307939346246421,2.159943960649311,0.4960911448946073,2.199227679057618,-0.500698705777082,3.059738305964549,-0.2185903930397001,1.7557014273656375
-104.48036669722552,-91.00981038555996,-216.33138120316585,-517.9105347303818,-239.7761882452287,1314.0473329271442,244.9169827586324,-364.14543429805485
0.0004604029342291,0.0010352374776782,9367.46671852392,17932.602706351834,17224.249387093165,14829.774502034305,852.3231029490645,-623.5673058633304
572.2747124000776,1783.2366702596876,-239.698549700372,-734.3399140852734,-1659.8573890772764,-1342.8124015120788,-4610.931084028884,1100.1583223813122
-101.70416652823064,-107.2403896081906,-835.7466438507133,2063.31956737678,-1394.4029805142604,3049.1065212513968,1189.4959897286617,-425.534812896032
20.039524715917377,35.61804094591001,24.13966096582849,29.081452598256146,24.822953835417223,29.136766041877856,20.30912590970014,19.95612420181892
73.7054928617279,45.05727065205368,69.73525107440558,36.378288475916605,95.04173366200745,36.13584202697496,48.60690574040835,76.6839236434494
460.1567529771797,492.3225890267149,723.2336031148432,581.0013656250671,370.698881258636,566.8094871555907,793.0171417478275,286.58998499508414
0.5886295102087195,-0.9828028486293128,3.4726102881741845,-1.414077729216297,1.0692264327564291,1.6431864285471998,0.6573290552513601,0.8377055315845935
365.6133303331528,-62.84275514135696,-837.7218311568893,406.920498316448,791.0505299570295,-184.42664382653163,-68.11891972284971,-231.1037216928493
0.0007495653262684,0.002078076608433,7101.660153778163,18417.86453373227,18082.909432958,315.03170668128587,1214.8867811754735,-287.83124245734257
9162.725493986323,-233.50696058184167,14182.25343776703,-1695.2142764682048,-952.3573666516618,5416.156005477335,1489.5918885856386,12778.605959445917
-278.0446324361363,-102.27536711795264,472.10363232140367,1997.6654485484564,-1412.6965564723887,3047.8696991464044,-1777.8237854230915,-781.4064331863984
28.87559092408377,19.861830242952003,31.48847364080288,26.43859763785924,29.944029827708,32.434080724137615,25.883304757310206,27.56098422893829
44.82874781828448,61.57247261073582,57.67301062249791,67.6944652238542,45.71150480116312,20.047770373294096,59.74242309103432,59.891524603950735
525.7735974565167,701.1508264645266,279.3236819051149,549.0001095703425,759.5351401702819,449.7234086441205,336.9455342343187,416.0844379600442
1.3374149458885922,2.085259401796017,0.3843854365200108,1.4467968924410437,2.244265971413302,-0.1086138294656753,1.784754837011624,-0.7460681488459839
230.9545101325264,490.5755198652951,-701.5044486335225,599.0408611678413,956.9895350325872,489.76546607227664,336.650114090867,55.6421809755408
0.0015300427063651,-7.603500895756215e-05,-7912.767408566344,-4582.1485183153545,-8768.281041303544,15399.521580828176,11043.496142333284,-1879.3486388345227
15.683709910657324,516.9999767912163,-1295.2620042709464,514.7552055926158,-821.6203053485583,2858.7881730310723,-2688.08063963238,14687.03494499013
-86.08281112073082,68.58470578182154,-775.7596668865912,-1250.382551266369,4180.602546865108,-1404.783840061416,8967.47091522031,524.2516936084261
31.991768305615658,20.762604288137023,25.1606988547274,33.17640049799157,27.1249726657632,29.477885127241045,26.372866989383844,28.285729037577127
65.33310065800205,26.65890109667897,21.003828995705348,54.16658851289691,61.42939545963468,83.9692627918821,81.31409472347937,41.7198214252731
699.4869566774585,518.2148051352766,454.3344528253841,566.6167295019108,544.9108989823822,322.2118417419496,526.9012965462259,614.3646543717027
0.0307939346246421,2.159943960649311,0.4960911448946073,2.199227679057618,-0.500698705777082,3.059738305964549,-0.2185903930397001,1.7557014273656375
-104.48036669722552,-91.00981038555996,-216.33138120316585,-517.9105347303818,-239.7761882452287,1314.0473329271442,244.9169827586324,-364.14543429805485
0.0004604029342291,0.0010352374776782,9367.46671852392,17932.602706351834,17224.249387093165,14829.774502034305,852.3231029490645,-623.5673058633304
572.2747124000776,1783.2366702596876,-239.698549700372,-734.3399140852734,-1659.8573890772764,-1342.8124015120788,-4610.931084028884,1100.1583223813122
-101.70416652823064,-107.2403896081906,-835.7466438507133,2063.31956737678,-1394.4029805142604,3049.1065212513968,1189.4959897286617,-425.534812896032
20.039524715917377,35.61804094591001,24.13966096582849,29.081452598256146,24.822953835417223,29.136766041877856,20.30912590970014,19.95612420181892
73.7054928617279,45.05727065205368,69.73525107440558,36.378288475916605,95.04173366200745,36.13584202697496,48.60690574040835,76.6839236434494
460.1567529771797,492.3225890267149,723.2336031148432,581.0013656250671,370.698881258636,566.8094871555907,793.0171417478275,286.58998499508414
0.5886295102087195,-0.9828028486293128,3.4726102881741845,-1.414077729216297,1.0692264327564291,1.6431864285471998,0.6573290552513601,0.8377055315845935
365.6133303331528,-62.84275514135696,-837.7218311568893,406.920498316448,791.0505299570295,-184.42664382653163,-68.11891972284971,-231.1037216928493
0.0007495653262684,0.002078076608433,7101.660153778163,18417.86453373227,18082.909432958,315.03170668128587,1214.8867811754735,-287.83124245734257
9162.725493986323,-233.50696058184167,14182.25343776703,-1695.2142764682048,-952.3573666516618,5416.156005477335,1489.5918885856386,12778.605959445917
-278.0446324361363,-102.27536711795264,472.10363232140367,1997.6654485484564,-1412.6965564723887,3047.8696991464044,-1777.8237854230915,-781.4064331863984
28.87559092408377,19.861830242952003,31.48847364080288,26.43859763785924,29.944029827708,32.434080724137615,25.883304757310206,27.56098422893829
44.82874781828448,61.57247261073582,57.67301062249791,67.6944652238542,45.71150480116312,20.047770373294096,59.74242309103432,59.891524603950735
525.7735974565167,701.1508264645266,279.3236819051149,549.0001095703425,759.5351401702819,449.7234086441205,336.9455342343187,416.0844379600442
1.3374149458885922,2.085259401796017,0.3843854365200108,1.4467968924410437,2.244265971413302,-0.1086138294656753,1.784754837011624,-0.7460681488459839
230.9545101325264,490.5755198652951,-701.5044486335225,599.0408611678413,956.9895350325872,489.76546607227664,336.650114090867,55.6421809755408
0.0015300427063651,-7.603500895756215e-05,-7912.767408566344,-4582.1485183153545,-8768.281041303544,15399.521580828176,11043.496142333284,-1879.3486388345227
15.683709910657324,516.9999767912163,-1295.2620042709464,514.7552055926158,-821.6203053485583,2858.7881730310723,-2688.08063963238,14687.03494499013
-86.08281112073082,68.58470578182154,-775.7596668865912,-1250.382551266369,4180.602546865108,-1404.783840061416,8967.47091522031,524.2516936084261
31.991768305615658,20.762604288137023,25.1606988547274,33.17640049799157,27.1249726657632,29.477885127241045,26.372866989383844,28.285729037577127
65.33310065800205,26.65890109667897,21.003828995705348,54.16658851289691,61.42939545963468,83.9692627918821,81.31409472347937,41.7198214252731
699.4869566774585,518.2148051352766,454.3344528253841,566.6167295019108,544.9108989823822,322.2118417419496,526.9012965462259,614.3646543717027
0.0307939346246421,2.159943960649311,0.4960911448946073,2.199227679057618,-0.500698705777082,3.059738305964549,-0.2185903930397001,1.7557014273656375
-104.48036669722552,-91.00981038555996,-216.33138120316585,-517.9105347303818,-239.7761882452287,1314.0473329271442,244.9169827586324,-364.14543429805485
0.0004604029342291,0.0010352374776782,9367.46671852392,17932.602706351834,17224.249387093165,14829.774502034305,852.3231029490645,-623.5673058633304
572.2747124000776,1783.2366702596876,-239.698549700372,-734.3399140852734,-1659.8573890772764,-1342.8124015120788,-4610.931084028884,1100.1583223813122
-101.70416652823064,-107.2403896081906,-835.7466438507133,2063.31956737678,-1394.4029805142604,3049.1065212513968,1189.4959897286617,-425.534812896032
20.039524715917377,35.61804094591001,24.13966096582849,29.081452598256146,24.822953835417223,29.136766041877856,20.30912590970014,19.95612420181892
73.7054928617279,45.05727065205368,69.73525107440558,36.378288475916605,95.04173366200745,36.13584202697496,48.60690574040835,76.6839236434494
460.1567529771797,492.3225890267149,723.2336031148432,581.0013656250671,370.698881258636,566.8094871555907,793.0171417478275,286.58998499508414
0.5886295102087195,-0.9828028486293128,3.4726102881741845,-1.414077729216297,1.0692264327564291,1.6431864285471998,0.6573290552513601,0.8377055315845935
365.6133303331528,-62.84275514135696,-837.7218311568893,406.920498316448,791.0505299570295,-184.42664382653163,-68.11891972284971,-231.1037216928493
0.0007495653262684,0.002078076608433,7101.660153778163,18417.86453373227,18082.909432958,315.03170668128587,1214.8867811754735,-287.83124245734257
9162.725493986323,-233.50696058184167,14182.25343776703,-1695.2142764682048,-952.3573666516618,5416.156005477335,1489.5918885856386,12778.605959445917
-278.0446324361363,-102.27536711795264,472.10363232140367,1997.6654485484564,-1412.6965564723887,3047.8696991464044,-1777.8237854230915,-781.4064331863984
28.87559092408377,19.861830242952003,31.48847364080288,26.43859763785924,29.944029827708,32.434080724137615,25.883304757310206,27.56098422893829
44.82874781828448,61.57247261073582,57.67301062249791,67.6944652238542,45.71150480116312,20.047770373294096,59.74242309103432,59.891524603950735
525.7735974565167,701.1508264645266,279.3236819051149,549.0001095703425,759.5351401702819,449.7234086441205,336.9455342343187,416.0844379600442
1.3374149458885922,2.085259401796017,0.3843854365200108,1.4467968924410437,2.244265971413302,-0.1086138294656753,1.784754837011624,-0.7460681488459839
230.9545101325264,490.5755198652951,-701.5044486335225,599.0408611678413,956.9895350325872,489.76546607227664,336.650114090867,55.6421809755408
0.0015300427063651,-7.603500895756215e-05,-7912.767408566344,-4582.1485183153545,-8768.281041303544,15399.521580828176,11043.496142333284,-1879.3486388345227
15.683709910657324,516.9999767912163,-1295.2620042709464,514.7552055926158,-821.6203053485583,2858.7881730310723,-2688.08063963238,14687.03494499013
-86.08281112073082,68.58470578182154,-775.7596668865912,-1250.382551266369,4180.602546865108,-1404.783840061416,8967.47091522031,524.2516936084261
31.991768305615658,20.762604288137023,25.1606988547274,33.17640049799157,27.1249726657632,29.477885127241045,26.372866989383844,28.285729037577127
65.33310065800205,26.65890109667897,21.003828995705348,54.16658851289691,61.42939545963468,83.9692627918821,81.31409472347937,41.7198214252731
699.4869566774585,518.2148051352766,454.3344528253841,566.6167295019108,544.9108989823822,322.2118417419496,526.9012965462259,614.3646543717027
0.0307939346246421,2.159943960649311,0.4960911448946073,2.199227679057618,-0.500698705777082,3.059738305964549,-0.2185903930397001,1.7557014273656375
-104.48036669722552,-91.00981038555996,-216.33138120316585,-517.9105347303818,-239.7761882452287,1314.0473329271442,244.9169827586324,-364.14543429805485
0.0004604029342291,0.0010352374776782,9367.46671852392,17932.602706351834,17224.249387093165,14829.774502034305,852.3231029490645,-623.5673058633304
572.2747124000776,1783.2366702596876,-239.698549700372,-734.3399140852734,-1659.8573890772764,-1342.8124015120788,-4610.931084028884,1100.1583223813122
-101.70416652823064,-107.2403896081906,-835.7466438507133,2063.31956737678,-1394.4029805142604,3049.1065212513968,1189.4959897286617,-425.534812896032
20.039524715917377,35.61804094591001,24.13966096582849,29.081452598256146,24.822953835417223,29.136766041877856,20.30912590970014,19.95612420181892
73.7054928617279,45.05727065205368,69.73525107440558,36.378288475916605,95.04173366200745,36.13584202697496,48.60690574040835,76.6839236434494
460.1567529771797,492.3225890267149,723.2336031148432,581.0013656250671,370.698881258636,566.8094871555907,793.0171417478275,286.58998499508414
0.5886295102087195,-0.9828028486293128,3.4726102881741845,-1.414077729216297,1.0692264327564291,1.6431864285471998,0.6573290552513601,0.8377055315845935
365.6133303331528,-62.84275514135696,-837.7218311568893,406.920498316448,791.0505299570295,-184.42664382653163,-68.11891972284971,-231.1037216928493
0.0007495653262684,0.002078076608433,7101.660153778163,18417.86453373227,18082.909432958,315.03170668128587,1214.8867811754735,-287.83124245734257
9162.725493986323,-233.50696058184167,14182.25343776703,-1695.2142764682048,-952.3573666516618,5416.156005477335,1489.5918885856386,12778.605959445917
-278.0446324361363,-102.27536711795264,472.10363232140367,1997.6654485484564,-1412.6965564723887,3047.8696991464044,-1777.8237854230915,-781.4064331863984
28.87559092408377,19.861830242952003,31.48847364080288,26.43859763785924,29.944029827708,32.434080724137615,25.883304757310206,27.56098422893829
44.82874781828448,61.57247261073582,57.67301062249791,67.6944652238542,45.71150480116312,20.047770373294096,59.74242309103432,59.891524603950735
525.7735974565167,701.1508264645266,279.3236819051149,549.0001095703425,759.5351401702819,449.7234086441205,336.9455342343187,416.0844379600442
1.3374149458885922,2.085259401796017,0.3843854365200108,1.4467968924410437,2.244265971413302,-0.1086138294656753,1.784754837011624,-0.7460681488459839
230.9545101325264,490.5755198652951,-701.5044486335225,599.0408611678413,956.9895350325872,489.76546607227664,336.650114090867,55.6421809755408
0.0015300427063651,-7.603500895756215e-05,-7912.767408566344,-4582.1485183153545,-8768.281041303544,15399.521580828176,11043.496142333284,-1879.3486388345227
15.683709910657324,516.9999767912163,-1295.2620042709464,514.7552055926158,-821.6203053485583,2858.7881730310723,-2688.08063963238,14687.03494499013
-86.08281112073082,68.58470578182154,-775.7596668865912,-1250.382551266369,4180.602546865108,-1404.783840061416,8967.47091522031,524.2516936084261
31.991768305615658,20.762604288137023,25.1606988547274,33.17640049799157,27.1249726657632,29.477885127241045,26.372866989383844,28.285729037577127
65.33310065800205,26.65890109667897,21.003828995705348,54.16658851289691,61.42939545963468,83.9692627918821,81.31409472347937,41.7198214252731
699.4869566774585,518.2148051352766,454.3344528253841,566.6167295019108,544.9108989823822,322.2118417419496,526.9012965462259,614.3646543717027
0.0307939346246421,2.159943960649311,0.4960911448946073,2.199227679057618,-0.500698705777082,3.059738305964549,-0.2185903930397001,1.7557014273656375
-104.48036669722552,-91.00981038555996,-216.33138120316585,-517.9105347303818,-239.7761882452287,1314.0473329271442,244.9169827586324,-364.14543429805485
0.0004604029342291,0.0010352374776782,9367.46671852392,17932.602706351834,17224.249387093165,14829.774502034305,852.3231029490645,-623.5673058633304
572.2747124000776,1783.2366702596876,-239.698549700372,-734.3399140852734,-1659.8573890772764,-1342.8124015120788,-4610.931084028884,1100.1583223813122
-101.70416652823064,-107.2403896081906,-835.7466438507133,2063.31956737678,-1394.4029805142604,3049.1065212513968,1189.4959897286617,-425.534812896032
20.039524715917377,35.61804094591001,24.13966096582849,29.081452598256146,24.822953835417223,29.136766041877856,20.30912590970014,19.95612420181892
73.7054928617279,45.05727065205368,69.73525107440558,36.378288475916605,95.04173366200745,36.13584202697496,48.60690574040835,76.6839236434494
460.1567529771797,492.3225890267149,723.2336031148432,581.0013656250671,370.698881258636,566.8094871555907,793.0171417478275,286.58998499508414
0.5886295102087195,-0.9828028486293128,3.4726102881741845,-1.414077729216297,1.0692264327564291,1.6431864285471998,0.6573290552513601,0.8377055315845935
365.6133303331528,-62.84275514135696,-837.7218311568893,406.920498316448,791.0505299570295,-184.42664382653163,-68.11891972284971,-231.1037216928493
0.0007495653262684,0.002078076608433,7101.660153778163,18417.86453373227,18082.909432958,315.03170668128587,1214.8867811754735,-287.83124245734257
9162.725493986323,-233.50696058184167,14182.25343776703,-1695.2142764682048,-952.3573666516618,5416.156005477335,1489.5918885856386,12778.605959445917
-278.0446324361363,-102.27536711795264,472.10363232140367,1997.6654485484564,-1412.6965564723887,3047.8696991464044,-1777.8237854230915,-781.4064331863984
28.87559092408377,19.861830242952003,31.48847364080288,26.43859763785924,29.944029827708,32.434080724137615,25.883304757310206,27.56098422893829
44.82874781828448,61.57247261073582,57.67301062249791,67.6944652238542,45.71150480116312,20.047770373294096,59.74242309103432,59.891524603950735
525.7735974565167,701.1508264645266,279.3236819051149,549.0001095703425,759.5351401702819,449.7234086441205,336.9455342343187,416.0844379600442
1.3374149458885922,2.085259401796017,0.3843854365200108,1.4467968924410437,2.244265971413302,-0.1086138294656753,1.784754837011624,-0.7460681488459839
230.9545101325264,490.5755198652951,-701.5044486335225,599.0408611678413,956.9895350325872,489.76546607227664,336.650114090867,55.6421809755408
0.0015300427063651,-7.603500895756215e-05,-7912.767408566344,-4582.1485183153545,-8768.281041303544,15399.521580828176,11043.496142333284,-1879.3486388345227
15.683709910657324,516.9999767912163,-1295.2620042709464,514.7552055926158,-821.6203053485583,2858.7881730310723,-2688.08063963238,14687.03494499013
-86.08281112073082,68.58470578182154,-775.7596668865912,-1250.382551266369,4180.602546865108,-1404.783840061416,8967.47091522031,524.2516936084261
31.991768305615658,20.762604288137023,25.1606988547274,33.17640049799157,27.1249726657632,29.477885127241045,26.372866989383844,28.285729037577127
65.33310065800205,26.65890109667897,21.003828995705348,54.16658851289691,61.42939545963468,83.9692627918821,81.31409472347937,41.7198214252731
699.4869566774585,518.2148051352766,454.3344528253841,566.6167295019108,544.9108989823822,322.2118417419496,526.9012965462259,614.3646543717027
0.0307939346246421,2.159943960649311,0.4960911448946073,2.199227679057618,-0.500698705777082,3.059738305964549,-0.2185903930397001,1.7557014273656375
-104.48036669722552,-91.00981038555996,-216.33138120316585,-517.9105347303818,-239.7761882452287,1314.0473329271442,244.9169827586324,-364.14543429805485
0.0004604029342291,0.0010352374776782,9367.46671852392,17932.602706351834,17224.249387093165,14829.774502034305,852.3231029490645,-623.5673058633304
572.2747124000776,1783.2366702596876,-239.698549700372,-734.3399140852734,-1659.8573890772764,-1342.8124015120788,-4610.931084028884,1100.1583223813122
-101.70416652823064,-107.2403896081906,-835.7466438507133,2063.31956737678,-1394.4029805142604,3049.1065212513968,1189.4959897286617,-425.534812896032
20.039524715917377,35.61804094591001,24.13966096582849,29.081452598256146,24.822953835417223,29.136766041877856,20.30912590970014,19.95612420181892
73.7054928617279,45.05727065205368,69.73525107440558,36.378288475916605,95.04173366200745,36.13584202697496,48.60690574040835,76.6839236434494
460.1567529771797,492.3225890267149,723.2336031148432,581.0013656250671,370.698881258636,566.8094871555907,793.0171417478275,286.58998499508414
0.5886295102087195,-0.9828028486293128,3.4726102881741845,-1.414077729216297,1.0692264327564291,1.6431864285471998,0.6573290552513601,0.8377055315845935
365.6133303331528,-62.84275514135696,-837.7218311568893,406.920498316448,791.0505299570295,-184.42664382653163,-68.11891972284971,-231.1037216928493
0.0007495653262684,0.002078076608433,7101.660153778163,18417.86453373227,18082.909432958,315.03170668128587,1214.8867811754735,-287.83124245734257
9162.725493986323,-233.50696058184167,14182.25343776703,-1695.2142764682048,-952.3573666516618,5416.156005477335,1489.5918885856386,12778.605959445917
-278.0446324361363,-102.27536711795264,472.10363232140367,1997.6654485484564,-1412.6965564723887,3047.8696991464044,-1777.8237854230915,-781.4064331863984
28.87559092408377,19.861830242952003,31.48847364080288,26.43859763785924,29.944029827708,32.434080724137615,25.883304757310206,27.56098422893829
44.82874781828448,61.57247261073582,57.67301062249791,67.6944652238542,45.71150480116312,20.047770373294096,59.74242309103432,59.891524603950735
525.7735974565167,701.1508264645266,279.3236819051149,549.0001095703425,759.5351401702819,449.7234086441205,336.9455342343187,416.0844379600442
1.3374149458885922,2.085259401796017,0.3843854365200108,1.4467968924410437,2.244265971413302,-0.1086138294656753,1.784754837011624,-0.7460681488459839
230.9545101325264,490.5755198652951,-701.5044486335225,599.0408611678413,956.9895350325872,489.76546607227664,336.650114090867,55.6421809755408
0.0015300427063651,-7.603500895756215e-05,-7912.767408566344,-4582.1485183153545,-8768.281041303544,15399.521580828176,11043.496142333284,-1879.3486388345227
15.683709910657324,516.9999767912163,-1295.2620042709464,514.7552055926158,-821.6203053485583,2858.7881730310723,-2688.08063963238,14687.03494499013
-86.08281112073082,68.58470578182154,-775.7596668865912,-1250.382551266369,4180.602546865108,-1404.783840061416,8967.47091522031,524.2516936084261
31.991768305615658,20.762604288137023,25.1606988547274,33.17640049799157,27.1249726657632,29.477885127241045,26.372866989383844,28.285729037577127
65.33310065800205,26.65890109667897,21.003828995705348,54.16658851289691,61.42939545963468,83.9692627918821,81.31409472347937,41.7198214252731
699.4869566774585,518.2148051352766,454.3344528253841,566.6167295019108,544.9108989823822,322.2118417419496,526.9012965462259,614.3646543717027
0.0307939346246421,2.159943960649311,0.4960911448946073,2.199227679057618,-0.500698705777082,3.059738305964549,-0.2185903930397001,1.7557014273656375
-104.48036669722552,-91.00981038555996,-216.33138120316585,-517.9105347303818,-239.7761882452287,1314.0473329271442,244.9169827586324,-364.14543429805485
0.0004604029342291,0.0010352374776782,9367.46671852392,17932.602706351834,17224.249387093165,14829.774502034305,852.3231029490645,-623.5673058633304
572.2747124000776,1783.2366702596876,-239.698549700372,-734.3399140852734,-1659.8573890772764,-1342.8124015120788,-4610.931084028884,1100.1583223813122
-101.70416652823064,-107.2403896081906,-835.7466438507133,2063.31956737678,-1394.4029805142604,3049.1065212513968,1189.4959897286617,-425.534812896032
20.039524715917377,35.61804094591001,24.13966096582849,29.081452598256146,24.822953835417223,29.136766041877856,20.30912590970014,19.95612420181892
73.7054928617279,45.05727065205368,69.73525107440558,36.378288475916605,95.04173366200745,36.13584202697496,48.60690574040835,76.6839236434494
460.1567529771797,492.3225890267149,723.2336031148432,581.0013656250671,370.698881258636,566.8094871555907,793.0171417478275,286.58998499508414
0.5886295102087195,-0.9828028486293128,3.4726102881741845,-1.414077729216297,1.0692264327564291,1.6431864285471998,0.6573290552513601,0.8377055315845935
365.6133303331528,-62.84275514135696,-837.7218311568893,406.920498316448,791.0505299570295,-184.42664382653163,-68.11891972284971,-231.1037216928493
0.0007495653262684,0.002078076608433,7101.660153778163,18417.86453373227,18082.909432958,315.03170668128587,1214.8867811754735,-287.83124245734257
9162.725493986323,-233.50696058184167,14182.25343776703,-1695.2142764682048,-952.3573666516618,5416.156005477335,1489.5918885856386,12778.605959445917
-278.0446324361363,-102.27536711795264,472.10363232140367,1997.6654485484564,-1412.6965564723887,3047.8696991464044,-1777.8237854230915,-781.4064331863984
28.87559092408377,19.861830242952003,31.48847364080288,26.43859763785924,29.944029827708,32.434080724137615,25.883304757310206,27.56098422893829
44.82874781828448,61.57247261073582,57.67301062249791,67.6944652238542,45.71150480116312,20.047770373294096,59.74242309103432,59.891524603950735
525.7735974565167,701.1508264645266,279.3236819051149,549.0001095703425,759.5351401702819,449.7234086441205,336.9455342343187,416.0844379600442
1.3374149458885922,2.085259401796017,0.3843854365200108,1.4467968924410437,2.244265971413302,-0.1086138294656753,1.784754837011624,-0.7460681488459839
230.9545101325264,490.5755198652951,-701.5044486335225,599.0408611678413,956.9895350325872,489.76546607227664,336.650114090867,55.6421809755408
0.0015300427063651,-7.603500895756215e-05,-7912.767408566344,-4582.1485183153545,-8768.281041303544,15399.521580828176,11043.496142333284,-1879.3486388345227
15.683709910657324,516.9999767912163,-1295.2620042709464,514.7552055926158,-821.6203053485583,2858.7881730310723,-2688.08063963238,14687.03494499013
-86.08281112073082,68.58470578182154,-775.7596668865912,-1250.382551266369,4180.602546865108,-1404.783840061416,8967.47091522031,524.2516936084261
31.991768305615658,20.762604288137023,25.1606988547274,33.17640049799157,27.1249726657632,29.477885127241045,26.372866989383844,28.285729037577127
65.33310065800205,26.65890109667897,21.003828995705348,54.16658851289691,61.42939545963468,83.9692627918821,81.31409472347937,41.7198214252731
699.4869566774585,518.2148051352766,454.3344528253841,566.6167295019108,544.9108989823822,322.2118417419496,526.9012965462259,614.3646543717027
0.0307939346246421,2.159943960649311,0.4960911448946073,2.199227679057618,-0.500698705777082,3.059738305964549,-0.2185903930397001,1.7557014273656375
-104.48036669722552,-91.00981038555996,-216.33138120316585,-517.9105347303818,-239.7761882452287,1314.0473329271442,244.9169827586324,-364.14543429805485
0.0004604029342291,0.0010352374776782,9367.46671852392,17932.602706351834,17224.249387093165,14829.774502034305,852.3231029490645,-623.5673058633304
572.2747124000776,1783.2366702596876,-239.698549700372,-734.3399140852734,-1659.8573890772764,-1342.8124015120788,-4610.931084028884,1100.1583223813122
-101.70416652823064,-107.2403896081906,-835.7466438507133,2063.31956737678,-1394.4029805142604,3049.1065212513968,1189.4959897286617,-425.534812896032
20.039524715917377,35.61804094591001,24.13966096582849,29.081452598256146,24.822953835417223,29.136766041877856,20.30912590970014,19.95612420181892
73.7054928617279,45.05727065205368,69.73525107440558,36.378288475916605,95.04173366200745,36.13584202697496,48.60690574040835,76.6839236434494
460.1567529771797,492.3225890267149,723.2336031148432,581.0013656250671,370.698881258636,566.8094871555907,793.0171417478275,286.58998499508414
0.5886295102087195,-0.9828028486293128,3.4726102881741845,-1.414077729216297,1.0692264327564291,1.6431864285471998,0.6573290552513601,0.8377055315845935
365.6133303331528,-62.84275514135696,-837.7218311568893,406.920498316448,791.0505299570295,-184.42664382653163,-68.11891972284971,-231.1037216928493
0.0007495653262684,0.002078076608433,7101.660153778163,18417.86453373227,18082.909432958,315.03170668128587,1214.8867811754735,-287.83124245734257
9162.725493986323,-233.50696058184167,14182.25343776703,-1695.2142764682048,-952.3573666516618,5416.156005477335,1489.5918885856386,12778.605959445917
-278.0446324361363,-102.27536711795264,472.10363232140367,1997.6654485484564,-1412.6965564723887,3047.8696991464044,-1777.8237854230915,-781.4064331863984
28.87559092408377,19.861830242952003,31.48847364080288,26.43859763785924,29.944029827708,32.434080724137615,25.883304757310206,27.56098422893829
44.82874781828448,61.57247261073582,57.67301062249791,67.6944652238542,45.71150480116312,20.047770373294096,59.74242309103432,59.891524603950735
525.7735974565167,701.1508264645266,279.3236819051149,549.0001095703425,759.5351401702819,449.7234086441205,336.9455342343187,416.0844379600442
1.3374149458885922,2.085259401796017,0.3843854365200108,1.4467968924410437,2.244265971413302,-0.1086138294656753,1.784754837011624,-0.7460681488459839
230.9545101325264,490.5755198652951,-701.5044486335225,599.0408611678413,956.9895350325872,489.76546607227664,336.650114090867,55.6421809755408
0.0015300427063651,-7.603500895756215e-05,-7912.767408566344,-4582.1485183153545,-8768.281041303544,15399.521580828176,11043.496142333284,-1879.3486388345227
15.683709910657324,516.9999767912163,-1295.2620042709464,514.7552055926158,-821.6203053485583,2858.7881730310723,-2688.08063963238,14687.03494499013
-86.08281112073082,68.58470578182154,-775.7596668865912,-1250.382551266369,4180.602546865108,-1404.783840061416,8967.47091522031,524.2516936084261
31.991768305615658,20.762604288137023,25.1606988547274,33.17640049799157,27.1249726657632,29.477885127241045,26.372866989383844,28.285729037577127
65.33310065800205,26.65890109667897,21.003828995705348,54.16658851289691,61.42939545963468,83.9692627918821,81.31409472347937,41.7198214252731
699.4869566774585,518.2148051352766,454.3344528253841,566.6167295019108,544.9108989823822,322.2118417419496,526.9012965462259,614.3646543717027
0.0307939346246421,2.159943960649311,0.4960911448946073,2.199227679057618,-0.500698705777082,3.059738305964549,-0.2185903930397001,1.7557014273656375
-104.48036669722552,-91.00981038555996,-216.33138120316585,-517.9105347303818,-239.7761882452287,1314.0473329271442,244.9169827586324,-364.14543429805485
0.0004604029342291,0.0010352374776782,9367.46671852392,17932.602706351834,17224.249387093165,14829.774502034305,852.3231029490645,-623.5673058633304
572.2747124000776,1783.2366702596876,-239.698549700372,-734.3399140852734,-1659.8573890772764,-1342.8124015120788,-4610.931084028884,1100.1583223813122
-101.70416652823064,-107.2403896081906,-835.7466438507133,2063.31956737678,-1394.4029805142604,3049.1065212513968,1189.4959897286617,-425.534812896032
20.039524715917377,35.61804094591001,24.13966096582849,29.081452598256146,24.822953835417223,29.136766041877856,20.30912590970014,19.95612420181892
73.7054928617279,45.05727065205368,69.73525107440558,36.378288475916605,95.04173366200745,36.13584202697496,48.60690574040835,76.6839236434494
460.1567529771797,492.3225890267149,723.2336031148432,581.0013656250671,370.698881258636,566.8094871555907,793.0171417478275,286.58998499508414
0.5886295102087195,-0.9828028486293128,3.4726102881741845,-1.414077729216297,1.0692264327564291,1.6431864285471998,0.6573290552513601,0.8377055315845935
365.6133303331528,-62.84275514135696,-837.7218311568893,406.920498316448,791.0505299570295,-184.42664382653163,-68.11891972284971,-231.1037216928493
0.0007495653262684,0.002078076608433,7101.660153778163,18417.86453373227,18082.909432958,315.03170668128587,1214.8867811754735,-287.83124245734257
9162.725493986323,-233.50696058184167,14182.25343776703,-1695.2142764682048,-952.3573666516618,5416.156005477335,1489.5918885856386,12778.605959445917
-278.0446324361363,-102.27536711795264,472.10363232140367,1997.6654485484564,-1412.6965564723887,3047.8696991464044,-1777.8237854230915,-781.4064331863984
28.87559092408377,19.861830242952003,31.48847364080288,26.43859763785924,29.944029827708,32.434080724137615,25.883304757310206,27.56098422893829
44.82874781828448,61.57247261073582,57.67301062249791,67.6944652238542,45.71150480116312,20.047770373294096,59.74242309103432,59.891524603950735
525.7735974565167,701.1508264645266,279.3236819051149,549.0001095703425,759.5351401702819,449.7234086441205,336.9455342343187,416.0844379600442
1.3374149458885922,2.085259401796017,0.3843854365200108,1.4467968924410437,2.244265971413302,-0.1086138294656753,1.784754837011624,-0.7460681488459839
230.9545101325264,490.5755198652951,-701.5044486335225,599.0408611678413,956.9895350325872,489.76546607227664,336.650114090867,55.6421809755408
0.0015300427063651,-7.603500895756215e-05,-7912.767408566344,-4582.1485183153545,-8768.281041303544,15399.521580828176,11043.496142333284,-1879.3486388345227
15.683709910657324,516.9999767912163,-1295.2620042709464,514.7552055926158,-821.6203053485583,2858.7881730310723,-2688.08063963238,14687.03494499013
-86.08281112073082,68.58470578182154,-775.7596668865912,-1250.382551266369,4180.602546865108,-1404.783840061416,8967.47091522031,524.2516936084261
31.991768305615658,20.762604288137023,25.1606988547274,33.17640049799157,27.1249726657632,29.477885127241045,26.372866989383844,28.285729037577127
65.33310065800205,26.65890109667897,21.003828995705348,54.16658851289691,61.42939545963468,83.9692627918821,81.31409472347937,41.7198214252731
699.4869566774585,518.2148051352766,454.3344528253841,566.6167295019108,544.9108989823822,322.2118417419496,526.9012965462259,614.3646543717027
0.0307939346246421,2.159943960649311,0.4960911448946073,2.199227679057618,-0.500698705777082,3.059738305964549,-0.2185903930397001,1.7557014273656375
-104.48036669722552,-91.00981038555996,-216.33138120316585,-517.9105347303818,-239.7761882452287,1314.0473329271442,244.9169827586324,-364.14543429805485
0.0004604029342291,0.0010352374776782,9367.46671852392,17932.602706351834,17224.249387093165,14829.774502034305,852.3231029490645,-623.5673058633304
572.2747124000776,1783.2366702596876,-239.698549700372,-734.3399140852734,-1659.8573890772764,-1342.8124015120788,-4610.931084028884,1100.1583223813122
-101.70416652823064,-107.2403896081906,-835.7466438507133,2063.31956737678,-1394.4029805142604,3049.1065212513968,1189.4959897286617,-425.534812896032
20.039524715917377,35.61804094591001,24.13966096582849,29.081452598256146,24.822953835417223,29.136766041877856,20.30912590970014,19.95612420181892
73.7054928617279,45.05727065205368,69.73525107440558,36.378288475916605,95.04173366200745,36.13584202697496,48.60690574040835,76.6839236434494
460.1567529771797,492.3225890267149,723.2336031148432,581.0013656250671,370.698881258636,566.8094871555907,793.0171417478275,286.58998499508414
0.5886295102087195,-0.9828028486293128,3.4726102881741845,-1.414077729216297,1.0692264327564291,1.6431864285471998,0.6573290552513601,0.8377055315845935
365.6133303331528,-62.84275514135696,-837.7218311568893,406.920498316448,791.0505299570295,-184.42664382653163,-68.11891972284971,-231.1037216928493
0.0007495653262684,0.002078076608433,7101.660153778163,18417.86453373227,18082.909432958,315.03170668128587,1214.8867811754735,-287.83124245734257
9162.725493986323,-233.50696058184167,14182.25343776703,-1695.2142764682048,-952.3573666516618,5416.156005477335,1489.5918885856386,12778.605959445917
-278.0446324361363,-102.27536711795264,472.10363232140367,1997.6654485484564,-1412.6965564723887,3047.8696991464044,-1777.8237854230915,-781.4064331863984
28.87559092408377,19.861830242952003,31.48847364080288,26.43859763785924,29.944029827708,32.434080724137615,25.883304757310206,27.56098422893829
44.82874781828448,61.57247261073582,57.67301062249791,67.6944652238542,45.71150480116312,20.047770373294096,59.74242309103432,59.891524603950735
525.7735974565167,701.1508264645266,279.3236819051149,549.0001095703425,759.5351401702819,449.7234086441205,336.9455342343187,416.0844379600442
1.3374149458885922,2.085259401796017,0.3843854365200108,1.4467968924410437,2.244265971413302,-0.1086138294656753,1.784754837011624,-0.7460681488459839
230.9545101325264,490.5755198652951,-701.5044486335225,599.0408611678413,956.9895350325872,489.76546607227664,336.650114090867,55.6421809755408
0.0015300427063651,-7.603500895756215e-05,-7912.767408566344,-4582.1485183153545,-8768.281041303544,15399.521580828176,11043.496142333284,-1879.3486388345227
15.683709910657324,516.9999767912163,-1295.2620042709464,514.7552055926158,-821.6203053485583,2858.7881730310723,-2688.08063963238,14687.03494499013
-86.08281112073082,68.58470578182154,-775.7596668865912,-1250.382551266369,4180.602546865108,-1404.783840061416,8967.47091522031,524.2516936084261
31.991768305615658,20.762604288137023,25.1606988547274,33.17640049799157,27.1249726657632,29.477885127241045,26.372866989383844,28.285729037577127
65.33310065800205,26.65890109667897,21.003828995705348,54.16658851289691,61.42939545963468,83.9692627918821,81.31409472347937,41.7198214252731
699.4869566774585,518.2148051352766,454.3344528253841,566.6167295019108,544.9108989823822,322.2118417419496,526.9012965462259,614.3646543717027
0.0307939346246421,2.159943960649311,0.4960911448946073,2.199227679057618,-0.500698705777082,3.059738305964549,-0.2185903930397001,1.7557014273656375
-104.48036669722552,-91.00981038555996,-216.33138120316585,-517.9105347303818,-239.7761882452287,1314.0473329271442,244.9169827586324,-364.14543429805485
0.0004604029342291,0.0010352374776782,9367.46671852392,17932.602706351834,17224.249387093165,14829.774502034305,852.3231029490645,-623.5673058633304
572.2747124000776,1783.2366702596876,-239.698549700372,-734.3399140852734,-1659.8573890772764,-1342.8124015120788,-4610.931084028884,1100.1583223813122
-101.70416652823064,-107.2403896081906,-835.7466438507133,2063.31956737678,-1394.4029805142604,3049.1065212513968,1189.4959897286617,-425.534812896032
20.039524715917377,35.61804094591001,24.13966096582849,29.081452598256146,24.822953835417223,29.136766041877856,20.30912590970014,19.95612420181892
73.7054928617279,45.05727065205368,69.73525107440558,36.378288475916605,95.04173366200745,36.13584202697496,48.60690574040835,76.6839236434494
460.1567529771797,492.3225890267149,723.2336031148432,581.0013656250671,370.698881258636,566.8094871555907,793.0171417478275,286.58998499508414
0.5886295102087195,-0.9828028486293128,3.4726102881741845,-1.414077729216297,1.0692264327564291,1.6431864285471998,0.6573290552513601,0.8377055315845935
365.6133303331528,-62.84275514135696,-837.7218311568893,406.920498316448,791.0505299570295,-184.42664382653163,-68.11891972284971,-231.1037216928493
0.0007495653262684,0.002078076608433,7101.660153778163,18417.86453373227,18082.909432958,315.03170668128587,1214.8867811754735,-287.83124245734257
9162.725493986323,-233.50696058184167,14182.25343776703,-1695.2142764682048,-952.3573666516618,5416.156005477335,1489.5918885856386,12778.605959445917
-278.0446324361363,-102.27536711795264,472.10363232140367,1997.6654485484564,-1412.6965564723887,3047.8696991464044,-1777.8237854230915,-781.4064331863984
28.87559092408377,19.861830242952003,31.48847364080288,26.43859763785924,29.944029827708,32.434080724137615,25.883304757310206,27.56098422893829
44.82874781828448,61.57247261073582,57.67301062249791,67.6944652238542,45.71150480116312,20.047770373294096,59.74242309103432,59.891524603950735
525.7735974565167,701.1508264645266,279.3236819051149,549.0001095703425,759.5351401702819,449.7234086441205,336.9455342343187,416.0844379600442
1.3374149458885922,2.085259401796017,0.3843854365200108,1.4467968924410437,2.244265971413302,-0.1086138294656753,1.784754837011624,-0.7460681488459839
230.9545101325264,490.5755198652951,-701.5044486335225,599.0408611678413,956.9895350325872,489.76546607227664,336.650114090867,55.6421809755408
0.0015300427063651,-7.603500895756215e-05,-7912.767408566344,-4582.1485183153545,-8768.281041303544,15399.521580828176,11043.496142333284,-1879.3486388345227
15.683709910657324,516.9999767912163,-1295.2620042709464,514.7552055926158,-821.6203053485583,2858.7881730310723,-2688.08063963238,14687.03494499013
-86.08281112073082,68.58470578182154,-775.7596668865912,-1250.382551266369,4180.602546865108,-1404.783840061416,8967.47091522031,524.2516936084261
31.991768305615658,20.762604288137023,25.1606988547274,33.17640049799157,27.1249726657632,29.477885127241045,26.372866989383844,28.285729037577127
65.33310065800205,26.65890109667897,21.003828995705348,54.16658851289691,61.42939545963468,83.9692627918821,81.31409472347937,41.7198214252731
699.4869566774585,518.2148051352766,454.3344528253841,566.6167295019108,544.9108989823822,322.2118417419496,526.9012965462259,614.3646543717027
0.0307939346246421,2.159943960649311,0.4960911448946073,2.199227679057618,-0.500698705777082,3.059738305964549,-0.2185903930397001,1.7557014273656375
-104.48036669722552,-91.00981038555996,-216.33138120316585,-517.9105347303818,-239.7761882452287,1314.0473329271442,244.9169827586324,-364.14543429805485
0.0004604029342291,0.0010352374776782,9367.46671852392,17932.602706351834,17224.249387093165,14829.774502034305,852.3231029490645,-623.5673058633304
572.2747124000776,1783.2366702596876,-239.698549700372,-734.3399140852734,-1659.8573890772764,-1342.8124015120788,-4610.931084028884,1100.1583223813122
-101.70416652823064,-107.2403896081906,-835.7466438507133,2063.31956737678,-1394.4029805142604,3049.1065212513968,1189.4959897286617,-425.534812896032
20.039524715917377,35.61804094591001,24.13966096582849,29.081452598256146,24.822953835417223,29.136766041877856,20.30912590970014,19.95612420181892
73.7054928617279,45.05727065205368,69.73525107440558,36.378288475916605,95.04173366200745,36.13584202697496,48.60690574040835,76.6839236434494
460.1567529771797,492.3225890267149,723.2336031148432,581.0013656250671,370.698881258636,566.8094871555907,793.0171417478275,286.58998499508414
0.5886295102087195,-0.9828028486293128,3.4726102881741845,-1.414077729216297,1.0692264327564291,1.6431864285471998,0.6573290552513601,0.8377055315845935
365.6133303331528,-62.84275514135696,-837.7218311568893,406.920498316448,791.0505299570295,-184.42664382653163,-68.11891972284971,-231.1037216928493
0.0007495653262684,0.002078076608433,7101.660153778163,18417.86453373227,18082.909432958,315.03170668128587,1214.8867811754735,-287.83124245734257
9162.725493986323,-233.50696058184167,14182.25343776703,-1695.2142764682048,-952.3573666516618,5416.156005477335,1489.5918885856386,12778.605959445917
-278.0446324361363,-102.27536711795264,472.10363232140367,1997.6654485484564,-1412.6965564723887,3047.8696991464044,-1777.8237854230915,-781.4064331863984
