내부온도관측치,내부습도관측치,co2관측치,ec관측치,시간당분무량,시간당백색광량,시간당적색광량,시간당청색광량
19.147937331806688,28.208118623243525,28.156923244423908,28.93292073919967,28.87039042561603,35.78636072759383,26.619070496079463,20.25254797464482
32.4076346477036,40.04029872367596,69.45128197659078,61.82617516668829,45.18149952805703,67.39865485682841,67.75794823304149,60.705910104261314
779.2537743131384,563.3658460548877,291.43147254901737,659.3876843282088,501.1839919493444,415.1629428972501,409.5314005924396,245.3150288391996
1.6100800332617102,1.4007744367645685,-0.1279319477883744,2.686698494475036,0.4714522768755808,-0.5756854102712283,-0.402428762854951,1.2540732111271269
361.6169349781737,-341.33357332294327,-17.954198411762377,636.9299406862833,792.6302351776943,505.4337190903336,1480.9608403747511,283.46736216542
0.0022060401112729,0.0015129340672341,14.138548269494096,13676.238332441324,16469.33635742751,-4284.216479337689,24591.07951987168,181.952496831103
110.25670538475173,1195.505559020299,-1732.0478175695862,908.9522416159492,4548.6626056348605,2984.550562140798,3039.9403268895253,15101.823622811313
-412.01904172257287,-105.8233042269657,-1289.7646602805237,-590.1382406943208,470.2433910116843,-1510.1172990110094,11640.32111850562,841.4097084106887
32.1540280670557,13.280770873885928,40.29648549768304,27.582651285733093,27.120145138327693,27.55600165833917,26.03054626959562,29.62110710718811
77.71203457320095,62.05427489655453,16.377339872150998,20.245788222369583,64.41210082784976,38.028421003289694,79.59454425009335,65.66766366736299
476.90273051775046,571.7654018685163,518.8288588949514,326.7020224416931,664.1028447977528,568.587120168269,770.1935813701905,677.4891263019089
-0.1026271551287418,0.282496879386219,0.7452465605355977,-0.7607361579878547,2.1745679431232694,0.3789412337921538,1.3315421745260143,-0.5469493922365931
-58.16184917181168,644.2834892015081,99.17580729711628,-154.61003704719474,1328.7801476850534,1277.9965965930523,-5.732356307559797,99.95138788490289
-0.000626043149212,0.0020064995292765,-2059.36771945414,13085.366093804478,23719.09493212097,11505.570521410296,17636.179093193423,-273.6601934978878
240.669654595043,-835.1233575021404,-821.0911661325243,-90.84608184335474,221.66047618998184,-2201.493022909845,173.9660156616569,7149.451153981691
-371.82410052490985,97.02195460333336,-1037.6689827586522,4572.80038090441,31.86128298858769,9677.86846516185,10363.684104354785,1142.6787835225812
11.536392132704687,33.19053995626237,27.787986199667035,23.566692716459844,24.64506704926093,28.96061292310014,26.882927818784086,32.63111462364605
84.94430031657168,77.4950105058924,40.63283146669376,31.387846531286307,86.45892852093802,36.91609550854241,82.14374138770427,63.58126459549927
402.07617590543015,479.4905577870605,467.2413120330407,524.8231151541953,411.8205601052406,575.5226250583648,765.2465394363477,227.62265452015924
-1.123810803640821,-0.3190834967809564,3.3975393068262463,3.2865621680001853,2.528485398192446,3.620658122536424,-0.3583622097683263,2.6752694207043715
541.5321306855127,64.93759303859244,930.2614862362072,1471.7358187871555,1042.1182455263854,572.6402364920649,2348.294127969718,-661.8661651625529
5.179140458304537e-05,0.0014899625407173,19327.88562124537,21560.54070680672,-3900.03505894677,11879.236426563855,212.32897152912844,-134.11980260608004
687.2382501139027,-2724.1145753121305,1349.0488543562624,-143.83371913806866,-519.846009100716,5458.089806596734,-441.4640688627942,5108.236870646422
91.09700095535716,-101.0606798060083,-1067.1970170522957,16496.283674470167,-782.4017875157929,-618.6498500952046,-472.03116088922064,-485.6829724412815
19.147937331806688,28.208118623243525,28.156923244423908,28.93292073919967,28.87039042561603,35.78636072759383,26.619070496079463,20.25254797464482
32.4076346477036,40.04029872367596,69.45128197659078,61.82617516668829,45.18149952805703,67.39865485682841,67.75794823304149,60.705910104261314
779.2537743131384,563.3658460548877,291.43147254901737,659.3876843282088,501.1839919493444,415.1629428972501,409.5314005924396,245.3150288391996
1.6100800332617102,1.4007744367645685,-0.1279319477883744,2.686698494475036,0.4714522768755808,-0.5756854102712283,-0.402428762854951,1.2540732111271269
361.6169349781737,-341.33357332294327,-17.954198411762377,636.9299406862833,792.6302351776943,505.4337190903336,1480.9608403747511,283.46736216542
0.0022060401112729,0.0015129340672341,14.138548269494096,13676.238332441324,16469.33635742751,-4284.216479337689,24591.07951987168,181.952496831103
110.25670538475173,1195.505559020299,-1732.0478175695862,908.9522416159492,4548.6626056348605,2984.550562140798,3039.9403268895253,15101.823622811313
-412.01904172257287,-105.8233042269657,-1289.7646602805237,-590.1382406943208,470.2433910116843,-1510.1172990110094,11640.32111850562,841.4097084106887
32.1540280670557,13.280770873885928,40.29648549768304,27.582651285733093,27.120145138327693,27.55600165833917,26.03054626959562,29.62110710718811
77.71203457320095,62.05427489655453,16.377339872150998,20.245788222369583,64.41210082784976,38.028421003289694,79.59454425009335,65.66766366736299
476.90273051775046,571.7654018685163,518.8288588949514,326.7020224416931,664.1028447977528,568.587120168269,770.1935813701905,677.4891263019089
-0.1026271551287418,0.282496879386219,0.7452465605355977,-0.7607361579878547,2.1745679431232694,0.3789412337921538,1.3315421745260143,-0.5469493922365931
-58.16184917181168,644.2834892015081,99.17580729711628,-154.61003704719474,1328.7801476850534,1277.9965965930523,-5.732356307559797,99.95138788490289
-0.000626043149212,0.0020064995292765,-2059.36771945414,13085.366093804478,23719.09493212097,11505.570521410296,17636.179093193423,-273.6601934978878
240.669654595043,-835.1233575021404,-821.0911661325243,-90.84608184335474,221.66047618998184,-2201.493022909845,173.9660156616569,7149.451153981691
-371.82410052490985,97.02195460333336,-1037.6689827586522,4572.80038090441,31.86128298858769,9677.86846516185,10363.684104354785,1142.6787835225812
11.536392132704687,33.19053995626237,27.787986199667035,23.566692716459844,24.64506704926093,28.96061292310014,26.882927818784086,32.63111462364605
84.94430031657168,77.4950105058924,40.63283146669376,31.387846531286307,86.45892852093802,36.91609550854241,82.14374138770427,63.58126459549927
402.07617590543015,479.4905577870605,467.2413120330407,524.8231151541953,411.8205601052406,575.5226250583648,765.2465394363477,227.62265452015924
-1.123810803640821,-0.3190834967809564,3.3975393068262463,3.2865621680001853,2.528485398192446,3.620658122536424,-0.3583622097683263,2.6752694207043715
541.5321306855127,64.93759303859244,930.2614862362072,1471.7358187871555,1042.1182455263854,572.6402364920649,2348.294127969718,-661.8661651625529
5.179140458304537e-05,0.0014899625407173,19327.88562124537,21560.54070680672,-3900.03505894677,11879.236426563855,212.32897152912844,-134.11980260608004
687.2382501139027,-2724.1145753121305,1349.0488543562624,-143.83371913806866,-519.846009100716,5458.089806596734,-441.4640688627942,5108.236870646422
91.09700095535716,-101.0606798060083,-1067.1970170522957,16496.283674470167,-782.4017875157929,-618.6498500952046,-472.03116088922064,-485.6829724412815
19.147937331806688,28.208118623243525,28.156923244423908,28.93292073919967,28.87039042561603,35.78636072759383,26.619070496079463,20.25254797464482
32.4076346477036,40.04029872367596,69.45128197659078,61.82617516668829,45.18149952805703,67.39865485682841,67.75794823304149,60.705910104261314
779.2537743131384,563.3658460548877,291.43147254901737,659.3876843282088,501.1839919493444,415.1629428972501,409.5314005924396,245.3150288391996
1.6100800332617102,1.4007744367645685,-0.1279319477883744,2.686698494475036,0.4714522768755808,-0.5756854102712283,-0.402428762854951,1.2540732111271269
361.6169349781737,-341.33357332294327,-17.954198411762377,636.9299406862833,792.6302351776943,505.4337190903336,1480.9608403747511,283.46736216542
0.0022060401112729,0.0015129340672341,14.138548269494096,13676.238332441324,16469.33635742751,-4284.216479337689,24591.07951987168,181.952496831103
110.25670538475173,1195.505559020299,-1732.0478175695862,908.9522416159492,4548.6626056348605,2984.550562140798,3039.9403268895253,15101.823622811313
-412.01904172257287,-105.8233042269657,-1289.7646602805237,-590.1382406943208,470.2433910116843,-1510.1172990110094,11640.32111850562,841.4097084106887
32.1540280670557,13.280770873885928,40.29648549768304,27.582651285733093,27.120145138327693,27.55600165833917,26.03054626959562,29.62110710718811
77.71203457320095,62.05427489655453,16.377339872150998,20.245788222369583,64.41210082784976,38.028421003289694,79.59454425009335,65.66766366736299
476.90273051775046,571.7654018685163,518.8288588949514,326.7020224416931,664.1028447977528,568.587120168269,770.1935813701905,677.4891263019089
-0.1026271551287418,0.282496879386219,0.7452465605355977,-0.7607361579878547,2.1745679431232694,0.3789412337921538,1.3315421745260143,-0.5469493922365931
-58.16184917181168,644.2834892015081,99.17580729711628,-154.61003704719474,1328.7801476850534,1277.9965965930523,-5.732356307559797,99.95138788490289
-0.000626043149212,0.0020064995292765,-2059.36771945414,13085.366093804478,23719.09493212097,11505.570521410296,17636.179093193423,-273.6601934978878
240.669654595043,-835.1233575021404,-821.0911661325243,-90.84608184335474,221.66047618998184,-2201.493022909845,173.9660156616569,7149.451153981691
-371.82410052490985,97.02195460333336,-1037.6689827586522,4572.80038090441,31.86128298858769,9677.86846516185,10363.684104354785,1142.6787835225812
11.536392132704687,33.19053995626237,27.787986199667035,23.566692716459844,24.64506704926093,28.96061292310014,26.882927818784086,32.63111462364605
84.94430031657168,77.4950105058924,40.63283146669376,31.387846531286307,86.45892852093802,36.91609550854241,82.14374138770427,63.58126459549927
402.07617590543015,479.4905577870605,467.2413120330407,524.8231151541953,411.8205601052406,575.5226250583648,765.2465394363477,227.62265452015924
-1.123810803640821,-0.3190834967809564,3.3975393068262463,3.2865621680001853,2.528485398192446,3.620658122536424,-0.3583622097683263,2.6752694207043715
541.5321306855127,64.93759303859244,930.2614862362072,1471.7358187871555,1042.1182455263854,572.6402364920649,2348.294127969718,-661.8661651625529
5.179140458304537e-05,0.0014899625407173,19327.88562124537,21560.54070680672,-3900.03505894677,11879.236426563855,212.32897152912844,-134.11980260608004
687.2382501139027,-2724.1145753121305,1349.0488543562624,-143.83371913806866,-519.846009100716,5458.089806596734,-441.4640688627942,5108.236870646422
91.09700095535716,-101.0606798060083,-1067.1970170522957,16496.283674470167,-782.4017875157929,-618.6498500952046,-472.03116088922064,-485.6829724412815
19.147937331806688,28.208118623243525,28.156923244423908,28.93292073919967,28.87039042561603,35.78636072759383,26.619070496079463,20.25254797464482
32.4076346477036,40.04029872367596,69.45128197659078,61.82617516668829,45.18149952805703,67.39865485682841,67.75794823304149,60.705910104261314
779.2537743131384,563.3658460548877,291.43147254901737,659.3876843282088,501.1839919493444,415.1629428972501,409.5314005924396,245.3150288391996
1.6100800332617102,1.4007744367645685,-0.1279319477883744,2.686698494475036,0.4714522768755808,-0.5756854102712283,-0.402428762854951,1.2540732111271269
361.6169349781737,-341.33357332294327,-17.954198411762377,636.9299406862833,792.6302351776943,505.4337190903336,1480.9608403747511,283.46736216542
0.0022060401112729,0.0015129340672341,14.138548269494096,13676.238332441324,16469.33635742751,-4284.216479337689,24591.07951987168,181.952496831103
110.25670538475173,1195.505559020299,-1732.0478175695862,908.9522416159492,4548.6626056348605,2984.550562140798,3039.9403268895253,15101.823622811313
-412.01904172257287,-105.8233042269657,-1289.7646602805237,-590.1382406943208,470.2433910116843,-1510.1172990110094,11640.32111850562,841.4097084106887
32.1540280670557,13.280770873885928,40.29648549768304,27.582651285733093,27.120145138327693,27.55600165833917,26.03054626959562,29.62110710718811
77.71203457320095,62.05427489655453,16.377339872150998,20.245788222369583,64.41210082784976,38.028421003289694,79.59454425009335,65.66766366736299
476.90273051775046,571.7654018685163,518.8288588949514,326.7020224416931,664.1028447977528,568.587120168269,770.1935813701905,677.4891263019089
-0.1026271551287418,0.282496879386219,0.7452465605355977,-0.7607361579878547,2.1745679431232694,0.3789412337921538,1.3315421745260143,-0.5469493922365931
-58.16184917181168,644.2834892015081,99.17580729711628,-154.61003704719474,1328.7801476850534,1277.9965965930523,-5.732356307559797,99.95138788490289
-0.000626043149212,0.0020064995292765,-2059.36771945414,13085.366093804478,23719.09493212097,11505.570521410296,17636.179093193423,-273.6601934978878
240.669654595043,-835.1233575021404,-821.0911661325243,-90.84608184335474,221.66047618998184,-2201.493022909845,173.9660156616569,7149.451153981691
-371.82410052490985,97.02195460333336,-1037.6689827586522,4572.80038090441,31.86128298858769,9677.86846516185,10363.684104354785,1142.6787835225812
11.536392132704687,33.19053995626237,27.787986199667035,23.566692716459844,24.64506704926093,28.96061292310014,26.882927818784086,32.63111462364605
84.94430031657168,77.4950105058924,40.63283146669376,31.387846531286307,86.45892852093802,36.91609550854241,82.14374138770427,63.58126459549927
402.07617590543015,479.4905577870605,467.2413120330407,524.8231151541953,411.8205601052406,575.5226250583648,765.2465394363477,227.62265452015924
-1.123810803640821,-0.3190834967809564,3.3975393068262463,3.2865621680001853,2.528485398192446,3.620658122536424,-0.3583622097683263,2.6752694207043715
541.5321306855127,64.93759303859244,930.2614862362072,1471.7358187871555,1042.1182455263854,572.6402364920649,2348.294127969718,-661.8661651625529
5.179140458304537e-05,0.0014899625407173,19327.88562124537,21560.54070680672,-3900.03505894677,11879.236426563855,212.32897152912844,-134.11980260608004
687.2382501139027,-2724.1145753121305,1349.0488543562624,-143.83371913806866,-519.846009100716,5458.089806596734,-441.4640688627942,5108.236870646422
91.09700095535716,-101.0606798060083,-1067.1970170522957,16496.283674470167,-782.4017875157929,-618.6498500952046,-472.03116088922064,-485.6829724412815
19.147937331806688,28.208118623243525,28.156923244423908,28.93292073919967,28.87039042561603,35.78636072759383,26.619070496079463,20.25254797464482
32.4076346477036,40.04029872367596,69.45128197659078,61.82617516668829,45.18149952805703,67.39865485682841,67.75794823304149,60.705910104261314
779.2537743131384,563.3658460548877,291.43147254901737,659.3876843282088,501.1839919493444,415.1629428972501,409.5314005924396,245.3150288391996
1.6100800332617102,1.4007744367645685,-0.1279319477883744,2.686698494475036,0.4714522768755808,-0.5756854102712283,-0.402428762854951,1.2540732111271269
361.6169349781737,-341.33357332294327,-17.954198411762377,636.9299406862833,792.6302351776943,505.4337190903336,1480.9608403747511,283.46736216542
0.0022060401112729,0.0015129340672341,14.138548269494096,13676.238332441324,16469.33635742751,-4284.216479337689,24591.07951987168,181.952496831103
110.25670538475173,1195.505559020299,-1732.0478175695862,908.9522416159492,4548.6626056348605,2984.550562140798,3039.9403268895253,15101.823622811313
-412.01904172257287,-105.8233042269657,-1289.7646602805237,-590.1382406943208,470.2433910116843,-1510.1172990110094,11640.32111850562,841.4097084106887
32.1540280670557,13.280770873885928,40.29648549768304,27.582651285733093,27.120145138327693,27.55600165833917,26.03054626959562,29.62110710718811
77.71203457320095,62.05427489655453,16.377339872150998,20.245788222369583,64.41210082784976,38.028421003289694,79.59454425009335,65.66766366736299
476.90273051775046,571.7654018685163,518.8288588949514,326.7020224416931,664.1028447977528,568.587120168269,770.1935813701905,677.4891263019089
-0.1026271551287418,0.282496879386219,0.7452465605355977,-0.7607361579878547,2.1745679431232694,0.3789412337921538,1.3315421745260143,-0.5469493922365931
-58.16184917181168,644.2834892015081,99.17580729711628,-154.61003704719474,1328.7801476850534,1277.9965965930523,-5.732356307559797,99.95138788490289
-0.000626043149212,0.0020064995292765,-2059.36771945414,13085.366093804478,23719.09493212097,11505.570521410296,17636.179093193423,-273.6601934978878
240.669654595043,-835.1233575021404,-821.0911661325243,-90.84608184335474,221.66047618998184,-2201.493022909845,173.9660156616569,7149.451153981691
-371.82410052490985,97.02195460333336,-1037.6689827586522,4572.80038090441,31.86128298858769,9677.86846516185,10363.684104354785,1142.6787835225812
11.536392132704687,33.19053995626237,27.787986199667035,23.566692716459844,24.64506704926093,28.96061292310014,26.882927818784086,32.63111462364605
84.94430031657168,77.4950105058924,40.63283146669376,31.387846531286307,86.45892852093802,36.91609550854241,82.14374138770427,63.58126459549927
402.07617590543015,479.4905577870605,467.2413120330407,524.8231151541953,411.8205601052406,575.5226250583648,765.2465394363477,227.62265452015924
-1.123810803640821,-0.3190834967809564,3.3975393068262463,3.2865621680001853,2.528485398192446,3.620658122536424,-0.3583622097683263,2.6752694207043715
541.5321306855127,64.93759303859244,930.2614862362072,1471.7358187871555,1042.1182455263854,572.6402364920649,2348.294127969718,-661.8661651625529
5.179140458304537e-05,0.0014899625407173,19327.88562124537,21560.54070680672,-3900.03505894677,11879.236426563855,212.32897152912844,-134.11980260608004
687.2382501139027,-2724.1145753121305,1349.0488543562624,-143.83371913806866,-519.846009100716,5458.089806596734,-441.4640688627942,5108.236870646422
91.09700095535716,-101.0606798060083,-1067.1970170522957,16496.283674470167,-782.4017875157929,-618.6498500952046,-472.03116088922064,-485.6829724412815
19.147937331806688,28.208118623243525,28.156923244423908,28.93292073919967,28.87039042561603,35.78636072759383,26.619070496079463,20.25254797464482
32.4076346477036,40.04029872367596,69.45128197659078,61.82617516668829,45.18149952805703,67.39865485682841,67.75794823304149,60.705910104261314
779.2537743131384,563.3658460548877,291.43147254901737,659.3876843282088,501.1839919493444,415.1629428972501,409.5314005924396,245.3150288391996
1.6100800332617102,1.4007744367645685,-0.1279319477883744,2.686698494475036,0.4714522768755808,-0.5756854102712283,-0.402428762854951,1.2540732111271269
361.6169349781737,-341.33357332294327,-17.954198411762377,636.9299406862833,792.6302351776943,505.4337190903336,1480.9608403747511,283.46736216542
0.0022060401112729,0.0015129340672341,14.138548269494096,13676.238332441324,16469.33635742751,-4284.216479337689,24591.07951987168,181.952496831103
110.25670538475173,1195.505559020299,-1732.0478175695862,908.9522416159492,4548.6626056348605,2984.550562140798,3039.9403268895253,15101.823622811313
-412.01904172257287,-105.8233042269657,-1289.7646602805237,-590.1382406943208,470.2433910116843,-1510.1172990110094,11640.32111850562,841.4097084106887
32.1540280670557,13.280770873885928,40.29648549768304,27.582651285733093,27.120145138327693,27.55600165833917,26.03054626959562,29.62110710718811
77.71203457320095,62.05427489655453,16.377339872150998,20.245788222369583,64.41210082784976,38.028421003289694,79.59454425009335,65.66766366736299
476.90273051775046,571.7654018685163,518.8288588949514,326.7020224416931,664.1028447977528,568.587120168269,770.1935813701905,677.4891263019089
-0.1026271551287418,0.282496879386219,0.7452465605355977,-0.7607361579878547,2.1745679431232694,0.3789412337921538,1.3315421745260143,-0.5469493922365931
-58.16184917181168,644.2834892015081,99.17580729711628,-154.61003704719474,1328.7801476850534,1277.9965965930523,-5.732356307559797,99.95138788490289
-0.000626043149212,0.0020064995292765,-2059.36771945414,13085.366093804478,23719.09493212097,11505.570521410296,17636.179093193423,-273.6601934978878
240.669654595043,-835.1233575021404,-821.0911661325243,-90.84608184335474,221.66047618998184,-2201.493022909845,173.9660156616569,7149.451153981691
-371.82410052490985,97.02195460333336,-1037.6689827586522,4572.80038090441,31.86128298858769,9677.86846516185,10363.684104354785,1142.6787835225812
11.536392132704687,33.19053995626237,27.787986199667035,23.566692716459844,24.64506704926093,28.96061292310014,26.882927818784086,32.63111462364605
84.94430031657168,77.4950105058924,40.63283146669376,31.387846531286307,86.45892852093802,36.91609550854241,82.14374138770427,63.58126459549927
402.07617590543015,479.4905577870605,467.2413120330407,524.8231151541953,411.8205601052406,575.5226250583648,765.2465394363477,227.62265452015924
-1.123810803640821,-0.3190834967809564,3.3975393068262463,3.2865621680001853,2.528485398192446,3.620658122536424,-0.3583622097683263,2.6752694207043715
541.5321306855127,64.93759303859244,930.2614862362072,1471.7358187871555,1042.1182455263854,572.6402364920649,2348.294127969718,-661.8661651625529
5.179140458304537e-05,0.0014899625407173,19327.88562124537,21560.54070680672,-3900.03505894677,11879.236426563855,212.32897152912844,-134.11980260608004
687.2382501139027,-2724.1145753121305,1349.0488543562624,-143.83371913806866,-519.846009100716,5458.089806596734,-441.4640688627942,5108.236870646422
91.09700095535716,-101.0606798060083,-1067.1970170522957,16496.283674470167,-782.4017875157929,-618.6498500952046,-472.03116088922064,-485.6829724412815
19.147937331806688,28.208118623243525,28.156923244423908,28.93292073919967,28.87039042561603,35.78636072759383,26.619070496079463,20.25254797464482
32.4076346477036,40.04029872367596,69.45128197659078,61.82617516668829,45.18149952805703,67.39865485682841,67.75794823304149,60.705910104261314
779.2537743131384,563.3658460548877,291.43147254901737,659.3876843282088,501.1839919493444,415.1629428972501,409.5314005924396,245.3150288391996
1.6100800332617102,1.4007744367645685,-0.1279319477883744,2.686698494475036,0.4714522768755808,-0.5756854102712283,-0.402428762854951,1.2540732111271269
361.6169349781737,-341.33357332294327,-17.954198411762377,636.9299406862833,792.6302351776943,505.4337190903336,1480.9608403747511,283.46736216542
0.0022060401112729,0.0015129340672341,14.138548269494096,13676.238332441324,16469.33635742751,-4284.216479337689,24591.07951987168,181.952496831103
110.25670538475173,1195.505559020299,-1732.0478175695862,908.9522416159492,4548.6626056348605,2984.550562140798,3039.9403268895253,15101.823622811313
-412.01904172257287,-105.8233042269657,-1289.7646602805237,-590.1382406943208,470.2433910116843,-1510.1172990110094,11640.32111850562,841.4097084106887
32.1540280670557,13.280770873885928,40.29648549768304,27.582651285733093,27.120145138327693,27.55600165833917,26.03054626959562,29.62110710718811
77.71203457320095,62.05427489655453,16.377339872150998,20.245788222369583,64.41210082784976,38.028421003289694,79.59454425009335,65.66766366736299
476.90273051775046,571.7654018685163,518.8288588949514,326.7020224416931,664.1028447977528,568.587120168269,770.1935813701905,677.4891263019089
-0.1026271551287418,0.282496879386219,0.7452465605355977,-0.7607361579878547,2.1745679431232694,0.3789412337921538,1.3315421745260143,-0.5469493922365931
-58.16184917181168,644.2834892015081,99.17580729711628,-154.61003704719474,1328.7801476850534,1277.9965965930523,-5.732356307559797,99.95138788490289
-0.000626043149212,0.0020064995292765,-2059.36771945414,13085.366093804478,23719.09493212097,11505.570521410296,17636.179093193423,-273.6601934978878
240.669654595043,-835.1233575021404,-821.0911661325243,-90.84608184335474,221.66047618998184,-2201.493022909845,173.9660156616569,7149.451153981691
-371.82410052490985,97.02195460333336,-1037.6689827586522,4572.80038090441,31.86128298858769,9677.86846516185,10363.684104354785,1142.6787835225812
11.536392132704687,33.19053995626237,27.787986199667035,23.566692716459844,24.64506704926093,28.96061292310014,26.882927818784086,32.63111462364605
84.94430031657168,77.4950105058924,40.63283146669376,31.387846531286307,86.45892852093802,36.91609550854241,82.14374138770427,63.58126459549927
402.07617590543015,479.4905577870605,467.2413120330407,524.8231151541953,411.8205601052406,575.5226250583648,765.2465394363477,227.62265452015924
-1.123810803640821,-0.3190834967809564,3.3975393068262463,3.2865621680001853,2.528485398192446,3.620658122536424,-0.3583622097683263,2.6752694207043715
541.5321306855127,64.93759303859244,930.2614862362072,1471.7358187871555,1042.1182455263854,572.6402364920649,2348.294127969718,-661.8661651625529
5.179140458304537e-05,0.0014899625407173,19327.88562124537,21560.54070680672,-3900.03505894677,11879.236426563855,212.32897152912844,-134.11980260608004
687.2382501139027,-2724.1145753121305,1349.0488543562624,-143.83371913806866,-519.846009100716,5458.089806596734,-441.4640688627942,5108.236870646422
91.09700095535716,-101.0606798060083,-1067.1970170522957,16496.283674470167,-782.4017875157929,-618.6498500952046,-472.03116088922064,-485.6829724412815
19.147937331806688,28.208118623243525,28.156923244423908,28.93292073919967,28.87039042561603,35.78636072759383,26.619070496079463,20.25254797464482
32.4076346477036,40.04029872367596,69.45128197659078,61.82617516668829,45.18149952805703,67.39865485682841,67.75794823304149,60.705910104261314
779.2537743131384,563.3658460548877,291.43147254901737,659.3876843282088,501.1839919493444,415.1629428972501,409.5314005924396,245.3150288391996
1.6100800332617102,1.4007744367645685,-0.1279319477883744,2.686698494475036,0.4714522768755808,-0.5756854102712283,-0.402428762854951,1.2540732111271269
361.6169349781737,-341.33357332294327,-17.954198411762377,636.9299406862833,792.6302351776943,505.4337190903336,1480.9608403747511,283.46736216542
0.0022060401112729,0.0015129340672341,14.138548269494096,13676.238332441324,16469.33635742751,-4284.216479337689,24591.07951987168,181.952496831103
110.25670538475173,1195.505559020299,-1732.0478175695862,908.9522416159492,4548.6626056348605,2984.550562140798,3039.9403268895253,15101.823622811313
-412.01904172257287,-105.8233042269657,-1289.7646602805237,-590.1382406943208,470.2433910116843,-1510.1172990110094,11640.32111850562,841.4097084106887
32.1540280670557,13.280770873885928,40.29648549768304,27.582651285733093,27.120145138327693,27.55600165833917,26.03054626959562,29.62110710718811
77.71203457320095,62.05427489655453,16.377339872150998,20.245788222369583,64.41210082784976,38.028421003289694,79.59454425009335,65.66766366736299
476.90273051775046,571.7654018685163,518.8288588949514,326.7020224416931,664.1028447977528,568.587120168269,770.1935813701905,677.4891263019089
-0.1026271551287418,0.282496879386219,0.7452465605355977,-0.7607361579878547,2.1745679431232694,0.3789412337921538,1.3315421745260143,-0.5469493922365931
-58.16184917181168,644.2834892015081,99.17580729711628,-154.61003704719474,1328.7801476850534,1277.9965965930523,-5.732356307559797,99.95138788490289
-0.000626043149212,0.0020064995292765,-2059.36771945414,13085.366093804478,23719.09493212097,11505.570521410296,17636.179093193423,-273.6601934978878
240.669654595043,-835.1233575021404,-821.0911661325243,-90.84608184335474,221.66047618998184,-2201.493022909845,173.9660156616569,7149.451153981691
-371.82410052490985,97.02195460333336,-1037.6689827586522,4572.80038090441,31.86128298858769,9677.86846516185,10363.684104354785,1142.6787835225812
11.536392132704687,33.19053995626237,27.787986199667035,23.566692716459844,24.64506704926093,28.96061292310014,26.882927818784086,32.63111462364605
84.94430031657168,77.4950105058924,40.63283146669376,31.387846531286307,86.45892852093802,36.91609550854241,82.14374138770427,63.58126459549927
402.07617590543015,479.4905577870605,467.2413120330407,524.8231151541953,411.8205601052406,575.5226250583648,765.2465394363477,227.62265452015924
-1.123810803640821,-0.3190834967809564,3.3975393068262463,3.2865621680001853,2.528485398192446,3.620658122536424,-0.3583622097683263,2.6752694207043715
541.5321306855127,64.93759303859244,930.2614862362072,1471.7358187871555,1042.1182455263854,572.6402364920649,2348.294127969718,-661.8661651625529
5.179140458304537e-05,0.0014899625407173,19327.88562124537,21560.54070680672,-3900.03505894677,11879.236426563855,212.32897152912844,-134.11980260608004
687.2382501139027,-2724.1145753121305,1349.0488543562624,-143.83371913806866,-519.846009100716,5458.089806596734,-441.4640688627942,5108.236870646422
91.09700095535716,-101.0606798060083,-1067.1970170522957,16496.283674470167,-782.4017875157929,-618.6498500952046,-472.03116088922064,-485.6829724412815
19.147937331806688,28.208118623243525,28.156923244423908,28.93292073919967,28.87039042561603,35.78636072759383,26.619070496079463,20.25254797464482
32.4076346477036,40.04029872367596,69.45128197659078,61.82617516668829,45.18149952805703,67.39865485682841,67.75794823304149,60.705910104261314
779.2537743131384,563.3658460548877,291.43147254901737,659.3876843282088,501.1839919493444,415.1629428972501,409.5314005924396,245.3150288391996
1.6100800332617102,1.4007744367645685,-0.1279319477883744,2.686698494475036,0.4714522768755808,-0.5756854102712283,-0.402428762854951,1.2540732111271269
361.6169349781737,-341.33357332294327,-17.954198411762377,636.9299406862833,792.6302351776943,505.4337190903336,1480.9608403747511,283.46736216542
0.0022060401112729,0.0015129340672341,14.138548269494096,13676.238332441324,16469.33635742751,-4284.216479337689,24591.07951987168,181.952496831103
110.25670538475173,1195.505559020299,-1732.0478175695862,908.9522416159492,4548.6626056348605,2984.550562140798,3039.9403268895253,15101.823622811313
-412.01904172257287,-105.8233042269657,-1289.7646602805237,-590.1382406943208,470.2433910116843,-1510.1172990110094,11640.32111850562,841.4097084106887
32.1540280670557,13.280770873885928,40.29648549768304,27.582651285733093,27.120145138327693,27.55600165833917,26.03054626959562,29.62110710718811
77.71203457320095,62.05427489655453,16.377339872150998,20.245788222369583,64.41210082784976,38.028421003289694,79.59454425009335,65.66766366736299
476.90273051775046,571.7654018685163,518.8288588949514,326.7020224416931,664.1028447977528,568.587120168269,770.1935813701905,677.4891263019089
-0.1026271551287418,0.282496879386219,0.7452465605355977,-0.7607361579878547,2.1745679431232694,0.3789412337921538,1.3315421745260143,-0.5469493922365931
-58.16184917181168,644.2834892015081,99.17580729711628,-154.61003704719474,1328.7801476850534,1277.9965965930523,-5.732356307559797,99.95138788490289
-0.000626043149212,0.0020064995292765,-2059.36771945414,13085.366093804478,23719.09493212097,11505.570521410296,17636.179093193423,-273.6601934978878
240.669654595043,-835.1233575021404,-821.0911661325243,-90.84608184335474,221.66047618998184,-2201.493022909845,173.9660156616569,7149.451153981691
-371.82410052490985,97.02195460333336,-1037.6689827586522,4572.80038090441,31.86128298858769,9677.86846516185,10363.684104354785,1142.6787835225812
11.536392132704687,33.19053995626237,27.787986199667035,23.566692716459844,24.64506704926093,28.96061292310014,26.882927818784086,32.63111462364605
84.94430031657168,77.4950105058924,40.63283146669376,31.387846531286307,86.45892852093802,36.91609550854241,82.14374138770427,63.58126459549927
402.07617590543015,479.4905577870605,467.2413120330407,524.8231151541953,411.8205601052406,575.5226250583648,765.2465394363477,227.62265452015924
-1.123810803640821,-0.3190834967809564,3.3975393068262463,3.2865621680001853,2.528485398192446,3.620658122536424,-0.3583622097683263,2.6752694207043715
541.5321306855127,64.93759303859244,930.2614862362072,1471.7358187871555,1042.1182455263854,572.6402364920649,2348.294127969718,-661.8661651625529
5.179140458304537e-05,0.0014899625407173,19327.88562124537,21560.54070680672,-3900.03505894677,11879.236426563855,212.32897152912844,-134.11980260608004
687.2382501139027,-2724.1145753121305,1349.0488543562624,-143.83371913806866,-519.846009100716,5458.089806596734,-441.4640688627942,5108.236870646422
91.09700095535716,-101.0606798060083,-1067.1970170522957,16496.283674470167,-782.4017875157929,-618.6498500952046,-472.03116088922064,-485.6829724412815
19.147937331806688,28.208118623243525,28.156923244423908,28.93292073919967,28.87039042561603,35.78636072759383,26.619070496079463,20.25254797464482
32.4076346477036,40.04029872367596,69.45128197659078,61.82617516668829,45.18149952805703,67.39865485682841,67.75794823304149,60.705910104261314
779.2537743131384,563.3658460548877,291.43147254901737,659.3876843282088,501.1839919493444,415.1629428972501,409.5314005924396,245.3150288391996
1.6100800332617102,1.4007744367645685,-0.1279319477883744,2.686698494475036,0.4714522768755808,-0.5756854102712283,-0.402428762854951,1.2540732111271269
361.6169349781737,-341.33357332294327,-17.954198411762377,636.9299406862833,792.6302351776943,505.4337190903336,1480.9608403747511,283.46736216542
0.0022060401112729,0.0015129340672341,14.138548269494096,13676.238332441324,16469.33635742751,-4284.216479337689,24591.07951987168,181.952496831103
110.25670538475173,1195.505559020299,-1732.0478175695862,908.9522416159492,4548.6626056348605,2984.550562140798,3039.9403268895253,15101.823622811313
-412.01904172257287,-105.8233042269657,-1289.7646602805237,-590.1382406943208,470.2433910116843,-1510.1172990110094,11640.32111850562,841.4097084106887
32.1540280670557,13.280770873885928,40.29648549768304,27.582651285733093,27.120145138327693,27.55600165833917,26.03054626959562,29.62110710718811
77.71203457320095,62.05427489655453,16.377339872150998,20.245788222369583,64.41210082784976,38.028421003289694,79.59454425009335,65.66766366736299
476.90273051775046,571.7654018685163,518.8288588949514,326.7020224416931,664.1028447977528,568.587120168269,770.1935813701905,677.4891263019089
-0.1026271551287418,0.282496879386219,0.7452465605355977,-0.7607361579878547,2.1745679431232694,0.3789412337921538,1.3315421745260143,-0.5469493922365931
-58.16184917181168,644.2834892015081,99.17580729711628,-154.61003704719474,1328.7801476850534,1277.9965965930523,-5.732356307559797,99.95138788490289
-0.000626043149212,0.0020064995292765,-2059.36771945414,13085.366093804478,23719.09493212097,11505.570521410296,17636.179093193423,-273.6601934978878
240.669654595043,-835.1233575021404,-821.0911661325243,-90.84608184335474,221.66047618998184,-2201.493022909845,173.9660156616569,7149.451153981691
-371.82410052490985,97.02195460333336,-1037.6689827586522,4572.80038090441,31.86128298858769,9677.86846516185,10363.684104354785,1142.6787835225812
11.536392132704687,33.19053995626237,27.787986199667035,23.566692716459844,24.64506704926093,28.96061292310014,26.882927818784086,32.63111462364605
84.94430031657168,77.4950105058924,40.63283146669376,31.387846531286307,86.45892852093802,36.91609550854241,82.14374138770427,63.58126459549927
402.07617590543015,479.4905577870605,467.2413120330407,524.8231151541953,411.8205601052406,575.5226250583648,765.2465394363477,227.62265452015924
-1.123810803640821,-0.3190834967809564,3.3975393068262463,3.2865621680001853,2.528485398192446,3.620658122536424,-0.3583622097683263,2.6752694207043715
541.5321306855127,64.93759303859244,930.2614862362072,1471.7358187871555,1042.1182455263854,572.6402364920649,2348.294127969718,-661.8661651625529
5.179140458304537e-05,0.0014899625407173,19327.88562124537,21560.54070680672,-3900.03505894677,11879.236426563855,212.32897152912844,-134.11980260608004
687.2382501139027,-2724.1145753121305,1349.0488543562624,-143.83371913806866,-519.846009100716,5458.089806596734,-441.4640688627942,5108.236870646422
91.09700095535716,-101.0606798060083,-1067.1970170522957,16496.283674470167,-782.4017875157929,-618.6498500952046,-472.03116088922064,-485.6829724412815
19.147937331806688,28.208118623243525,28.156923244423908,28.93292073919967,28.87039042561603,35.78636072759383,26.619070496079463,20.25254797464482
32.4076346477036,40.04029872367596,69.45128197659078,61.82617516668829,45.18149952805703,67.39865485682841,67.75794823304149,60.705910104261314
779.2537743131384,563.3658460548877,291.43147254901737,659.3876843282088,501.1839919493444,415.1629428972501,409.5314005924396,245.3150288391996
1.6100800332617102,1.4007744367645685,-0.1279319477883744,2.686698494475036,0.4714522768755808,-0.5756854102712283,-0.402428762854951,1.2540732111271269
361.6169349781737,-341.33357332294327,-17.954198411762377,636.9299406862833,792.6302351776943,505.4337190903336,1480.9608403747511,283.46736216542
0.0022060401112729,0.0015129340672341,14.138548269494096,13676.238332441324,16469.33635742751,-4284.216479337689,24591.07951987168,181.952496831103
110.25670538475173,1195.505559020299,-1732.0478175695862,908.9522416159492,4548.6626056348605,2984.550562140798,3039.9403268895253,15101.823622811313
-412.01904172257287,-105.8233042269657,-1289.7646602805237,-590.1382406943208,470.2433910116843,-1510.1172990110094,11640.32111850562,841.4097084106887
32.1540280670557,13.280770873885928,40.29648549768304,27.582651285733093,27.120145138327693,27.55600165833917,26.03054626959562,29.62110710718811
77.71203457320095,62.05427489655453,16.377339872150998,20.245788222369583,64.41210082784976,38.028421003289694,79.59454425009335,65.66766366736299
476.90273051775046,571.7654018685163,518.8288588949514,326.7020224416931,664.1028447977528,568.587120168269,770.1935813701905,677.4891263019089
-0.1026271551287418,0.282496879386219,0.7452465605355977,-0.7607361579878547,2.1745679431232694,0.3789412337921538,1.3315421745260143,-0.5469493922365931
-58.16184917181168,644.2834892015081,99.17580729711628,-154.61003704719474,1328.7801476850534,1277.9965965930523,-5.732356307559797,99.95138788490289
-0.000626043149212,0.0020064995292765,-2059.36771945414,13085.366093804478,23719.09493212097,11505.570521410296,17636.179093193423,-273.6601934978878
240.669654595043,-835.1233575021404,-821.0911661325243,-90.84608184335474,221.66047618998184,-2201.493022909845,173.9660156616569,7149.451153981691
-371.82410052490985,97.02195460333336,-1037.6689827586522,4572.80038090441,31.86128298858769,9677.86846516185,10363.684104354785,1142.6787835225812
11.536392132704687,33.19053995626237,27.787986199667035,23.566692716459844,24.64506704926093,28.96061292310014,26.882927818784086,32.63111462364605
84.94430031657168,77.4950105058924,40.63283146669376,31.387846531286307,86.45892852093802,36.91609550854241,82.14374138770427,63.58126459549927
402.07617590543015,479.4905577870605,467.2413120330407,524.8231151541953,411.8205601052406,575.5226250583648,765.2465394363477,227.62265452015924
-1.123810803640821,-0.3190834967809564,3.3975393068262463,3.2865621680001853,2.528485398192446,3.620658122536424,-0.3583622097683263,2.6752694207043715
541.5321306855127,64.93759303859244,930.2614862362072,1471.7358187871555,1042.1182455263854,572.6402364920649,2348.294127969718,-661.8661651625529
5.179140458304537e-05,0.0014899625407173,19327.88562124537,21560.54070680672,-3900.03505894677,11879.236426563855,212.32897152912844,-134.11980260608004
687.2382501139027,-2724.1145753121305,1349.0488543562624,-143.83371913806866,-519.846009100716,5458.089806596734,-441.4640688627942,5108.236870646422
91.09700095535716,-101.0606798060083,-1067.1970170522957,16496.283674470167,-782.4017875157929,-618.6498500952046,-472.03116088922064,-485.6829724412815
19.147937331806688,28.208118623243525,28.156923244423908,28.93292073919967,28.87039042561603,35.78636072759383,26.619070496079463,20.25254797464482
32.4076346477036,40.04029872367596,69.45128197659078,61.82617516668829,45.18149952805703,67.39865485682841,67.75794823304149,60.705910104261314
779.2537743131384,563.3658460548877,291.43147254901737,659.3876843282088,501.1839919493444,415.1629428972501,409.5314005924396,245.3150288391996
1.6100800332617102,1.4007744367645685,-0.1279319477883744,2.686698494475036,0.4714522768755808,-0.5756854102712283,-0.402428762854951,1.2540732111271269
361.6169349781737,-341.33357332294327,-17.954198411762377,636.9299406862833,792.6302351776943,505.4337190903336,1480.9608403747511,283.46736216542
0.0022060401112729,0.0015129340672341,14.138548269494096,13676.238332441324,16469.33635742751,-4284.216479337689,24591.07951987168,181.952496831103
110.25670538475173,1195.505559020299,-1732.0478175695862,908.9522416159492,4548.6626056348605,2984.550562140798,3039.9403268895253,15101.823622811313
-412.01904172257287,-105.8233042269657,-1289.7646602805237,-590.1382406943208,470.2433910116843,-1510.1172990110094,11640.32111850562,841.4097084106887
32.1540280670557,13.280770873885928,40.29648549768304,27.582651285733093,27.120145138327693,27.55600165833917,26.03054626959562,29.62110710718811
77.71203457320095,62.05427489655453,16.377339872150998,20.245788222369583,64.41210082784976,38.028421003289694,79.59454425009335,65.66766366736299
476.90273051775046,571.7654018685163,518.8288588949514,326.7020224416931,664.1028447977528,568.587120168269,770.1935813701905,677.4891263019089
-0.1026271551287418,0.282496879386219,0.7452465605355977,-0.7607361579878547,2.1745679431232694,0.3789412337921538,1.3315421745260143,-0.5469493922365931
-58.16184917181168,644.2834892015081,99.17580729711628,-154.61003704719474,1328.7801476850534,1277.9965965930523,-5.732356307559797,99.95138788490289
-0.000626043149212,0.0020064995292765,-2059.36771945414,13085.366093804478,23719.09493212097,11505.570521410296,17636.179093193423,-273.6601934978878
240.669654595043,-835.1233575021404,-821.0911661325243,-90.84608184335474,221.66047618998184,-2201.493022909845,173.9660156616569,7149.451153981691
-371.82410052490985,97.02195460333336,-1037.6689827586522,4572.80038090441,31.86128298858769,9677.86846516185,10363.684104354785,1142.6787835225812
11.536392132704687,33.19053995626237,27.787986199667035,23.566692716459844,24.64506704926093,28.96061292310014,26.882927818784086,32.63111462364605
84.94430031657168,77.4950105058924,40.63283146669376,31.387846531286307,86.45892852093802,36.91609550854241,82.14374138770427,63.58126459549927
402.07617590543015,479.4905577870605,467.2413120330407,524.8231151541953,411.8205601052406,575.5226250583648,765.2465394363477,227.62265452015924
-1.123810803640821,-0.3190834967809564,3.3975393068262463,3.2865621680001853,2.528485398192446,3.620658122536424,-0.3583622097683263,2.6752694207043715
541.5321306855127,64.93759303859244,930.2614862362072,1471.7358187871555,1042.1182455263854,572.6402364920649,2348.294127969718,-661.8661651625529
5.179140458304537e-05,0.0014899625407173,19327.88562124537,21560.54070680672,-3900.03505894677,11879.236426563855,212.32897152912844,-134.11980260608004
687.2382501139027,-2724.1145753121305,1349.0488543562624,-143.83371913806866,-519.846009100716,5458.089806596734,-441.4640688627942,5108.236870646422
91.09700095535716,-101.0606798060083,-1067.1970170522957,16496.283674470167,-782.4017875157929,-618.6498500952046,-472.03116088922064,-485.6829724412815
19.147937331806688,28.208118623243525,28.156923244423908,28.93292073919967,28.87039042561603,35.78636072759383,26.619070496079463,20.25254797464482
32.4076346477036,40.04029872367596,69.45128197659078,61.82617516668829,45.18149952805703,67.39865485682841,67.75794823304149,60.705910104261314
779.2537743131384,563.3658460548877,291.43147254901737,659.3876843282088,501.1839919493444,415.1629428972501,409.5314005924396,245.3150288391996
1.6100800332617102,1.4007744367645685,-0.1279319477883744,2.686698494475036,0.4714522768755808,-0.5756854102712283,-0.402428762854951,1.2540732111271269
361.6169349781737,-341.33357332294327,-17.954198411762377,636.9299406862833,792.6302351776943,505.4337190903336,1480.9608403747511,283.46736216542
0.0022060401112729,0.0015129340672341,14.138548269494096,13676.238332441324,16469.33635742751,-4284.216479337689,24591.07951987168,181.952496831103
110.25670538475173,1195.505559020299,-1732.0478175695862,908.9522416159492,4548.6626056348605,2984.550562140798,3039.9403268895253,15101.823622811313
-412.01904172257287,-105.8233042269657,-1289.7646602805237,-590.1382406943208,470.2433910116843,-1510.1172990110094,11640.32111850562,841.4097084106887
32.1540280670557,13.280770873885928,40.29648549768304,27.582651285733093,27.120145138327693,27.55600165833917,26.03054626959562,29.62110710718811
77.71203457320095,62.05427489655453,16.377339872150998,20.245788222369583,64.41210082784976,38.028421003289694,79.59454425009335,65.66766366736299
476.90273051775046,571.7654018685163,518.8288588949514,326.7020224416931,664.1028447977528,568.587120168269,770.1935813701905,677.4891263019089
-0.1026271551287418,0.282496879386219,0.7452465605355977,-0.7607361579878547,2.1745679431232694,0.3789412337921538,1.3315421745260143,-0.5469493922365931
-58.16184917181168,644.2834892015081,99.17580729711628,-154.61003704719474,1328.7801476850534,1277.9965965930523,-5.732356307559797,99.95138788490289
-0.000626043149212,0.0020064995292765,-2059.36771945414,13085.366093804478,23719.09493212097,11505.570521410296,17636.179093193423,-273.6601934978878
240.669654595043,-835.1233575021404,-821.0911661325243,-90.84608184335474,221.66047618998184,-2201.493022909845,173.9660156616569,7149.451153981691
-371.82410052490985,97.02195460333336,-1037.6689827586522,4572.80038090441,31.86128298858769,9677.86846516185,10363.684104354785,1142.6787835225812
11.536392132704687,33.19053995626237,27.787986199667035,23.566692716459844,24.64506704926093,28.96061292310014,26.882927818784086,32.63111462364605
84.94430031657168,77.4950105058924,40.63283146669376,31.387846531286307,86.45892852093802,36.91609550854241,82.14374138770427,63.58126459549927
402.07617590543015,479.4905577870605,467.2413120330407,524.8231151541953,411.8205601052406,575.5226250583648,765.2465394363477,227.62265452015924
-1.123810803640821,-0.3190834967809564,3.3975393068262463,3.2865621680001853,2.528485398192446,3.620658122536424,-0.3583622097683263,2.6752694207043715
541.5321306855127,64.93759303859244,930.2614862362072,1471.7358187871555,1042.1182455263854,572.6402364920649,2348.294127969718,-661.8661651625529
5.179140458304537e-05,0.0014899625407173,19327.88562124537,21560.54070680672,-3900.03505894677,11879.236426563855,212.32897152912844,-134.11980260608004
687.2382501139027,-2724.1145753121305,1349.0488543562624,-143.83371913806866,-519.846009100716,5458.089806596734,-441.4640688627942,5108.236870646422
91.09700095535716,-101.0606798060083,-1067.1970170522957,16496.283674470167,-782.4017875157929,-618.6498500952046,-472.03116088922064,-485.6829724412815
19.147937331806688,28.208118623243525,28.156923244423908,28.93292073919967,28.87039042561603,35.78636072759383,26.619070496079463,20.25254797464482
32.4076346477036,40.04029872367596,69.45128197659078,61.82617516668829,45.18149952805703,67.39865485682841,67.75794823304149,60.705910104261314
779.2537743131384,563.3658460548877,291.43147254901737,659.3876843282088,501.1839919493444,415.1629428972501,409.5314005924396,245.3150288391996
1.6100800332617102,1.4007744367645685,-0.1279319477883744,2.686698494475036,0.4714522768755808,-0.5756854102712283,-0.402428762854951,1.2540732111271269
361.6169349781737,-341.33357332294327,-17.954198411762377,636.9299406862833,792.6302351776943,505.4337190903336,1480.9608403747511,283.46736216542
0.0022060401112729,0.0015129340672341,14.138548269494096,13676.238332441324,16469.33635742751,-4284.216479337689,24591.07951987168,181.952496831103
110.25670538475173,1195.505559020299,-1732.0478175695862,908.9522416159492,4548.6626056348605,2984.550562140798,3039.9403268895253,15101.823622811313
-412.01904172257287,-105.8233042269657,-1289.7646602805237,-590.1382406943208,470.2433910116843,-1510.1172990110094,11640.32111850562,841.4097084106887
32.1540280670557,13.280770873885928,40.29648549768304,27.582651285733093,27.120145138327693,27.55600165833917,26.03054626959562,29.62110710718811
77.71203457320095,62.05427489655453,16.377339872150998,20.245788222369583,64.41210082784976,38.028421003289694,79.59454425009335,65.66766366736299
476.90273051775046,571.7654018685163,518.8288588949514,326.7020224416931,664.1028447977528,568.587120168269,770.1935813701905,677.4891263019089
-0.1026271551287418,0.282496879386219,0.7452465605355977,-0.7607361579878547,2.1745679431232694,0.3789412337921538,1.3315421745260143,-0.5469493922365931
-58.16184917181168,644.2834892015081,99.17580729711628,-154.61003704719474,1328.7801476850534,1277.9965965930523,-5.732356307559797,99.95138788490289
-0.000626043149212,0.0020064995292765,-2059.36771945414,13085.366093804478,23719.09493212097,11505.570521410296,17636.179093193423,-273.6601934978878
240.669654595043,-835.1233575021404,-821.0911661325243,-90.84608184335474,221.66047618998184,-2201.493022909845,173.9660156616569,7149.451153981691
-371.82410052490985,97.02195460333336,-1037.6689827586522,4572.80038090441,31.86128298858769,9677.86846516185,10363.684104354785,1142.6787835225812
11.536392132704687,33.19053995626237,27.787986199667035,23.566692716459844,24.64506704926093,28.96061292310014,26.882927818784086,32.63111462364605
84.94430031657168,77.4950105058924,40.63283146669376,31.387846531286307,86.45892852093802,36.91609550854241,82.14374138770427,63.58126459549927
402.07617590543015,479.4905577870605,467.2413120330407,524.8231151541953,411.8205601052406,575.5226250583648,765.2465394363477,227.62265452015924
-1.123810803640821,-0.3190834967809564,3.3975393068262463,3.2865621680001853,2.528485398192446,3.620658122536424,-0.3583622097683263,2.6752694207043715
541.5321306855127,64.93759303859244,930.2614862362072,1471.7358187871555,1042.1182455263854,572.6402364920649,2348.294127969718,-661.8661651625529
5.179140458304537e-05,0.0014899625407173,19327.88562124537,21560.54070680672,-3900.03505894677,11879.236426563855,212.32897152912844,-134.11980260608004
687.2382501139027,-2724.1145753121305,1349.0488543562624,-143.83371913806866,-519.846009100716,5458.089806596734,-441.4640688627942,5108.236870646422
91.09700095535716,-101.0606798060083,-1067.1970170522957,16496.283674470167,-782.4017875157929,-618.6498500952046,-472.03116088922064,-485.6829724412815
19.147937331806688,28.208118623243525,28.156923244423908,28.93292073919967,28.87039042561603,35.78636072759383,26.619070496079463,20.25254797464482
32.4076346477036,40.04029872367596,69.45128197659078,61.82617516668829,45.18149952805703,67.39865485682841,67.75794823304149,60.705910104261314
779.2537743131384,563.3658460548877,291.43147254901737,659.3876843282088,501.1839919493444,415.1629428972501,409.5314005924396,245.3150288391996
1.6100800332617102,1.4007744367645685,-0.1279319477883744,2.686698494475036,0.4714522768755808,-0.5756854102712283,-0.402428762854951,1.2540732111271269
361.6169349781737,-341.33357332294327,-17.954198411762377,636.9299406862833,792.6302351776943,505.4337190903336,1480.9608403747511,283.46736216542
0.0022060401112729,0.0015129340672341,14.138548269494096,13676.238332441324,16469.33635742751,-4284.216479337689,24591.07951987168,181.952496831103
110.25670538475173,1195.505559020299,-1732.0478175695862,908.9522416159492,4548.6626056348605,2984.550562140798,3039.9403268895253,15101.823622811313
-412.01904172257287,-105.8233042269657,-1289.7646602805237,-590.1382406943208,470.2433910116843,-1510.1172990110094,11640.32111850562,841.4097084106887
32.1540280670557,13.280770873885928,40.29648549768304,27.582651285733093,27.120145138327693,27.55600165833917,26.03054626959562,29.62110710718811
77.71203457320095,62.05427489655453,16.377339872150998,20.245788222369583,64.41210082784976,38.028421003289694,79.59454425009335,65.66766366736299
476.90273051775046,571.7654018685163,518.8288588949514,326.7020224416931,664.1028447977528,568.587120168269,770.1935813701905,677.4891263019089
-0.1026271551287418,0.282496879386219,0.7452465605355977,-0.7607361579878547,2.1745679431232694,0.3789412337921538,1.3315421745260143,-0.5469493922365931
-58.16184917181168,644.2834892015081,99.17580729711628,-154.61003704719474,1328.7801476850534,1277.9965965930523,-5.732356307559797,99.95138788490289
-0.000626043149212,0.0020064995292765,-2059.36771945414,13085.366093804478,23719.09493212097,11505.570521410296,17636.179093193423,-273.6601934978878
240.669654595043,-835.1233575021404,-821.0911661325243,-90.84608184335474,221.66047618998184,-2201.493022909845,173.9660156616569,7149.451153981691
-371.82410052490985,97.02195460333336,-1037.6689827586522,4572.80038090441,31.86128298858769,9677.86846516185,10363.684104354785,1142.6787835225812
11.536392132704687,33.19053995626237,27.787986199667035,23.566692716459844,24.64506704926093,28.96061292310014,26.882927818784086,32.63111462364605
84.94430031657168,77.4950105058924,40.63283146669376,31.387846531286307,86.45892852093802,36.91609550854241,82.14374138770427,63.58126459549927
402.07617590543015,479.4905577870605,467.2413120330407,524.8231151541953,411.8205601052406,575.5226250583648,765.2465394363477,227.62265452015924
-1.123810803640821,-0.3190834967809564,3.3975393068262463,3.2865621680001853,2.528485398192446,3.620658122536424,-0.3583622097683263,2.6752694207043715
541.5321306855127,64.93759303859244,930.2614862362072,1471.7358187871555,1042.1182455263854,572.6402364920649,2348.294127969718,-661.8661651625529
5.179140458304537e-05,0.0014899625407173,19327.88562124537,21560.54070680672,-3900.03505894677,11879.236426563855,212.32897152912844,-134.11980260608004
687.2382501139027,-2724.1145753121305,1349.0488543562624,-143.83371913806866,-519.846009100716,5458.089806596734,-441.4640688627942,5108.236870646422
91.09700095535716,-101.0606798060083,-1067.1970170522957,16496.283674470167,-782.4017875157929,-618.6498500952046,-472.03116088922064,-485.6829724412815
19.147937331806688,28.208118623243525,28.156923244423908,28.93292073919967,28.87039042561603,35.78636072759383,26.619070496079463,20.25254797464482
32.4076346477036,40.04029872367596,69.45128197659078,61.82617516668829,45.18149952805703,67.39865485682841,67.75794823304149,60.705910104261314
779.2537743131384,563.3658460548877,291.43147254901737,659.3876843282088,501.1839919493444,415.1629428972501,409.5314005924396,245.3150288391996
1.6100800332617102,1.4007744367645685,-0.1279319477883744,2.686698494475036,0.4714522768755808,-0.5756854102712283,-0.402428762854951,1.2540732111271269
361.6169349781737,-341.33357332294327,-17.954198411762377,636.9299406862833,792.6302351776943,505.4337190903336,1480.9608403747511,283.46736216542
0.0022060401112729,0.0015129340672341,14.138548269494096,13676.238332441324,16469.33635742751,-4284.216479337689,24591.07951987168,181.952496831103
110.25670538475173,1195.505559020299,-1732.0478175695862,908.9522416159492,4548.6626056348605,2984.550562140798,3039.9403268895253,15101.823622811313
-412.01904172257287,-105.8233042269657,-1289.7646602805237,-590.1382406943208,470.2433910116843,-1510.1172990110094,11640.32111850562,841.4097084106887
32.1540280670557,13.280770873885928,40.29648549768304,27.582651285733093,27.120145138327693,27.55600165833917,26.03054626959562,29.62110710718811
77.71203457320095,62.05427489655453,16.377339872150998,20.245788222369583,64.41210082784976,38.028421003289694,79.59454425009335,65.66766366736299
476.90273051775046,571.7654018685163,518.8288588949514,326.7020224416931,664.1028447977528,568.587120168269,770.1935813701905,677.4891263019089
-0.1026271551287418,0.282496879386219,0.7452465605355977,-0.7607361579878547,2.1745679431232694,0.3789412337921538,1.3315421745260143,-0.5469493922365931
-58.16184917181168,644.2834892015081,99.17580729711628,-154.61003704719474,1328.7801476850534,1277.9965965930523,-5.732356307559797,99.95138788490289
-0.000626043149212,0.0020064995292765,-2059.36771945414,13085.366093804478,23719.09493212097,11505.570521410296,17636.179093193423,-273.6601934978878
240.669654595043,-835.1233575021404,-821.0911661325243,-90.84608184335474,221.66047618998184,-2201.493022909845,173.9660156616569,7149.451153981691
-371.82410052490985,97.02195460333336,-1037.6689827586522,4572.80038090441,31.86128298858769,9677.86846516185,10363.684104354785,1142.6787835225812
11.536392132704687,33.19053995626237,27.787986199667035,23.566692716459844,24.64506704926093,28.96061292310014,26.882927818784086,32.63111462364605
84.94430031657168,77.4950105058924,40.63283146669376,31.387846531286307,86.45892852093802,36.91609550854241,82.14374138770427,63.58126459549927
402.07617590543015,479.4905577870605,467.2413120330407,524.8231151541953,411.8205601052406,575.5226250583648,765.2465394363477,227.62265452015924
-1.123810803640821,-0.3190834967809564,3.3975393068262463,3.2865621680001853,2.528485398192446,3.620658122536424,-0.3583622097683263,2.6752694207043715
541.5321306855127,64.93759303859244,930.2614862362072,1471.7358187871555,1042.1182455263854,572.6402364920649,2348.294127969718,-661.8661651625529
5.179140458304537e-05,0.0014899625407173,19327.88562124537,21560.54070680672,-3900.03505894677,11879.236426563855,212.32897152912844,-134.11980260608004
687.2382501139027,-2724.1145753121305,1349.0488543562624,-143.83371913806866,-519.846009100716,5458.089806596734,-441.4640688627942,5108.236870646422
91.09700095535716,-101.0606798060083,-1067.1970170522957,16496.283674470167,-782.4017875157929,-618.6498500952046,-472.03116088922064,-485.6829724412815
19.147937331806688,28.208118623243525,28.156923244423908,28.93292073919967,28.87039042561603,35.78636072759383,26.619070496079463,20.25254797464482
32.4076346477036,40.04029872367596,69.45128197659078,61.82617516668829,45.18149952805703,67.39865485682841,67.75794823304149,60.705910104261314
779.2537743131384,563.3658460548877,291.43147254901737,659.3876843282088,501.1839919493444,415.1629428972501,409.5314005924396,245.3150288391996
1.6100800332617102,1.4007744367645685,-0.1279319477883744,2.686698494475036,0.4714522768755808,-0.5756854102712283,-0.402428762854951,1.2540732111271269
361.6169349781737,-341.33357332294327,-17.954198411762377,636.9299406862833,792.6302351776943,505.4337190903336,1480.9608403747511,283.46736216542
0.0022060401112729,0.0015129340672341,14.138548269494096,13676.238332441324,16469.33635742751,-4284.216479337689,24591.07951987168,181.952496831103
110.25670538475173,1195.505559020299,-1732.0478175695862,908.9522416159492,4548.6626056348605,2984.550562140798,3039.9403268895253,15101.823622811313
-412.01904172257287,-105.8233042269657,-1289.7646602805237,-590.1382406943208,470.2433910116843,-1510.1172990110094,11640.32111850562,841.4097084106887
32.1540280670557,13.280770873885928,40.29648549768304,27.582651285733093,27.120145138327693,27.55600165833917,26.03054626959562,29.62110710718811
77.71203457320095,62.05427489655453,16.377339872150998,20.245788222369583,64.41210082784976,38.028421003289694,79.59454425009335,65.66766366736299
476.90273051775046,571.7654018685163,518.8288588949514,326.7020224416931,664.1028447977528,568.587120168269,770.1935813701905,677.4891263019089
-0.1026271551287418,0.282496879386219,0.7452465605355977,-0.7607361579878547,2.1745679431232694,0.3789412337921538,1.3315421745260143,-0.5469493922365931
-58.16184917181168,644.2834892015081,99.17580729711628,-154.61003704719474,1328.7801476850534,1277.9965965930523,-5.732356307559797,99.95138788490289
-0.000626043149212,0.0020064995292765,-2059.36771945414,13085.366093804478,23719.09493212097,11505.570521410296,17636.179093193423,-273.6601934978878
240.669654595043,-835.1233575021404,-821.0911661325243,-90.84608184335474,221.66047618998184,-2201.493022909845,173.9660156616569,7149.451153981691
-371.82410052490985,97.02195460333336,-1037.6689827586522,4572.80038090441,31.86128298858769,9677.86846516185,10363.684104354785,1142.6787835225812
11.536392132704687,33.19053995626237,27.787986199667035,23.566692716459844,24.64506704926093,28.96061292310014,26.882927818784086,32.63111462364605
84.94430031657168,77.4950105058924,40.63283146669376,31.387846531286307,86.45892852093802,36.91609550854241,82.14374138770427,63.58126459549927
402.07617590543015,479.4905577870605,467.2413120330407,524.8231151541953,411.8205601052406,575.5226250583648,765.2465394363477,227.62265452015924
-1.123810803640821,-0.3190834967809564,3.3975393068262463,3.2865621680001853,2.528485398192446,3.620658122536424,-0.3583622097683263,2.6752694207043715
541.5321306855127,64.93759303859244,930.2614862362072,1471.7358187871555,1042.1182455263854,572.6402364920649,2348.294127969718,-661.8661651625529
5.179140458304537e-05,0.0014899625407173,19327.88562124537,21560.54070680672,-3900.03505894677,11879.236426563855,212.32897152912844,-134.11980260608004
687.2382501139027,-2724.1145753121305,1349.0488543562624,-143.83371913806866,-519.846009100716,5458.089806596734,-441.4640688627942,5108.236870646422
91.09700095535716,-101.0606798060083,-1067.1970170522957,16496.283674470167,-782.4017875157929,-618.6498500952046,-472.03116088922064,-485.6829724412815
19.147937331806688,28.208118623243525,28.156923244423908,28.93292073919967,28.87039042561603,35.78636072759383,26.619070496079463,20.25254797464482
32.4076346477036,40.04029872367596,69.45128197659078,61.82617516668829,45.18149952805703,67.39865485682841,67.75794823304149,60.705910104261314
779.2537743131384,563.3658460548877,291.43147254901737,659.3876843282088,501.1839919493444,415.1629428972501,409.5314005924396,245.3150288391996
1.6100800332617102,1.4007744367645685,-0.1279319477883744,2.686698494475036,0.4714522768755808,-0.5756854102712283,-0.402428762854951,1.2540732111271269
361.6169349781737,-341.33357332294327,-17.954198411762377,636.9299406862833,792.6302351776943,505.4337190903336,1480.9608403747511,283.46736216542
0.0022060401112729,0.0015129340672341,14.138548269494096,13676.238332441324,16469.33635742751,-4284.216479337689,24591.07951987168,181.952496831103
110.25670538475173,1195.505559020299,-1732.0478175695862,908.9522416159492,4548.6626056348605,2984.550562140798,3039.9403268895253,15101.823622811313
-412.01904172257287,-105.8233042269657,-1289.7646602805237,-590.1382406943208,470.2433910116843,-1510.1172990110094,11640.32111850562,841.4097084106887
32.1540280670557,13.280770873885928,40.29648549768304,27.582651285733093,27.120145138327693,27.55600165833917,26.03054626959562,29.62110710718811
77.71203457320095,62.05427489655453,16.377339872150998,20.245788222369583,64.41210082784976,38.028421003289694,79.59454425009335,65.66766366736299
476.90273051775046,571.7654018685163,518.8288588949514,326.7020224416931,664.1028447977528,568.587120168269,770.1935813701905,677.4891263019089
-0.1026271551287418,0.282496879386219,0.7452465605355977,-0.7607361579878547,2.1745679431232694,0.3789412337921538,1.3315421745260143,-0.5469493922365931
-58.16184917181168,644.2834892015081,99.17580729711628,-154.61003704719474,1328.7801476850534,1277.9965965930523,-5.732356307559797,99.95138788490289
-0.000626043149212,0.0020064995292765,-2059.36771945414,13085.366093804478,23719.09493212097,11505.570521410296,17636.179093193423,-273.6601934978878
240.669654595043,-835.1233575021404,-821.0911661325243,-90.84608184335474,221.66047618998184,-2201.493022909845,173.9660156616569,7149.451153981691
-371.82410052490985,97.02195460333336,-1037.6689827586522,4572.80038090441,31.86128298858769,9677.86846516185,10363.684104354785,1142.6787835225812
11.536392132704687,33.19053995626237,27.787986199667035,23.566692716459844,24.64506704926093,28.96061292310014,26.882927818784086,32.63111462364605
84.94430031657168,77.4950105058924,40.63283146669376,31.387846531286307,86.45892852093802,36.91609550854241,82.14374138770427,63.58126459549927
402.07617590543015,479.4905577870605,467.2413120330407,524.8231151541953,411.8205601052406,575.5226250583648,765.2465394363477,227.62265452015924
-1.123810803640821,-0.3190834967809564,3.3975393068262463,3.2865621680001853,2.528485398192446,3.620658122536424,-0.3583622097683263,2.6752694207043715
541.5321306855127,64.93759303859244,930.2614862362072,1471.7358187871555,1042.1182455263854,572.6402364920649,2348.294127969718,-661.8661651625529
5.179140458304537e-05,0.0014899625407173,19327.88562124537,21560.54070680672,-3900.03505894677,11879.236426563855,212.32897152912844,-134.11980260608004
687.2382501139027,-2724.1145753121305,1349.0488543562624,-143.83371913806866,-519.846009100716,5458.089806596734,-441.4640688627942,5108.236870646422
91.09700095535716,-101.0606798060083,-1067.1970170522957,16496.283674470167,-782.4017875157929,-618.6498500952046,-472.03116088922064,-485.6829724412815
19.147937331806688,28.208118623243525,28.156923244423908,28.93292073919967,28.87039042561603,35.78636072759383,26.619070496079463,20.25254797464482
32.4076346477036,40.04029872367596,69.45128197659078,61.82617516668829,45.18149952805703,67.39865485682841,67.75794823304149,60.705910104261314
779.2537743131384,563.3658460548877,291.43147254901737,659.3876843282088,501.1839919493444,415.1629428972501,409.5314005924396,245.3150288391996
1.6100800332617102,1.4007744367645685,-0.1279319477883744,2.686698494475036,0.4714522768755808,-0.5756854102712283,-0.402428762854951,1.2540732111271269
361.6169349781737,-341.33357332294327,-17.954198411762377,636.9299406862833,792.6302351776943,505.4337190903336,1480.9608403747511,283.46736216542
0.0022060401112729,0.0015129340672341,14.138548269494096,13676.238332441324,16469.33635742751,-4284.216479337689,24591.07951987168,181.952496831103
110.25670538475173,1195.505559020299,-1732.0478175695862,908.9522416159492,4548.6626056348605,2984.550562140798,3039.9403268895253,15101.823622811313
-412.01904172257287,-105.8233042269657,-1289.7646602805237,-590.1382406943208,470.2433910116843,-1510.1172990110094,11640.32111850562,841.4097084106887
32.1540280670557,13.280770873885928,40.29648549768304,27.582651285733093,27.120145138327693,27.55600165833917,26.03054626959562,29.62110710718811
77.71203457320095,62.05427489655453,16.377339872150998,20.245788222369583,64.41210082784976,38.028421003289694,79.59454425009335,65.66766366736299
476.90273051775046,571.7654018685163,518.8288588949514,326.7020224416931,664.1028447977528,568.587120168269,770.1935813701905,677.4891263019089
-0.1026271551287418,0.282496879386219,0.7452465605355977,-0.7607361579878547,2.1745679431232694,0.3789412337921538,1.3315421745260143,-0.5469493922365931
-58.16184917181168,644.2834892015081,99.17580729711628,-154.61003704719474,1328.7801476850534,1277.9965965930523,-5.732356307559797,99.95138788490289
-0.000626043149212,0.0020064995292765,-2059.36771945414,13085.366093804478,23719.09493212097,11505.570521410296,17636.179093193423,-273.6601934978878
240.669654595043,-835.1233575021404,-821.0911661325243,-90.84608184335474,221.66047618998184,-2201.493022909845,173.9660156616569,7149.451153981691
-371.82410052490985,97.02195460333336,-1037.6689827586522,4572.80038090441,31.86128298858769,9677.86846516185,10363.684104354785,1142.6787835225812
11.536392132704687,33.19053995626237,27.787986199667035,23.566692716459844,24.64506704926093,28.96061292310014,26.882927818784086,32.63111462364605
84.94430031657168,77.4950105058924,40.63283146669376,31.387846531286307,86.45892852093802,36.91609550854241,82.14374138770427,63.58126459549927
402.07617590543015,479.4905577870605,467.2413120330407,524.8231151541953,411.8205601052406,575.5226250583648,765.2465394363477,227.62265452015924
-1.123810803640821,-0.3190834967809564,3.3975393068262463,3.2865621680001853,2.528485398192446,3.620658122536424,-0.3583622097683263,2.6752694207043715
541.5321306855127,64.93759303859244,930.2614862362072,1471.7358187871555,1042.1182455263854,572.6402364920649,2348.294127969718,-661.8661651625529
5.179140458304537e-05,0.0014899625407173,19327.88562124537,21560.54070680672,-3900.03505894677,11879.236426563855,212.32897152912844,-134.11980260608004
687.2382501139027,-2724.1145753121305,1349.0488543562624,-143.83371913806866,-519.846009100716,5458.089806596734,-441.4640688627942,5108.236870646422
91.09700095535716,-101.0606798060083,-1067.1970170522957,16496.283674470167,-782.4017875157929,-618.6498500952046,-472.03116088922064,-485.6829724412815
19.147937331806688,28.208118623243525,28.156923244423908,28.93292073919967,28.87039042561603,35.78636072759383,26.619070496079463,20.25254797464482
32.4076346477036,40.04029872367596,69.45128197659078,61.82617516668829,45.18149952805703,67.39865485682841,67.75794823304149,60.705910104261314
779.2537743131384,563.3658460548877,291.43147254901737,659.3876843282088,501.1839919493444,415.1629428972501,409.5314005924396,245.3150288391996
1.6100800332617102,1.4007744367645685,-0.1279319477883744,2.686698494475036,0.4714522768755808,-0.5756854102712283,-0.402428762854951,1.2540732111271269
361.6169349781737,-341.33357332294327,-17.954198411762377,636.9299406862833,792.6302351776943,505.4337190903336,1480.9608403747511,283.46736216542
0.0022060401112729,0.0015129340672341,14.138548269494096,13676.238332441324,16469.33635742751,-4284.216479337689,24591.07951987168,181.952496831103
110.25670538475173,1195.505559020299,-1732.0478175695862,908.9522416159492,4548.6626056348605,2984.550562140798,3039.9403268895253,15101.823622811313
-412.01904172257287,-105.8233042269657,-1289.7646602805237,-590.1382406943208,470.2433910116843,-1510.1172990110094,11640.32111850562,841.4097084106887
32.1540280670557,13.280770873885928,40.29648549768304,27.582651285733093,27.120145138327693,27.55600165833917,26.03054626959562,29.62110710718811
77.71203457320095,62.05427489655453,16.377339872150998,20.245788222369583,64.41210082784976,38.028421003289694,79.59454425009335,65.66766366736299
476.90273051775046,571.7654018685163,518.8288588949514,326.7020224416931,664.1028447977528,568.587120168269,770.1935813701905,677.4891263019089
-0.1026271551287418,0.282496879386219,0.7452465605355977,-0.7607361579878547,2.1745679431232694,0.3789412337921538,1.3315421745260143,-0.5469493922365931
-58.16184917181168,644.2834892015081,99.17580729711628,-154.61003704719474,1328.7801476850534,1277.9965965930523,-5.732356307559797,99.95138788490289
-0.000626043149212,0.0020064995292765,-2059.36771945414,13085.366093804478,23719.09493212097,11505.570521410296,17636.179093193423,-273.6601934978878
240.669654595043,-835.1233575021404,-821.0911661325243,-90.84608184335474,221.66047618998184,-2201.493022909845,173.9660156616569,7149.451153981691
-371.82410052490985,97.02195460333336,-1037.6689827586522,4572.80038090441,31.86128298858769,9677.86846516185,10363.684104354785,1142.6787835225812
11.536392132704687,33.19053995626237,27.787986199667035,23.566692716459844,24.64506704926093,28.96061292310014,26.882927818784086,32.63111462364605
84.94430031657168,77.4950105058924,40.63283146669376,31.387846531286307,86.45892852093802,36.91609550854241,82.14374138770427,63.58126459549927
402.07617590543015,479.4905577870605,467.2413120330407,524.8231151541953,411.8205601052406,575.5226250583648,765.2465394363477,227.62265452015924
-1.123810803640821,-0.3190834967809564,3.3975393068262463,3.2865621680001853,2.528485398192446,3.620658122536424,-0.3583622097683263,2.6752694207043715
541.5321306855127,64.93759303859244,930.2614862362072,1471.7358187871555,1042.1182455263854,572.6402364920649,2348.294127969718,-661.8661651625529
5.179140458304537e-05,0.0014899625407173,19327.88562124537,21560.54070680672,-3900.03505894677,11879.236426563855,212.32897152912844,-134.11980260608004
687.2382501139027,-2724.1145753121305,1349.0488543562624,-143.83371913806866,-519.846009100716,5458.089806596734,-441.4640688627942,5108.236870646422
91.09700095535716,-101.0606798060083,-1067.1970170522957,16496.283674470167,-782.4017875157929,-618.6498500952046,-472.03116088922064,-485.6829724412815
19.147937331806688,28.208118623243525,28.156923244423908,28.93292073919967,28.87039042561603,35.78636072759383,26.619070496079463,20.25254797464482
32.4076346477036,40.04029872367596,69.45128197659078,61.82617516668829,45.18149952805703,67.39865485682841,67.75794823304149,60.705910104261314
779.2537743131384,563.3658460548877,291.43147254901737,659.3876843282088,501.1839919493444,415.1629428972501,409.5314005924396,245.3150288391996
1.6100800332617102,1.4007744367645685,-0.1279319477883744,2.686698494475036,0.4714522768755808,-0.5756854102712283,-0.402428762854951,1.2540732111271269
361.6169349781737,-341.33357332294327,-17.954198411762377,636.9299406862833,792.6302351776943,505.4337190903336,1480.9608403747511,283.46736216542
0.0022060401112729,0.0015129340672341,14.138548269494096,13676.238332441324,16469.33635742751,-4284.216479337689,24591.07951987168,181.952496831103
110.25670538475173,1195.505559020299,-1732.0478175695862,908.9522416159492,4548.6626056348605,2984.550562140798,3039.9403268895253,15101.823622811313
-412.01904172257287,-105.8233042269657,-1289.7646602805237,-590.1382406943208,470.2433910116843,-1510.1172990110094,11640.32111850562,841.4097084106887
32.1540280670557,13.280770873885928,40.29648549768304,27.582651285733093,27.120145138327693,27.55600165833917,26.03054626959562,29.62110710718811
77.71203457320095,62.05427489655453,16.377339872150998,20.245788222369583,64.41210082784976,38.028421003289694,79.59454425009335,65.66766366736299
476.90273051775046,571.7654018685163,518.8288588949514,326.7020224416931,664.1028447977528,568.587120168269,770.1935813701905,677.4891263019089
-0.1026271551287418,0.282496879386219,0.7452465605355977,-0.7607361579878547,2.1745679431232694,0.3789412337921538,1.3315421745260143,-0.5469493922365931
-58.16184917181168,644.2834892015081,99.17580729711628,-154.61003704719474,1328.7801476850534,1277.9965965930523,-5.732356307559797,99.95138788490289
-0.000626043149212,0.0020064995292765,-2059.36771945414,13085.366093804478,23719.09493212097,11505.570521410296,17636.179093193423,-273.6601934978878
240.669654595043,-835.1233575021404,-821.0911661325243,-90.84608184335474,221.66047618998184,-2201.493022909845,173.9660156616569,7149.451153981691
-371.82410052490985,97.02195460333336,-1037.6689827586522,4572.80038090441,31.86128298858769,9677.86846516185,10363.684104354785,1142.6787835225812
11.536392132704687,33.19053995626237,27.787986199667035,23.566692716459844,24.64506704926093,28.96061292310014,26.882927818784086,32.63111462364605
84.94430031657168,77.4950105058924,40.63283146669376,31.387846531286307,86.45892852093802,36.91609550854241,82.14374138770427,63.58126459549927
402.07617590543015,479.4905577870605,467.2413120330407,524.8231151541953,411.8205601052406,575.5226250583648,765.2465394363477,227.62265452015924
-1.123810803640821,-0.3190834967809564,3.3975393068262463,3.2865621680001853,2.528485398192446,3.620658122536424,-0.3583622097683263,2.6752694207043715
541.5321306855127,64.93759303859244,930.2614862362072,1471.7358187871555,1042.1182455263854,572.6402364920649,2348.294127969718,-661.8661651625529
5.179140458304537e-05,0.0014899625407173,19327.88562124537,21560.54070680672,-3900.03505894677,11879.236426563855,212.32897152912844,-134.11980260608004
687.2382501139027,-2724.1145753121305,1349.0488543562624,-143.83371913806866,-519.846009100716,5458.089806596734,-441.4640688627942,5108.236870646422
91.09700095535716,-101.0606798060083,-1067.1970170522957,16496.283674470167,-782.4017875157929,-618.6498500952046,-472.03116088922064,-485.6829724412815
19.147937331806688,28.208118623243525,28.156923244423908,28.93292073919967,28.87039042561603,35.78636072759383,26.619070496079463,20.25254797464482
32.4076346477036,40.04029872367596,69.45128197659078,61.82617516668829,45.18149952805703,67.39865485682841,67.75794823304149,60.705910104261314
779.2537743131384,563.3658460548877,291.43147254901737,659.3876843282088,501.1839919493444,415.1629428972501,409.5314005924396,245.3150288391996
1.6100800332617102,1.4007744367645685,-0.1279319477883744,2.686698494475036,0.4714522768755808,-0.5756854102712283,-0.402428762854951,1.2540732111271269
361.6169349781737,-341.33357332294327,-17.954198411762377,636.9299406862833,792.6302351776943,505.4337190903336,1480.9608403747511,283.46736216542
0.0022060401112729,0.0015129340672341,14.138548269494096,13676.238332441324,16469.33635742751,-4284.216479337689,24591.07951987168,181.952496831103
110.25670538475173,1195.505559020299,-1732.0478175695862,908.9522416159492,4548.6626056348605,2984.550562140798,3039.9403268895253,15101.823622811313
-412.01904172257287,-105.8233042269657,-1289.7646602805237,-590.1382406943208,470.2433910116843,-1510.1172990110094,11640.32111850562,841.4097084106887
32.1540280670557,13.280770873885928,40.29648549768304,27.582651285733093,27.120145138327693,27.55600165833917,26.03054626959562,29.62110710718811
77.71203457320095,62.05427489655453,16.377339872150998,20.245788222369583,64.41210082784976,38.028421003289694,79.59454425009335,65.66766366736299
476.90273051775046,571.7654018685163,518.8288588949514,326.7020224416931,664.1028447977528,568.587120168269,770.1935813701905,677.4891263019089
-0.1026271551287418,0.282496879386219,0.7452465605355977,-0.7607361579878547,2.1745679431232694,0.3789412337921538,1.3315421745260143,-0.5469493922365931
-58.16184917181168,644.2834892015081,99.17580729711628,-154.61003704719474,1328.7801476850534,1277.9965965930523,-5.732356307559797,99.95138788490289
-0.000626043149212,0.0020064995292765,-2059.36771945414,13085.366093804478,23719.09493212097,11505.570521410296,17636.179093193423,-273.6601934978878
240.669654595043,-835.1233575021404,-821.0911661325243,-90.84608184335474,221.66047618998184,-2201.493022909845,173.9660156616569,7149.451153981691
-371.82410052490985,97.02195460333336,-1037.6689827586522,4572.80038090441,31.86128298858769,9677.86846516185,10363.684104354785,1142.6787835225812
11.536392132704687,33.19053995626237,27.787986199667035,23.566692716459844,24.64506704926093,28.96061292310014,26.882927818784086,32.63111462364605
84.94430031657168,77.4950105058924,40.63283146669376,31.387846531286307,86.45892852093802,36.91609550854241,82.14374138770427,63.58126459549927
402.07617590543015,479.4905577870605,467.2413120330407,524.8231151541953,411.8205601052406,575.5226250583648,765.2465394363477,227.62265452015924
-1.123810803640821,-0.3190834967809564,3.3975393068262463,3.2865621680001853,2.528485398192446,3.620658122536424,-0.3583622097683263,2.6752694207043715
541.5321306855127,64.93759303859244,930.2614862362072,1471.7358187871555,1042.1182455263854,572.6402364920649,2348.294127969718,-661.8661651625529
5.179140458304537e-05,0.0014899625407173,19327.88562124537,21560.54070680672,-3900.03505894677,11879.236426563855,212.32897152912844,-134.11980260608004
687.2382501139027,-2724.1145753121305,1349.0488543562624,-143.83371913806866,-519.846009100716,5458.089806596734,-441.4640688627942,5108.236870646422
91.09700095535716,-101.0606798060083,-1067.1970170522957,16496.283674470167,-782.4017875157929,-618.6498500952046,-472.03116088922064,-485.6829724412815
19.147937331806688,28.208118623243525,28.156923244423908,28.93292073919967,28.87039042561603,35.78636072759383,26.619070496079463,20.25254797464482
32.4076346477036,40.04029872367596,69.45128197659078,61.82617516668829,45.18149952805703,67.39865485682841,67.75794823304149,60.705910104261314
779.2537743131384,563.3658460548877,291.43147254901737,659.3876843282088,501.1839919493444,415.1629428972501,409.5314005924396,245.3150288391996
1.6100800332617102,1.4007744367645685,-0.1279319477883744,2.686698494475036,0.4714522768755808,-0.5756854102712283,-0.402428762854951,1.2540732111271269
361.6169349781737,-341.33357332294327,-17.954198411762377,636.9299406862833,792.6302351776943,505.4337190903336,1480.9608403747511,283.46736216542
0.0022060401112729,0.0015129340672341,14.138548269494096,13676.238332441324,16469.33635742751,-4284.216479337689,24591.07951987168,181.952496831103
110.25670538475173,1195.505559020299,-1732.0478175695862,908.9522416159492,4548.6626056348605,2984.550562140798,3039.9403268895253,15101.823622811313
-412.01904172257287,-105.8233042269657,-1289.7646602805237,-590.1382406943208,470.2433910116843,-1510.1172990110094,11640.32111850562,841.4097084106887
32.1540280670557,13.280770873885928,40.29648549768304,27.582651285733093,27.120145138327693,27.55600165833917,26.03054626959562,29.62110710718811
77.71203457320095,62.05427489655453,16.377339872150998,20.245788222369583,64.41210082784976,38.028421003289694,79.59454425009335,65.66766366736299
476.90273051775046,571.7654018685163,518.8288588949514,326.7020224416931,664.1028447977528,568.587120168269,770.1935813701905,677.4891263019089
-0.1026271551287418,0.282496879386219,0.7452465605355977,-0.7607361579878547,2.1745679431232694,0.3789412337921538,1.3315421745260143,-0.5469493922365931
-58.16184917181168,644.2834892015081,99.17580729711628,-154.61003704719474,1328.7801476850534,1277.9965965930523,-5.732356307559797,99.95138788490289
-0.000626043149212,0.0020064995292765,-2059.36771945414,13085.366093804478,23719.09493212097,11505.570521410296,17636.179093193423,-273.6601934978878
240.669654595043,-835.1233575021404,-821.0911661325243,-90.84608184335474,221.66047618998184,-2201.493022909845,173.9660156616569,7149.451153981691
-371.82410052490985,97.02195460333336,-1037.6689827586522,4572.80038090441,31.86128298858769,9677.86846516185,10363.684104354785,1142.6787835225812
11.536392132704687,33.19053995626237,27.787986199667035,23.566692716459844,24.64506704926093,28.96061292310014,26.882927818784086,32.63111462364605
84.94430031657168,77.4950105058924,40.63283146669376,31.387846531286307,86.45892852093802,36.91609550854241,82.14374138770427,63.58126459549927
402.07617590543015,479.4905577870605,467.2413120330407,524.8231151541953,411.8205601052406,575.5226250583648,765.2465394363477,227.62265452015924
-1.123810803640821,-0.3190834967809564,3.3975393068262463,3.2865621680001853,2.528485398192446,3.620658122536424,-0.3583622097683263,2.6752694207043715
541.5321306855127,64.93759303859244,930.2614862362072,1471.7358187871555,1042.1182455263854,572.6402364920649,2348.294127969718,-661.8661651625529
5.179140458304537e-05,0.0014899625407173,19327.88562124537,21560.54070680672,-3900.03505894677,11879.236426563855,212.32897152912844,-134.11980260608004
687.2382501139027,-2724.1145753121305,1349.0488543562624,-143.83371913806866,-519.846009100716,5458.089806596734,-441.4640688627942,5108.236870646422
91.09700095535716,-101.0606798060083,-1067.1970170522957,16496.283674470167,-782.4017875157929,-618.6498500952046,-472.03116088922064,-485.6829724412815
19.147937331806688,28.208118623243525,28.156923244423908,28.93292073919967,28.87039042561603,35.78636072759383,26.619070496079463,20.25254797464482
32.4076346477036,40.04029872367596,69.45128197659078,61.82617516668829,45.18149952805703,67.39865485682841,67.75794823304149,60.705910104261314
779.2537743131384,563.3658460548877,291.43147254901737,659.3876843282088,501.1839919493444,415.1629428972501,409.5314005924396,245.3150288391996
1.6100800332617102,1.4007744367645685,-0.1279319477883744,2.686698494475036,0.4714522768755808,-0.5756854102712283,-0.402428762854951,1.2540732111271269
361.6169349781737,-341.33357332294327,-17.954198411762377,636.9299406862833,792.6302351776943,505.4337190903336,1480.9608403747511,283.46736216542
0.0022060401112729,0.0015129340672341,14.138548269494096,13676.238332441324,16469.33635742751,-4284.216479337689,24591.07951987168,181.952496831103
110.25670538475173,1195.505559020299,-1732.0478175695862,908.9522416159492,4548.6626056348605,2984.550562140798,3039.9403268895253,15101.823622811313
-412.01904172257287,-105.8233042269657,-1289.7646602805237,-590.1382406943208,470.2433910116843,-1510.1172990110094,11640.32111850562,841.4097084106887
32.1540280670557,13.280770873885928,40.29648549768304,27.582651285733093,27.120145138327693,27.55600165833917,26.03054626959562,29.62110710718811
77.71203457320095,62.05427489655453,16.377339872150998,20.245788222369583,64.41210082784976,38.028421003289694,79.59454425009335,65.66766366736299
476.90273051775046,571.7654018685163,518.8288588949514,326.7020224416931,664.1028447977528,568.587120168269,770.1935813701905,677.4891263019089
-0.1026271551287418,0.282496879386219,0.7452465605355977,-0.7607361579878547,2.1745679431232694,0.3789412337921538,1.3315421745260143,-0.5469493922365931
-58.16184917181168,644.2834892015081,99.17580729711628,-154.61003704719474,1328.7801476850534,1277.9965965930523,-5.732356307559797,99.95138788490289
-0.000626043149212,0.0020064995292765,-2059.36771945414,13085.366093804478,23719.09493212097,11505.570521410296,17636.179093193423,-273.6601934978878
240.669654595043,-835.1233575021404,-821.0911661325243,-90.84608184335474,221.66047618998184,-2201.493022909845,173.9660156616569,7149.451153981691
-371.82410052490985,97.02195460333336,-1037.6689827586522,4572.80038090441,31.86128298858769,9677.86846516185,10363.684104354785,1142.6787835225812
11.536392132704687,33.19053995626237,27.787986199667035,23.566692716459844,24.64506704926093,28.96061292310014,26.882927818784086,32.63111462364605
84.94430031657168,77.4950105058924,40.63283146669376,31.387846531286307,86.45892852093802,36.91609550854241,82.14374138770427,63.58126459549927
402.07617590543015,479.4905577870605,467.2413120330407,524.8231151541953,411.8205601052406,575.5226250583648,765.2465394363477,227.62265452015924
-1.123810803640821,-0.3190834967809564,3.3975393068262463,3.2865621680001853,2.528485398192446,3.620658122536424,-0.3583622097683263,2.6752694207043715
541.5321306855127,64.93759303859244,930.2614862362072,1471.7358187871555,1042.1182455263854,572.6402364920649,2348.294127969718,-661.8661651625529
5.179140458304537e-05,0.0014899625407173,19327.88562124537,21560.54070680672,-3900.03505894677,11879.236426563855,212.32897152912844,-134.11980260608004
687.2382501139027,-2724.1145753121305,1349.0488543562624,-143.83371913806866,-519.846009100716,5458.089806596734,-441.4640688627942,5108.236870646422
91.09700095535716,-101.0606798060083,-1067.1970170522957,16496.283674470167,-782.4017875157929,-618.6498500952046,-472.03116088922064,-485.6829724412815
19.147937331806688,28.208118623243525,28.156923244423908,28.93292073919967,28.87039042561603,35.78636072759383,26.619070496079463,20.25254797464482
32.4076346477036,40.04029872367596,69.45128197659078,61.82617516668829,45.18149952805703,67.39865485682841,67.75794823304149,60.705910104261314
779.2537743131384,563.3658460548877,291.43147254901737,659.3876843282088,501.1839919493444,415.1629428972501,409.5314005924396,245.3150288391996
1.6100800332617102,1.4007744367645685,-0.1279319477883744,2.686698494475036,0.4714522768755808,-0.5756854102712283,-0.402428762854951,1.2540732111271269
361.6169349781737,-341.33357332294327,-17.954198411762377,636.9299406862833,792.6302351776943,505.4337190903336,1480.9608403747511,283.46736216542
0.0022060401112729,0.0015129340672341,14.138548269494096,13676.238332441324,16469.33635742751,-4284.216479337689,24591.07951987168,181.952496831103
110.25670538475173,1195.505559020299,-1732.0478175695862,908.9522416159492,4548.6626056348605,2984.550562140798,3039.9403268895253,15101.823622811313
-412.01904172257287,-105.8233042269657,-1289.7646602805237,-590.1382406943208,470.2433910116843,-1510.1172990110094,11640.32111850562,841.4097084106887
32.1540280670557,13.280770873885928,40.29648549768304,27.582651285733093,27.120145138327693,27.55600165833917,26.03054626959562,29.62110710718811
77.71203457320095,62.05427489655453,16.377339872150998,20.245788222369583,64.41210082784976,38.028421003289694,79.59454425009335,65.66766366736299
476.90273051775046,571.7654018685163,518.8288588949514,326.7020224416931,664.1028447977528,568.587120168269,770.1935813701905,677.4891263019089
-0.1026271551287418,0.282496879386219,0.7452465605355977,-0.7607361579878547,2.1745679431232694,0.3789412337921538,1.3315421745260143,-0.5469493922365931
-58.16184917181168,644.2834892015081,99.17580729711628,-154.61003704719474,1328.7801476850534,1277.9965965930523,-5.732356307559797,99.95138788490289
-0.000626043149212,0.0020064995292765,-2059.36771945414,13085.366093804478,23719.09493212097,11505.570521410296,17636.179093193423,-273.6601934978878
240.669654595043,-835.1233575021404,-821.0911661325243,-90.84608184335474,221.66047618998184,-2201.493022909845,173.9660156616569,7149.451153981691
-371.82410052490985,97.02195460333336,-1037.6689827586522,4572.80038090441,31.86128298858769,9677.86846516185,10363.684104354785,1142.6787835225812
11.536392132704687,33.19053995626237,27.787986199667035,23.566692716459844,24.64506704926093,28.96061292310014,26.882927818784086,32.63111462364605
84.94430031657168,77.4950105058924,40.63283146669376,31.387846531286307,86.45892852093802,36.91609550854241,82.14374138770427,63.58126459549927
402.07617590543015,479.4905577870605,467.2413120330407,524.8231151541953,411.8205601052406,575.5226250583648,765.2465394363477,227.62265452015924
-1.123810803640821,-0.3190834967809564,3.3975393068262463,3.2865621680001853,2.528485398192446,3.620658122536424,-0.3583622097683263,2.6752694207043715
541.5321306855127,64.93759303859244,930.2614862362072,1471.7358187871555,1042.1182455263854,572.6402364920649,2348.294127969718,-661.8661651625529
5.179140458304537e-05,0.0014899625407173,19327.88562124537,21560.54070680672,-3900.03505894677,11879.236426563855,212.32897152912844,-134.11980260608004
687.2382501139027,-2724.1145753121305,1349.0488543562624,-143.83371913806866,-519.846009100716,5458.089806596734,-441.4640688627942,5108.236870646422
91.09700095535716,-101.0606798060083,-1067.1970170522957,16496.283674470167,-782.4017875157929,-618.6498500952046,-472.03116088922064,-485.6829724412815
19.147937331806688,28.208118623243525,28.156923244423908,28.93292073919967,28.87039042561603,35.78636072759383,26.619070496079463,20.25254797464482
32.4076346477036,40.04029872367596,69.45128197659078,61.82617516668829,45.18149952805703,67.39865485682841,67.75794823304149,60.705910104261314
779.2537743131384,563.3658460548877,291.43147254901737,659.3876843282088,501.1839919493444,415.1629428972501,409.5314005924396,245.3150288391996
1.6100800332617102,1.4007744367645685,-0.1279319477883744,2.686698494475036,0.4714522768755808,-0.5756854102712283,-0.402428762854951,1.2540732111271269
361.6169349781737,-341.33357332294327,-17.954198411762377,636.9299406862833,792.6302351776943,505.4337190903336,1480.9608403747511,283.46736216542
0.0022060401112729,0.0015129340672341,14.138548269494096,13676.238332441324,16469.33635742751,-4284.216479337689,24591.07951987168,181.952496831103
110.25670538475173,1195.505559020299,-1732.0478175695862,908.9522416159492,4548.6626056348605,2984.550562140798,3039.9403268895253,15101.823622811313
-412.01904172257287,-105.8233042269657,-1289.7646602805237,-590.1382406943208,470.2433910116843,-1510.1172990110094,11640.32111850562,841.4097084106887
32.1540280670557,13.280770873885928,40.29648549768304,27.582651285733093,27.120145138327693,27.55600165833917,26.03054626959562,29.62110710718811
77.71203457320095,62.05427489655453,16.377339872150998,20.245788222369583,64.41210082784976,38.028421003289694,79.59454425009335,65.66766366736299
476.90273051775046,571.7654018685163,518.8288588949514,326.7020224416931,664.1028447977528,568.587120168269,770.1935813701905,677.4891263019089
-0.1026271551287418,0.282496879386219,0.7452465605355977,-0.7607361579878547,2.1745679431232694,0.3789412337921538,1.3315421745260143,-0.5469493922365931
-58.16184917181168,644.2834892015081,99.17580729711628,-154.61003704719474,1328.7801476850534,1277.9965965930523,-5.732356307559797,99.95138788490289
-0.000626043149212,0.0020064995292765,-2059.36771945414,13085.366093804478,23719.09493212097,11505.570521410296,17636.179093193423,-273.6601934978878
240.669654595043,-835.1233575021404,-821.0911661325243,-90.84608184335474,221.66047618998184,-2201.493022909845,173.9660156616569,7149.451153981691
-371.82410052490985,97.02195460333336,-1037.6689827586522,4572.80038090441,31.86128298858769,9677.86846516185,10363.684104354785,1142.6787835225812
11.536392132704687,33.19053995626237,27.787986199667035,23.566692716459844,24.64506704926093,28.96061292310014,26.882927818784086,32.63111462364605
84.94430031657168,77.4950105058924,40.63283146669376,31.387846531286307,86.45892852093802,36.91609550854241,82.14374138770427,63.58126459549927
402.07617590543015,479.4905577870605,467.2413120330407,524.8231151541953,411.8205601052406,575.5226250583648,765.2465394363477,227.62265452015924
-1.123810803640821,-0.3190834967809564,3.3975393068262463,3.2865621680001853,2.528485398192446,3.620658122536424,-0.3583622097683263,2.6752694207043715
541.5321306855127,64.93759303859244,930.2614862362072,1471.7358187871555,1042.1182455263854,572.6402364920649,2348.294127969718,-661.8661651625529
5.179140458304537e-05,0.0014899625407173,19327.88562124537,21560.54070680672,-3900.03505894677,11879.236426563855,212.32897152912844,-134.11980260608004
687.2382501139027,-2724.1145753121305,1349.0488543562624,-143.83371913806866,-519.846009100716,5458.089806596734,-441.4640688627942,5108.236870646422
91.09700095535716,-101.0606798060083,-1067.1970170522957,16496.283674470167,-782.4017875157929,-618.6498500952046,-472.03116088922064,-485.6829724412815
19.147937331806688,28.208118623243525,28.156923244423908,28.93292073919967,28.87039042561603,35.78636072759383,26.619070496079463,20.25254797464482
32.4076346477036,40.04029872367596,69.45128197659078,61.82617516668829,45.18149952805703,67.39865485682841,67.75794823304149,60.705910104261314
779.2537743131384,563.3658460548877,291.43147254901737,659.3876843282088,501.1839919493444,415.1629428972501,409.5314005924396,245.3150288391996
1.6100800332617102,1.4007744367645685,-0.1279319477883744,2.686698494475036,0.4714522768755808,-0.5756854102712283,-0.402428762854951,1.2540732111271269
361.6169349781737,-341.33357332294327,-17.954198411762377,636.9299406862833,792.6302351776943,505.4337190903336,1480.9608403747511,283.46736216542
0.0022060401112729,0.0015129340672341,14.138548269494096,13676.238332441324,16469.33635742751,-4284.216479337689,24591.07951987168,181.952496831103
110.25670538475173,1195.505559020299,-1732.0478175695862,908.9522416159492,4548.6626056348605,2984.550562140798,3039.9403268895253,15101.823622811313
-412.01904172257287,-105.8233042269657,-1289.7646602805237,-590.1382406943208,470.2433910116843,-1510.1172990110094,11640.32111850562,841.4097084106887
32.1540280670557,13.280770873885928,40.29648549768304,27.582651285733093,27.120145138327693,27.55600165833917,26.03054626959562,29.62110710718811
77.71203457320095,62.05427489655453,16.377339872150998,20.245788222369583,64.41210082784976,38.028421003289694,79.59454425009335,65.66766366736299
476.90273051775046,571.7654018685163,518.8288588949514,326.7020224416931,664.1028447977528,568.587120168269,770.1935813701905,677.4891263019089
-0.1026271551287418,0.282496879386219,0.7452465605355977,-0.7607361579878547,2.1745679431232694,0.3789412337921538,1.3315421745260143,-0.5469493922365931
-58.16184917181168,644.2834892015081,99.17580729711628,-154.61003704719474,1328.7801476850534,1277.9965965930523,-5.732356307559797,99.95138788490289
-0.000626043149212,0.0020064995292765,-2059.36771945414,13085.366093804478,23719.09493212097,11505.570521410296,17636.179093193423,-273.6601934978878
240.669654595043,-835.1233575021404,-821.0911661325243,-90.84608184335474,221.66047618998184,-2201.493022909845,173.9660156616569,7149.451153981691
-371.82410052490985,97.02195460333336,-1037.6689827586522,4572.80038090441,31.86128298858769,9677.86846516185,10363.684104354785,1142.6787835225812
11.536392132704687,33.19053995626237,27.787986199667035,23.566692716459844,24.64506704926093,28.96061292310014,26.882927818784086,32.63111462364605
84.94430031657168,77.4950105058924,40.63283146669376,31.387846531286307,86.45892852093802,36.91609550854241,82.14374138770427,63.58126459549927
402.07617590543015,479.4905577870605,467.2413120330407,524.8231151541953,411.8205601052406,575.5226250583648,765.2465394363477,227.62265452015924
-1.123810803640821,-0.3190834967809564,3.3975393068262463,3.2865621680001853,2.528485398192446,3.620658122536424,-0.3583622097683263,2.6752694207043715
541.5321306855127,64.93759303859244,930.2614862362072,1471.7358187871555,1042.1182455263854,572.6402364920649,2348.294127969718,-661.8661651625529
5.179140458304537e-05,0.0014899625407173,19327.88562124537,21560.54070680672,-3900.03505894677,11879.236426563855,212.32897152912844,-134.11980260608004
687.2382501139027,-2724.1145753121305,1349.0488543562624,-143.83371913806866,-519.846009100716,5458.089806596734,-441.4640688627942,5108.236870646422
91.09700095535716,-101.0606798060083,-1067.1970170522957,16496.283674470167,-782.4017875157929,-618.6498500952046,-472.03116088922064,-485.6829724412815
19.147937331806688,28.208118623243525,28.156923244423908,28.93292073919967,28.87039042561603,35.78636072759383,26.619070496079463,20.25254797464482
32.4076346477036,40.04029872367596,69.45128197659078,61.82617516668829,45.18149952805703,67.39865485682841,67.75794823304149,60.705910104261314
779.2537743131384,563.3658460548877,291.43147254901737,659.3876843282088,501.1839919493444,415.1629428972501,409.5314005924396,245.3150288391996
1.6100800332617102,1.4007744367645685,-0.1279319477883744,2.686698494475036,0.4714522768755808,-0.5756854102712283,-0.402428762854951,1.2540732111271269
361.6169349781737,-341.33357332294327,-17.954198411762377,636.9299406862833,792.6302351776943,505.4337190903336,1480.9608403747511,283.46736216542
0.0022060401112729,0.0015129340672341,14.138548269494096,13676.238332441324,16469.33635742751,-4284.216479337689,24591.07951987168,181.952496831103
110.25670538475173,1195.505559020299,-1732.0478175695862,908.9522416159492,4548.6626056348605,2984.550562140798,3039.9403268895253,15101.823622811313
-412.01904172257287,-105.8233042269657,-1289.7646602805237,-590.1382406943208,470.2433910116843,-1510.1172990110094,11640.32111850562,841.4097084106887
32.1540280670557,13.280770873885928,40.29648549768304,27.582651285733093,27.120145138327693,27.55600165833917,26.03054626959562,29.62110710718811
77.71203457320095,62.05427489655453,16.377339872150998,20.245788222369583,64.41210082784976,38.028421003289694,79.59454425009335,65.66766366736299
476.90273051775046,571.7654018685163,518.8288588949514,326.7020224416931,664.1028447977528,568.587120168269,770.1935813701905,677.4891263019089
-0.1026271551287418,0.282496879386219,0.7452465605355977,-0.7607361579878547,2.1745679431232694,0.3789412337921538,1.3315421745260143,-0.5469493922365931
-58.16184917181168,644.2834892015081,99.17580729711628,-154.61003704719474,1328.7801476850534,1277.9965965930523,-5.732356307559797,99.95138788490289
-0.000626043149212,0.0020064995292765,-2059.36771945414,13085.366093804478,23719.09493212097,11505.570521410296,17636.179093193423,-273.6601934978878
240.669654595043,-835.1233575021404,-821.0911661325243,-90.84608184335474,221.66047618998184,-2201.493022909845,173.9660156616569,7149.451153981691
-371.82410052490985,97.02195460333336,-1037.6689827586522,4572.80038090441,31.86128298858769,9677.86846516185,10363.684104354785,1142.6787835225812
11.536392132704687,33.19053995626237,27.787986199667035,23.566692716459844,24.64506704926093,28.96061292310014,26.882927818784086,32.63111462364605
84.94430031657168,77.4950105058924,40.63283146669376,31.387846531286307,86.45892852093802,36.91609550854241,82.14374138770427,63.58126459549927
402.07617590543015,479.4905577870605,467.2413120330407,524.8231151541953,411.8205601052406,575.5226250583648,765.2465394363477,227.62265452015924
-1.123810803640821,-0.3190834967809564,3.3975393068262463,3.2865621680001853,2.528485398192446,3.620658122536424,-0.3583622097683263,2.6752694207043715
541.5321306855127,64.93759303859244,930.2614862362072,1471.7358187871555,1042.1182455263854,572.6402364920649,2348.294127969718,-661.8661651625529
5.179140458304537e-05,0.0014899625407173,19327.88562124537,21560.54070680672,-3900.03505894677,11879.236426563855,212.32897152912844,-134.11980260608004
687.2382501139027,-2724.1145753121305,1349.0488543562624,-143.83371913806866,-519.846009100716,5458.089806596734,-441.4640688627942,5108.236870646422
91.09700095535716,-101.0606798060083,-1067.1970170522957,16496.283674470167,-782.4017875157929,-618.6498500952046,-472.03116088922064,-485.6829724412815
