내부온도관측치,내부습도관측치,co2관측치,ec관측치,시간당분무량,시간당백색광량,시간당적색광량,시간당청색광량
15.932284831751373,32.14284316972595,43.24235270949488,28.8471063200117,26.984747986799192,35.98731702314784,32.87122688920944,20.27885179319452
65.22261465332372,65.69349750242482,86.40149989920903,74.71523023559624,29.27906254001237,15.881551883247994,46.67977082290714,45.803273579096704
520.8613217292511,594.3398368502131,474.5699479287968,562.7591950921645,496.0436255536894,237.64937934608253,208.81087406883967,632.6463880384661
-0.1314600746815262,0.3079600437061864,1.3882122501580705,0.409953716165388,1.1888201045867886,1.8804915271635512,-0.4413149303492047,-0.8999348063137351
46.44426232440784,446.1871334926916,-8.311973061388017,9.620370476010637,359.9506147420738,25.53387235129719,603.5617052728558,332.2120295319125
4.0357122564263866e-05,0.0019939252218545,-4947.521485813477,20685.82727380888,20273.111196955462,14008.279909176286,-513.7355355336133,631.9585942684905
-27.56619537478004,-1.0697864768417915,664.1513632372934,29.83649417218481,2303.829375916977,717.4778686827389,-1247.2290344066014,2023.7802727681144
-287.1495432702099,-30.720102561179903,-168.9701244508624,-1581.6075651065655,159.2171337216755,320.0587745340103,3153.463872755404,1318.7104715939345
33.24595821955371,16.44539113718986,38.96290792970724,29.65440760069103,25.089260202677,20.9643603003678,29.35840426603845,31.0598281374546
63.86302472312339,74.8823370178942,36.871751964995646,22.108981859485617,75.23591450038285,63.42700673741135,82.44722685933195,55.1594794192664
555.4247955372423,621.012962272704,581.4103353066872,753.8220628304479,552.8127180485708,357.5407023317214,550.4244132910184,533.1352947678336
2.476133761436884,-1.6790725349729574,-0.2575264801812242,-0.0148132481647316,3.0619203752589312,0.4412677223385869,0.0414548226006006,3.5395480931173093
-162.8899326216162,-12.543790227432028,-378.7499778022409,385.7668763392985,1128.3207068507068,-147.53737768139283,100.02327249730538,644.5028587915316
-0.0007690330243882,-0.0014722334325843,13206.4223428091,17947.73509893824,12790.956051044272,15580.151683746712,1321.000844073572,-314.74640211970217
-277.86336339239966,906.1000601404064,-264.6349447368457,1832.921968107752,-1065.7103783499829,732.5618085868288,-51.89470670226768,-232.30790624854905
212.81274652878008,-306.97197408830243,-543.7027588773244,2205.1845854210424,-137.65344807544918,9885.780889793796,1168.008857417197,-409.8056567883421
16.93218781797978,32.5707967225604,27.33415466715467,25.396324868495626,44.716906147414285,23.41656031415818,18.40801312812772,22.37953058864639
33.058786113924285,53.20496284580578,32.188817052302234,29.3689475206432,79.95730616469584,40.13179027111048,77.51240196180174,47.645609210842906
561.9928470471696,469.0276335032502,469.7456758538239,506.6858852245973,463.7737460053525,491.8493151509626,479.853866815563,294.5635165362163
-0.3004261224648163,-0.5134681011630431,0.8728293509009282,-1.0576089324794489,-0.2221912611364769,2.3148708629717203,1.6642928342012555,1.2031590110931654
1918.8000305648504,86.60984847292588,578.7491059292096,383.8486102800072,768.0557073711868,-276.80568844257016,1572.083196647657,-215.0238383089864
0.0005267353694191,0.002173812035312,21171.59376883081,22201.93722008177,17064.661513474864,13095.533259388523,2592.6258668496403,-217.7684100925238
-583.0554198776608,-2185.2596825063165,9248.63897024643,12987.80934931483,2299.680794297172,12171.830610587484,336.10255076115146,12178.358758272212
-129.77791983054874,239.74189351247696,3539.320595537908,3457.545701275346,-517.652955206068,3064.2201768448926,-767.3817557328703,550.4808364091989
15.932284831751373,32.14284316972595,43.24235270949488,28.8471063200117,26.984747986799192,35.98731702314784,32.87122688920944,20.27885179319452
65.22261465332372,65.69349750242482,86.40149989920903,74.71523023559624,29.27906254001237,15.881551883247994,46.67977082290714,45.803273579096704
520.8613217292511,594.3398368502131,474.5699479287968,562.7591950921645,496.0436255536894,237.64937934608253,208.81087406883967,632.6463880384661
-0.1314600746815262,0.3079600437061864,1.3882122501580705,0.409953716165388,1.1888201045867886,1.8804915271635512,-0.4413149303492047,-0.8999348063137351
46.44426232440784,446.1871334926916,-8.311973061388017,9.620370476010637,359.9506147420738,25.53387235129719,603.5617052728558,332.2120295319125
4.0357122564263866e-05,0.0019939252218545,-4947.521485813477,20685.82727380888,20273.111196955462,14008.279909176286,-513.7355355336133,631.9585942684905
-27.56619537478004,-1.0697864768417915,664.1513632372934,29.83649417218481,2303.829375916977,717.4778686827389,-1247.2290344066014,2023.7802727681144
-287.1495432702099,-30.720102561179903,-168.9701244508624,-1581.6075651065655,159.2171337216755,320.0587745340103,3153.463872755404,1318.7104715939345
33.24595821955371,16.44539113718986,38.96290792970724,29.65440760069103,25.089260202677,20.9643603003678,29.35840426603845,31.0598281374546
63.86302472312339,74.8823370178942,36.871751964995646,22.108981859485617,75.23591450038285,63.42700673741135,82.44722685933195,55.1594794192664
555.4247955372423,621.012962272704,581.4103353066872,753.8220628304479,552.8127180485708,357.5407023317214,550.4244132910184,533.1352947678336
2.476133761436884,-1.6790725349729574,-0.2575264801812242,-0.0148132481647316,3.0619203752589312,0.4412677223385869,0.0414548226006006,3.5395480931173093
-162.8899326216162,-12.543790227432028,-378.7499778022409,385.7668763392985,1128.3207068507068,-147.53737768139283,100.02327249730538,644.5028587915316
-0.0007690330243882,-0.0014722334325843,13206.4223428091,17947.73509893824,12790.956051044272,15580.151683746712,1321.000844073572,-314.74640211970217
-277.86336339239966,906.1000601404064,-264.6349447368457,1832.921968107752,-1065.7103783499829,732.5618085868288,-51.89470670226768,-232.30790624854905
212.81274652878008,-306.97197408830243,-543.7027588773244,2205.1845854210424,-137.65344807544918,9885.780889793796,1168.008857417197,-409.8056567883421
16.93218781797978,32.5707967225604,27.33415466715467,25.396324868495626,44.716906147414285,23.41656031415818,18.40801312812772,22.37953058864639
33.058786113924285,53.20496284580578,32.188817052302234,29.3689475206432,79.95730616469584,40.13179027111048,77.51240196180174,47.645609210842906
561.9928470471696,469.0276335032502,469.7456758538239,506.6858852245973,463.7737460053525,491.8493151509626,479.853866815563,294.5635165362163
-0.3004261224648163,-0.5134681011630431,0.8728293509009282,-1.0576089324794489,-0.2221912611364769,2.3148708629717203,1.6642928342012555,1.2031590110931654
1918.8000305648504,86.60984847292588,578.7491059292096,383.8486102800072,768.0557073711868,-276.80568844257016,1572.083196647657,-215.0238383089864
0.0005267353694191,0.002173812035312,21171.59376883081,22201.93722008177,17064.661513474864,13095.533259388523,2592.6258668496403,-217.7684100925238
-583.0554198776608,-2185.2596825063165,9248.63897024643,12987.80934931483,2299.680794297172,12171.830610587484,336.10255076115146,12178.358758272212
-129.77791983054874,239.74189351247696,3539.320595537908,3457.545701275346,-517.652955206068,3064.2201768448926,-767.3817557328703,550.4808364091989
15.932284831751373,32.14284316972595,43.24235270949488,28.8471063200117,26.984747986799192,35.98731702314784,32.87122688920944,20.27885179319452
65.22261465332372,65.69349750242482,86.40149989920903,74.71523023559624,29.27906254001237,15.881551883247994,46.67977082290714,45.803273579096704
520.8613217292511,594.3398368502131,474.5699479287968,562.7591950921645,496.0436255536894,237.64937934608253,208.81087406883967,632.6463880384661
-0.1314600746815262,0.3079600437061864,1.3882122501580705,0.409953716165388,1.1888201045867886,1.8804915271635512,-0.4413149303492047,-0.8999348063137351
46.44426232440784,446.1871334926916,-8.311973061388017,9.620370476010637,359.9506147420738,25.53387235129719,603.5617052728558,332.2120295319125
4.0357122564263866e-05,0.0019939252218545,-4947.521485813477,20685.82727380888,20273.111196955462,14008.279909176286,-513.7355355336133,631.9585942684905
-27.56619537478004,-1.0697864768417915,664.1513632372934,29.83649417218481,2303.829375916977,717.4778686827389,-1247.2290344066014,2023.7802727681144
-287.1495432702099,-30.720102561179903,-168.9701244508624,-1581.6075651065655,159.2171337216755,320.0587745340103,3153.463872755404,1318.7104715939345
33.24595821955371,16.44539113718986,38.96290792970724,29.65440760069103,25.089260202677,20.9643603003678,29.35840426603845,31.0598281374546
63.86302472312339,74.8823370178942,36.871751964995646,22.108981859485617,75.23591450038285,63.42700673741135,82.44722685933195,55.1594794192664
555.4247955372423,621.012962272704,581.4103353066872,753.8220628304479,552.8127180485708,357.5407023317214,550.4244132910184,533.1352947678336
2.476133761436884,-1.6790725349729574,-0.2575264801812242,-0.0148132481647316,3.0619203752589312,0.4412677223385869,0.0414548226006006,3.5395480931173093
-162.8899326216162,-12.543790227432028,-378.7499778022409,385.7668763392985,1128.3207068507068,-147.53737768139283,100.02327249730538,644.5028587915316
-0.0007690330243882,-0.0014722334325843,13206.4223428091,17947.73509893824,12790.956051044272,15580.151683746712,1321.000844073572,-314.74640211970217
-277.86336339239966,906.1000601404064,-264.6349447368457,1832.921968107752,-1065.7103783499829,732.5618085868288,-51.89470670226768,-232.30790624854905
212.81274652878008,-306.97197408830243,-543.7027588773244,2205.1845854210424,-137.65344807544918,9885.780889793796,1168.008857417197,-409.8056567883421
16.93218781797978,32.5707967225604,27.33415466715467,25.396324868495626,44.716906147414285,23.41656031415818,18.40801312812772,22.37953058864639
33.058786113924285,53.20496284580578,32.188817052302234,29.3689475206432,79.95730616469584,40.13179027111048,77.51240196180174,47.645609210842906
561.9928470471696,469.0276335032502,469.7456758538239,506.6858852245973,463.7737460053525,491.8493151509626,479.853866815563,294.5635165362163
-0.3004261224648163,-0.5134681011630431,0.8728293509009282,-1.0576089324794489,-0.2221912611364769,2.3148708629717203,1.6642928342012555,1.2031590110931654
1918.8000305648504,86.60984847292588,578.7491059292096,383.8486102800072,768.0557073711868,-276.80568844257016,1572.083196647657,-215.0238383089864
0.0005267353694191,0.002173812035312,21171.59376883081,22201.93722008177,17064.661513474864,13095.533259388523,2592.6258668496403,-217.7684100925238
-583.0554198776608,-2185.2596825063165,9248.63897024643,12987.80934931483,2299.680794297172,12171.830610587484,336.10255076115146,12178.358758272212
-129.77791983054874,239.74189351247696,3539.320595537908,3457.545701275346,-517.652955206068,3064.2201768448926,-767.3817557328703,550.4808364091989
15.932284831751373,32.14284316972595,43.24235270949488,28.8471063200117,26.984747986799192,35.98731702314784,32.87122688920944,20.27885179319452
65.22261465332372,65.69349750242482,86.40149989920903,74.71523023559624,29.27906254001237,15.881551883247994,46.67977082290714,45.803273579096704
520.8613217292511,594.3398368502131,474.5699479287968,562.7591950921645,496.0436255536894,237.64937934608253,208.81087406883967,632.6463880384661
-0.1314600746815262,0.3079600437061864,1.3882122501580705,0.409953716165388,1.1888201045867886,1.8804915271635512,-0.4413149303492047,-0.8999348063137351
46.44426232440784,446.1871334926916,-8.311973061388017,9.620370476010637,359.9506147420738,25.53387235129719,603.5617052728558,332.2120295319125
4.0357122564263866e-05,0.0019939252218545,-4947.521485813477,20685.82727380888,20273.111196955462,14008.279909176286,-513.7355355336133,631.9585942684905
-27.56619537478004,-1.0697864768417915,664.1513632372934,29.83649417218481,2303.829375916977,717.4778686827389,-1247.2290344066014,2023.7802727681144
-287.1495432702099,-30.720102561179903,-168.9701244508624,-1581.6075651065655,159.2171337216755,320.0587745340103,3153.463872755404,1318.7104715939345
33.24595821955371,16.44539113718986,38.96290792970724,29.65440760069103,25.089260202677,20.9643603003678,29.35840426603845,31.0598281374546
63.86302472312339,74.8823370178942,36.871751964995646,22.108981859485617,75.23591450038285,63.42700673741135,82.44722685933195,55.1594794192664
555.4247955372423,621.012962272704,581.4103353066872,753.8220628304479,552.8127180485708,357.5407023317214,550.4244132910184,533.1352947678336
2.476133761436884,-1.6790725349729574,-0.2575264801812242,-0.0148132481647316,3.0619203752589312,0.4412677223385869,0.0414548226006006,3.5395480931173093
-162.8899326216162,-12.543790227432028,-378.7499778022409,385.7668763392985,1128.3207068507068,-147.53737768139283,100.02327249730538,644.5028587915316
-0.0007690330243882,-0.0014722334325843,13206.4223428091,17947.73509893824,12790.956051044272,15580.151683746712,1321.000844073572,-314.74640211970217
-277.86336339239966,906.1000601404064,-264.6349447368457,1832.921968107752,-1065.7103783499829,732.5618085868288,-51.89470670226768,-232.30790624854905
212.81274652878008,-306.97197408830243,-543.7027588773244,2205.1845854210424,-137.65344807544918,9885.780889793796,1168.008857417197,-409.8056567883421
16.93218781797978,32.5707967225604,27.33415466715467,25.396324868495626,44.716906147414285,23.41656031415818,18.40801312812772,22.37953058864639
33.058786113924285,53.20496284580578,32.188817052302234,29.3689475206432,79.95730616469584,40.13179027111048,77.51240196180174,47.645609210842906
561.9928470471696,469.0276335032502,469.7456758538239,506.6858852245973,463.7737460053525,491.8493151509626,479.853866815563,294.5635165362163
-0.3004261224648163,-0.5134681011630431,0.8728293509009282,-1.0576089324794489,-0.2221912611364769,2.3148708629717203,1.6642928342012555,1.2031590110931654
1918.8000305648504,86.60984847292588,578.7491059292096,383.8486102800072,768.0557073711868,-276.80568844257016,1572.083196647657,-215.0238383089864
0.0005267353694191,0.002173812035312,21171.59376883081,22201.93722008177,17064.661513474864,13095.533259388523,2592.6258668496403,-217.7684100925238
-583.0554198776608,-2185.2596825063165,9248.63897024643,12987.80934931483,2299.680794297172,12171.830610587484,336.10255076115146,12178.358758272212
-129.77791983054874,239.74189351247696,3539.320595537908,3457.545701275346,-517.652955206068,3064.2201768448926,-767.3817557328703,550.4808364091989
15.932284831751373,32.14284316972595,43.24235270949488,28.8471063200117,26.984747986799192,35.98731702314784,32.87122688920944,20.27885179319452
65.22261465332372,65.69349750242482,86.40149989920903,74.71523023559624,29.27906254001237,15.881551883247994,46.67977082290714,45.803273579096704
520.8613217292511,594.3398368502131,474.5699479287968,562.7591950921645,496.0436255536894,237.64937934608253,208.81087406883967,632.6463880384661
-0.1314600746815262,0.3079600437061864,1.3882122501580705,0.409953716165388,1.1888201045867886,1.8804915271635512,-0.4413149303492047,-0.8999348063137351
46.44426232440784,446.1871334926916,-8.311973061388017,9.620370476010637,359.9506147420738,25.53387235129719,603.5617052728558,332.2120295319125
4.0357122564263866e-05,0.0019939252218545,-4947.521485813477,20685.82727380888,20273.111196955462,14008.279909176286,-513.7355355336133,631.9585942684905
-27.56619537478004,-1.0697864768417915,664.1513632372934,29.83649417218481,2303.829375916977,717.4778686827389,-1247.2290344066014,2023.7802727681144
-287.1495432702099,-30.720102561179903,-168.9701244508624,-1581.6075651065655,159.2171337216755,320.0587745340103,3153.463872755404,1318.7104715939345
33.24595821955371,16.44539113718986,38.96290792970724,29.65440760069103,25.089260202677,20.9643603003678,29.35840426603845,31.0598281374546
63.86302472312339,74.8823370178942,36.871751964995646,22.108981859485617,75.23591450038285,63.42700673741135,82.44722685933195,55.1594794192664
555.4247955372423,621.012962272704,581.4103353066872,753.8220628304479,552.8127180485708,357.5407023317214,550.4244132910184,533.1352947678336
2.476133761436884,-1.6790725349729574,-0.2575264801812242,-0.0148132481647316,3.0619203752589312,0.4412677223385869,0.0414548226006006,3.5395480931173093
-162.8899326216162,-12.543790227432028,-378.7499778022409,385.7668763392985,1128.3207068507068,-147.53737768139283,100.02327249730538,644.5028587915316
-0.0007690330243882,-0.0014722334325843,13206.4223428091,17947.73509893824,12790.956051044272,15580.151683746712,1321.000844073572,-314.74640211970217
-277.86336339239966,906.1000601404064,-264.6349447368457,1832.921968107752,-1065.7103783499829,732.5618085868288,-51.89470670226768,-232.30790624854905
212.81274652878008,-306.97197408830243,-543.7027588773244,2205.1845854210424,-137.65344807544918,9885.780889793796,1168.008857417197,-409.8056567883421
16.93218781797978,32.5707967225604,27.33415466715467,25.396324868495626,44.716906147414285,23.41656031415818,18.40801312812772,22.37953058864639
33.058786113924285,53.20496284580578,32.188817052302234,29.3689475206432,79.95730616469584,40.13179027111048,77.51240196180174,47.645609210842906
561.9928470471696,469.0276335032502,469.7456758538239,506.6858852245973,463.7737460053525,491.8493151509626,479.853866815563,294.5635165362163
-0.3004261224648163,-0.5134681011630431,0.8728293509009282,-1.0576089324794489,-0.2221912611364769,2.3148708629717203,1.6642928342012555,1.2031590110931654
1918.8000305648504,86.60984847292588,578.7491059292096,383.8486102800072,768.0557073711868,-276.80568844257016,1572.083196647657,-215.0238383089864
0.0005267353694191,0.002173812035312,21171.59376883081,22201.93722008177,17064.661513474864,13095.533259388523,2592.6258668496403,-217.7684100925238
-583.0554198776608,-2185.2596825063165,9248.63897024643,12987.80934931483,2299.680794297172,12171.830610587484,336.10255076115146,12178.358758272212
-129.77791983054874,239.74189351247696,3539.320595537908,3457.545701275346,-517.652955206068,3064.2201768448926,-767.3817557328703,550.4808364091989
15.932284831751373,32.14284316972595,43.24235270949488,28.8471063200117,26.984747986799192,35.98731702314784,32.87122688920944,20.27885179319452
65.22261465332372,65.69349750242482,86.40149989920903,74.71523023559624,29.27906254001237,15.881551883247994,46.67977082290714,45.803273579096704
520.8613217292511,594.3398368502131,474.5699479287968,562.7591950921645,496.0436255536894,237.64937934608253,208.81087406883967,632.6463880384661
-0.1314600746815262,0.3079600437061864,1.3882122501580705,0.409953716165388,1.1888201045867886,1.8804915271635512,-0.4413149303492047,-0.8999348063137351
46.44426232440784,446.1871334926916,-8.311973061388017,9.620370476010637,359.9506147420738,25.53387235129719,603.5617052728558,332.2120295319125
4.0357122564263866e-05,0.0019939252218545,-4947.521485813477,20685.82727380888,20273.111196955462,14008.279909176286,-513.7355355336133,631.9585942684905
-27.56619537478004,-1.0697864768417915,664.1513632372934,29.83649417218481,2303.829375916977,717.4778686827389,-1247.2290344066014,2023.7802727681144
-287.1495432702099,-30.720102561179903,-168.9701244508624,-1581.6075651065655,159.2171337216755,320.0587745340103,3153.463872755404,1318.7104715939345
33.24595821955371,16.44539113718986,38.96290792970724,29.65440760069103,25.089260202677,20.9643603003678,29.35840426603845,31.0598281374546
63.86302472312339,74.8823370178942,36.871751964995646,22.108981859485617,75.23591450038285,63.42700673741135,82.44722685933195,55.1594794192664
555.4247955372423,621.012962272704,581.4103353066872,753.8220628304479,552.8127180485708,357.5407023317214,550.4244132910184,533.1352947678336
2.476133761436884,-1.6790725349729574,-0.2575264801812242,-0.0148132481647316,3.0619203752589312,0.4412677223385869,0.0414548226006006,3.5395480931173093
-162.8899326216162,-12.543790227432028,-378.7499778022409,385.7668763392985,1128.3207068507068,-147.53737768139283,100.02327249730538,644.5028587915316
-0.0007690330243882,-0.0014722334325843,13206.4223428091,17947.73509893824,12790.956051044272,15580.151683746712,1321.000844073572,-314.74640211970217
-277.86336339239966,906.1000601404064,-264.6349447368457,1832.921968107752,-1065.7103783499829,732.5618085868288,-51.89470670226768,-232.30790624854905
212.81274652878008,-306.97197408830243,-543.7027588773244,2205.1845854210424,-137.65344807544918,9885.780889793796,1168.008857417197,-409.8056567883421
16.93218781797978,32.5707967225604,27.33415466715467,25.396324868495626,44.716906147414285,23.41656031415818,18.40801312812772,22.37953058864639
33.058786113924285,53.20496284580578,32.188817052302234,29.3689475206432,79.95730616469584,40.13179027111048,77.51240196180174,47.645609210842906
561.9928470471696,469.0276335032502,469.7456758538239,506.6858852245973,463.7737460053525,491.8493151509626,479.853866815563,294.5635165362163
-0.3004261224648163,-0.5134681011630431,0.8728293509009282,-1.0576089324794489,-0.2221912611364769,2.3148708629717203,1.6642928342012555,1.2031590110931654
1918.8000305648504,86.60984847292588,578.7491059292096,383.8486102800072,768.0557073711868,-276.80568844257016,1572.083196647657,-215.0238383089864
0.0005267353694191,0.002173812035312,21171.59376883081,22201.93722008177,17064.661513474864,13095.533259388523,2592.6258668496403,-217.7684100925238
-583.0554198776608,-2185.2596825063165,9248.63897024643,12987.80934931483,2299.680794297172,12171.830610587484,336.10255076115146,12178.358758272212
-129.77791983054874,239.74189351247696,3539.320595537908,3457.545701275346,-517.652955206068,3064.2201768448926,-767.3817557328703,550.4808364091989
15.932284831751373,32.14284316972595,43.24235270949488,28.8471063200117,26.984747986799192,35.98731702314784,32.87122688920944,20.27885179319452
65.22261465332372,65.69349750242482,86.40149989920903,74.71523023559624,29.27906254001237,15.881551883247994,46.67977082290714,45.803273579096704
520.8613217292511,594.3398368502131,474.5699479287968,562.7591950921645,496.0436255536894,237.64937934608253,208.81087406883967,632.6463880384661
-0.1314600746815262,0.3079600437061864,1.3882122501580705,0.409953716165388,1.1888201045867886,1.8804915271635512,-0.4413149303492047,-0.8999348063137351
46.44426232440784,446.1871334926916,-8.311973061388017,9.620370476010637,359.9506147420738,25.53387235129719,603.5617052728558,332.2120295319125
4.0357122564263866e-05,0.0019939252218545,-4947.521485813477,20685.82727380888,20273.111196955462,14008.279909176286,-513.7355355336133,631.9585942684905
-27.56619537478004,-1.0697864768417915,664.1513632372934,29.83649417218481,2303.829375916977,717.4778686827389,-1247.2290344066014,2023.7802727681144
-287.1495432702099,-30.720102561179903,-168.9701244508624,-1581.6075651065655,159.2171337216755,320.0587745340103,3153.463872755404,1318.7104715939345
33.24595821955371,16.44539113718986,38.96290792970724,29.65440760069103,25.089260202677,20.9643603003678,29.35840426603845,31.0598281374546
63.86302472312339,74.8823370178942,36.871751964995646,22.108981859485617,75.23591450038285,63.42700673741135,82.44722685933195,55.1594794192664
555.4247955372423,621.012962272704,581.4103353066872,753.8220628304479,552.8127180485708,357.5407023317214,550.4244132910184,533.1352947678336
2.476133761436884,-1.6790725349729574,-0.2575264801812242,-0.0148132481647316,3.0619203752589312,0.4412677223385869,0.0414548226006006,3.5395480931173093
-162.8899326216162,-12.543790227432028,-378.7499778022409,385.7668763392985,1128.3207068507068,-147.53737768139283,100.02327249730538,644.5028587915316
-0.0007690330243882,-0.0014722334325843,13206.4223428091,17947.73509893824,12790.956051044272,15580.151683746712,1321.000844073572,-314.74640211970217
-277.86336339239966,906.1000601404064,-264.6349447368457,1832.921968107752,-1065.7103783499829,732.5618085868288,-51.89470670226768,-232.30790624854905
212.81274652878008,-306.97197408830243,-543.7027588773244,2205.1845854210424,-137.65344807544918,9885.780889793796,1168.008857417197,-409.8056567883421
16.93218781797978,32.5707967225604,27.33415466715467,25.396324868495626,44.716906147414285,23.41656031415818,18.40801312812772,22.37953058864639
33.058786113924285,53.20496284580578,32.188817052302234,29.3689475206432,79.95730616469584,40.13179027111048,77.51240196180174,47.645609210842906
561.9928470471696,469.0276335032502,469.7456758538239,506.6858852245973,463.7737460053525,491.8493151509626,479.853866815563,294.5635165362163
-0.3004261224648163,-0.5134681011630431,0.8728293509009282,-1.0576089324794489,-0.2221912611364769,2.3148708629717203,1.6642928342012555,1.2031590110931654
1918.8000305648504,86.60984847292588,578.7491059292096,383.8486102800072,768.0557073711868,-276.80568844257016,1572.083196647657,-215.0238383089864
0.0005267353694191,0.002173812035312,21171.59376883081,22201.93722008177,17064.661513474864,13095.533259388523,2592.6258668496403,-217.7684100925238
-583.0554198776608,-2185.2596825063165,9248.63897024643,12987.80934931483,2299.680794297172,12171.830610587484,336.10255076115146,12178.358758272212
-129.77791983054874,239.74189351247696,3539.320595537908,3457.545701275346,-517.652955206068,3064.2201768448926,-767.3817557328703,550.4808364091989
15.932284831751373,32.14284316972595,43.24235270949488,28.8471063200117,26.984747986799192,35.98731702314784,32.87122688920944,20.27885179319452
65.22261465332372,65.69349750242482,86.40149989920903,74.71523023559624,29.27906254001237,15.881551883247994,46.67977082290714,45.803273579096704
520.8613217292511,594.3398368502131,474.5699479287968,562.7591950921645,496.0436255536894,237.64937934608253,208.81087406883967,632.6463880384661
-0.1314600746815262,0.3079600437061864,1.3882122501580705,0.409953716165388,1.1888201045867886,1.8804915271635512,-0.4413149303492047,-0.8999348063137351
46.44426232440784,446.1871334926916,-8.311973061388017,9.620370476010637,359.9506147420738,25.53387235129719,603.5617052728558,332.2120295319125
4.0357122564263866e-05,0.0019939252218545,-4947.521485813477,20685.82727380888,20273.111196955462,14008.279909176286,-513.7355355336133,631.9585942684905
-27.56619537478004,-1.0697864768417915,664.1513632372934,29.83649417218481,2303.829375916977,717.4778686827389,-1247.2290344066014,2023.7802727681144
-287.1495432702099,-30.720102561179903,-168.9701244508624,-1581.6075651065655,159.2171337216755,320.0587745340103,3153.463872755404,1318.7104715939345
33.24595821955371,16.44539113718986,38.96290792970724,29.65440760069103,25.089260202677,20.9643603003678,29.35840426603845,31.0598281374546
63.86302472312339,74.8823370178942,36.871751964995646,22.108981859485617,75.23591450038285,63.42700673741135,82.44722685933195,55.1594794192664
555.4247955372423,621.012962272704,581.4103353066872,753.8220628304479,552.8127180485708,357.5407023317214,550.4244132910184,533.1352947678336
2.476133761436884,-1.6790725349729574,-0.2575264801812242,-0.0148132481647316,3.0619203752589312,0.4412677223385869,0.0414548226006006,3.5395480931173093
-162.8899326216162,-12.543790227432028,-378.7499778022409,385.7668763392985,1128.3207068507068,-147.53737768139283,100.02327249730538,644.5028587915316
-0.0007690330243882,-0.0014722334325843,13206.4223428091,17947.73509893824,12790.956051044272,15580.151683746712,1321.000844073572,-314.74640211970217
-277.86336339239966,906.1000601404064,-264.6349447368457,1832.921968107752,-1065.7103783499829,732.5618085868288,-51.89470670226768,-232.30790624854905
212.81274652878008,-306.97197408830243,-543.7027588773244,2205.1845854210424,-137.65344807544918,9885.780889793796,1168.008857417197,-409.8056567883421
16.93218781797978,32.5707967225604,27.33415466715467,25.396324868495626,44.716906147414285,23.41656031415818,18.40801312812772,22.37953058864639
33.058786113924285,53.20496284580578,32.188817052302234,29.3689475206432,79.95730616469584,40.13179027111048,77.51240196180174,47.645609210842906
561.9928470471696,469.0276335032502,469.7456758538239,506.6858852245973,463.7737460053525,491.8493151509626,479.853866815563,294.5635165362163
-0.3004261224648163,-0.5134681011630431,0.8728293509009282,-1.0576089324794489,-0.2221912611364769,2.3148708629717203,1.6642928342012555,1.2031590110931654
1918.8000305648504,86.60984847292588,578.7491059292096,383.8486102800072,768.0557073711868,-276.80568844257016,1572.083196647657,-215.0238383089864
0.0005267353694191,0.002173812035312,21171.59376883081,22201.93722008177,17064.661513474864,13095.533259388523,2592.6258668496403,-217.7684100925238
-583.0554198776608,-2185.2596825063165,9248.63897024643,12987.80934931483,2299.680794297172,12171.830610587484,336.10255076115146,12178.358758272212
-129.77791983054874,239.74189351247696,3539.320595537908,3457.545701275346,-517.652955206068,3064.2201768448926,-767.3817557328703,550.4808364091989
15.932284831751373,32.14284316972595,43.24235270949488,28.8471063200117,26.984747986799192,35.98731702314784,32.87122688920944,20.27885179319452
65.22261465332372,65.69349750242482,86.40149989920903,74.71523023559624,29.27906254001237,15.881551883247994,46.67977082290714,45.803273579096704
520.8613217292511,594.3398368502131,474.5699479287968,562.7591950921645,496.0436255536894,237.64937934608253,208.81087406883967,632.6463880384661
-0.1314600746815262,0.3079600437061864,1.3882122501580705,0.409953716165388,1.1888201045867886,1.8804915271635512,-0.4413149303492047,-0.8999348063137351
46.44426232440784,446.1871334926916,-8.311973061388017,9.620370476010637,359.9506147420738,25.53387235129719,603.5617052728558,332.2120295319125
4.0357122564263866e-05,0.0019939252218545,-4947.521485813477,20685.82727380888,20273.111196955462,14008.279909176286,-513.7355355336133,631.9585942684905
-27.56619537478004,-1.0697864768417915,664.1513632372934,29.83649417218481,2303.829375916977,717.4778686827389,-1247.2290344066014,2023.7802727681144
-287.1495432702099,-30.720102561179903,-168.9701244508624,-1581.6075651065655,159.2171337216755,320.0587745340103,3153.463872755404,1318.7104715939345
33.24595821955371,16.44539113718986,38.96290792970724,29.65440760069103,25.089260202677,20.9643603003678,29.35840426603845,31.0598281374546
63.86302472312339,74.8823370178942,36.871751964995646,22.108981859485617,75.23591450038285,63.42700673741135,82.44722685933195,55.1594794192664
555.4247955372423,621.012962272704,581.4103353066872,753.8220628304479,552.8127180485708,357.5407023317214,550.4244132910184,533.1352947678336
2.476133761436884,-1.6790725349729574,-0.2575264801812242,-0.0148132481647316,3.0619203752589312,0.4412677223385869,0.0414548226006006,3.5395480931173093
-162.8899326216162,-12.543790227432028,-378.7499778022409,385.7668763392985,1128.3207068507068,-147.53737768139283,100.02327249730538,644.5028587915316
-0.0007690330243882,-0.0014722334325843,13206.4223428091,17947.73509893824,12790.956051044272,15580.151683746712,1321.000844073572,-314.74640211970217
-277.86336339239966,906.1000601404064,-264.6349447368457,1832.921968107752,-1065.7103783499829,732.5618085868288,-51.89470670226768,-232.30790624854905
212.81274652878008,-306.97197408830243,-543.7027588773244,2205.1845854210424,-137.65344807544918,9885.780889793796,1168.008857417197,-409.8056567883421
16.93218781797978,32.5707967225604,27.33415466715467,25.396324868495626,44.716906147414285,23.41656031415818,18.40801312812772,22.37953058864639
33.058786113924285,53.20496284580578,32.188817052302234,29.3689475206432,79.95730616469584,40.13179027111048,77.51240196180174,47.645609210842906
561.9928470471696,469.0276335032502,469.7456758538239,506.6858852245973,463.7737460053525,491.8493151509626,479.853866815563,294.5635165362163
-0.3004261224648163,-0.5134681011630431,0.8728293509009282,-1.0576089324794489,-0.2221912611364769,2.3148708629717203,1.6642928342012555,1.2031590110931654
1918.8000305648504,86.60984847292588,578.7491059292096,383.8486102800072,768.0557073711868,-276.80568844257016,1572.083196647657,-215.0238383089864
0.0005267353694191,0.002173812035312,21171.59376883081,22201.93722008177,17064.661513474864,13095.533259388523,2592.6258668496403,-217.7684100925238
-583.0554198776608,-2185.2596825063165,9248.63897024643,12987.80934931483,2299.680794297172,12171.830610587484,336.10255076115146,12178.358758272212
-129.77791983054874,239.74189351247696,3539.320595537908,3457.545701275346,-517.652955206068,3064.2201768448926,-767.3817557328703,550.4808364091989
15.932284831751373,32.14284316972595,43.24235270949488,28.8471063200117,26.984747986799192,35.98731702314784,32.87122688920944,20.27885179319452
65.22261465332372,65.69349750242482,86.40149989920903,74.71523023559624,29.27906254001237,15.881551883247994,46.67977082290714,45.803273579096704
520.8613217292511,594.3398368502131,474.5699479287968,562.7591950921645,496.0436255536894,237.64937934608253,208.81087406883967,632.6463880384661
-0.1314600746815262,0.3079600437061864,1.3882122501580705,0.409953716165388,1.1888201045867886,1.8804915271635512,-0.4413149303492047,-0.8999348063137351
46.44426232440784,446.1871334926916,-8.311973061388017,9.620370476010637,359.9506147420738,25.53387235129719,603.5617052728558,332.2120295319125
4.0357122564263866e-05,0.0019939252218545,-4947.521485813477,20685.82727380888,20273.111196955462,14008.279909176286,-513.7355355336133,631.9585942684905
-27.56619537478004,-1.0697864768417915,664.1513632372934,29.83649417218481,2303.829375916977,717.4778686827389,-1247.2290344066014,2023.7802727681144
-287.1495432702099,-30.720102561179903,-168.9701244508624,-1581.6075651065655,159.2171337216755,320.0587745340103,3153.463872755404,1318.7104715939345
33.24595821955371,16.44539113718986,38.96290792970724,29.65440760069103,25.089260202677,20.9643603003678,29.35840426603845,31.0598281374546
63.86302472312339,74.8823370178942,36.871751964995646,22.108981859485617,75.23591450038285,63.42700673741135,82.44722685933195,55.1594794192664
555.4247955372423,621.012962272704,581.4103353066872,753.8220628304479,552.8127180485708,357.5407023317214,550.4244132910184,533.1352947678336
2.476133761436884,-1.6790725349729574,-0.2575264801812242,-0.0148132481647316,3.0619203752589312,0.4412677223385869,0.0414548226006006,3.5395480931173093
-162.8899326216162,-12.543790227432028,-378.7499778022409,385.7668763392985,1128.3207068507068,-147.53737768139283,100.02327249730538,644.5028587915316
-0.0007690330243882,-0.0014722334325843,13206.4223428091,17947.73509893824,12790.956051044272,15580.151683746712,1321.000844073572,-314.74640211970217
-277.86336339239966,906.1000601404064,-264.6349447368457,1832.921968107752,-1065.7103783499829,732.5618085868288,-51.89470670226768,-232.30790624854905
212.81274652878008,-306.97197408830243,-543.7027588773244,2205.1845854210424,-137.65344807544918,9885.780889793796,1168.008857417197,-409.8056567883421
16.93218781797978,32.5707967225604,27.33415466715467,25.396324868495626,44.716906147414285,23.41656031415818,18.40801312812772,22.37953058864639
33.058786113924285,53.20496284580578,32.188817052302234,29.3689475206432,79.95730616469584,40.13179027111048,77.51240196180174,47.645609210842906
561.9928470471696,469.0276335032502,469.7456758538239,506.6858852245973,463.7737460053525,491.8493151509626,479.853866815563,294.5635165362163
-0.3004261224648163,-0.5134681011630431,0.8728293509009282,-1.0576089324794489,-0.2221912611364769,2.3148708629717203,1.6642928342012555,1.2031590110931654
1918.8000305648504,86.60984847292588,578.7491059292096,383.8486102800072,768.0557073711868,-276.80568844257016,1572.083196647657,-215.0238383089864
0.0005267353694191,0.002173812035312,21171.59376883081,22201.93722008177,17064.661513474864,13095.533259388523,2592.6258668496403,-217.7684100925238
-583.0554198776608,-2185.2596825063165,9248.63897024643,12987.80934931483,2299.680794297172,12171.830610587484,336.10255076115146,12178.358758272212
-129.77791983054874,239.74189351247696,3539.320595537908,3457.545701275346,-517.652955206068,3064.2201768448926,-767.3817557328703,550.4808364091989
15.932284831751373,32.14284316972595,43.24235270949488,28.8471063200117,26.984747986799192,35.98731702314784,32.87122688920944,20.27885179319452
65.22261465332372,65.69349750242482,86.40149989920903,74.71523023559624,29.27906254001237,15.881551883247994,46.67977082290714,45.803273579096704
520.8613217292511,594.3398368502131,474.5699479287968,562.7591950921645,496.0436255536894,237.64937934608253,208.81087406883967,632.6463880384661
-0.1314600746815262,0.3079600437061864,1.3882122501580705,0.409953716165388,1.1888201045867886,1.8804915271635512,-0.4413149303492047,-0.8999348063137351
46.44426232440784,446.1871334926916,-8.311973061388017,9.620370476010637,359.9506147420738,25.53387235129719,603.5617052728558,332.2120295319125
4.0357122564263866e-05,0.0019939252218545,-4947.521485813477,20685.82727380888,20273.111196955462,14008.279909176286,-513.7355355336133,631.9585942684905
-27.56619537478004,-1.0697864768417915,664.1513632372934,29.83649417218481,2303.829375916977,717.4778686827389,-1247.2290344066014,2023.7802727681144
-287.1495432702099,-30.720102561179903,-168.9701244508624,-1581.6075651065655,159.2171337216755,320.0587745340103,3153.463872755404,1318.7104715939345
33.24595821955371,16.44539113718986,38.96290792970724,29.65440760069103,25.089260202677,20.9643603003678,29.35840426603845,31.0598281374546
63.86302472312339,74.8823370178942,36.871751964995646,22.108981859485617,75.23591450038285,63.42700673741135,82.44722685933195,55.1594794192664
555.4247955372423,621.012962272704,581.4103353066872,753.8220628304479,552.8127180485708,357.5407023317214,550.4244132910184,533.1352947678336
2.476133761436884,-1.6790725349729574,-0.2575264801812242,-0.0148132481647316,3.0619203752589312,0.4412677223385869,0.0414548226006006,3.5395480931173093
-162.8899326216162,-12.543790227432028,-378.7499778022409,385.7668763392985,1128.3207068507068,-147.53737768139283,100.02327249730538,644.5028587915316
-0.0007690330243882,-0.0014722334325843,13206.4223428091,17947.73509893824,12790.956051044272,15580.151683746712,1321.000844073572,-314.74640211970217
-277.86336339239966,906.1000601404064,-264.6349447368457,1832.921968107752,-1065.7103783499829,732.5618085868288,-51.89470670226768,-232.30790624854905
212.81274652878008,-306.97197408830243,-543.7027588773244,2205.1845854210424,-137.65344807544918,9885.780889793796,1168.008857417197,-409.8056567883421
16.93218781797978,32.5707967225604,27.33415466715467,25.396324868495626,44.716906147414285,23.41656031415818,18.40801312812772,22.37953058864639
33.058786113924285,53.20496284580578,32.188817052302234,29.3689475206432,79.95730616469584,40.13179027111048,77.51240196180174,47.645609210842906
561.9928470471696,469.0276335032502,469.7456758538239,506.6858852245973,463.7737460053525,491.8493151509626,479.853866815563,294.5635165362163
-0.3004261224648163,-0.5134681011630431,0.8728293509009282,-1.0576089324794489,-0.2221912611364769,2.3148708629717203,1.6642928342012555,1.2031590110931654
1918.8000305648504,86.60984847292588,578.7491059292096,383.8486102800072,768.0557073711868,-276.80568844257016,1572.083196647657,-215.0238383089864
0.0005267353694191,0.002173812035312,21171.59376883081,22201.93722008177,17064.661513474864,13095.533259388523,2592.6258668496403,-217.7684100925238
-583.0554198776608,-2185.2596825063165,9248.63897024643,12987.80934931483,2299.680794297172,12171.830610587484,336.10255076115146,12178.358758272212
-129.77791983054874,239.74189351247696,3539.320595537908,3457.545701275346,-517.652955206068,3064.2201768448926,-767.3817557328703,550.4808364091989
15.932284831751373,32.14284316972595,43.24235270949488,28.8471063200117,26.984747986799192,35.98731702314784,32.87122688920944,20.27885179319452
65.22261465332372,65.69349750242482,86.40149989920903,74.71523023559624,29.27906254001237,15.881551883247994,46.67977082290714,45.803273579096704
520.8613217292511,594.3398368502131,474.5699479287968,562.7591950921645,496.0436255536894,237.64937934608253,208.81087406883967,632.6463880384661
-0.1314600746815262,0.3079600437061864,1.3882122501580705,0.409953716165388,1.1888201045867886,1.8804915271635512,-0.4413149303492047,-0.8999348063137351
46.44426232440784,446.1871334926916,-8.311973061388017,9.620370476010637,359.9506147420738,25.53387235129719,603.5617052728558,332.2120295319125
4.0357122564263866e-05,0.0019939252218545,-4947.521485813477,20685.82727380888,20273.111196955462,14008.279909176286,-513.7355355336133,631.9585942684905
-27.56619537478004,-1.0697864768417915,664.1513632372934,29.83649417218481,2303.829375916977,717.4778686827389,-1247.2290344066014,2023.7802727681144
-287.1495432702099,-30.720102561179903,-168.9701244508624,-1581.6075651065655,159.2171337216755,320.0587745340103,3153.463872755404,1318.7104715939345
33.24595821955371,16.44539113718986,38.96290792970724,29.65440760069103,25.089260202677,20.9643603003678,29.35840426603845,31.0598281374546
63.86302472312339,74.8823370178942,36.871751964995646,22.108981859485617,75.23591450038285,63.42700673741135,82.44722685933195,55.1594794192664
555.4247955372423,621.012962272704,581.4103353066872,753.8220628304479,552.8127180485708,357.5407023317214,550.4244132910184,533.1352947678336
2.476133761436884,-1.6790725349729574,-0.2575264801812242,-0.0148132481647316,3.0619203752589312,0.4412677223385869,0.0414548226006006,3.5395480931173093
-162.8899326216162,-12.543790227432028,-378.7499778022409,385.7668763392985,1128.3207068507068,-147.53737768139283,100.02327249730538,644.5028587915316
-0.0007690330243882,-0.0014722334325843,13206.4223428091,17947.73509893824,12790.956051044272,15580.151683746712,1321.000844073572,-314.74640211970217
-277.86336339239966,906.1000601404064,-264.6349447368457,1832.921968107752,-1065.7103783499829,732.5618085868288,-51.89470670226768,-232.30790624854905
212.81274652878008,-306.97197408830243,-543.7027588773244,2205.1845854210424,-137.65344807544918,9885.780889793796,1168.008857417197,-409.8056567883421
16.93218781797978,32.5707967225604,27.33415466715467,25.396324868495626,44.716906147414285,23.41656031415818,18.40801312812772,22.37953058864639
33.058786113924285,53.20496284580578,32.188817052302234,29.3689475206432,79.95730616469584,40.13179027111048,77.51240196180174,47.645609210842906
561.9928470471696,469.0276335032502,469.7456758538239,506.6858852245973,463.7737460053525,491.8493151509626,479.853866815563,294.5635165362163
-0.3004261224648163,-0.5134681011630431,0.8728293509009282,-1.0576089324794489,-0.2221912611364769,2.3148708629717203,1.6642928342012555,1.2031590110931654
1918.8000305648504,86.60984847292588,578.7491059292096,383.8486102800072,768.0557073711868,-276.80568844257016,1572.083196647657,-215.0238383089864
0.0005267353694191,0.002173812035312,21171.59376883081,22201.93722008177,17064.661513474864,13095.533259388523,2592.6258668496403,-217.7684100925238
-583.0554198776608,-2185.2596825063165,9248.63897024643,12987.80934931483,2299.680794297172,12171.830610587484,336.10255076115146,12178.358758272212
-129.77791983054874,239.74189351247696,3539.320595537908,3457.545701275346,-517.652955206068,3064.2201768448926,-767.3817557328703,550.4808364091989
15.932284831751373,32.14284316972595,43.24235270949488,28.8471063200117,26.984747986799192,35.98731702314784,32.87122688920944,20.27885179319452
65.22261465332372,65.69349750242482,86.40149989920903,74.71523023559624,29.27906254001237,15.881551883247994,46.67977082290714,45.803273579096704
520.8613217292511,594.3398368502131,474.5699479287968,562.7591950921645,496.0436255536894,237.64937934608253,208.81087406883967,632.6463880384661
-0.1314600746815262,0.3079600437061864,1.3882122501580705,0.409953716165388,1.1888201045867886,1.8804915271635512,-0.4413149303492047,-0.8999348063137351
46.44426232440784,446.1871334926916,-8.311973061388017,9.620370476010637,359.9506147420738,25.53387235129719,603.5617052728558,332.2120295319125
4.0357122564263866e-05,0.0019939252218545,-4947.521485813477,20685.82727380888,20273.111196955462,14008.279909176286,-513.7355355336133,631.9585942684905
-27.56619537478004,-1.0697864768417915,664.1513632372934,29.83649417218481,2303.829375916977,717.4778686827389,-1247.2290344066014,2023.7802727681144
-287.1495432702099,-30.720102561179903,-168.9701244508624,-1581.6075651065655,159.2171337216755,320.0587745340103,3153.463872755404,1318.7104715939345
33.24595821955371,16.44539113718986,38.96290792970724,29.65440760069103,25.089260202677,20.9643603003678,29.35840426603845,31.0598281374546
63.86302472312339,74.8823370178942,36.871751964995646,22.108981859485617,75.23591450038285,63.42700673741135,82.44722685933195,55.1594794192664
555.4247955372423,621.012962272704,581.4103353066872,753.8220628304479,552.8127180485708,357.5407023317214,550.4244132910184,533.1352947678336
2.476133761436884,-1.6790725349729574,-0.2575264801812242,-0.0148132481647316,3.0619203752589312,0.4412677223385869,0.0414548226006006,3.5395480931173093
-162.8899326216162,-12.543790227432028,-378.7499778022409,385.7668763392985,1128.3207068507068,-147.53737768139283,100.02327249730538,644.5028587915316
-0.0007690330243882,-0.0014722334325843,13206.4223428091,17947.73509893824,12790.956051044272,15580.151683746712,1321.000844073572,-314.74640211970217
-277.86336339239966,906.1000601404064,-264.6349447368457,1832.921968107752,-1065.7103783499829,732.5618085868288,-51.89470670226768,-232.30790624854905
212.81274652878008,-306.97197408830243,-543.7027588773244,2205.1845854210424,-137.65344807544918,9885.780889793796,1168.008857417197,-409.8056567883421
16.93218781797978,32.5707967225604,27.33415466715467,25.396324868495626,44.716906147414285,23.41656031415818,18.40801312812772,22.37953058864639
33.058786113924285,53.20496284580578,32.188817052302234,29.3689475206432,79.95730616469584,40.13179027111048,77.51240196180174,47.645609210842906
561.9928470471696,469.0276335032502,469.7456758538239,506.6858852245973,463.7737460053525,491.8493151509626,479.853866815563,294.5635165362163
-0.3004261224648163,-0.5134681011630431,0.8728293509009282,-1.0576089324794489,-0.2221912611364769,2.3148708629717203,1.6642928342012555,1.2031590110931654
1918.8000305648504,86.60984847292588,578.7491059292096,383.8486102800072,768.0557073711868,-276.80568844257016,1572.083196647657,-215.0238383089864
0.0005267353694191,0.002173812035312,21171.59376883081,22201.93722008177,17064.661513474864,13095.533259388523,2592.6258668496403,-217.7684100925238
-583.0554198776608,-2185.2596825063165,9248.63897024643,12987.80934931483,2299.680794297172,12171.830610587484,336.10255076115146,12178.358758272212
-129.77791983054874,239.74189351247696,3539.320595537908,3457.545701275346,-517.652955206068,3064.2201768448926,-767.3817557328703,550.4808364091989
15.932284831751373,32.14284316972595,43.24235270949488,28.8471063200117,26.984747986799192,35.98731702314784,32.87122688920944,20.27885179319452
65.22261465332372,65.69349750242482,86.40149989920903,74.71523023559624,29.27906254001237,15.881551883247994,46.67977082290714,45.803273579096704
520.8613217292511,594.3398368502131,474.5699479287968,562.7591950921645,496.0436255536894,237.64937934608253,208.81087406883967,632.6463880384661
-0.1314600746815262,0.3079600437061864,1.3882122501580705,0.409953716165388,1.1888201045867886,1.8804915271635512,-0.4413149303492047,-0.8999348063137351
46.44426232440784,446.1871334926916,-8.311973061388017,9.620370476010637,359.9506147420738,25.53387235129719,603.5617052728558,332.2120295319125
4.0357122564263866e-05,0.0019939252218545,-4947.521485813477,20685.82727380888,20273.111196955462,14008.279909176286,-513.7355355336133,631.9585942684905
-27.56619537478004,-1.0697864768417915,664.1513632372934,29.83649417218481,2303.829375916977,717.4778686827389,-1247.2290344066014,2023.7802727681144
-287.1495432702099,-30.720102561179903,-168.9701244508624,-1581.6075651065655,159.2171337216755,320.0587745340103,3153.463872755404,1318.7104715939345
33.24595821955371,16.44539113718986,38.96290792970724,29.65440760069103,25.089260202677,20.9643603003678,29.35840426603845,31.0598281374546
63.86302472312339,74.8823370178942,36.871751964995646,22.108981859485617,75.23591450038285,63.42700673741135,82.44722685933195,55.1594794192664
555.4247955372423,621.012962272704,581.4103353066872,753.8220628304479,552.8127180485708,357.5407023317214,550.4244132910184,533.1352947678336
2.476133761436884,-1.6790725349729574,-0.2575264801812242,-0.0148132481647316,3.0619203752589312,0.4412677223385869,0.0414548226006006,3.5395480931173093
-162.8899326216162,-12.543790227432028,-378.7499778022409,385.7668763392985,1128.3207068507068,-147.53737768139283,100.02327249730538,644.5028587915316
-0.0007690330243882,-0.0014722334325843,13206.4223428091,17947.73509893824,12790.956051044272,15580.151683746712,1321.000844073572,-314.74640211970217
-277.86336339239966,906.1000601404064,-264.6349447368457,1832.921968107752,-1065.7103783499829,732.5618085868288,-51.89470670226768,-232.30790624854905
212.81274652878008,-306.97197408830243,-543.7027588773244,2205.1845854210424,-137.65344807544918,9885.780889793796,1168.008857417197,-409.8056567883421
16.93218781797978,32.5707967225604,27.33415466715467,25.396324868495626,44.716906147414285,23.41656031415818,18.40801312812772,22.37953058864639
33.058786113924285,53.20496284580578,32.188817052302234,29.3689475206432,79.95730616469584,40.13179027111048,77.51240196180174,47.645609210842906
561.9928470471696,469.0276335032502,469.7456758538239,506.6858852245973,463.7737460053525,491.8493151509626,479.853866815563,294.5635165362163
-0.3004261224648163,-0.5134681011630431,0.8728293509009282,-1.0576089324794489,-0.2221912611364769,2.3148708629717203,1.6642928342012555,1.2031590110931654
1918.8000305648504,86.60984847292588,578.7491059292096,383.8486102800072,768.0557073711868,-276.80568844257016,1572.083196647657,-215.0238383089864
0.0005267353694191,0.002173812035312,21171.59376883081,22201.93722008177,17064.661513474864,13095.533259388523,2592.6258668496403,-217.7684100925238
-583.0554198776608,-2185.2596825063165,9248.63897024643,12987.80934931483,2299.680794297172,12171.830610587484,336.10255076115146,12178.358758272212
-129.77791983054874,239.74189351247696,3539.320595537908,3457.545701275346,-517.652955206068,3064.2201768448926,-767.3817557328703,550.4808364091989
15.932284831751373,32.14284316972595,43.24235270949488,28.8471063200117,26.984747986799192,35.98731702314784,32.87122688920944,20.27885179319452
65.22261465332372,65.69349750242482,86.40149989920903,74.71523023559624,29.27906254001237,15.881551883247994,46.67977082290714,45.803273579096704
520.8613217292511,594.3398368502131,474.5699479287968,562.7591950921645,496.0436255536894,237.64937934608253,208.81087406883967,632.6463880384661
-0.1314600746815262,0.3079600437061864,1.3882122501580705,0.409953716165388,1.1888201045867886,1.8804915271635512,-0.4413149303492047,-0.8999348063137351
46.44426232440784,446.1871334926916,-8.311973061388017,9.620370476010637,359.9506147420738,25.53387235129719,603.5617052728558,332.2120295319125
4.0357122564263866e-05,0.0019939252218545,-4947.521485813477,20685.82727380888,20273.111196955462,14008.279909176286,-513.7355355336133,631.9585942684905
-27.56619537478004,-1.0697864768417915,664.1513632372934,29.83649417218481,2303.829375916977,717.4778686827389,-1247.2290344066014,2023.7802727681144
-287.1495432702099,-30.720102561179903,-168.9701244508624,-1581.6075651065655,159.2171337216755,320.0587745340103,3153.463872755404,1318.7104715939345
33.24595821955371,16.44539113718986,38.96290792970724,29.65440760069103,25.089260202677,20.9643603003678,29.35840426603845,31.0598281374546
63.86302472312339,74.8823370178942,36.871751964995646,22.108981859485617,75.23591450038285,63.42700673741135,82.44722685933195,55.1594794192664
555.4247955372423,621.012962272704,581.4103353066872,753.8220628304479,552.8127180485708,357.5407023317214,550.4244132910184,533.1352947678336
2.476133761436884,-1.6790725349729574,-0.2575264801812242,-0.0148132481647316,3.0619203752589312,0.4412677223385869,0.0414548226006006,3.5395480931173093
-162.8899326216162,-12.543790227432028,-378.7499778022409,385.7668763392985,1128.3207068507068,-147.53737768139283,100.02327249730538,644.5028587915316
-0.0007690330243882,-0.0014722334325843,13206.4223428091,17947.73509893824,12790.956051044272,15580.151683746712,1321.000844073572,-314.74640211970217
-277.86336339239966,906.1000601404064,-264.6349447368457,1832.921968107752,-1065.7103783499829,732.5618085868288,-51.89470670226768,-232.30790624854905
212.81274652878008,-306.97197408830243,-543.7027588773244,2205.1845854210424,-137.65344807544918,9885.780889793796,1168.008857417197,-409.8056567883421
16.93218781797978,32.5707967225604,27.33415466715467,25.396324868495626,44.716906147414285,23.41656031415818,18.40801312812772,22.37953058864639
33.058786113924285,53.20496284580578,32.188817052302234,29.3689475206432,79.95730616469584,40.13179027111048,77.51240196180174,47.645609210842906
561.9928470471696,469.0276335032502,469.7456758538239,506.6858852245973,463.7737460053525,491.8493151509626,479.853866815563,294.5635165362163
-0.3004261224648163,-0.5134681011630431,0.8728293509009282,-1.0576089324794489,-0.2221912611364769,2.3148708629717203,1.6642928342012555,1.2031590110931654
1918.8000305648504,86.60984847292588,578.7491059292096,383.8486102800072,768.0557073711868,-276.80568844257016,1572.083196647657,-215.0238383089864
0.0005267353694191,0.002173812035312,21171.59376883081,22201.93722008177,17064.661513474864,13095.533259388523,2592.6258668496403,-217.7684100925238
-583.0554198776608,-2185.2596825063165,9248.63897024643,12987.80934931483,2299.680794297172,12171.830610587484,336.10255076115146,12178.358758272212
-129.77791983054874,239.74189351247696,3539.320595537908,3457.545701275346,-517.652955206068,3064.2201768448926,-767.3817557328703,550.4808364091989
15.932284831751373,32.14284316972595,43.24235270949488,28.8471063200117,26.984747986799192,35.98731702314784,32.87122688920944,20.27885179319452
65.22261465332372,65.69349750242482,86.40149989920903,74.71523023559624,29.27906254001237,15.881551883247994,46.67977082290714,45.803273579096704
520.8613217292511,594.3398368502131,474.5699479287968,562.7591950921645,496.0436255536894,237.64937934608253,208.81087406883967,632.6463880384661
-0.1314600746815262,0.3079600437061864,1.3882122501580705,0.409953716165388,1.1888201045867886,1.8804915271635512,-0.4413149303492047,-0.8999348063137351
46.44426232440784,446.1871334926916,-8.311973061388017,9.620370476010637,359.9506147420738,25.53387235129719,603.5617052728558,332.2120295319125
4.0357122564263866e-05,0.0019939252218545,-4947.521485813477,20685.82727380888,20273.111196955462,14008.279909176286,-513.7355355336133,631.9585942684905
-27.56619537478004,-1.0697864768417915,664.1513632372934,29.83649417218481,2303.829375916977,717.4778686827389,-1247.2290344066014,2023.7802727681144
-287.1495432702099,-30.720102561179903,-168.9701244508624,-1581.6075651065655,159.2171337216755,320.0587745340103,3153.463872755404,1318.7104715939345
33.24595821955371,16.44539113718986,38.96290792970724,29.65440760069103,25.089260202677,20.9643603003678,29.35840426603845,31.0598281374546
63.86302472312339,74.8823370178942,36.871751964995646,22.108981859485617,75.23591450038285,63.42700673741135,82.44722685933195,55.1594794192664
555.4247955372423,621.012962272704,581.4103353066872,753.8220628304479,552.8127180485708,357.5407023317214,550.4244132910184,533.1352947678336
2.476133761436884,-1.6790725349729574,-0.2575264801812242,-0.0148132481647316,3.0619203752589312,0.4412677223385869,0.0414548226006006,3.5395480931173093
-162.8899326216162,-12.543790227432028,-378.7499778022409,385.7668763392985,1128.3207068507068,-147.53737768139283,100.02327249730538,644.5028587915316
-0.0007690330243882,-0.0014722334325843,13206.4223428091,17947.73509893824,12790.956051044272,15580.151683746712,1321.000844073572,-314.74640211970217
-277.86336339239966,906.1000601404064,-264.6349447368457,1832.921968107752,-1065.7103783499829,732.5618085868288,-51.89470670226768,-232.30790624854905
212.81274652878008,-306.97197408830243,-543.7027588773244,2205.1845854210424,-137.65344807544918,9885.780889793796,1168.008857417197,-409.8056567883421
16.93218781797978,32.5707967225604,27.33415466715467,25.396324868495626,44.716906147414285,23.41656031415818,18.40801312812772,22.37953058864639
33.058786113924285,53.20496284580578,32.188817052302234,29.3689475206432,79.95730616469584,40.13179027111048,77.51240196180174,47.645609210842906
561.9928470471696,469.0276335032502,469.7456758538239,506.6858852245973,463.7737460053525,491.8493151509626,479.853866815563,294.5635165362163
-0.3004261224648163,-0.5134681011630431,0.8728293509009282,-1.0576089324794489,-0.2221912611364769,2.3148708629717203,1.6642928342012555,1.2031590110931654
1918.8000305648504,86.60984847292588,578.7491059292096,383.8486102800072,768.0557073711868,-276.80568844257016,1572.083196647657,-215.0238383089864
0.0005267353694191,0.002173812035312,21171.59376883081,22201.93722008177,17064.661513474864,13095.533259388523,2592.6258668496403,-217.7684100925238
-583.0554198776608,-2185.2596825063165,9248.63897024643,12987.80934931483,2299.680794297172,12171.830610587484,336.10255076115146,12178.358758272212
-129.77791983054874,239.74189351247696,3539.320595537908,3457.545701275346,-517.652955206068,3064.2201768448926,-767.3817557328703,550.4808364091989
15.932284831751373,32.14284316972595,43.24235270949488,28.8471063200117,26.984747986799192,35.98731702314784,32.87122688920944,20.27885179319452
65.22261465332372,65.69349750242482,86.40149989920903,74.71523023559624,29.27906254001237,15.881551883247994,46.67977082290714,45.803273579096704
520.8613217292511,594.3398368502131,474.5699479287968,562.7591950921645,496.0436255536894,237.64937934608253,208.81087406883967,632.6463880384661
-0.1314600746815262,0.3079600437061864,1.3882122501580705,0.409953716165388,1.1888201045867886,1.8804915271635512,-0.4413149303492047,-0.8999348063137351
46.44426232440784,446.1871334926916,-8.311973061388017,9.620370476010637,359.9506147420738,25.53387235129719,603.5617052728558,332.2120295319125
4.0357122564263866e-05,0.0019939252218545,-4947.521485813477,20685.82727380888,20273.111196955462,14008.279909176286,-513.7355355336133,631.9585942684905
-27.56619537478004,-1.0697864768417915,664.1513632372934,29.83649417218481,2303.829375916977,717.4778686827389,-1247.2290344066014,2023.7802727681144
-287.1495432702099,-30.720102561179903,-168.9701244508624,-1581.6075651065655,159.2171337216755,320.0587745340103,3153.463872755404,1318.7104715939345
33.24595821955371,16.44539113718986,38.96290792970724,29.65440760069103,25.089260202677,20.9643603003678,29.35840426603845,31.0598281374546
63.86302472312339,74.8823370178942,36.871751964995646,22.108981859485617,75.23591450038285,63.42700673741135,82.44722685933195,55.1594794192664
555.4247955372423,621.012962272704,581.4103353066872,753.8220628304479,552.8127180485708,357.5407023317214,550.4244132910184,533.1352947678336
2.476133761436884,-1.6790725349729574,-0.2575264801812242,-0.0148132481647316,3.0619203752589312,0.4412677223385869,0.0414548226006006,3.5395480931173093
-162.8899326216162,-12.543790227432028,-378.7499778022409,385.7668763392985,1128.3207068507068,-147.53737768139283,100.02327249730538,644.5028587915316
-0.0007690330243882,-0.0014722334325843,13206.4223428091,17947.73509893824,12790.956051044272,15580.151683746712,1321.000844073572,-314.74640211970217
-277.86336339239966,906.1000601404064,-264.6349447368457,1832.921968107752,-1065.7103783499829,732.5618085868288,-51.89470670226768,-232.30790624854905
212.81274652878008,-306.97197408830243,-543.7027588773244,2205.1845854210424,-137.65344807544918,9885.780889793796,1168.008857417197,-409.8056567883421
16.93218781797978,32.5707967225604,27.33415466715467,25.396324868495626,44.716906147414285,23.41656031415818,18.40801312812772,22.37953058864639
33.058786113924285,53.20496284580578,32.188817052302234,29.3689475206432,79.95730616469584,40.13179027111048,77.51240196180174,47.645609210842906
561.9928470471696,469.0276335032502,469.7456758538239,506.6858852245973,463.7737460053525,491.8493151509626,479.853866815563,294.5635165362163
-0.3004261224648163,-0.5134681011630431,0.8728293509009282,-1.0576089324794489,-0.2221912611364769,2.3148708629717203,1.6642928342012555,1.2031590110931654
1918.8000305648504,86.60984847292588,578.7491059292096,383.8486102800072,768.0557073711868,-276.80568844257016,1572.083196647657,-215.0238383089864
0.0005267353694191,0.002173812035312,21171.59376883081,22201.93722008177,17064.661513474864,13095.533259388523,2592.6258668496403,-217.7684100925238
-583.0554198776608,-2185.2596825063165,9248.63897024643,12987.80934931483,2299.680794297172,12171.830610587484,336.10255076115146,12178.358758272212
-129.77791983054874,239.74189351247696,3539.320595537908,3457.545701275346,-517.652955206068,3064.2201768448926,-767.3817557328703,550.4808364091989
15.932284831751373,32.14284316972595,43.24235270949488,28.8471063200117,26.984747986799192,35.98731702314784,32.87122688920944,20.27885179319452
65.22261465332372,65.69349750242482,86.40149989920903,74.71523023559624,29.27906254001237,15.881551883247994,46.67977082290714,45.803273579096704
520.8613217292511,594.3398368502131,474.5699479287968,562.7591950921645,496.0436255536894,237.64937934608253,208.81087406883967,632.6463880384661
-0.1314600746815262,0.3079600437061864,1.3882122501580705,0.409953716165388,1.1888201045867886,1.8804915271635512,-0.4413149303492047,-0.8999348063137351
46.44426232440784,446.1871334926916,-8.311973061388017,9.620370476010637,359.9506147420738,25.53387235129719,603.5617052728558,332.2120295319125
4.0357122564263866e-05,0.0019939252218545,-4947.521485813477,20685.82727380888,20273.111196955462,14008.279909176286,-513.7355355336133,631.9585942684905
-27.56619537478004,-1.0697864768417915,664.1513632372934,29.83649417218481,2303.829375916977,717.4778686827389,-1247.2290344066014,2023.7802727681144
-287.1495432702099,-30.720102561179903,-168.9701244508624,-1581.6075651065655,159.2171337216755,320.0587745340103,3153.463872755404,1318.7104715939345
33.24595821955371,16.44539113718986,38.96290792970724,29.65440760069103,25.089260202677,20.9643603003678,29.35840426603845,31.0598281374546
63.86302472312339,74.8823370178942,36.871751964995646,22.108981859485617,75.23591450038285,63.42700673741135,82.44722685933195,55.1594794192664
555.4247955372423,621.012962272704,581.4103353066872,753.8220628304479,552.8127180485708,357.5407023317214,550.4244132910184,533.1352947678336
2.476133761436884,-1.6790725349729574,-0.2575264801812242,-0.0148132481647316,3.0619203752589312,0.4412677223385869,0.0414548226006006,3.5395480931173093
-162.8899326216162,-12.543790227432028,-378.7499778022409,385.7668763392985,1128.3207068507068,-147.53737768139283,100.02327249730538,644.5028587915316
-0.0007690330243882,-0.0014722334325843,13206.4223428091,17947.73509893824,12790.956051044272,15580.151683746712,1321.000844073572,-314.74640211970217
-277.86336339239966,906.1000601404064,-264.6349447368457,1832.921968107752,-1065.7103783499829,732.5618085868288,-51.89470670226768,-232.30790624854905
212.81274652878008,-306.97197408830243,-543.7027588773244,2205.1845854210424,-137.65344807544918,9885.780889793796,1168.008857417197,-409.8056567883421
16.93218781797978,32.5707967225604,27.33415466715467,25.396324868495626,44.716906147414285,23.41656031415818,18.40801312812772,22.37953058864639
33.058786113924285,53.20496284580578,32.188817052302234,29.3689475206432,79.95730616469584,40.13179027111048,77.51240196180174,47.645609210842906
561.9928470471696,469.0276335032502,469.7456758538239,506.6858852245973,463.7737460053525,491.8493151509626,479.853866815563,294.5635165362163
-0.3004261224648163,-0.5134681011630431,0.8728293509009282,-1.0576089324794489,-0.2221912611364769,2.3148708629717203,1.6642928342012555,1.2031590110931654
1918.8000305648504,86.60984847292588,578.7491059292096,383.8486102800072,768.0557073711868,-276.80568844257016,1572.083196647657,-215.0238383089864
0.0005267353694191,0.002173812035312,21171.59376883081,22201.93722008177,17064.661513474864,13095.533259388523,2592.6258668496403,-217.7684100925238
-583.0554198776608,-2185.2596825063165,9248.63897024643,12987.80934931483,2299.680794297172,12171.830610587484,336.10255076115146,12178.358758272212
-129.77791983054874,239.74189351247696,3539.320595537908,3457.545701275346,-517.652955206068,3064.2201768448926,-767.3817557328703,550.4808364091989
15.932284831751373,32.14284316972595,43.24235270949488,28.8471063200117,26.984747986799192,35.98731702314784,32.87122688920944,20.27885179319452
65.22261465332372,65.69349750242482,86.40149989920903,74.71523023559624,29.27906254001237,15.881551883247994,46.67977082290714,45.803273579096704
520.8613217292511,594.3398368502131,474.5699479287968,562.7591950921645,496.0436255536894,237.64937934608253,208.81087406883967,632.6463880384661
-0.1314600746815262,0.3079600437061864,1.3882122501580705,0.409953716165388,1.1888201045867886,1.8804915271635512,-0.4413149303492047,-0.8999348063137351
46.44426232440784,446.1871334926916,-8.311973061388017,9.620370476010637,359.9506147420738,25.53387235129719,603.5617052728558,332.2120295319125
4.0357122564263866e-05,0.0019939252218545,-4947.521485813477,20685.82727380888,20273.111196955462,14008.279909176286,-513.7355355336133,631.9585942684905
-27.56619537478004,-1.0697864768417915,664.1513632372934,29.83649417218481,2303.829375916977,717.4778686827389,-1247.2290344066014,2023.7802727681144
-287.1495432702099,-30.720102561179903,-168.9701244508624,-1581.6075651065655,159.2171337216755,320.0587745340103,3153.463872755404,1318.7104715939345
33.24595821955371,16.44539113718986,38.96290792970724,29.65440760069103,25.089260202677,20.9643603003678,29.35840426603845,31.0598281374546
63.86302472312339,74.8823370178942,36.871751964995646,22.108981859485617,75.23591450038285,63.42700673741135,82.44722685933195,55.1594794192664
555.4247955372423,621.012962272704,581.4103353066872,753.8220628304479,552.8127180485708,357.5407023317214,550.4244132910184,533.1352947678336
2.476133761436884,-1.6790725349729574,-0.2575264801812242,-0.0148132481647316,3.0619203752589312,0.4412677223385869,0.0414548226006006,3.5395480931173093
-162.8899326216162,-12.543790227432028,-378.7499778022409,385.7668763392985,1128.3207068507068,-147.53737768139283,100.02327249730538,644.5028587915316
-0.0007690330243882,-0.0014722334325843,13206.4223428091,17947.73509893824,12790.956051044272,15580.151683746712,1321.000844073572,-314.74640211970217
-277.86336339239966,906.1000601404064,-264.6349447368457,1832.921968107752,-1065.7103783499829,732.5618085868288,-51.89470670226768,-232.30790624854905
212.81274652878008,-306.97197408830243,-543.7027588773244,2205.1845854210424,-137.65344807544918,9885.780889793796,1168.008857417197,-409.8056567883421
16.93218781797978,32.5707967225604,27.33415466715467,25.396324868495626,44.716906147414285,23.41656031415818,18.40801312812772,22.37953058864639
33.058786113924285,53.20496284580578,32.188817052302234,29.3689475206432,79.95730616469584,40.13179027111048,77.51240196180174,47.645609210842906
561.9928470471696,469.0276335032502,469.7456758538239,506.6858852245973,463.7737460053525,491.8493151509626,479.853866815563,294.5635165362163
-0.3004261224648163,-0.5134681011630431,0.8728293509009282,-1.0576089324794489,-0.2221912611364769,2.3148708629717203,1.6642928342012555,1.2031590110931654
1918.8000305648504,86.60984847292588,578.7491059292096,383.8486102800072,768.0557073711868,-276.80568844257016,1572.083196647657,-215.0238383089864
0.0005267353694191,0.002173812035312,21171.59376883081,22201.93722008177,17064.661513474864,13095.533259388523,2592.6258668496403,-217.7684100925238
-583.0554198776608,-2185.2596825063165,9248.63897024643,12987.80934931483,2299.680794297172,12171.830610587484,336.10255076115146,12178.358758272212
-129.77791983054874,239.74189351247696,3539.320595537908,3457.545701275346,-517.652955206068,3064.2201768448926,-767.3817557328703,550.4808364091989
15.932284831751373,32.14284316972595,43.24235270949488,28.8471063200117,26.984747986799192,35.98731702314784,32.87122688920944,20.27885179319452
65.22261465332372,65.69349750242482,86.40149989920903,74.71523023559624,29.27906254001237,15.881551883247994,46.67977082290714,45.803273579096704
520.8613217292511,594.3398368502131,474.5699479287968,562.7591950921645,496.0436255536894,237.64937934608253,208.81087406883967,632.6463880384661
-0.1314600746815262,0.3079600437061864,1.3882122501580705,0.409953716165388,1.1888201045867886,1.8804915271635512,-0.4413149303492047,-0.8999348063137351
46.44426232440784,446.1871334926916,-8.311973061388017,9.620370476010637,359.9506147420738,25.53387235129719,603.5617052728558,332.2120295319125
4.0357122564263866e-05,0.0019939252218545,-4947.521485813477,20685.82727380888,20273.111196955462,14008.279909176286,-513.7355355336133,631.9585942684905
-27.56619537478004,-1.0697864768417915,664.1513632372934,29.83649417218481,2303.829375916977,717.4778686827389,-1247.2290344066014,2023.7802727681144
-287.1495432702099,-30.720102561179903,-168.9701244508624,-1581.6075651065655,159.2171337216755,320.0587745340103,3153.463872755404,1318.7104715939345
33.24595821955371,16.44539113718986,38.96290792970724,29.65440760069103,25.089260202677,20.9643603003678,29.35840426603845,31.0598281374546
63.86302472312339,74.8823370178942,36.871751964995646,22.108981859485617,75.23591450038285,63.42700673741135,82.44722685933195,55.1594794192664
555.4247955372423,621.012962272704,581.4103353066872,753.8220628304479,552.8127180485708,357.5407023317214,550.4244132910184,533.1352947678336
2.476133761436884,-1.6790725349729574,-0.2575264801812242,-0.0148132481647316,3.0619203752589312,0.4412677223385869,0.0414548226006006,3.5395480931173093
-162.8899326216162,-12.543790227432028,-378.7499778022409,385.7668763392985,1128.3207068507068,-147.53737768139283,100.02327249730538,644.5028587915316
-0.0007690330243882,-0.0014722334325843,13206.4223428091,17947.73509893824,12790.956051044272,15580.151683746712,1321.000844073572,-314.74640211970217
-277.86336339239966,906.1000601404064,-264.6349447368457,1832.921968107752,-1065.7103783499829,732.5618085868288,-51.89470670226768,-232.30790624854905
212.81274652878008,-306.97197408830243,-543.7027588773244,2205.1845854210424,-137.65344807544918,9885.780889793796,1168.008857417197,-409.8056567883421
16.93218781797978,32.5707967225604,27.33415466715467,25.396324868495626,44.716906147414285,23.41656031415818,18.40801312812772,22.37953058864639
33.058786113924285,53.20496284580578,32.188817052302234,29.3689475206432,79.95730616469584,40.13179027111048,77.51240196180174,47.645609210842906
561.9928470471696,469.0276335032502,469.7456758538239,506.6858852245973,463.7737460053525,491.8493151509626,479.853866815563,294.5635165362163
-0.3004261224648163,-0.5134681011630431,0.8728293509009282,-1.0576089324794489,-0.2221912611364769,2.3148708629717203,1.6642928342012555,1.2031590110931654
1918.8000305648504,86.60984847292588,578.7491059292096,383.8486102800072,768.0557073711868,-276.80568844257016,1572.083196647657,-215.0238383089864
0.0005267353694191,0.002173812035312,21171.59376883081,22201.93722008177,17064.661513474864,13095.533259388523,2592.6258668496403,-217.7684100925238
-583.0554198776608,-2185.2596825063165,9248.63897024643,12987.80934931483,2299.680794297172,12171.830610587484,336.10255076115146,12178.358758272212
-129.77791983054874,239.74189351247696,3539.320595537908,3457.545701275346,-517.652955206068,3064.2201768448926,-767.3817557328703,550.4808364091989
15.932284831751373,32.14284316972595,43.24235270949488,28.8471063200117,26.984747986799192,35.98731702314784,32.87122688920944,20.27885179319452
65.22261465332372,65.69349750242482,86.40149989920903,74.71523023559624,29.27906254001237,15.881551883247994,46.67977082290714,45.803273579096704
520.8613217292511,594.3398368502131,474.5699479287968,562.7591950921645,496.0436255536894,237.64937934608253,208.81087406883967,632.6463880384661
-0.1314600746815262,0.3079600437061864,1.3882122501580705,0.409953716165388,1.1888201045867886,1.8804915271635512,-0.4413149303492047,-0.8999348063137351
46.44426232440784,446.1871334926916,-8.311973061388017,9.620370476010637,359.9506147420738,25.53387235129719,603.5617052728558,332.2120295319125
4.0357122564263866e-05,0.0019939252218545,-4947.521485813477,20685.82727380888,20273.111196955462,14008.279909176286,-513.7355355336133,631.9585942684905
-27.56619537478004,-1.0697864768417915,664.1513632372934,29.83649417218481,2303.829375916977,717.4778686827389,-1247.2290344066014,2023.7802727681144
-287.1495432702099,-30.720102561179903,-168.9701244508624,-1581.6075651065655,159.2171337216755,320.0587745340103,3153.463872755404,1318.7104715939345
33.24595821955371,16.44539113718986,38.96290792970724,29.65440760069103,25.089260202677,20.9643603003678,29.35840426603845,31.0598281374546
63.86302472312339,74.8823370178942,36.871751964995646,22.108981859485617,75.23591450038285,63.42700673741135,82.44722685933195,55.1594794192664
555.4247955372423,621.012962272704,581.4103353066872,753.8220628304479,552.8127180485708,357.5407023317214,550.4244132910184,533.1352947678336
2.476133761436884,-1.6790725349729574,-0.2575264801812242,-0.0148132481647316,3.0619203752589312,0.4412677223385869,0.0414548226006006,3.5395480931173093
-162.8899326216162,-12.543790227432028,-378.7499778022409,385.7668763392985,1128.3207068507068,-147.53737768139283,100.02327249730538,644.5028587915316
-0.0007690330243882,-0.0014722334325843,13206.4223428091,17947.73509893824,12790.956051044272,15580.151683746712,1321.000844073572,-314.74640211970217
-277.86336339239966,906.1000601404064,-264.6349447368457,1832.921968107752,-1065.7103783499829,732.5618085868288,-51.89470670226768,-232.30790624854905
212.81274652878008,-306.97197408830243,-543.7027588773244,2205.1845854210424,-137.65344807544918,9885.780889793796,1168.008857417197,-409.8056567883421
16.93218781797978,32.5707967225604,27.33415466715467,25.396324868495626,44.716906147414285,23.41656031415818,18.40801312812772,22.37953058864639
33.058786113924285,53.20496284580578,32.188817052302234,29.3689475206432,79.95730616469584,40.13179027111048,77.51240196180174,47.645609210842906
561.9928470471696,469.0276335032502,469.7456758538239,506.6858852245973,463.7737460053525,491.8493151509626,479.853866815563,294.5635165362163
-0.3004261224648163,-0.5134681011630431,0.8728293509009282,-1.0576089324794489,-0.2221912611364769,2.3148708629717203,1.6642928342012555,1.2031590110931654
1918.8000305648504,86.60984847292588,578.7491059292096,383.8486102800072,768.0557073711868,-276.80568844257016,1572.083196647657,-215.0238383089864
0.0005267353694191,0.002173812035312,21171.59376883081,22201.93722008177,17064.661513474864,13095.533259388523,2592.6258668496403,-217.7684100925238
-583.0554198776608,-2185.2596825063165,9248.63897024643,12987.80934931483,2299.680794297172,12171.830610587484,336.10255076115146,12178.358758272212
-129.77791983054874,239.74189351247696,3539.320595537908,3457.545701275346,-517.652955206068,3064.2201768448926,-767.3817557328703,550.4808364091989
15.932284831751373,32.14284316972595,43.24235270949488,28.8471063200117,26.984747986799192,35.98731702314784,32.87122688920944,20.27885179319452
65.22261465332372,65.69349750242482,86.40149989920903,74.71523023559624,29.27906254001237,15.881551883247994,46.67977082290714,45.803273579096704
520.8613217292511,594.3398368502131,474.5699479287968,562.7591950921645,496.0436255536894,237.64937934608253,208.81087406883967,632.6463880384661
-0.1314600746815262,0.3079600437061864,1.3882122501580705,0.409953716165388,1.1888201045867886,1.8804915271635512,-0.4413149303492047,-0.8999348063137351
46.44426232440784,446.1871334926916,-8.311973061388017,9.620370476010637,359.9506147420738,25.53387235129719,603.5617052728558,332.2120295319125
4.0357122564263866e-05,0.0019939252218545,-4947.521485813477,20685.82727380888,20273.111196955462,14008.279909176286,-513.7355355336133,631.9585942684905
-27.56619537478004,-1.0697864768417915,664.1513632372934,29.83649417218481,2303.829375916977,717.4778686827389,-1247.2290344066014,2023.7802727681144
-287.1495432702099,-30.720102561179903,-168.9701244508624,-1581.6075651065655,159.2171337216755,320.0587745340103,3153.463872755404,1318.7104715939345
33.24595821955371,16.44539113718986,38.96290792970724,29.65440760069103,25.089260202677,20.9643603003678,29.35840426603845,31.0598281374546
63.86302472312339,74.8823370178942,36.871751964995646,22.108981859485617,75.23591450038285,63.42700673741135,82.44722685933195,55.1594794192664
555.4247955372423,621.012962272704,581.4103353066872,753.8220628304479,552.8127180485708,357.5407023317214,550.4244132910184,533.1352947678336
2.476133761436884,-1.6790725349729574,-0.2575264801812242,-0.0148132481647316,3.0619203752589312,0.4412677223385869,0.0414548226006006,3.5395480931173093
-162.8899326216162,-12.543790227432028,-378.7499778022409,385.7668763392985,1128.3207068507068,-147.53737768139283,100.02327249730538,644.5028587915316
-0.0007690330243882,-0.0014722334325843,13206.4223428091,17947.73509893824,12790.956051044272,15580.151683746712,1321.000844073572,-314.74640211970217
-277.86336339239966,906.1000601404064,-264.6349447368457,1832.921968107752,-1065.7103783499829,732.5618085868288,-51.89470670226768,-232.30790624854905
212.81274652878008,-306.97197408830243,-543.7027588773244,2205.1845854210424,-137.65344807544918,9885.780889793796,1168.008857417197,-409.8056567883421
16.93218781797978,32.5707967225604,27.33415466715467,25.396324868495626,44.716906147414285,23.41656031415818,18.40801312812772,22.37953058864639
33.058786113924285,53.20496284580578,32.188817052302234,29.3689475206432,79.95730616469584,40.13179027111048,77.51240196180174,47.645609210842906
561.9928470471696,469.0276335032502,469.7456758538239,506.6858852245973,463.7737460053525,491.8493151509626,479.853866815563,294.5635165362163
-0.3004261224648163,-0.5134681011630431,0.8728293509009282,-1.0576089324794489,-0.2221912611364769,2.3148708629717203,1.6642928342012555,1.2031590110931654
1918.8000305648504,86.60984847292588,578.7491059292096,383.8486102800072,768.0557073711868,-276.80568844257016,1572.083196647657,-215.0238383089864
0.0005267353694191,0.002173812035312,21171.59376883081,22201.93722008177,17064.661513474864,13095.533259388523,2592.6258668496403,-217.7684100925238
-583.0554198776608,-2185.2596825063165,9248.63897024643,12987.80934931483,2299.680794297172,12171.830610587484,336.10255076115146,12178.358758272212
-129.77791983054874,239.74189351247696,3539.320595537908,3457.545701275346,-517.652955206068,3064.2201768448926,-767.3817557328703,550.4808364091989
15.932284831751373,32.14284316972595,43.24235270949488,28.8471063200117,26.984747986799192,35.98731702314784,32.87122688920944,20.27885179319452
65.22261465332372,65.69349750242482,86.40149989920903,74.71523023559624,29.27906254001237,15.881551883247994,46.67977082290714,45.803273579096704
520.8613217292511,594.3398368502131,474.5699479287968,562.7591950921645,496.0436255536894,237.64937934608253,208.81087406883967,632.6463880384661
-0.1314600746815262,0.3079600437061864,1.3882122501580705,0.409953716165388,1.1888201045867886,1.8804915271635512,-0.4413149303492047,-0.8999348063137351
46.44426232440784,446.1871334926916,-8.311973061388017,9.620370476010637,359.9506147420738,25.53387235129719,603.5617052728558,332.2120295319125
4.0357122564263866e-05,0.0019939252218545,-4947.521485813477,20685.82727380888,20273.111196955462,14008.279909176286,-513.7355355336133,631.9585942684905
-27.56619537478004,-1.0697864768417915,664.1513632372934,29.83649417218481,2303.829375916977,717.4778686827389,-1247.2290344066014,2023.7802727681144
-287.1495432702099,-30.720102561179903,-168.9701244508624,-1581.6075651065655,159.2171337216755,320.0587745340103,3153.463872755404,1318.7104715939345
33.24595821955371,16.44539113718986,38.96290792970724,29.65440760069103,25.089260202677,20.9643603003678,29.35840426603845,31.0598281374546
63.86302472312339,74.8823370178942,36.871751964995646,22.108981859485617,75.23591450038285,63.42700673741135,82.44722685933195,55.1594794192664
555.4247955372423,621.012962272704,581.4103353066872,753.8220628304479,552.8127180485708,357.5407023317214,550.4244132910184,533.1352947678336
2.476133761436884,-1.6790725349729574,-0.2575264801812242,-0.0148132481647316,3.0619203752589312,0.4412677223385869,0.0414548226006006,3.5395480931173093
-162.8899326216162,-12.543790227432028,-378.7499778022409,385.7668763392985,1128.3207068507068,-147.53737768139283,100.02327249730538,644.5028587915316
-0.0007690330243882,-0.0014722334325843,13206.4223428091,17947.73509893824,12790.956051044272,15580.151683746712,1321.000844073572,-314.74640211970217
-277.86336339239966,906.1000601404064,-264.6349447368457,1832.921968107752,-1065.7103783499829,732.5618085868288,-51.89470670226768,-232.30790624854905
212.81274652878008,-306.97197408830243,-543.7027588773244,2205.1845854210424,-137.65344807544918,9885.780889793796,1168.008857417197,-409.8056567883421
16.93218781797978,32.5707967225604,27.33415466715467,25.396324868495626,44.716906147414285,23.41656031415818,18.40801312812772,22.37953058864639
33.058786113924285,53.20496284580578,32.188817052302234,29.3689475206432,79.95730616469584,40.13179027111048,77.51240196180174,47.645609210842906
561.9928470471696,469.0276335032502,469.7456758538239,506.6858852245973,463.7737460053525,491.8493151509626,479.853866815563,294.5635165362163
-0.3004261224648163,-0.5134681011630431,0.8728293509009282,-1.0576089324794489,-0.2221912611364769,2.3148708629717203,1.6642928342012555,1.2031590110931654
1918.8000305648504,86.60984847292588,578.7491059292096,383.8486102800072,768.0557073711868,-276.80568844257016,1572.083196647657,-215.0238383089864
0.0005267353694191,0.002173812035312,21171.59376883081,22201.93722008177,17064.661513474864,13095.533259388523,2592.6258668496403,-217.7684100925238
-583.0554198776608,-2185.2596825063165,9248.63897024643,12987.80934931483,2299.680794297172,12171.830610587484,336.10255076115146,12178.358758272212
-129.77791983054874,239.74189351247696,3539.320595537908,3457.545701275346,-517.652955206068,3064.2201768448926,-767.3817557328703,550.4808364091989
15.932284831751373,32.14284316972595,43.24235270949488,28.8471063200117,26.984747986799192,35.98731702314784,32.87122688920944,20.27885179319452
65.22261465332372,65.69349750242482,86.40149989920903,74.71523023559624,29.27906254001237,15.881551883247994,46.67977082290714,45.803273579096704
520.8613217292511,594.3398368502131,474.5699479287968,562.7591950921645,496.0436255536894,237.64937934608253,208.81087406883967,632.6463880384661
-0.1314600746815262,0.3079600437061864,1.3882122501580705,0.409953716165388,1.1888201045867886,1.8804915271635512,-0.4413149303492047,-0.8999348063137351
46.44426232440784,446.1871334926916,-8.311973061388017,9.620370476010637,359.9506147420738,25.53387235129719,603.5617052728558,332.2120295319125
4.0357122564263866e-05,0.0019939252218545,-4947.521485813477,20685.82727380888,20273.111196955462,14008.279909176286,-513.7355355336133,631.9585942684905
-27.56619537478004,-1.0697864768417915,664.1513632372934,29.83649417218481,2303.829375916977,717.4778686827389,-1247.2290344066014,2023.7802727681144
-287.1495432702099,-30.720102561179903,-168.9701244508624,-1581.6075651065655,159.2171337216755,320.0587745340103,3153.463872755404,1318.7104715939345
33.24595821955371,16.44539113718986,38.96290792970724,29.65440760069103,25.089260202677,20.9643603003678,29.35840426603845,31.0598281374546
63.86302472312339,74.8823370178942,36.871751964995646,22.108981859485617,75.23591450038285,63.42700673741135,82.44722685933195,55.1594794192664
555.4247955372423,621.012962272704,581.4103353066872,753.8220628304479,552.8127180485708,357.5407023317214,550.4244132910184,533.1352947678336
2.476133761436884,-1.6790725349729574,-0.2575264801812242,-0.0148132481647316,3.0619203752589312,0.4412677223385869,0.0414548226006006,3.5395480931173093
-162.8899326216162,-12.543790227432028,-378.7499778022409,385.7668763392985,1128.3207068507068,-147.53737768139283,100.02327249730538,644.5028587915316
-0.0007690330243882,-0.0014722334325843,13206.4223428091,17947.73509893824,12790.956051044272,15580.151683746712,1321.000844073572,-314.74640211970217
-277.86336339239966,906.1000601404064,-264.6349447368457,1832.921968107752,-1065.7103783499829,732.5618085868288,-51.89470670226768,-232.30790624854905
212.81274652878008,-306.97197408830243,-543.7027588773244,2205.1845854210424,-137.65344807544918,9885.780889793796,1168.008857417197,-409.8056567883421
16.93218781797978,32.5707967225604,27.33415466715467,25.396324868495626,44.716906147414285,23.41656031415818,18.40801312812772,22.37953058864639
33.058786113924285,53.20496284580578,32.188817052302234,29.3689475206432,79.95730616469584,40.13179027111048,77.51240196180174,47.645609210842906
561.9928470471696,469.0276335032502,469.7456758538239,506.6858852245973,463.7737460053525,491.8493151509626,479.853866815563,294.5635165362163
-0.3004261224648163,-0.5134681011630431,0.8728293509009282,-1.0576089324794489,-0.2221912611364769,2.3148708629717203,1.6642928342012555,1.2031590110931654
1918.8000305648504,86.60984847292588,578.7491059292096,383.8486102800072,768.0557073711868,-276.80568844257016,1572.083196647657,-215.0238383089864
0.0005267353694191,0.002173812035312,21171.59376883081,22201.93722008177,17064.661513474864,13095.533259388523,2592.6258668496403,-217.7684100925238
-583.0554198776608,-2185.2596825063165,9248.63897024643,12987.80934931483,2299.680794297172,12171.830610587484,336.10255076115146,12178.358758272212
-129.77791983054874,239.74189351247696,3539.320595537908,3457.545701275346,-517.652955206068,3064.2201768448926,-767.3817557328703,550.4808364091989
15.932284831751373,32.14284316972595,43.24235270949488,28.8471063200117,26.984747986799192,35.98731702314784,32.87122688920944,20.27885179319452
65.22261465332372,65.69349750242482,86.40149989920903,74.71523023559624,29.27906254001237,15.881551883247994,46.67977082290714,45.803273579096704
520.8613217292511,594.3398368502131,474.5699479287968,562.7591950921645,496.0436255536894,237.64937934608253,208.81087406883967,632.6463880384661
-0.1314600746815262,0.3079600437061864,1.3882122501580705,0.409953716165388,1.1888201045867886,1.8804915271635512,-0.4413149303492047,-0.8999348063137351
46.44426232440784,446.1871334926916,-8.311973061388017,9.620370476010637,359.9506147420738,25.53387235129719,603.5617052728558,332.2120295319125
4.0357122564263866e-05,0.0019939252218545,-4947.521485813477,20685.82727380888,20273.111196955462,14008.279909176286,-513.7355355336133,631.9585942684905
-27.56619537478004,-1.0697864768417915,664.1513632372934,29.83649417218481,2303.829375916977,717.4778686827389,-1247.2290344066014,2023.7802727681144
-287.1495432702099,-30.720102561179903,-168.9701244508624,-1581.6075651065655,159.2171337216755,320.0587745340103,3153.463872755404,1318.7104715939345
33.24595821955371,16.44539113718986,38.96290792970724,29.65440760069103,25.089260202677,20.9643603003678,29.35840426603845,31.0598281374546
63.86302472312339,74.8823370178942,36.871751964995646,22.108981859485617,75.23591450038285,63.42700673741135,82.44722685933195,55.1594794192664
555.4247955372423,621.012962272704,581.4103353066872,753.8220628304479,552.8127180485708,357.5407023317214,550.4244132910184,533.1352947678336
2.476133761436884,-1.6790725349729574,-0.2575264801812242,-0.0148132481647316,3.0619203752589312,0.4412677223385869,0.0414548226006006,3.5395480931173093
-162.8899326216162,-12.543790227432028,-378.7499778022409,385.7668763392985,1128.3207068507068,-147.53737768139283,100.02327249730538,644.5028587915316
-0.0007690330243882,-0.0014722334325843,13206.4223428091,17947.73509893824,12790.956051044272,15580.151683746712,1321.000844073572,-314.74640211970217
-277.86336339239966,906.1000601404064,-264.6349447368457,1832.921968107752,-1065.7103783499829,732.5618085868288,-51.89470670226768,-232.30790624854905
212.81274652878008,-306.97197408830243,-543.7027588773244,2205.1845854210424,-137.65344807544918,9885.780889793796,1168.008857417197,-409.8056567883421
16.93218781797978,32.5707967225604,27.33415466715467,25.396324868495626,44.716906147414285,23.41656031415818,18.40801312812772,22.37953058864639
33.058786113924285,53.20496284580578,32.188817052302234,29.3689475206432,79.95730616469584,40.13179027111048,77.51240196180174,47.645609210842906
561.9928470471696,469.0276335032502,469.7456758538239,506.6858852245973,463.7737460053525,491.8493151509626,479.853866815563,294.5635165362163
-0.3004261224648163,-0.5134681011630431,0.8728293509009282,-1.0576089324794489,-0.2221912611364769,2.3148708629717203,1.6642928342012555,1.2031590110931654
1918.8000305648504,86.60984847292588,578.7491059292096,383.8486102800072,768.0557073711868,-276.80568844257016,1572.083196647657,-215.0238383089864
0.0005267353694191,0.002173812035312,21171.59376883081,22201.93722008177,17064.661513474864,13095.533259388523,2592.6258668496403,-217.7684100925238
-583.0554198776608,-2185.2596825063165,9248.63897024643,12987.80934931483,2299.680794297172,12171.830610587484,336.10255076115146,12178.358758272212
-129.77791983054874,239.74189351247696,3539.320595537908,3457.545701275346,-517.652955206068,3064.2201768448926,-767.3817557328703,550.4808364091989
15.932284831751373,32.14284316972595,43.24235270949488,28.8471063200117,26.984747986799192,35.98731702314784,32.87122688920944,20.27885179319452
65.22261465332372,65.69349750242482,86.40149989920903,74.71523023559624,29.27906254001237,15.881551883247994,46.67977082290714,45.803273579096704
520.8613217292511,594.3398368502131,474.5699479287968,562.7591950921645,496.0436255536894,237.64937934608253,208.81087406883967,632.6463880384661
-0.1314600746815262,0.3079600437061864,1.3882122501580705,0.409953716165388,1.1888201045867886,1.8804915271635512,-0.4413149303492047,-0.8999348063137351
46.44426232440784,446.1871334926916,-8.311973061388017,9.620370476010637,359.9506147420738,25.53387235129719,603.5617052728558,332.2120295319125
4.0357122564263866e-05,0.0019939252218545,-4947.521485813477,20685.82727380888,20273.111196955462,14008.279909176286,-513.7355355336133,631.9585942684905
-27.56619537478004,-1.0697864768417915,664.1513632372934,29.83649417218481,2303.829375916977,717.4778686827389,-1247.2290344066014,2023.7802727681144
-287.1495432702099,-30.720102561179903,-168.9701244508624,-1581.6075651065655,159.2171337216755,320.0587745340103,3153.463872755404,1318.7104715939345
33.24595821955371,16.44539113718986,38.96290792970724,29.65440760069103,25.089260202677,20.9643603003678,29.35840426603845,31.0598281374546
63.86302472312339,74.8823370178942,36.871751964995646,22.108981859485617,75.23591450038285,63.42700673741135,82.44722685933195,55.1594794192664
555.4247955372423,621.012962272704,581.4103353066872,753.8220628304479,552.8127180485708,357.5407023317214,550.4244132910184,533.1352947678336
2.476133761436884,-1.6790725349729574,-0.2575264801812242,-0.0148132481647316,3.0619203752589312,0.4412677223385869,0.0414548226006006,3.5395480931173093
-162.8899326216162,-12.543790227432028,-378.7499778022409,385.7668763392985,1128.3207068507068,-147.53737768139283,100.02327249730538,644.5028587915316
-0.0007690330243882,-0.0014722334325843,13206.4223428091,17947.73509893824,12790.956051044272,15580.151683746712,1321.000844073572,-314.74640211970217
-277.86336339239966,906.1000601404064,-264.6349447368457,1832.921968107752,-1065.7103783499829,732.5618085868288,-51.89470670226768,-232.30790624854905
212.81274652878008,-306.97197408830243,-543.7027588773244,2205.1845854210424,-137.65344807544918,9885.780889793796,1168.008857417197,-409.8056567883421
16.93218781797978,32.5707967225604,27.33415466715467,25.396324868495626,44.716906147414285,23.41656031415818,18.40801312812772,22.37953058864639
33.058786113924285,53.20496284580578,32.188817052302234,29.3689475206432,79.95730616469584,40.13179027111048,77.51240196180174,47.645609210842906
561.9928470471696,469.0276335032502,469.7456758538239,506.6858852245973,463.7737460053525,491.8493151509626,479.853866815563,294.5635165362163
-0.3004261224648163,-0.5134681011630431,0.8728293509009282,-1.0576089324794489,-0.2221912611364769,2.3148708629717203,1.6642928342012555,1.2031590110931654
1918.8000305648504,86.60984847292588,578.7491059292096,383.8486102800072,768.0557073711868,-276.80568844257016,1572.083196647657,-215.0238383089864
0.0005267353694191,0.002173812035312,21171.59376883081,22201.93722008177,17064.661513474864,13095.533259388523,2592.6258668496403,-217.7684100925238
-583.0554198776608,-2185.2596825063165,9248.63897024643,12987.80934931483,2299.680794297172,12171.830610587484,336.10255076115146,12178.358758272212
-129.77791983054874,239.74189351247696,3539.320595537908,3457.545701275346,-517.652955206068,3064.2201768448926,-767.3817557328703,550.4808364091989
15.932284831751373,32.14284316972595,43.24235270949488,28.8471063200117,26.984747986799192,35.98731702314784,32.87122688920944,20.27885179319452
65.22261465332372,65.69349750242482,86.40149989920903,74.71523023559624,29.27906254001237,15.881551883247994,46.67977082290714,45.803273579096704
520.8613217292511,594.3398368502131,474.5699479287968,562.7591950921645,496.0436255536894,237.64937934608253,208.81087406883967,632.6463880384661
-0.1314600746815262,0.3079600437061864,1.3882122501580705,0.409953716165388,1.1888201045867886,1.8804915271635512,-0.4413149303492047,-0.8999348063137351
46.44426232440784,446.1871334926916,-8.311973061388017,9.620370476010637,359.9506147420738,25.53387235129719,603.5617052728558,332.2120295319125
4.0357122564263866e-05,0.0019939252218545,-4947.521485813477,20685.82727380888,20273.111196955462,14008.279909176286,-513.7355355336133,631.9585942684905
-27.56619537478004,-1.0697864768417915,664.1513632372934,29.83649417218481,2303.829375916977,717.4778686827389,-1247.2290344066014,2023.7802727681144
-287.1495432702099,-30.720102561179903,-168.9701244508624,-1581.6075651065655,159.2171337216755,320.0587745340103,3153.463872755404,1318.7104715939345
33.24595821955371,16.44539113718986,38.96290792970724,29.65440760069103,25.089260202677,20.9643603003678,29.35840426603845,31.0598281374546
63.86302472312339,74.8823370178942,36.871751964995646,22.108981859485617,75.23591450038285,63.42700673741135,82.44722685933195,55.1594794192664
555.4247955372423,621.012962272704,581.4103353066872,753.8220628304479,552.8127180485708,357.5407023317214,550.4244132910184,533.1352947678336
2.476133761436884,-1.6790725349729574,-0.2575264801812242,-0.0148132481647316,3.0619203752589312,0.4412677223385869,0.0414548226006006,3.5395480931173093
-162.8899326216162,-12.543790227432028,-378.7499778022409,385.7668763392985,1128.3207068507068,-147.53737768139283,100.02327249730538,644.5028587915316
-0.0007690330243882,-0.0014722334325843,13206.4223428091,17947.73509893824,12790.956051044272,15580.151683746712,1321.000844073572,-314.74640211970217
-277.86336339239966,906.1000601404064,-264.6349447368457,1832.921968107752,-1065.7103783499829,732.5618085868288,-51.89470670226768,-232.30790624854905
212.81274652878008,-306.97197408830243,-543.7027588773244,2205.1845854210424,-137.65344807544918,9885.780889793796,1168.008857417197,-409.8056567883421
16.93218781797978,32.5707967225604,27.33415466715467,25.396324868495626,44.716906147414285,23.41656031415818,18.40801312812772,22.37953058864639
33.058786113924285,53.20496284580578,32.188817052302234,29.3689475206432,79.95730616469584,40.13179027111048,77.51240196180174,47.645609210842906
561.9928470471696,469.0276335032502,469.7456758538239,506.6858852245973,463.7737460053525,491.8493151509626,479.853866815563,294.5635165362163
-0.3004261224648163,-0.5134681011630431,0.8728293509009282,-1.0576089324794489,-0.2221912611364769,2.3148708629717203,1.6642928342012555,1.2031590110931654
1918.8000305648504,86.60984847292588,578.7491059292096,383.8486102800072,768.0557073711868,-276.80568844257016,1572.083196647657,-215.0238383089864
0.0005267353694191,0.002173812035312,21171.59376883081,22201.93722008177,17064.661513474864,13095.533259388523,2592.6258668496403,-217.7684100925238
-583.0554198776608,-2185.2596825063165,9248.63897024643,12987.80934931483,2299.680794297172,12171.830610587484,336.10255076115146,12178.358758272212
-129.77791983054874,239.74189351247696,3539.320595537908,3457.545701275346,-517.652955206068,3064.2201768448926,-767.3817557328703,550.4808364091989
15.932284831751373,32.14284316972595,43.24235270949488,28.8471063200117,26.984747986799192,35.98731702314784,32.87122688920944,20.27885179319452
65.22261465332372,65.69349750242482,86.40149989920903,74.71523023559624,29.27906254001237,15.881551883247994,46.67977082290714,45.803273579096704
520.8613217292511,594.3398368502131,474.5699479287968,562.7591950921645,496.0436255536894,237.64937934608253,208.81087406883967,632.6463880384661
-0.1314600746815262,0.3079600437061864,1.3882122501580705,0.409953716165388,1.1888201045867886,1.8804915271635512,-0.4413149303492047,-0.8999348063137351
46.44426232440784,446.1871334926916,-8.311973061388017,9.620370476010637,359.9506147420738,25.53387235129719,603.5617052728558,332.2120295319125
4.0357122564263866e-05,0.0019939252218545,-4947.521485813477,20685.82727380888,20273.111196955462,14008.279909176286,-513.7355355336133,631.9585942684905
-27.56619537478004,-1.0697864768417915,664.1513632372934,29.83649417218481,2303.829375916977,717.4778686827389,-1247.2290344066014,2023.7802727681144
-287.1495432702099,-30.720102561179903,-168.9701244508624,-1581.6075651065655,159.2171337216755,320.0587745340103,3153.463872755404,1318.7104715939345
33.24595821955371,16.44539113718986,38.96290792970724,29.65440760069103,25.089260202677,20.9643603003678,29.35840426603845,31.0598281374546
63.86302472312339,74.8823370178942,36.871751964995646,22.108981859485617,75.23591450038285,63.42700673741135,82.44722685933195,55.1594794192664
555.4247955372423,621.012962272704,581.4103353066872,753.8220628304479,552.8127180485708,357.5407023317214,550.4244132910184,533.1352947678336
2.476133761436884,-1.6790725349729574,-0.2575264801812242,-0.0148132481647316,3.0619203752589312,0.4412677223385869,0.0414548226006006,3.5395480931173093
-162.8899326216162,-12.543790227432028,-378.7499778022409,385.7668763392985,1128.3207068507068,-147.53737768139283,100.02327249730538,644.5028587915316
-0.0007690330243882,-0.0014722334325843,13206.4223428091,17947.73509893824,12790.956051044272,15580.151683746712,1321.000844073572,-314.74640211970217
-277.86336339239966,906.1000601404064,-264.6349447368457,1832.921968107752,-1065.7103783499829,732.5618085868288,-51.89470670226768,-232.30790624854905
212.81274652878008,-306.97197408830243,-543.7027588773244,2205.1845854210424,-137.65344807544918,9885.780889793796,1168.008857417197,-409.8056567883421
16.93218781797978,32.5707967225604,27.33415466715467,25.396324868495626,44.716906147414285,23.41656031415818,18.40801312812772,22.37953058864639
33.058786113924285,53.20496284580578,32.188817052302234,29.3689475206432,79.95730616469584,40.13179027111048,77.51240196180174,47.645609210842906
561.9928470471696,469.0276335032502,469.7456758538239,506.6858852245973,463.7737460053525,491.8493151509626,479.853866815563,294.5635165362163
-0.3004261224648163,-0.5134681011630431,0.8728293509009282,-1.0576089324794489,-0.2221912611364769,2.3148708629717203,1.6642928342012555,1.2031590110931654
1918.8000305648504,86.60984847292588,578.7491059292096,383.8486102800072,768.0557073711868,-276.80568844257016,1572.083196647657,-215.0238383089864
0.0005267353694191,0.002173812035312,21171.59376883081,22201.93722008177,17064.661513474864,13095.533259388523,2592.6258668496403,-217.7684100925238
-583.0554198776608,-2185.2596825063165,9248.63897024643,12987.80934931483,2299.680794297172,12171.830610587484,336.10255076115146,12178.358758272212
-129.77791983054874,239.74189351247696,3539.320595537908,3457.545701275346,-517.652955206068,3064.2201768448926,-767.3817557328703,550.4808364091989
