내부온도관측치,내부습도관측치,co2관측치,ec관측치,시간당분무량,시간당백색광량,시간당적색광량,시간당청색광량
10.774316075960776,30.698892358988857,35.09227221669457,29.890510846213843,25.80213387743438,33.82663121360892,27.021610634728784,34.07951381978021
35.87325352812449,89.68151153862809,59.82841614830985,29.87039081428972,43.732678107681615,64.94729704281659,71.2203494994802,29.451294044438985
682.0911783812787,502.1049430915294,335.510787471772,655.0602356502,731.7076537524003,403.51692774664514,349.44866539529585,354.578771681774
1.7320138858406264,1.508171920621591,-0.2765237079197293,0.0199515436844792,-0.352481246448789,2.498681781118348,2.049681982012845,-0.4392884819395459
148.8367273722191,-2027.1567576766547,1531.2356369219983,113.22447124937128,663.5287065720172,743.6814573539475,2035.4128170526783,1731.738928128418
0.0021719045938873,0.0003565511297291,-2024.636465078676,-10818.276561582752,18611.7258873538,17329.984237651184,-112.10689998067028,1494.4281195567598
-107.88575611123412,1493.575386396743,-142.7097350629769,728.1072972817615,-175.60979876097048,2307.494000575868,-2764.32649598267,-807.8707698189407
-2947.0828441764675,-4.780255793152151,-459.7427089169023,-1058.0325070238157,4842.743625242506,-114.72757012872762,148.82127388858794,496.1272050225696
32.90292254856342,22.645381075140328,32.74851222663647,28.345421821313405,29.711175928152045,31.74232535332436,28.337346997360203,21.24609695713276
60.34439672557643,38.395202242235655,24.15600071196993,19.58537828075155,24.94398933674736,60.655310142928286,75.31987535058565,62.9751079649095
697.3819383611306,388.5290349806454,485.9516407696732,766.7720621793056,514.2920326225408,310.4495742403586,757.6158017434002,637.5010309686104
0.1904534965880535,0.761032116488896,-0.1683218202603511,-1.103106578695954,-0.2011763165920101,-0.5897266152827156,-1.6712648290264782,-0.7843757237394482
-208.08141106076656,696.935167729067,88.28476294263211,205.00488482262125,789.7866134936961,111.36776250310362,-199.8255682871491,-235.24182771158635
0.0002721672576208,0.0006027070956924,10431.823055886993,10459.268448430465,15280.14826064249,12755.357823491184,13760.67128035977,776.6697193530049
660.6675476875255,1276.2982466444005,-1958.05274906516,493.5154324172911,208.1338997246063,-818.8822371787832,-8273.681061356689,-1111.4610174159668
-273.7726100323701,-51.33415498182498,-812.7708800757956,405.45130555398566,2669.9376232833074,367.0811941483176,2869.801716227027,735.302857337924
25.123817443254808,36.56296312407192,25.816671755167143,26.638963448206365,30.523988113381154,24.69081508325208,24.15386117771689,15.660655341803436
58.97774170068651,52.81262668560954,36.45494292186154,46.54147976283992,72.67203692889946,37.90626803224173,80.31109985682299,55.34528674638248
519.1092202504069,372.91020375408914,480.1138878869484,509.7962613012567,473.1652295176463,694.067646749221,867.0611383844937,428.7798860396464
-0.4694786348003001,0.127136901703849,0.2953145559186856,2.150744664678509,1.808258416010012,1.6348176990409593,1.985334076022804,3.674904994515837
404.34973464207206,-13.629424502724376,955.8260677566708,126.42161168167648,380.7457721325645,-233.9416611713613,-478.62576227649504,-313.4032477783793
0.0017203201793056,0.0006592170977782,14464.659706251983,23345.8431599522,20411.619828267845,20317.589457854345,1180.0848017415951,-78.0677341646548
363.0680818162595,-1678.0464595558549,301.0215768541836,-2194.337575908635,-1264.9408821081338,3295.1256242382506,-1678.6673707453838,976.6606869500364
-325.6752355192407,-298.78554208155225,-1849.509452986179,1612.427357581509,-852.2843102565575,2537.524357988884,925.3320897876508,-787.541536782844
10.774316075960776,30.698892358988857,35.09227221669457,29.890510846213843,25.80213387743438,33.82663121360892,27.021610634728784,34.07951381978021
35.87325352812449,89.68151153862809,59.82841614830985,29.87039081428972,43.732678107681615,64.94729704281659,71.2203494994802,29.451294044438985
682.0911783812787,502.1049430915294,335.510787471772,655.0602356502,731.7076537524003,403.51692774664514,349.44866539529585,354.578771681774
1.7320138858406264,1.508171920621591,-0.2765237079197293,0.0199515436844792,-0.352481246448789,2.498681781118348,2.049681982012845,-0.4392884819395459
148.8367273722191,-2027.1567576766547,1531.2356369219983,113.22447124937128,663.5287065720172,743.6814573539475,2035.4128170526783,1731.738928128418
0.0021719045938873,0.0003565511297291,-2024.636465078676,-10818.276561582752,18611.7258873538,17329.984237651184,-112.10689998067028,1494.4281195567598
-107.88575611123412,1493.575386396743,-142.7097350629769,728.1072972817615,-175.60979876097048,2307.494000575868,-2764.32649598267,-807.8707698189407
-2947.0828441764675,-4.780255793152151,-459.7427089169023,-1058.0325070238157,4842.743625242506,-114.72757012872762,148.82127388858794,496.1272050225696
32.90292254856342,22.645381075140328,32.74851222663647,28.345421821313405,29.711175928152045,31.74232535332436,28.337346997360203,21.24609695713276
60.34439672557643,38.395202242235655,24.15600071196993,19.58537828075155,24.94398933674736,60.655310142928286,75.31987535058565,62.9751079649095
697.3819383611306,388.5290349806454,485.9516407696732,766.7720621793056,514.2920326225408,310.4495742403586,757.6158017434002,637.5010309686104
0.1904534965880535,0.761032116488896,-0.1683218202603511,-1.103106578695954,-0.2011763165920101,-0.5897266152827156,-1.6712648290264782,-0.7843757237394482
-208.08141106076656,696.935167729067,88.28476294263211,205.00488482262125,789.7866134936961,111.36776250310362,-199.8255682871491,-235.24182771158635
0.0002721672576208,0.0006027070956924,10431.823055886993,10459.268448430465,15280.14826064249,12755.357823491184,13760.67128035977,776.6697193530049
660.6675476875255,1276.2982466444005,-1958.05274906516,493.5154324172911,208.1338997246063,-818.8822371787832,-8273.681061356689,-1111.4610174159668
-273.7726100323701,-51.33415498182498,-812.7708800757956,405.45130555398566,2669.9376232833074,367.0811941483176,2869.801716227027,735.302857337924
25.123817443254808,36.56296312407192,25.816671755167143,26.638963448206365,30.523988113381154,24.69081508325208,24.15386117771689,15.660655341803436
58.97774170068651,52.81262668560954,36.45494292186154,46.54147976283992,72.67203692889946,37.90626803224173,80.31109985682299,55.34528674638248
519.1092202504069,372.91020375408914,480.1138878869484,509.7962613012567,473.1652295176463,694.067646749221,867.0611383844937,428.7798860396464
-0.4694786348003001,0.127136901703849,0.2953145559186856,2.150744664678509,1.808258416010012,1.6348176990409593,1.985334076022804,3.674904994515837
404.34973464207206,-13.629424502724376,955.8260677566708,126.42161168167648,380.7457721325645,-233.9416611713613,-478.62576227649504,-313.4032477783793
0.0017203201793056,0.0006592170977782,14464.659706251983,23345.8431599522,20411.619828267845,20317.589457854345,1180.0848017415951,-78.0677341646548
363.0680818162595,-1678.0464595558549,301.0215768541836,-2194.337575908635,-1264.9408821081338,3295.1256242382506,-1678.6673707453838,976.6606869500364
-325.6752355192407,-298.78554208155225,-1849.509452986179,1612.427357581509,-852.2843102565575,2537.524357988884,925.3320897876508,-787.541536782844
10.774316075960776,30.698892358988857,35.09227221669457,29.890510846213843,25.80213387743438,33.82663121360892,27.021610634728784,34.07951381978021
35.87325352812449,89.68151153862809,59.82841614830985,29.87039081428972,43.732678107681615,64.94729704281659,71.2203494994802,29.451294044438985
682.0911783812787,502.1049430915294,335.510787471772,655.0602356502,731.7076537524003,403.51692774664514,349.44866539529585,354.578771681774
1.7320138858406264,1.508171920621591,-0.2765237079197293,0.0199515436844792,-0.352481246448789,2.498681781118348,2.049681982012845,-0.4392884819395459
148.8367273722191,-2027.1567576766547,1531.2356369219983,113.22447124937128,663.5287065720172,743.6814573539475,2035.4128170526783,1731.738928128418
0.0021719045938873,0.0003565511297291,-2024.636465078676,-10818.276561582752,18611.7258873538,17329.984237651184,-112.10689998067028,1494.4281195567598
-107.88575611123412,1493.575386396743,-142.7097350629769,728.1072972817615,-175.60979876097048,2307.494000575868,-2764.32649598267,-807.8707698189407
-2947.0828441764675,-4.780255793152151,-459.7427089169023,-1058.0325070238157,4842.743625242506,-114.72757012872762,148.82127388858794,496.1272050225696
32.90292254856342,22.645381075140328,32.74851222663647,28.345421821313405,29.711175928152045,31.74232535332436,28.337346997360203,21.24609695713276
60.34439672557643,38.395202242235655,24.15600071196993,19.58537828075155,24.94398933674736,60.655310142928286,75.31987535058565,62.9751079649095
697.3819383611306,388.5290349806454,485.9516407696732,766.7720621793056,514.2920326225408,310.4495742403586,757.6158017434002,637.5010309686104
0.1904534965880535,0.761032116488896,-0.1683218202603511,-1.103106578695954,-0.2011763165920101,-0.5897266152827156,-1.6712648290264782,-0.7843757237394482
-208.08141106076656,696.935167729067,88.28476294263211,205.00488482262125,789.7866134936961,111.36776250310362,-199.8255682871491,-235.24182771158635
0.0002721672576208,0.0006027070956924,10431.823055886993,10459.268448430465,15280.14826064249,12755.357823491184,13760.67128035977,776.6697193530049
660.6675476875255,1276.2982466444005,-1958.05274906516,493.5154324172911,208.1338997246063,-818.8822371787832,-8273.681061356689,-1111.4610174159668
-273.7726100323701,-51.33415498182498,-812.7708800757956,405.45130555398566,2669.9376232833074,367.0811941483176,2869.801716227027,735.302857337924
25.123817443254808,36.56296312407192,25.816671755167143,26.638963448206365,30.523988113381154,24.69081508325208,24.15386117771689,15.660655341803436
58.97774170068651,52.81262668560954,36.45494292186154,46.54147976283992,72.67203692889946,37.90626803224173,80.31109985682299,55.34528674638248
519.1092202504069,372.91020375408914,480.1138878869484,509.7962613012567,473.1652295176463,694.067646749221,867.0611383844937,428.7798860396464
-0.4694786348003001,0.127136901703849,0.2953145559186856,2.150744664678509,1.808258416010012,1.6348176990409593,1.985334076022804,3.674904994515837
404.34973464207206,-13.629424502724376,955.8260677566708,126.42161168167648,380.7457721325645,-233.9416611713613,-478.62576227649504,-313.4032477783793
0.0017203201793056,0.0006592170977782,14464.659706251983,23345.8431599522,20411.619828267845,20317.589457854345,1180.0848017415951,-78.0677341646548
363.0680818162595,-1678.0464595558549,301.0215768541836,-2194.337575908635,-1264.9408821081338,3295.1256242382506,-1678.6673707453838,976.6606869500364
-325.6752355192407,-298.78554208155225,-1849.509452986179,1612.427357581509,-852.2843102565575,2537.524357988884,925.3320897876508,-787.541536782844
10.774316075960776,30.698892358988857,35.09227221669457,29.890510846213843,25.80213387743438,33.82663121360892,27.021610634728784,34.07951381978021
35.87325352812449,89.68151153862809,59.82841614830985,29.87039081428972,43.732678107681615,64.94729704281659,71.2203494994802,29.451294044438985
682.0911783812787,502.1049430915294,335.510787471772,655.0602356502,731.7076537524003,403.51692774664514,349.44866539529585,354.578771681774
1.7320138858406264,1.508171920621591,-0.2765237079197293,0.0199515436844792,-0.352481246448789,2.498681781118348,2.049681982012845,-0.4392884819395459
148.8367273722191,-2027.1567576766547,1531.2356369219983,113.22447124937128,663.5287065720172,743.6814573539475,2035.4128170526783,1731.738928128418
0.0021719045938873,0.0003565511297291,-2024.636465078676,-10818.276561582752,18611.7258873538,17329.984237651184,-112.10689998067028,1494.4281195567598
-107.88575611123412,1493.575386396743,-142.7097350629769,728.1072972817615,-175.60979876097048,2307.494000575868,-2764.32649598267,-807.8707698189407
-2947.0828441764675,-4.780255793152151,-459.7427089169023,-1058.0325070238157,4842.743625242506,-114.72757012872762,148.82127388858794,496.1272050225696
32.90292254856342,22.645381075140328,32.74851222663647,28.345421821313405,29.711175928152045,31.74232535332436,28.337346997360203,21.24609695713276
60.34439672557643,38.395202242235655,24.15600071196993,19.58537828075155,24.94398933674736,60.655310142928286,75.31987535058565,62.9751079649095
697.3819383611306,388.5290349806454,485.9516407696732,766.7720621793056,514.2920326225408,310.4495742403586,757.6158017434002,637.5010309686104
0.1904534965880535,0.761032116488896,-0.1683218202603511,-1.103106578695954,-0.2011763165920101,-0.5897266152827156,-1.6712648290264782,-0.7843757237394482
-208.08141106076656,696.935167729067,88.28476294263211,205.00488482262125,789.7866134936961,111.36776250310362,-199.8255682871491,-235.24182771158635
0.0002721672576208,0.0006027070956924,10431.823055886993,10459.268448430465,15280.14826064249,12755.357823491184,13760.67128035977,776.6697193530049
660.6675476875255,1276.2982466444005,-1958.05274906516,493.5154324172911,208.1338997246063,-818.8822371787832,-8273.681061356689,-1111.4610174159668
-273.7726100323701,-51.33415498182498,-812.7708800757956,405.45130555398566,2669.9376232833074,367.0811941483176,2869.801716227027,735.302857337924
25.123817443254808,36.56296312407192,25.816671755167143,26.638963448206365,30.523988113381154,24.69081508325208,24.15386117771689,15.660655341803436
58.97774170068651,52.81262668560954,36.45494292186154,46.54147976283992,72.67203692889946,37.90626803224173,80.31109985682299,55.34528674638248
519.1092202504069,372.91020375408914,480.1138878869484,509.7962613012567,473.1652295176463,694.067646749221,867.0611383844937,428.7798860396464
-0.4694786348003001,0.127136901703849,0.2953145559186856,2.150744664678509,1.808258416010012,1.6348176990409593,1.985334076022804,3.674904994515837
404.34973464207206,-13.629424502724376,955.8260677566708,126.42161168167648,380.7457721325645,-233.9416611713613,-478.62576227649504,-313.4032477783793
0.0017203201793056,0.0006592170977782,14464.659706251983,23345.8431599522,20411.619828267845,20317.589457854345,1180.0848017415951,-78.0677341646548
363.0680818162595,-1678.0464595558549,301.0215768541836,-2194.337575908635,-1264.9408821081338,3295.1256242382506,-1678.6673707453838,976.6606869500364
-325.6752355192407,-298.78554208155225,-1849.509452986179,1612.427357581509,-852.2843102565575,2537.524357988884,925.3320897876508,-787.541536782844
10.774316075960776,30.698892358988857,35.09227221669457,29.890510846213843,25.80213387743438,33.82663121360892,27.021610634728784,34.07951381978021
35.87325352812449,89.68151153862809,59.82841614830985,29.87039081428972,43.732678107681615,64.94729704281659,71.2203494994802,29.451294044438985
682.0911783812787,502.1049430915294,335.510787471772,655.0602356502,731.7076537524003,403.51692774664514,349.44866539529585,354.578771681774
1.7320138858406264,1.508171920621591,-0.2765237079197293,0.0199515436844792,-0.352481246448789,2.498681781118348,2.049681982012845,-0.4392884819395459
148.8367273722191,-2027.1567576766547,1531.2356369219983,113.22447124937128,663.5287065720172,743.6814573539475,2035.4128170526783,1731.738928128418
0.0021719045938873,0.0003565511297291,-2024.636465078676,-10818.276561582752,18611.7258873538,17329.984237651184,-112.10689998067028,1494.4281195567598
-107.88575611123412,1493.575386396743,-142.7097350629769,728.1072972817615,-175.60979876097048,2307.494000575868,-2764.32649598267,-807.8707698189407
-2947.0828441764675,-4.780255793152151,-459.7427089169023,-1058.0325070238157,4842.743625242506,-114.72757012872762,148.82127388858794,496.1272050225696
32.90292254856342,22.645381075140328,32.74851222663647,28.345421821313405,29.711175928152045,31.74232535332436,28.337346997360203,21.24609695713276
60.34439672557643,38.395202242235655,24.15600071196993,19.58537828075155,24.94398933674736,60.655310142928286,75.31987535058565,62.9751079649095
697.3819383611306,388.5290349806454,485.9516407696732,766.7720621793056,514.2920326225408,310.4495742403586,757.6158017434002,637.5010309686104
0.1904534965880535,0.761032116488896,-0.1683218202603511,-1.103106578695954,-0.2011763165920101,-0.5897266152827156,-1.6712648290264782,-0.7843757237394482
-208.08141106076656,696.935167729067,88.28476294263211,205.00488482262125,789.7866134936961,111.36776250310362,-199.8255682871491,-235.24182771158635
0.0002721672576208,0.0006027070956924,10431.823055886993,10459.268448430465,15280.14826064249,12755.357823491184,13760.67128035977,776.6697193530049
660.6675476875255,1276.2982466444005,-1958.05274906516,493.5154324172911,208.1338997246063,-818.8822371787832,-8273.681061356689,-1111.4610174159668
-273.7726100323701,-51.33415498182498,-812.7708800757956,405.45130555398566,2669.9376232833074,367.0811941483176,2869.801716227027,735.302857337924
25.123817443254808,36.56296312407192,25.816671755167143,26.638963448206365,30.523988113381154,24.69081508325208,24.15386117771689,15.660655341803436
58.97774170068651,52.81262668560954,36.45494292186154,46.54147976283992,72.67203692889946,37.90626803224173,80.31109985682299,55.34528674638248
519.1092202504069,372.91020375408914,480.1138878869484,509.7962613012567,473.1652295176463,694.067646749221,867.0611383844937,428.7798860396464
-0.4694786348003001,0.127136901703849,0.2953145559186856,2.150744664678509,1.808258416010012,1.6348176990409593,1.985334076022804,3.674904994515837
404.34973464207206,-13.629424502724376,955.8260677566708,126.42161168167648,380.7457721325645,-233.9416611713613,-478.62576227649504,-313.4032477783793
0.0017203201793056,0.0006592170977782,14464.659706251983,23345.8431599522,20411.619828267845,20317.589457854345,1180.0848017415951,-78.0677341646548
363.0680818162595,-1678.0464595558549,301.0215768541836,-2194.337575908635,-1264.9408821081338,3295.1256242382506,-1678.6673707453838,976.6606869500364
-325.6752355192407,-298.78554208155225,-1849.509452986179,1612.427357581509,-852.2843102565575,2537.524357988884,925.3320897876508,-787.541536782844
10.774316075960776,30.698892358988857,35.09227221669457,29.890510846213843,25.80213387743438,33.82663121360892,27.021610634728784,34.07951381978021
35.87325352812449,89.68151153862809,59.82841614830985,29.87039081428972,43.732678107681615,64.94729704281659,71.2203494994802,29.451294044438985
682.0911783812787,502.1049430915294,335.510787471772,655.0602356502,731.7076537524003,403.51692774664514,349.44866539529585,354.578771681774
1.7320138858406264,1.508171920621591,-0.2765237079197293,0.0199515436844792,-0.352481246448789,2.498681781118348,2.049681982012845,-0.4392884819395459
148.8367273722191,-2027.1567576766547,1531.2356369219983,113.22447124937128,663.5287065720172,743.6814573539475,2035.4128170526783,1731.738928128418
0.0021719045938873,0.0003565511297291,-2024.636465078676,-10818.276561582752,18611.7258873538,17329.984237651184,-112.10689998067028,1494.4281195567598
-107.88575611123412,1493.575386396743,-142.7097350629769,728.1072972817615,-175.60979876097048,2307.494000575868,-2764.32649598267,-807.8707698189407
-2947.0828441764675,-4.780255793152151,-459.7427089169023,-1058.0325070238157,4842.743625242506,-114.72757012872762,148.82127388858794,496.1272050225696
32.90292254856342,22.645381075140328,32.74851222663647,28.345421821313405,29.711175928152045,31.74232535332436,28.337346997360203,21.24609695713276
60.34439672557643,38.395202242235655,24.15600071196993,19.58537828075155,24.94398933674736,60.655310142928286,75.31987535058565,62.9751079649095
697.3819383611306,388.5290349806454,485.9516407696732,766.7720621793056,514.2920326225408,310.4495742403586,757.6158017434002,637.5010309686104
0.1904534965880535,0.761032116488896,-0.1683218202603511,-1.103106578695954,-0.2011763165920101,-0.5897266152827156,-1.6712648290264782,-0.7843757237394482
-208.08141106076656,696.935167729067,88.28476294263211,205.00488482262125,789.7866134936961,111.36776250310362,-199.8255682871491,-235.24182771158635
0.0002721672576208,0.0006027070956924,10431.823055886993,10459.268448430465,15280.14826064249,12755.357823491184,13760.67128035977,776.6697193530049
660.6675476875255,1276.2982466444005,-1958.05274906516,493.5154324172911,208.1338997246063,-818.8822371787832,-8273.681061356689,-1111.4610174159668
-273.7726100323701,-51.33415498182498,-812.7708800757956,405.45130555398566,2669.9376232833074,367.0811941483176,2869.801716227027,735.302857337924
25.123817443254808,36.56296312407192,25.816671755167143,26.638963448206365,30.523988113381154,24.69081508325208,24.15386117771689,15.660655341803436
58.97774170068651,52.81262668560954,36.45494292186154,46.54147976283992,72.67203692889946,37.90626803224173,80.31109985682299,55.34528674638248
519.1092202504069,372.91020375408914,480.1138878869484,509.7962613012567,473.1652295176463,694.067646749221,867.0611383844937,428.7798860396464
-0.4694786348003001,0.127136901703849,0.2953145559186856,2.150744664678509,1.808258416010012,1.6348176990409593,1.985334076022804,3.674904994515837
404.34973464207206,-13.629424502724376,955.8260677566708,126.42161168167648,380.7457721325645,-233.9416611713613,-478.62576227649504,-313.4032477783793
0.0017203201793056,0.0006592170977782,14464.659706251983,23345.8431599522,20411.619828267845,20317.589457854345,1180.0848017415951,-78.0677341646548
363.0680818162595,-1678.0464595558549,301.0215768541836,-2194.337575908635,-1264.9408821081338,3295.1256242382506,-1678.6673707453838,976.6606869500364
-325.6752355192407,-298.78554208155225,-1849.509452986179,1612.427357581509,-852.2843102565575,2537.524357988884,925.3320897876508,-787.541536782844
10.774316075960776,30.698892358988857,35.09227221669457,29.890510846213843,25.80213387743438,33.82663121360892,27.021610634728784,34.07951381978021
35.87325352812449,89.68151153862809,59.82841614830985,29.87039081428972,43.732678107681615,64.94729704281659,71.2203494994802,29.451294044438985
682.0911783812787,502.1049430915294,335.510787471772,655.0602356502,731.7076537524003,403.51692774664514,349.44866539529585,354.578771681774
1.7320138858406264,1.508171920621591,-0.2765237079197293,0.0199515436844792,-0.352481246448789,2.498681781118348,2.049681982012845,-0.4392884819395459
148.8367273722191,-2027.1567576766547,1531.2356369219983,113.22447124937128,663.5287065720172,743.6814573539475,2035.4128170526783,1731.738928128418
0.0021719045938873,0.0003565511297291,-2024.636465078676,-10818.276561582752,18611.7258873538,17329.984237651184,-112.10689998067028,1494.4281195567598
-107.88575611123412,1493.575386396743,-142.7097350629769,728.1072972817615,-175.60979876097048,2307.494000575868,-2764.32649598267,-807.8707698189407
-2947.0828441764675,-4.780255793152151,-459.7427089169023,-1058.0325070238157,4842.743625242506,-114.72757012872762,148.82127388858794,496.1272050225696
32.90292254856342,22.645381075140328,32.74851222663647,28.345421821313405,29.711175928152045,31.74232535332436,28.337346997360203,21.24609695713276
60.34439672557643,38.395202242235655,24.15600071196993,19.58537828075155,24.94398933674736,60.655310142928286,75.31987535058565,62.9751079649095
697.3819383611306,388.5290349806454,485.9516407696732,766.7720621793056,514.2920326225408,310.4495742403586,757.6158017434002,637.5010309686104
0.1904534965880535,0.761032116488896,-0.1683218202603511,-1.103106578695954,-0.2011763165920101,-0.5897266152827156,-1.6712648290264782,-0.7843757237394482
-208.08141106076656,696.935167729067,88.28476294263211,205.00488482262125,789.7866134936961,111.36776250310362,-199.8255682871491,-235.24182771158635
0.0002721672576208,0.0006027070956924,10431.823055886993,10459.268448430465,15280.14826064249,12755.357823491184,13760.67128035977,776.6697193530049
660.6675476875255,1276.2982466444005,-1958.05274906516,493.5154324172911,208.1338997246063,-818.8822371787832,-8273.681061356689,-1111.4610174159668
-273.7726100323701,-51.33415498182498,-812.7708800757956,405.45130555398566,2669.9376232833074,367.0811941483176,2869.801716227027,735.302857337924
25.123817443254808,36.56296312407192,25.816671755167143,26.638963448206365,30.523988113381154,24.69081508325208,24.15386117771689,15.660655341803436
58.97774170068651,52.81262668560954,36.45494292186154,46.54147976283992,72.67203692889946,37.90626803224173,80.31109985682299,55.34528674638248
519.1092202504069,372.91020375408914,480.1138878869484,509.7962613012567,473.1652295176463,694.067646749221,867.0611383844937,428.7798860396464
-0.4694786348003001,0.127136901703849,0.2953145559186856,2.150744664678509,1.808258416010012,1.6348176990409593,1.985334076022804,3.674904994515837
404.34973464207206,-13.629424502724376,955.8260677566708,126.42161168167648,380.7457721325645,-233.9416611713613,-478.62576227649504,-313.4032477783793
0.0017203201793056,0.0006592170977782,14464.659706251983,23345.8431599522,20411.619828267845,20317.589457854345,1180.0848017415951,-78.0677341646548
363.0680818162595,-1678.0464595558549,301.0215768541836,-2194.337575908635,-1264.9408821081338,3295.1256242382506,-1678.6673707453838,976.6606869500364
-325.6752355192407,-298.78554208155225,-1849.509452986179,1612.427357581509,-852.2843102565575,2537.524357988884,925.3320897876508,-787.541536782844
10.774316075960776,30.698892358988857,35.09227221669457,29.890510846213843,25.80213387743438,33.82663121360892,27.021610634728784,34.07951381978021
35.87325352812449,89.68151153862809,59.82841614830985,29.87039081428972,43.732678107681615,64.94729704281659,71.2203494994802,29.451294044438985
682.0911783812787,502.1049430915294,335.510787471772,655.0602356502,731.7076537524003,403.51692774664514,349.44866539529585,354.578771681774
1.7320138858406264,1.508171920621591,-0.2765237079197293,0.0199515436844792,-0.352481246448789,2.498681781118348,2.049681982012845,-0.4392884819395459
148.8367273722191,-2027.1567576766547,1531.2356369219983,113.22447124937128,663.5287065720172,743.6814573539475,2035.4128170526783,1731.738928128418
0.0021719045938873,0.0003565511297291,-2024.636465078676,-10818.276561582752,18611.7258873538,17329.984237651184,-112.10689998067028,1494.4281195567598
-107.88575611123412,1493.575386396743,-142.7097350629769,728.1072972817615,-175.60979876097048,2307.494000575868,-2764.32649598267,-807.8707698189407
-2947.0828441764675,-4.780255793152151,-459.7427089169023,-1058.0325070238157,4842.743625242506,-114.72757012872762,148.82127388858794,496.1272050225696
32.90292254856342,22.645381075140328,32.74851222663647,28.345421821313405,29.711175928152045,31.74232535332436,28.337346997360203,21.24609695713276
60.34439672557643,38.395202242235655,24.15600071196993,19.58537828075155,24.94398933674736,60.655310142928286,75.31987535058565,62.9751079649095
697.3819383611306,388.5290349806454,485.9516407696732,766.7720621793056,514.2920326225408,310.4495742403586,757.6158017434002,637.5010309686104
0.1904534965880535,0.761032116488896,-0.1683218202603511,-1.103106578695954,-0.2011763165920101,-0.5897266152827156,-1.6712648290264782,-0.7843757237394482
-208.08141106076656,696.935167729067,88.28476294263211,205.00488482262125,789.7866134936961,111.36776250310362,-199.8255682871491,-235.24182771158635
0.0002721672576208,0.0006027070956924,10431.823055886993,10459.268448430465,15280.14826064249,12755.357823491184,13760.67128035977,776.6697193530049
660.6675476875255,1276.2982466444005,-1958.05274906516,493.5154324172911,208.1338997246063,-818.8822371787832,-8273.681061356689,-1111.4610174159668
-273.7726100323701,-51.33415498182498,-812.7708800757956,405.45130555398566,2669.9376232833074,367.0811941483176,2869.801716227027,735.302857337924
25.123817443254808,36.56296312407192,25.816671755167143,26.638963448206365,30.523988113381154,24.69081508325208,24.15386117771689,15.660655341803436
58.97774170068651,52.81262668560954,36.45494292186154,46.54147976283992,72.67203692889946,37.90626803224173,80.31109985682299,55.34528674638248
519.1092202504069,372.91020375408914,480.1138878869484,509.7962613012567,473.1652295176463,694.067646749221,867.0611383844937,428.7798860396464
-0.4694786348003001,0.127136901703849,0.2953145559186856,2.150744664678509,1.808258416010012,1.6348176990409593,1.985334076022804,3.674904994515837
404.34973464207206,-13.629424502724376,955.8260677566708,126.42161168167648,380.7457721325645,-233.9416611713613,-478.62576227649504,-313.4032477783793
0.0017203201793056,0.0006592170977782,14464.659706251983,23345.8431599522,20411.619828267845,20317.589457854345,1180.0848017415951,-78.0677341646548
363.0680818162595,-1678.0464595558549,301.0215768541836,-2194.337575908635,-1264.9408821081338,3295.1256242382506,-1678.6673707453838,976.6606869500364
-325.6752355192407,-298.78554208155225,-1849.509452986179,1612.427357581509,-852.2843102565575,2537.524357988884,925.3320897876508,-787.541536782844
10.774316075960776,30.698892358988857,35.09227221669457,29.890510846213843,25.80213387743438,33.82663121360892,27.021610634728784,34.07951381978021
35.87325352812449,89.68151153862809,59.82841614830985,29.87039081428972,43.732678107681615,64.94729704281659,71.2203494994802,29.451294044438985
682.0911783812787,502.1049430915294,335.510787471772,655.0602356502,731.7076537524003,403.51692774664514,349.44866539529585,354.578771681774
1.7320138858406264,1.508171920621591,-0.2765237079197293,0.0199515436844792,-0.352481246448789,2.498681781118348,2.049681982012845,-0.4392884819395459
148.8367273722191,-2027.1567576766547,1531.2356369219983,113.22447124937128,663.5287065720172,743.6814573539475,2035.4128170526783,1731.738928128418
0.0021719045938873,0.0003565511297291,-2024.636465078676,-10818.276561582752,18611.7258873538,17329.984237651184,-112.10689998067028,1494.4281195567598
-107.88575611123412,1493.575386396743,-142.7097350629769,728.1072972817615,-175.60979876097048,2307.494000575868,-2764.32649598267,-807.8707698189407
-2947.0828441764675,-4.780255793152151,-459.7427089169023,-1058.0325070238157,4842.743625242506,-114.72757012872762,148.82127388858794,496.1272050225696
32.90292254856342,22.645381075140328,32.74851222663647,28.345421821313405,29.711175928152045,31.74232535332436,28.337346997360203,21.24609695713276
60.34439672557643,38.395202242235655,24.15600071196993,19.58537828075155,24.94398933674736,60.655310142928286,75.31987535058565,62.9751079649095
697.3819383611306,388.5290349806454,485.9516407696732,766.7720621793056,514.2920326225408,310.4495742403586,757.6158017434002,637.5010309686104
0.1904534965880535,0.761032116488896,-0.1683218202603511,-1.103106578695954,-0.2011763165920101,-0.5897266152827156,-1.6712648290264782,-0.7843757237394482
-208.08141106076656,696.935167729067,88.28476294263211,205.00488482262125,789.7866134936961,111.36776250310362,-199.8255682871491,-235.24182771158635
0.0002721672576208,0.0006027070956924,10431.823055886993,10459.268448430465,15280.14826064249,12755.357823491184,13760.67128035977,776.6697193530049
660.6675476875255,1276.2982466444005,-1958.05274906516,493.5154324172911,208.1338997246063,-818.8822371787832,-8273.681061356689,-1111.4610174159668
-273.7726100323701,-51.33415498182498,-812.7708800757956,405.45130555398566,2669.9376232833074,367.0811941483176,2869.801716227027,735.302857337924
25.123817443254808,36.56296312407192,25.816671755167143,26.638963448206365,30.523988113381154,24.69081508325208,24.15386117771689,15.660655341803436
58.97774170068651,52.81262668560954,36.45494292186154,46.54147976283992,72.67203692889946,37.90626803224173,80.31109985682299,55.34528674638248
519.1092202504069,372.91020375408914,480.1138878869484,509.7962613012567,473.1652295176463,694.067646749221,867.0611383844937,428.7798860396464
-0.4694786348003001,0.127136901703849,0.2953145559186856,2.150744664678509,1.808258416010012,1.6348176990409593,1.985334076022804,3.674904994515837
404.34973464207206,-13.629424502724376,955.8260677566708,126.42161168167648,380.7457721325645,-233.9416611713613,-478.62576227649504,-313.4032477783793
0.0017203201793056,0.0006592170977782,14464.659706251983,23345.8431599522,20411.619828267845,20317.589457854345,1180.0848017415951,-78.0677341646548
363.0680818162595,-1678.0464595558549,301.0215768541836,-2194.337575908635,-1264.9408821081338,3295.1256242382506,-1678.6673707453838,976.6606869500364
-325.6752355192407,-298.78554208155225,-1849.509452986179,1612.427357581509,-852.2843102565575,2537.524357988884,925.3320897876508,-787.541536782844
10.774316075960776,30.698892358988857,35.09227221669457,29.890510846213843,25.80213387743438,33.82663121360892,27.021610634728784,34.07951381978021
35.87325352812449,89.68151153862809,59.82841614830985,29.87039081428972,43.732678107681615,64.94729704281659,71.2203494994802,29.451294044438985
682.0911783812787,502.1049430915294,335.510787471772,655.0602356502,731.7076537524003,403.51692774664514,349.44866539529585,354.578771681774
1.7320138858406264,1.508171920621591,-0.2765237079197293,0.0199515436844792,-0.352481246448789,2.498681781118348,2.049681982012845,-0.4392884819395459
148.8367273722191,-2027.1567576766547,1531.2356369219983,113.22447124937128,663.5287065720172,743.6814573539475,2035.4128170526783,1731.738928128418
0.0021719045938873,0.0003565511297291,-2024.636465078676,-10818.276561582752,18611.7258873538,17329.984237651184,-112.10689998067028,1494.4281195567598
-107.88575611123412,1493.575386396743,-142.7097350629769,728.1072972817615,-175.60979876097048,2307.494000575868,-2764.32649598267,-807.8707698189407
-2947.0828441764675,-4.780255793152151,-459.7427089169023,-1058.0325070238157,4842.743625242506,-114.72757012872762,148.82127388858794,496.1272050225696
32.90292254856342,22.645381075140328,32.74851222663647,28.345421821313405,29.711175928152045,31.74232535332436,28.337346997360203,21.24609695713276
60.34439672557643,38.395202242235655,24.15600071196993,19.58537828075155,24.94398933674736,60.655310142928286,75.31987535058565,62.9751079649095
697.3819383611306,388.5290349806454,485.9516407696732,766.7720621793056,514.2920326225408,310.4495742403586,757.6158017434002,637.5010309686104
0.1904534965880535,0.761032116488896,-0.1683218202603511,-1.103106578695954,-0.2011763165920101,-0.5897266152827156,-1.6712648290264782,-0.7843757237394482
-208.08141106076656,696.935167729067,88.28476294263211,205.00488482262125,789.7866134936961,111.36776250310362,-199.8255682871491,-235.24182771158635
0.0002721672576208,0.0006027070956924,10431.823055886993,10459.268448430465,15280.14826064249,12755.357823491184,13760.67128035977,776.6697193530049
660.6675476875255,1276.2982466444005,-1958.05274906516,493.5154324172911,208.1338997246063,-818.8822371787832,-8273.681061356689,-1111.4610174159668
-273.7726100323701,-51.33415498182498,-812.7708800757956,405.45130555398566,2669.9376232833074,367.0811941483176,2869.801716227027,735.302857337924
25.123817443254808,36.56296312407192,25.816671755167143,26.638963448206365,30.523988113381154,24.69081508325208,24.15386117771689,15.660655341803436
58.97774170068651,52.81262668560954,36.45494292186154,46.54147976283992,72.67203692889946,37.90626803224173,80.31109985682299,55.34528674638248
519.1092202504069,372.91020375408914,480.1138878869484,509.7962613012567,473.1652295176463,694.067646749221,867.0611383844937,428.7798860396464
-0.4694786348003001,0.127136901703849,0.2953145559186856,2.150744664678509,1.808258416010012,1.6348176990409593,1.985334076022804,3.674904994515837
404.34973464207206,-13.629424502724376,955.8260677566708,126.42161168167648,380.7457721325645,-233.9416611713613,-478.62576227649504,-313.4032477783793
0.0017203201793056,0.0006592170977782,14464.659706251983,23345.8431599522,20411.619828267845,20317.589457854345,1180.0848017415951,-78.0677341646548
363.0680818162595,-1678.0464595558549,301.0215768541836,-2194.337575908635,-1264.9408821081338,3295.1256242382506,-1678.6673707453838,976.6606869500364
-325.6752355192407,-298.78554208155225,-1849.509452986179,1612.427357581509,-852.2843102565575,2537.524357988884,925.3320897876508,-787.541536782844
10.774316075960776,30.698892358988857,35.09227221669457,29.890510846213843,25.80213387743438,33.82663121360892,27.021610634728784,34.07951381978021
35.87325352812449,89.68151153862809,59.82841614830985,29.87039081428972,43.732678107681615,64.94729704281659,71.2203494994802,29.451294044438985
682.0911783812787,502.1049430915294,335.510787471772,655.0602356502,731.7076537524003,403.51692774664514,349.44866539529585,354.578771681774
1.7320138858406264,1.508171920621591,-0.2765237079197293,0.0199515436844792,-0.352481246448789,2.498681781118348,2.049681982012845,-0.4392884819395459
148.8367273722191,-2027.1567576766547,1531.2356369219983,113.22447124937128,663.5287065720172,743.6814573539475,2035.4128170526783,1731.738928128418
0.0021719045938873,0.0003565511297291,-2024.636465078676,-10818.276561582752,18611.7258873538,17329.984237651184,-112.10689998067028,1494.4281195567598
-107.88575611123412,1493.575386396743,-142.7097350629769,728.1072972817615,-175.60979876097048,2307.494000575868,-2764.32649598267,-807.8707698189407
-2947.0828441764675,-4.780255793152151,-459.7427089169023,-1058.0325070238157,4842.743625242506,-114.72757012872762,148.82127388858794,496.1272050225696
32.90292254856342,22.645381075140328,32.74851222663647,28.345421821313405,29.711175928152045,31.74232535332436,28.337346997360203,21.24609695713276
60.34439672557643,38.395202242235655,24.15600071196993,19.58537828075155,24.94398933674736,60.655310142928286,75.31987535058565,62.9751079649095
697.3819383611306,388.5290349806454,485.9516407696732,766.7720621793056,514.2920326225408,310.4495742403586,757.6158017434002,637.5010309686104
0.1904534965880535,0.761032116488896,-0.1683218202603511,-1.103106578695954,-0.2011763165920101,-0.5897266152827156,-1.6712648290264782,-0.7843757237394482
-208.08141106076656,696.935167729067,88.28476294263211,205.00488482262125,789.7866134936961,111.36776250310362,-199.8255682871491,-235.24182771158635
0.0002721672576208,0.0006027070956924,10431.823055886993,10459.268448430465,15280.14826064249,12755.357823491184,13760.67128035977,776.6697193530049
660.6675476875255,1276.2982466444005,-1958.05274906516,493.5154324172911,208.1338997246063,-818.8822371787832,-8273.681061356689,-1111.4610174159668
-273.7726100323701,-51.33415498182498,-812.7708800757956,405.45130555398566,2669.9376232833074,367.0811941483176,2869.801716227027,735.302857337924
25.123817443254808,36.56296312407192,25.816671755167143,26.638963448206365,30.523988113381154,24.69081508325208,24.15386117771689,15.660655341803436
58.97774170068651,52.81262668560954,36.45494292186154,46.54147976283992,72.67203692889946,37.90626803224173,80.31109985682299,55.34528674638248
519.1092202504069,372.91020375408914,480.1138878869484,509.7962613012567,473.1652295176463,694.067646749221,867.0611383844937,428.7798860396464
-0.4694786348003001,0.127136901703849,0.2953145559186856,2.150744664678509,1.808258416010012,1.6348176990409593,1.985334076022804,3.674904994515837
404.34973464207206,-13.629424502724376,955.8260677566708,126.42161168167648,380.7457721325645,-233.9416611713613,-478.62576227649504,-313.4032477783793
0.0017203201793056,0.0006592170977782,14464.659706251983,23345.8431599522,20411.619828267845,20317.589457854345,1180.0848017415951,-78.0677341646548
363.0680818162595,-1678.0464595558549,301.0215768541836,-2194.337575908635,-1264.9408821081338,3295.1256242382506,-1678.6673707453838,976.6606869500364
-325.6752355192407,-298.78554208155225,-1849.509452986179,1612.427357581509,-852.2843102565575,2537.524357988884,925.3320897876508,-787.541536782844
10.774316075960776,30.698892358988857,35.09227221669457,29.890510846213843,25.80213387743438,33.82663121360892,27.021610634728784,34.07951381978021
35.87325352812449,89.68151153862809,59.82841614830985,29.87039081428972,43.732678107681615,64.94729704281659,71.2203494994802,29.451294044438985
682.0911783812787,502.1049430915294,335.510787471772,655.0602356502,731.7076537524003,403.51692774664514,349.44866539529585,354.578771681774
1.7320138858406264,1.508171920621591,-0.2765237079197293,0.0199515436844792,-0.352481246448789,2.498681781118348,2.049681982012845,-0.4392884819395459
148.8367273722191,-2027.1567576766547,1531.2356369219983,113.22447124937128,663.5287065720172,743.6814573539475,2035.4128170526783,1731.738928128418
0.0021719045938873,0.0003565511297291,-2024.636465078676,-10818.276561582752,18611.7258873538,17329.984237651184,-112.10689998067028,1494.4281195567598
-107.88575611123412,1493.575386396743,-142.7097350629769,728.1072972817615,-175.60979876097048,2307.494000575868,-2764.32649598267,-807.8707698189407
-2947.0828441764675,-4.780255793152151,-459.7427089169023,-1058.0325070238157,4842.743625242506,-114.72757012872762,148.82127388858794,496.1272050225696
32.90292254856342,22.645381075140328,32.74851222663647,28.345421821313405,29.711175928152045,31.74232535332436,28.337346997360203,21.24609695713276
60.34439672557643,38.395202242235655,24.15600071196993,19.58537828075155,24.94398933674736,60.655310142928286,75.31987535058565,62.9751079649095
697.3819383611306,388.5290349806454,485.9516407696732,766.7720621793056,514.2920326225408,310.4495742403586,757.6158017434002,637.5010309686104
0.1904534965880535,0.761032116488896,-0.1683218202603511,-1.103106578695954,-0.2011763165920101,-0.5897266152827156,-1.6712648290264782,-0.7843757237394482
-208.08141106076656,696.935167729067,88.28476294263211,205.00488482262125,789.7866134936961,111.36776250310362,-199.8255682871491,-235.24182771158635
0.0002721672576208,0.0006027070956924,10431.823055886993,10459.268448430465,15280.14826064249,12755.357823491184,13760.67128035977,776.6697193530049
660.6675476875255,1276.2982466444005,-1958.05274906516,493.5154324172911,208.1338997246063,-818.8822371787832,-8273.681061356689,-1111.4610174159668
-273.7726100323701,-51.33415498182498,-812.7708800757956,405.45130555398566,2669.9376232833074,367.0811941483176,2869.801716227027,735.302857337924
25.123817443254808,36.56296312407192,25.816671755167143,26.638963448206365,30.523988113381154,24.69081508325208,24.15386117771689,15.660655341803436
58.97774170068651,52.81262668560954,36.45494292186154,46.54147976283992,72.67203692889946,37.90626803224173,80.31109985682299,55.34528674638248
519.1092202504069,372.91020375408914,480.1138878869484,509.7962613012567,473.1652295176463,694.067646749221,867.0611383844937,428.7798860396464
-0.4694786348003001,0.127136901703849,0.2953145559186856,2.150744664678509,1.808258416010012,1.6348176990409593,1.985334076022804,3.674904994515837
404.34973464207206,-13.629424502724376,955.8260677566708,126.42161168167648,380.7457721325645,-233.9416611713613,-478.62576227649504,-313.4032477783793
0.0017203201793056,0.0006592170977782,14464.659706251983,23345.8431599522,20411.619828267845,20317.589457854345,1180.0848017415951,-78.0677341646548
363.0680818162595,-1678.0464595558549,301.0215768541836,-2194.337575908635,-1264.9408821081338,3295.1256242382506,-1678.6673707453838,976.6606869500364
-325.6752355192407,-298.78554208155225,-1849.509452986179,1612.427357581509,-852.2843102565575,2537.524357988884,925.3320897876508,-787.541536782844
10.774316075960776,30.698892358988857,35.09227221669457,29.890510846213843,25.80213387743438,33.82663121360892,27.021610634728784,34.07951381978021
35.87325352812449,89.68151153862809,59.82841614830985,29.87039081428972,43.732678107681615,64.94729704281659,71.2203494994802,29.451294044438985
682.0911783812787,502.1049430915294,335.510787471772,655.0602356502,731.7076537524003,403.51692774664514,349.44866539529585,354.578771681774
1.7320138858406264,1.508171920621591,-0.2765237079197293,0.0199515436844792,-0.352481246448789,2.498681781118348,2.049681982012845,-0.4392884819395459
148.8367273722191,-2027.1567576766547,1531.2356369219983,113.22447124937128,663.5287065720172,743.6814573539475,2035.4128170526783,1731.738928128418
0.0021719045938873,0.0003565511297291,-2024.636465078676,-10818.276561582752,18611.7258873538,17329.984237651184,-112.10689998067028,1494.4281195567598
-107.88575611123412,1493.575386396743,-142.7097350629769,728.1072972817615,-175.60979876097048,2307.494000575868,-2764.32649598267,-807.8707698189407
-2947.0828441764675,-4.780255793152151,-459.7427089169023,-1058.0325070238157,4842.743625242506,-114.72757012872762,148.82127388858794,496.1272050225696
32.90292254856342,22.645381075140328,32.74851222663647,28.345421821313405,29.711175928152045,31.74232535332436,28.337346997360203,21.24609695713276
60.34439672557643,38.395202242235655,24.15600071196993,19.58537828075155,24.94398933674736,60.655310142928286,75.31987535058565,62.9751079649095
697.3819383611306,388.5290349806454,485.9516407696732,766.7720621793056,514.2920326225408,310.4495742403586,757.6158017434002,637.5010309686104
0.1904534965880535,0.761032116488896,-0.1683218202603511,-1.103106578695954,-0.2011763165920101,-0.5897266152827156,-1.6712648290264782,-0.7843757237394482
-208.08141106076656,696.935167729067,88.28476294263211,205.00488482262125,789.7866134936961,111.36776250310362,-199.8255682871491,-235.24182771158635
0.0002721672576208,0.0006027070956924,10431.823055886993,10459.268448430465,15280.14826064249,12755.357823491184,13760.67128035977,776.6697193530049
660.6675476875255,1276.2982466444005,-1958.05274906516,493.5154324172911,208.1338997246063,-818.8822371787832,-8273.681061356689,-1111.4610174159668
-273.7726100323701,-51.33415498182498,-812.7708800757956,405.45130555398566,2669.9376232833074,367.0811941483176,2869.801716227027,735.302857337924
25.123817443254808,36.56296312407192,25.816671755167143,26.638963448206365,30.523988113381154,24.69081508325208,24.15386117771689,15.660655341803436
58.97774170068651,52.81262668560954,36.45494292186154,46.54147976283992,72.67203692889946,37.90626803224173,80.31109985682299,55.34528674638248
519.1092202504069,372.91020375408914,480.1138878869484,509.7962613012567,473.1652295176463,694.067646749221,867.0611383844937,428.7798860396464
-0.4694786348003001,0.127136901703849,0.2953145559186856,2.150744664678509,1.808258416010012,1.6348176990409593,1.985334076022804,3.674904994515837
404.34973464207206,-13.629424502724376,955.8260677566708,126.42161168167648,380.7457721325645,-233.9416611713613,-478.62576227649504,-313.4032477783793
0.0017203201793056,0.0006592170977782,14464.659706251983,23345.8431599522,20411.619828267845,20317.589457854345,1180.0848017415951,-78.0677341646548
363.0680818162595,-1678.0464595558549,301.0215768541836,-2194.337575908635,-1264.9408821081338,3295.1256242382506,-1678.6673707453838,976.6606869500364
-325.6752355192407,-298.78554208155225,-1849.509452986179,1612.427357581509,-852.2843102565575,2537.524357988884,925.3320897876508,-787.541536782844
10.774316075960776,30.698892358988857,35.09227221669457,29.890510846213843,25.80213387743438,33.82663121360892,27.021610634728784,34.07951381978021
35.87325352812449,89.68151153862809,59.82841614830985,29.87039081428972,43.732678107681615,64.94729704281659,71.2203494994802,29.451294044438985
682.0911783812787,502.1049430915294,335.510787471772,655.0602356502,731.7076537524003,403.51692774664514,349.44866539529585,354.578771681774
1.7320138858406264,1.508171920621591,-0.2765237079197293,0.0199515436844792,-0.352481246448789,2.498681781118348,2.049681982012845,-0.4392884819395459
148.8367273722191,-2027.1567576766547,1531.2356369219983,113.22447124937128,663.5287065720172,743.6814573539475,2035.4128170526783,1731.738928128418
0.0021719045938873,0.0003565511297291,-2024.636465078676,-10818.276561582752,18611.7258873538,17329.984237651184,-112.10689998067028,1494.4281195567598
-107.88575611123412,1493.575386396743,-142.7097350629769,728.1072972817615,-175.60979876097048,2307.494000575868,-2764.32649598267,-807.8707698189407
-2947.0828441764675,-4.780255793152151,-459.7427089169023,-1058.0325070238157,4842.743625242506,-114.72757012872762,148.82127388858794,496.1272050225696
32.90292254856342,22.645381075140328,32.74851222663647,28.345421821313405,29.711175928152045,31.74232535332436,28.337346997360203,21.24609695713276
60.34439672557643,38.395202242235655,24.15600071196993,19.58537828075155,24.94398933674736,60.655310142928286,75.31987535058565,62.9751079649095
697.3819383611306,388.5290349806454,485.9516407696732,766.7720621793056,514.2920326225408,310.4495742403586,757.6158017434002,637.5010309686104
0.1904534965880535,0.761032116488896,-0.1683218202603511,-1.103106578695954,-0.2011763165920101,-0.5897266152827156,-1.6712648290264782,-0.7843757237394482
-208.08141106076656,696.935167729067,88.28476294263211,205.00488482262125,789.7866134936961,111.36776250310362,-199.8255682871491,-235.24182771158635
0.0002721672576208,0.0006027070956924,10431.823055886993,10459.268448430465,15280.14826064249,12755.357823491184,13760.67128035977,776.6697193530049
660.6675476875255,1276.2982466444005,-1958.05274906516,493.5154324172911,208.1338997246063,-818.8822371787832,-8273.681061356689,-1111.4610174159668
-273.7726100323701,-51.33415498182498,-812.7708800757956,405.45130555398566,2669.9376232833074,367.0811941483176,2869.801716227027,735.302857337924
25.123817443254808,36.56296312407192,25.816671755167143,26.638963448206365,30.523988113381154,24.69081508325208,24.15386117771689,15.660655341803436
58.97774170068651,52.81262668560954,36.45494292186154,46.54147976283992,72.67203692889946,37.90626803224173,80.31109985682299,55.34528674638248
519.1092202504069,372.91020375408914,480.1138878869484,509.7962613012567,473.1652295176463,694.067646749221,867.0611383844937,428.7798860396464
-0.4694786348003001,0.127136901703849,0.2953145559186856,2.150744664678509,1.808258416010012,1.6348176990409593,1.985334076022804,3.674904994515837
404.34973464207206,-13.629424502724376,955.8260677566708,126.42161168167648,380.7457721325645,-233.9416611713613,-478.62576227649504,-313.4032477783793
0.0017203201793056,0.0006592170977782,14464.659706251983,23345.8431599522,20411.619828267845,20317.589457854345,1180.0848017415951,-78.0677341646548
363.0680818162595,-1678.0464595558549,301.0215768541836,-2194.337575908635,-1264.9408821081338,3295.1256242382506,-1678.6673707453838,976.6606869500364
-325.6752355192407,-298.78554208155225,-1849.509452986179,1612.427357581509,-852.2843102565575,2537.524357988884,925.3320897876508,-787.541536782844
10.774316075960776,30.698892358988857,35.09227221669457,29.890510846213843,25.80213387743438,33.82663121360892,27.021610634728784,34.07951381978021
35.87325352812449,89.68151153862809,59.82841614830985,29.87039081428972,43.732678107681615,64.94729704281659,71.2203494994802,29.451294044438985
682.0911783812787,502.1049430915294,335.510787471772,655.0602356502,731.7076537524003,403.51692774664514,349.44866539529585,354.578771681774
1.7320138858406264,1.508171920621591,-0.2765237079197293,0.0199515436844792,-0.352481246448789,2.498681781118348,2.049681982012845,-0.4392884819395459
148.8367273722191,-2027.1567576766547,1531.2356369219983,113.22447124937128,663.5287065720172,743.6814573539475,2035.4128170526783,1731.738928128418
0.0021719045938873,0.0003565511297291,-2024.636465078676,-10818.276561582752,18611.7258873538,17329.984237651184,-112.10689998067028,1494.4281195567598
-107.88575611123412,1493.575386396743,-142.7097350629769,728.1072972817615,-175.60979876097048,2307.494000575868,-2764.32649598267,-807.8707698189407
-2947.0828441764675,-4.780255793152151,-459.7427089169023,-1058.0325070238157,4842.743625242506,-114.72757012872762,148.82127388858794,496.1272050225696
32.90292254856342,22.645381075140328,32.74851222663647,28.345421821313405,29.711175928152045,31.74232535332436,28.337346997360203,21.24609695713276
60.34439672557643,38.395202242235655,24.15600071196993,19.58537828075155,24.94398933674736,60.655310142928286,75.31987535058565,62.9751079649095
697.3819383611306,388.5290349806454,485.9516407696732,766.7720621793056,514.2920326225408,310.4495742403586,757.6158017434002,637.5010309686104
0.1904534965880535,0.761032116488896,-0.1683218202603511,-1.103106578695954,-0.2011763165920101,-0.5897266152827156,-1.6712648290264782,-0.7843757237394482
-208.08141106076656,696.935167729067,88.28476294263211,205.00488482262125,789.7866134936961,111.36776250310362,-199.8255682871491,-235.24182771158635
0.0002721672576208,0.0006027070956924,10431.823055886993,10459.268448430465,15280.14826064249,12755.357823491184,13760.67128035977,776.6697193530049
660.6675476875255,1276.2982466444005,-1958.05274906516,493.5154324172911,208.1338997246063,-818.8822371787832,-8273.681061356689,-1111.4610174159668
-273.7726100323701,-51.33415498182498,-812.7708800757956,405.45130555398566,2669.9376232833074,367.0811941483176,2869.801716227027,735.302857337924
25.123817443254808,36.56296312407192,25.816671755167143,26.638963448206365,30.523988113381154,24.69081508325208,24.15386117771689,15.660655341803436
58.97774170068651,52.81262668560954,36.45494292186154,46.54147976283992,72.67203692889946,37.90626803224173,80.31109985682299,55.34528674638248
519.1092202504069,372.91020375408914,480.1138878869484,509.7962613012567,473.1652295176463,694.067646749221,867.0611383844937,428.7798860396464
-0.4694786348003001,0.127136901703849,0.2953145559186856,2.150744664678509,1.808258416010012,1.6348176990409593,1.985334076022804,3.674904994515837
404.34973464207206,-13.629424502724376,955.8260677566708,126.42161168167648,380.7457721325645,-233.9416611713613,-478.62576227649504,-313.4032477783793
0.0017203201793056,0.0006592170977782,14464.659706251983,23345.8431599522,20411.619828267845,20317.589457854345,1180.0848017415951,-78.0677341646548
363.0680818162595,-1678.0464595558549,301.0215768541836,-2194.337575908635,-1264.9408821081338,3295.1256242382506,-1678.6673707453838,976.6606869500364
-325.6752355192407,-298.78554208155225,-1849.509452986179,1612.427357581509,-852.2843102565575,2537.524357988884,925.3320897876508,-787.541536782844
10.774316075960776,30.698892358988857,35.09227221669457,29.890510846213843,25.80213387743438,33.82663121360892,27.021610634728784,34.07951381978021
35.87325352812449,89.68151153862809,59.82841614830985,29.87039081428972,43.732678107681615,64.94729704281659,71.2203494994802,29.451294044438985
682.0911783812787,502.1049430915294,335.510787471772,655.0602356502,731.7076537524003,403.51692774664514,349.44866539529585,354.578771681774
1.7320138858406264,1.508171920621591,-0.2765237079197293,0.0199515436844792,-0.352481246448789,2.498681781118348,2.049681982012845,-0.4392884819395459
148.8367273722191,-2027.1567576766547,1531.2356369219983,113.22447124937128,663.5287065720172,743.6814573539475,2035.4128170526783,1731.738928128418
0.0021719045938873,0.0003565511297291,-2024.636465078676,-10818.276561582752,18611.7258873538,17329.984237651184,-112.10689998067028,1494.4281195567598
-107.88575611123412,1493.575386396743,-142.7097350629769,728.1072972817615,-175.60979876097048,2307.494000575868,-2764.32649598267,-807.8707698189407
-2947.0828441764675,-4.780255793152151,-459.7427089169023,-1058.0325070238157,4842.743625242506,-114.72757012872762,148.82127388858794,496.1272050225696
32.90292254856342,22.645381075140328,32.74851222663647,28.345421821313405,29.711175928152045,31.74232535332436,28.337346997360203,21.24609695713276
60.34439672557643,38.395202242235655,24.15600071196993,19.58537828075155,24.94398933674736,60.655310142928286,75.31987535058565,62.9751079649095
697.3819383611306,388.5290349806454,485.9516407696732,766.7720621793056,514.2920326225408,310.4495742403586,757.6158017434002,637.5010309686104
0.1904534965880535,0.761032116488896,-0.1683218202603511,-1.103106578695954,-0.2011763165920101,-0.5897266152827156,-1.6712648290264782,-0.7843757237394482
-208.08141106076656,696.935167729067,88.28476294263211,205.00488482262125,789.7866134936961,111.36776250310362,-199.8255682871491,-235.24182771158635
0.0002721672576208,0.0006027070956924,10431.823055886993,10459.268448430465,15280.14826064249,12755.357823491184,13760.67128035977,776.6697193530049
660.6675476875255,1276.2982466444005,-1958.05274906516,493.5154324172911,208.1338997246063,-818.8822371787832,-8273.681061356689,-1111.4610174159668
-273.7726100323701,-51.33415498182498,-812.7708800757956,405.45130555398566,2669.9376232833074,367.0811941483176,2869.801716227027,735.302857337924
25.123817443254808,36.56296312407192,25.816671755167143,26.638963448206365,30.523988113381154,24.69081508325208,24.15386117771689,15.660655341803436
58.97774170068651,52.81262668560954,36.45494292186154,46.54147976283992,72.67203692889946,37.90626803224173,80.31109985682299,55.34528674638248
519.1092202504069,372.91020375408914,480.1138878869484,509.7962613012567,473.1652295176463,694.067646749221,867.0611383844937,428.7798860396464
-0.4694786348003001,0.127136901703849,0.2953145559186856,2.150744664678509,1.808258416010012,1.6348176990409593,1.985334076022804,3.674904994515837
404.34973464207206,-13.629424502724376,955.8260677566708,126.42161168167648,380.7457721325645,-233.9416611713613,-478.62576227649504,-313.4032477783793
0.0017203201793056,0.0006592170977782,14464.659706251983,23345.8431599522,20411.619828267845,20317.589457854345,1180.0848017415951,-78.0677341646548
363.0680818162595,-1678.0464595558549,301.0215768541836,-2194.337575908635,-1264.9408821081338,3295.1256242382506,-1678.6673707453838,976.6606869500364
-325.6752355192407,-298.78554208155225,-1849.509452986179,1612.427357581509,-852.2843102565575,2537.524357988884,925.3320897876508,-787.541536782844
10.774316075960776,30.698892358988857,35.09227221669457,29.890510846213843,25.80213387743438,33.82663121360892,27.021610634728784,34.07951381978021
35.87325352812449,89.68151153862809,59.82841614830985,29.87039081428972,43.732678107681615,64.94729704281659,71.2203494994802,29.451294044438985
682.0911783812787,502.1049430915294,335.510787471772,655.0602356502,731.7076537524003,403.51692774664514,349.44866539529585,354.578771681774
1.7320138858406264,1.508171920621591,-0.2765237079197293,0.0199515436844792,-0.352481246448789,2.498681781118348,2.049681982012845,-0.4392884819395459
148.8367273722191,-2027.1567576766547,1531.2356369219983,113.22447124937128,663.5287065720172,743.6814573539475,2035.4128170526783,1731.738928128418
0.0021719045938873,0.0003565511297291,-2024.636465078676,-10818.276561582752,18611.7258873538,17329.984237651184,-112.10689998067028,1494.4281195567598
-107.88575611123412,1493.575386396743,-142.7097350629769,728.1072972817615,-175.60979876097048,2307.494000575868,-2764.32649598267,-807.8707698189407
-2947.0828441764675,-4.780255793152151,-459.7427089169023,-1058.0325070238157,4842.743625242506,-114.72757012872762,148.82127388858794,496.1272050225696
32.90292254856342,22.645381075140328,32.74851222663647,28.345421821313405,29.711175928152045,31.74232535332436,28.337346997360203,21.24609695713276
60.34439672557643,38.395202242235655,24.15600071196993,19.58537828075155,24.94398933674736,60.655310142928286,75.31987535058565,62.9751079649095
697.3819383611306,388.5290349806454,485.9516407696732,766.7720621793056,514.2920326225408,310.4495742403586,757.6158017434002,637.5010309686104
0.1904534965880535,0.761032116488896,-0.1683218202603511,-1.103106578695954,-0.2011763165920101,-0.5897266152827156,-1.6712648290264782,-0.7843757237394482
-208.08141106076656,696.935167729067,88.28476294263211,205.00488482262125,789.7866134936961,111.36776250310362,-199.8255682871491,-235.24182771158635
0.0002721672576208,0.0006027070956924,10431.823055886993,10459.268448430465,15280.14826064249,12755.357823491184,13760.67128035977,776.6697193530049
660.6675476875255,1276.2982466444005,-1958.05274906516,493.5154324172911,208.1338997246063,-818.8822371787832,-8273.681061356689,-1111.4610174159668
-273.7726100323701,-51.33415498182498,-812.7708800757956,405.45130555398566,2669.9376232833074,367.0811941483176,2869.801716227027,735.302857337924
25.123817443254808,36.56296312407192,25.816671755167143,26.638963448206365,30.523988113381154,24.69081508325208,24.15386117771689,15.660655341803436
58.97774170068651,52.81262668560954,36.45494292186154,46.54147976283992,72.67203692889946,37.90626803224173,80.31109985682299,55.34528674638248
519.1092202504069,372.91020375408914,480.1138878869484,509.7962613012567,473.1652295176463,694.067646749221,867.0611383844937,428.7798860396464
-0.4694786348003001,0.127136901703849,0.2953145559186856,2.150744664678509,1.808258416010012,1.6348176990409593,1.985334076022804,3.674904994515837
404.34973464207206,-13.629424502724376,955.8260677566708,126.42161168167648,380.7457721325645,-233.9416611713613,-478.62576227649504,-313.4032477783793
0.0017203201793056,0.0006592170977782,14464.659706251983,23345.8431599522,20411.619828267845,20317.589457854345,1180.0848017415951,-78.0677341646548
363.0680818162595,-1678.0464595558549,301.0215768541836,-2194.337575908635,-1264.9408821081338,3295.1256242382506,-1678.6673707453838,976.6606869500364
-325.6752355192407,-298.78554208155225,-1849.509452986179,1612.427357581509,-852.2843102565575,2537.524357988884,925.3320897876508,-787.541536782844
10.774316075960776,30.698892358988857,35.09227221669457,29.890510846213843,25.80213387743438,33.82663121360892,27.021610634728784,34.07951381978021
35.87325352812449,89.68151153862809,59.82841614830985,29.87039081428972,43.732678107681615,64.94729704281659,71.2203494994802,29.451294044438985
682.0911783812787,502.1049430915294,335.510787471772,655.0602356502,731.7076537524003,403.51692774664514,349.44866539529585,354.578771681774
1.7320138858406264,1.508171920621591,-0.2765237079197293,0.0199515436844792,-0.352481246448789,2.498681781118348,2.049681982012845,-0.4392884819395459
148.8367273722191,-2027.1567576766547,1531.2356369219983,113.22447124937128,663.5287065720172,743.6814573539475,2035.4128170526783,1731.738928128418
0.0021719045938873,0.0003565511297291,-2024.636465078676,-10818.276561582752,18611.7258873538,17329.984237651184,-112.10689998067028,1494.4281195567598
-107.88575611123412,1493.575386396743,-142.7097350629769,728.1072972817615,-175.60979876097048,2307.494000575868,-2764.32649598267,-807.8707698189407
-2947.0828441764675,-4.780255793152151,-459.7427089169023,-1058.0325070238157,4842.743625242506,-114.72757012872762,148.82127388858794,496.1272050225696
32.90292254856342,22.645381075140328,32.74851222663647,28.345421821313405,29.711175928152045,31.74232535332436,28.337346997360203,21.24609695713276
60.34439672557643,38.395202242235655,24.15600071196993,19.58537828075155,24.94398933674736,60.655310142928286,75.31987535058565,62.9751079649095
697.3819383611306,388.5290349806454,485.9516407696732,766.7720621793056,514.2920326225408,310.4495742403586,757.6158017434002,637.5010309686104
0.1904534965880535,0.761032116488896,-0.1683218202603511,-1.103106578695954,-0.2011763165920101,-0.5897266152827156,-1.6712648290264782,-0.7843757237394482
-208.08141106076656,696.935167729067,88.28476294263211,205.00488482262125,789.7866134936961,111.36776250310362,-199.8255682871491,-235.24182771158635
0.0002721672576208,0.0006027070956924,10431.823055886993,10459.268448430465,15280.14826064249,12755.357823491184,13760.67128035977,776.6697193530049
660.6675476875255,1276.2982466444005,-1958.05274906516,493.5154324172911,208.1338997246063,-818.8822371787832,-8273.681061356689,-1111.4610174159668
-273.7726100323701,-51.33415498182498,-812.7708800757956,405.45130555398566,2669.9376232833074,367.0811941483176,2869.801716227027,735.302857337924
25.123817443254808,36.56296312407192,25.816671755167143,26.638963448206365,30.523988113381154,24.69081508325208,24.15386117771689,15.660655341803436
58.97774170068651,52.81262668560954,36.45494292186154,46.54147976283992,72.67203692889946,37.90626803224173,80.31109985682299,55.34528674638248
519.1092202504069,372.91020375408914,480.1138878869484,509.7962613012567,473.1652295176463,694.067646749221,867.0611383844937,428.7798860396464
-0.4694786348003001,0.127136901703849,0.2953145559186856,2.150744664678509,1.808258416010012,1.6348176990409593,1.985334076022804,3.674904994515837
404.34973464207206,-13.629424502724376,955.8260677566708,126.42161168167648,380.7457721325645,-233.9416611713613,-478.62576227649504,-313.4032477783793
0.0017203201793056,0.0006592170977782,14464.659706251983,23345.8431599522,20411.619828267845,20317.589457854345,1180.0848017415951,-78.0677341646548
363.0680818162595,-1678.0464595558549,301.0215768541836,-2194.337575908635,-1264.9408821081338,3295.1256242382506,-1678.6673707453838,976.6606869500364
-325.6752355192407,-298.78554208155225,-1849.509452986179,1612.427357581509,-852.2843102565575,2537.524357988884,925.3320897876508,-787.541536782844
10.774316075960776,30.698892358988857,35.09227221669457,29.890510846213843,25.80213387743438,33.82663121360892,27.021610634728784,34.07951381978021
35.87325352812449,89.68151153862809,59.82841614830985,29.87039081428972,43.732678107681615,64.94729704281659,71.2203494994802,29.451294044438985
682.0911783812787,502.1049430915294,335.510787471772,655.0602356502,731.7076537524003,403.51692774664514,349.44866539529585,354.578771681774
1.7320138858406264,1.508171920621591,-0.2765237079197293,0.0199515436844792,-0.352481246448789,2.498681781118348,2.049681982012845,-0.4392884819395459
148.8367273722191,-2027.1567576766547,1531.2356369219983,113.22447124937128,663.5287065720172,743.6814573539475,2035.4128170526783,1731.738928128418
0.0021719045938873,0.0003565511297291,-2024.636465078676,-10818.276561582752,18611.7258873538,17329.984237651184,-112.10689998067028,1494.4281195567598
-107.88575611123412,1493.575386396743,-142.7097350629769,728.1072972817615,-175.60979876097048,2307.494000575868,-2764.32649598267,-807.8707698189407
-2947.0828441764675,-4.780255793152151,-459.7427089169023,-1058.0325070238157,4842.743625242506,-114.72757012872762,148.82127388858794,496.1272050225696
32.90292254856342,22.645381075140328,32.74851222663647,28.345421821313405,29.711175928152045,31.74232535332436,28.337346997360203,21.24609695713276
60.34439672557643,38.395202242235655,24.15600071196993,19.58537828075155,24.94398933674736,60.655310142928286,75.31987535058565,62.9751079649095
697.3819383611306,388.5290349806454,485.9516407696732,766.7720621793056,514.2920326225408,310.4495742403586,757.6158017434002,637.5010309686104
0.1904534965880535,0.761032116488896,-0.1683218202603511,-1.103106578695954,-0.2011763165920101,-0.5897266152827156,-1.6712648290264782,-0.7843757237394482
-208.08141106076656,696.935167729067,88.28476294263211,205.00488482262125,789.7866134936961,111.36776250310362,-199.8255682871491,-235.24182771158635
0.0002721672576208,0.0006027070956924,10431.823055886993,10459.268448430465,15280.14826064249,12755.357823491184,13760.67128035977,776.6697193530049
660.6675476875255,1276.2982466444005,-1958.05274906516,493.5154324172911,208.1338997246063,-818.8822371787832,-8273.681061356689,-1111.4610174159668
-273.7726100323701,-51.33415498182498,-812.7708800757956,405.45130555398566,2669.9376232833074,367.0811941483176,2869.801716227027,735.302857337924
25.123817443254808,36.56296312407192,25.816671755167143,26.638963448206365,30.523988113381154,24.69081508325208,24.15386117771689,15.660655341803436
58.97774170068651,52.81262668560954,36.45494292186154,46.54147976283992,72.67203692889946,37.90626803224173,80.31109985682299,55.34528674638248
519.1092202504069,372.91020375408914,480.1138878869484,509.7962613012567,473.1652295176463,694.067646749221,867.0611383844937,428.7798860396464
-0.4694786348003001,0.127136901703849,0.2953145559186856,2.150744664678509,1.808258416010012,1.6348176990409593,1.985334076022804,3.674904994515837
404.34973464207206,-13.629424502724376,955.8260677566708,126.42161168167648,380.7457721325645,-233.9416611713613,-478.62576227649504,-313.4032477783793
0.0017203201793056,0.0006592170977782,14464.659706251983,23345.8431599522,20411.619828267845,20317.589457854345,1180.0848017415951,-78.0677341646548
363.0680818162595,-1678.0464595558549,301.0215768541836,-2194.337575908635,-1264.9408821081338,3295.1256242382506,-1678.6673707453838,976.6606869500364
-325.6752355192407,-298.78554208155225,-1849.509452986179,1612.427357581509,-852.2843102565575,2537.524357988884,925.3320897876508,-787.541536782844
10.774316075960776,30.698892358988857,35.09227221669457,29.890510846213843,25.80213387743438,33.82663121360892,27.021610634728784,34.07951381978021
35.87325352812449,89.68151153862809,59.82841614830985,29.87039081428972,43.732678107681615,64.94729704281659,71.2203494994802,29.451294044438985
682.0911783812787,502.1049430915294,335.510787471772,655.0602356502,731.7076537524003,403.51692774664514,349.44866539529585,354.578771681774
1.7320138858406264,1.508171920621591,-0.2765237079197293,0.0199515436844792,-0.352481246448789,2.498681781118348,2.049681982012845,-0.4392884819395459
148.8367273722191,-2027.1567576766547,1531.2356369219983,113.22447124937128,663.5287065720172,743.6814573539475,2035.4128170526783,1731.738928128418
0.0021719045938873,0.0003565511297291,-2024.636465078676,-10818.276561582752,18611.7258873538,17329.984237651184,-112.10689998067028,1494.4281195567598
-107.88575611123412,1493.575386396743,-142.7097350629769,728.1072972817615,-175.60979876097048,2307.494000575868,-2764.32649598267,-807.8707698189407
-2947.0828441764675,-4.780255793152151,-459.7427089169023,-1058.0325070238157,4842.743625242506,-114.72757012872762,148.82127388858794,496.1272050225696
32.90292254856342,22.645381075140328,32.74851222663647,28.345421821313405,29.711175928152045,31.74232535332436,28.337346997360203,21.24609695713276
60.34439672557643,38.395202242235655,24.15600071196993,19.58537828075155,24.94398933674736,60.655310142928286,75.31987535058565,62.9751079649095
697.3819383611306,388.5290349806454,485.9516407696732,766.7720621793056,514.2920326225408,310.4495742403586,757.6158017434002,637.5010309686104
0.1904534965880535,0.761032116488896,-0.1683218202603511,-1.103106578695954,-0.2011763165920101,-0.5897266152827156,-1.6712648290264782,-0.7843757237394482
-208.08141106076656,696.935167729067,88.28476294263211,205.00488482262125,789.7866134936961,111.36776250310362,-199.8255682871491,-235.24182771158635
0.0002721672576208,0.0006027070956924,10431.823055886993,10459.268448430465,15280.14826064249,12755.357823491184,13760.67128035977,776.6697193530049
660.6675476875255,1276.2982466444005,-1958.05274906516,493.5154324172911,208.1338997246063,-818.8822371787832,-8273.681061356689,-1111.4610174159668
-273.7726100323701,-51.33415498182498,-812.7708800757956,405.45130555398566,2669.9376232833074,367.0811941483176,2869.801716227027,735.302857337924
25.123817443254808,36.56296312407192,25.816671755167143,26.638963448206365,30.523988113381154,24.69081508325208,24.15386117771689,15.660655341803436
58.97774170068651,52.81262668560954,36.45494292186154,46.54147976283992,72.67203692889946,37.90626803224173,80.31109985682299,55.34528674638248
519.1092202504069,372.91020375408914,480.1138878869484,509.7962613012567,473.1652295176463,694.067646749221,867.0611383844937,428.7798860396464
-0.4694786348003001,0.127136901703849,0.2953145559186856,2.150744664678509,1.808258416010012,1.6348176990409593,1.985334076022804,3.674904994515837
404.34973464207206,-13.629424502724376,955.8260677566708,126.42161168167648,380.7457721325645,-233.9416611713613,-478.62576227649504,-313.4032477783793
0.0017203201793056,0.0006592170977782,14464.659706251983,23345.8431599522,20411.619828267845,20317.589457854345,1180.0848017415951,-78.0677341646548
363.0680818162595,-1678.0464595558549,301.0215768541836,-2194.337575908635,-1264.9408821081338,3295.1256242382506,-1678.6673707453838,976.6606869500364
-325.6752355192407,-298.78554208155225,-1849.509452986179,1612.427357581509,-852.2843102565575,2537.524357988884,925.3320897876508,-787.541536782844
10.774316075960776,30.698892358988857,35.09227221669457,29.890510846213843,25.80213387743438,33.82663121360892,27.021610634728784,34.07951381978021
35.87325352812449,89.68151153862809,59.82841614830985,29.87039081428972,43.732678107681615,64.94729704281659,71.2203494994802,29.451294044438985
682.0911783812787,502.1049430915294,335.510787471772,655.0602356502,731.7076537524003,403.51692774664514,349.44866539529585,354.578771681774
1.7320138858406264,1.508171920621591,-0.2765237079197293,0.0199515436844792,-0.352481246448789,2.498681781118348,2.049681982012845,-0.4392884819395459
148.8367273722191,-2027.1567576766547,1531.2356369219983,113.22447124937128,663.5287065720172,743.6814573539475,2035.4128170526783,1731.738928128418
0.0021719045938873,0.0003565511297291,-2024.636465078676,-10818.276561582752,18611.7258873538,17329.984237651184,-112.10689998067028,1494.4281195567598
-107.88575611123412,1493.575386396743,-142.7097350629769,728.1072972817615,-175.60979876097048,2307.494000575868,-2764.32649598267,-807.8707698189407
-2947.0828441764675,-4.780255793152151,-459.7427089169023,-1058.0325070238157,4842.743625242506,-114.72757012872762,148.82127388858794,496.1272050225696
32.90292254856342,22.645381075140328,32.74851222663647,28.345421821313405,29.711175928152045,31.74232535332436,28.337346997360203,21.24609695713276
60.34439672557643,38.395202242235655,24.15600071196993,19.58537828075155,24.94398933674736,60.655310142928286,75.31987535058565,62.9751079649095
697.3819383611306,388.5290349806454,485.9516407696732,766.7720621793056,514.2920326225408,310.4495742403586,757.6158017434002,637.5010309686104
0.1904534965880535,0.761032116488896,-0.1683218202603511,-1.103106578695954,-0.2011763165920101,-0.5897266152827156,-1.6712648290264782,-0.7843757237394482
-208.08141106076656,696.935167729067,88.28476294263211,205.00488482262125,789.7866134936961,111.36776250310362,-199.8255682871491,-235.24182771158635
0.0002721672576208,0.0006027070956924,10431.823055886993,10459.268448430465,15280.14826064249,12755.357823491184,13760.67128035977,776.6697193530049
660.6675476875255,1276.2982466444005,-1958.05274906516,493.5154324172911,208.1338997246063,-818.8822371787832,-8273.681061356689,-1111.4610174159668
-273.7726100323701,-51.33415498182498,-812.7708800757956,405.45130555398566,2669.9376232833074,367.0811941483176,2869.801716227027,735.302857337924
25.123817443254808,36.56296312407192,25.816671755167143,26.638963448206365,30.523988113381154,24.69081508325208,24.15386117771689,15.660655341803436
58.97774170068651,52.81262668560954,36.45494292186154,46.54147976283992,72.67203692889946,37.90626803224173,80.31109985682299,55.34528674638248
519.1092202504069,372.91020375408914,480.1138878869484,509.7962613012567,473.1652295176463,694.067646749221,867.0611383844937,428.7798860396464
-0.4694786348003001,0.127136901703849,0.2953145559186856,2.150744664678509,1.808258416010012,1.6348176990409593,1.985334076022804,3.674904994515837
404.34973464207206,-13.629424502724376,955.8260677566708,126.42161168167648,380.7457721325645,-233.9416611713613,-478.62576227649504,-313.4032477783793
0.0017203201793056,0.0006592170977782,14464.659706251983,23345.8431599522,20411.619828267845,20317.589457854345,1180.0848017415951,-78.0677341646548
363.0680818162595,-1678.0464595558549,301.0215768541836,-2194.337575908635,-1264.9408821081338,3295.1256242382506,-1678.6673707453838,976.6606869500364
-325.6752355192407,-298.78554208155225,-1849.509452986179,1612.427357581509,-852.2843102565575,2537.524357988884,925.3320897876508,-787.541536782844
10.774316075960776,30.698892358988857,35.09227221669457,29.890510846213843,25.80213387743438,33.82663121360892,27.021610634728784,34.07951381978021
35.87325352812449,89.68151153862809,59.82841614830985,29.87039081428972,43.732678107681615,64.94729704281659,71.2203494994802,29.451294044438985
682.0911783812787,502.1049430915294,335.510787471772,655.0602356502,731.7076537524003,403.51692774664514,349.44866539529585,354.578771681774
1.7320138858406264,1.508171920621591,-0.2765237079197293,0.0199515436844792,-0.352481246448789,2.498681781118348,2.049681982012845,-0.4392884819395459
148.8367273722191,-2027.1567576766547,1531.2356369219983,113.22447124937128,663.5287065720172,743.6814573539475,2035.4128170526783,1731.738928128418
0.0021719045938873,0.0003565511297291,-2024.636465078676,-10818.276561582752,18611.7258873538,17329.984237651184,-112.10689998067028,1494.4281195567598
-107.88575611123412,1493.575386396743,-142.7097350629769,728.1072972817615,-175.60979876097048,2307.494000575868,-2764.32649598267,-807.8707698189407
-2947.0828441764675,-4.780255793152151,-459.7427089169023,-1058.0325070238157,4842.743625242506,-114.72757012872762,148.82127388858794,496.1272050225696
32.90292254856342,22.645381075140328,32.74851222663647,28.345421821313405,29.711175928152045,31.74232535332436,28.337346997360203,21.24609695713276
60.34439672557643,38.395202242235655,24.15600071196993,19.58537828075155,24.94398933674736,60.655310142928286,75.31987535058565,62.9751079649095
697.3819383611306,388.5290349806454,485.9516407696732,766.7720621793056,514.2920326225408,310.4495742403586,757.6158017434002,637.5010309686104
0.1904534965880535,0.761032116488896,-0.1683218202603511,-1.103106578695954,-0.2011763165920101,-0.5897266152827156,-1.6712648290264782,-0.7843757237394482
-208.08141106076656,696.935167729067,88.28476294263211,205.00488482262125,789.7866134936961,111.36776250310362,-199.8255682871491,-235.24182771158635
0.0002721672576208,0.0006027070956924,10431.823055886993,10459.268448430465,15280.14826064249,12755.357823491184,13760.67128035977,776.6697193530049
660.6675476875255,1276.2982466444005,-1958.05274906516,493.5154324172911,208.1338997246063,-818.8822371787832,-8273.681061356689,-1111.4610174159668
-273.7726100323701,-51.33415498182498,-812.7708800757956,405.45130555398566,2669.9376232833074,367.0811941483176,2869.801716227027,735.302857337924
25.123817443254808,36.56296312407192,25.816671755167143,26.638963448206365,30.523988113381154,24.69081508325208,24.15386117771689,15.660655341803436
58.97774170068651,52.81262668560954,36.45494292186154,46.54147976283992,72.67203692889946,37.90626803224173,80.31109985682299,55.34528674638248
519.1092202504069,372.91020375408914,480.1138878869484,509.7962613012567,473.1652295176463,694.067646749221,867.0611383844937,428.7798860396464
-0.4694786348003001,0.127136901703849,0.2953145559186856,2.150744664678509,1.808258416010012,1.6348176990409593,1.985334076022804,3.674904994515837
404.34973464207206,-13.629424502724376,955.8260677566708,126.42161168167648,380.7457721325645,-233.9416611713613,-478.62576227649504,-313.4032477783793
0.0017203201793056,0.0006592170977782,14464.659706251983,23345.8431599522,20411.619828267845,20317.589457854345,1180.0848017415951,-78.0677341646548
363.0680818162595,-1678.0464595558549,301.0215768541836,-2194.337575908635,-1264.9408821081338,3295.1256242382506,-1678.6673707453838,976.6606869500364
-325.6752355192407,-298.78554208155225,-1849.509452986179,1612.427357581509,-852.2843102565575,2537.524357988884,925.3320897876508,-787.541536782844
10.774316075960776,30.698892358988857,35.09227221669457,29.890510846213843,25.80213387743438,33.82663121360892,27.021610634728784,34.07951381978021
35.87325352812449,89.68151153862809,59.82841614830985,29.87039081428972,43.732678107681615,64.94729704281659,71.2203494994802,29.451294044438985
682.0911783812787,502.1049430915294,335.510787471772,655.0602356502,731.7076537524003,403.51692774664514,349.44866539529585,354.578771681774
1.7320138858406264,1.508171920621591,-0.2765237079197293,0.0199515436844792,-0.352481246448789,2.498681781118348,2.049681982012845,-0.4392884819395459
148.8367273722191,-2027.1567576766547,1531.2356369219983,113.22447124937128,663.5287065720172,743.6814573539475,2035.4128170526783,1731.738928128418
0.0021719045938873,0.0003565511297291,-2024.636465078676,-10818.276561582752,18611.7258873538,17329.984237651184,-112.10689998067028,1494.4281195567598
-107.88575611123412,1493.575386396743,-142.7097350629769,728.1072972817615,-175.60979876097048,2307.494000575868,-2764.32649598267,-807.8707698189407
-2947.0828441764675,-4.780255793152151,-459.7427089169023,-1058.0325070238157,4842.743625242506,-114.72757012872762,148.82127388858794,496.1272050225696
32.90292254856342,22.645381075140328,32.74851222663647,28.345421821313405,29.711175928152045,31.74232535332436,28.337346997360203,21.24609695713276
60.34439672557643,38.395202242235655,24.15600071196993,19.58537828075155,24.94398933674736,60.655310142928286,75.31987535058565,62.9751079649095
697.3819383611306,388.5290349806454,485.9516407696732,766.7720621793056,514.2920326225408,310.4495742403586,757.6158017434002,637.5010309686104
0.1904534965880535,0.761032116488896,-0.1683218202603511,-1.103106578695954,-0.2011763165920101,-0.5897266152827156,-1.6712648290264782,-0.7843757237394482
-208.08141106076656,696.935167729067,88.28476294263211,205.00488482262125,789.7866134936961,111.36776250310362,-199.8255682871491,-235.24182771158635
0.0002721672576208,0.0006027070956924,10431.823055886993,10459.268448430465,15280.14826064249,12755.357823491184,13760.67128035977,776.6697193530049
660.6675476875255,1276.2982466444005,-1958.05274906516,493.5154324172911,208.1338997246063,-818.8822371787832,-8273.681061356689,-1111.4610174159668
-273.7726100323701,-51.33415498182498,-812.7708800757956,405.45130555398566,2669.9376232833074,367.0811941483176,2869.801716227027,735.302857337924
25.123817443254808,36.56296312407192,25.816671755167143,26.638963448206365,30.523988113381154,24.69081508325208,24.15386117771689,15.660655341803436
58.97774170068651,52.81262668560954,36.45494292186154,46.54147976283992,72.67203692889946,37.90626803224173,80.31109985682299,55.34528674638248
519.1092202504069,372.91020375408914,480.1138878869484,509.7962613012567,473.1652295176463,694.067646749221,867.0611383844937,428.7798860396464
-0.4694786348003001,0.127136901703849,0.2953145559186856,2.150744664678509,1.808258416010012,1.6348176990409593,1.985334076022804,3.674904994515837
404.34973464207206,-13.629424502724376,955.8260677566708,126.42161168167648,380.7457721325645,-233.9416611713613,-478.62576227649504,-313.4032477783793
0.0017203201793056,0.0006592170977782,14464.659706251983,23345.8431599522,20411.619828267845,20317.589457854345,1180.0848017415951,-78.0677341646548
363.0680818162595,-1678.0464595558549,301.0215768541836,-2194.337575908635,-1264.9408821081338,3295.1256242382506,-1678.6673707453838,976.6606869500364
-325.6752355192407,-298.78554208155225,-1849.509452986179,1612.427357581509,-852.2843102565575,2537.524357988884,925.3320897876508,-787.541536782844
10.774316075960776,30.698892358988857,35.09227221669457,29.890510846213843,25.80213387743438,33.82663121360892,27.021610634728784,34.07951381978021
35.87325352812449,89.68151153862809,59.82841614830985,29.87039081428972,43.732678107681615,64.94729704281659,71.2203494994802,29.451294044438985
682.0911783812787,502.1049430915294,335.510787471772,655.0602356502,731.7076537524003,403.51692774664514,349.44866539529585,354.578771681774
1.7320138858406264,1.508171920621591,-0.2765237079197293,0.0199515436844792,-0.352481246448789,2.498681781118348,2.049681982012845,-0.4392884819395459
148.8367273722191,-2027.1567576766547,1531.2356369219983,113.22447124937128,663.5287065720172,743.6814573539475,2035.4128170526783,1731.738928128418
0.0021719045938873,0.0003565511297291,-2024.636465078676,-10818.276561582752,18611.7258873538,17329.984237651184,-112.10689998067028,1494.4281195567598
-107.88575611123412,1493.575386396743,-142.7097350629769,728.1072972817615,-175.60979876097048,2307.494000575868,-2764.32649598267,-807.8707698189407
-2947.0828441764675,-4.780255793152151,-459.7427089169023,-1058.0325070238157,4842.743625242506,-114.72757012872762,148.82127388858794,496.1272050225696
32.90292254856342,22.645381075140328,32.74851222663647,28.345421821313405,29.711175928152045,31.74232535332436,28.337346997360203,21.24609695713276
60.34439672557643,38.395202242235655,24.15600071196993,19.58537828075155,24.94398933674736,60.655310142928286,75.31987535058565,62.9751079649095
697.3819383611306,388.5290349806454,485.9516407696732,766.7720621793056,514.2920326225408,310.4495742403586,757.6158017434002,637.5010309686104
0.1904534965880535,0.761032116488896,-0.1683218202603511,-1.103106578695954,-0.2011763165920101,-0.5897266152827156,-1.6712648290264782,-0.7843757237394482
-208.08141106076656,696.935167729067,88.28476294263211,205.00488482262125,789.7866134936961,111.36776250310362,-199.8255682871491,-235.24182771158635
0.0002721672576208,0.0006027070956924,10431.823055886993,10459.268448430465,15280.14826064249,12755.357823491184,13760.67128035977,776.6697193530049
660.6675476875255,1276.2982466444005,-1958.05274906516,493.5154324172911,208.1338997246063,-818.8822371787832,-8273.681061356689,-1111.4610174159668
-273.7726100323701,-51.33415498182498,-812.7708800757956,405.45130555398566,2669.9376232833074,367.0811941483176,2869.801716227027,735.302857337924
25.123817443254808,36.56296312407192,25.816671755167143,26.638963448206365,30.523988113381154,24.69081508325208,24.15386117771689,15.660655341803436
58.97774170068651,52.81262668560954,36.45494292186154,46.54147976283992,72.67203692889946,37.90626803224173,80.31109985682299,55.34528674638248
519.1092202504069,372.91020375408914,480.1138878869484,509.7962613012567,473.1652295176463,694.067646749221,867.0611383844937,428.7798860396464
-0.4694786348003001,0.127136901703849,0.2953145559186856,2.150744664678509,1.808258416010012,1.6348176990409593,1.985334076022804,3.674904994515837
404.34973464207206,-13.629424502724376,955.8260677566708,126.42161168167648,380.7457721325645,-233.9416611713613,-478.62576227649504,-313.4032477783793
0.0017203201793056,0.0006592170977782,14464.659706251983,23345.8431599522,20411.619828267845,20317.589457854345,1180.0848017415951,-78.0677341646548
363.0680818162595,-1678.0464595558549,301.0215768541836,-2194.337575908635,-1264.9408821081338,3295.1256242382506,-1678.6673707453838,976.6606869500364
-325.6752355192407,-298.78554208155225,-1849.509452986179,1612.427357581509,-852.2843102565575,2537.524357988884,925.3320897876508,-787.541536782844
10.774316075960776,30.698892358988857,35.09227221669457,29.890510846213843,25.80213387743438,33.82663121360892,27.021610634728784,34.07951381978021
35.87325352812449,89.68151153862809,59.82841614830985,29.87039081428972,43.732678107681615,64.94729704281659,71.2203494994802,29.451294044438985
682.0911783812787,502.1049430915294,335.510787471772,655.0602356502,731.7076537524003,403.51692774664514,349.44866539529585,354.578771681774
1.7320138858406264,1.508171920621591,-0.2765237079197293,0.0199515436844792,-0.352481246448789,2.498681781118348,2.049681982012845,-0.4392884819395459
148.8367273722191,-2027.1567576766547,1531.2356369219983,113.22447124937128,663.5287065720172,743.6814573539475,2035.4128170526783,1731.738928128418
0.0021719045938873,0.0003565511297291,-2024.636465078676,-10818.276561582752,18611.7258873538,17329.984237651184,-112.10689998067028,1494.4281195567598
-107.88575611123412,1493.575386396743,-142.7097350629769,728.1072972817615,-175.60979876097048,2307.494000575868,-2764.32649598267,-807.8707698189407
-2947.0828441764675,-4.780255793152151,-459.7427089169023,-1058.0325070238157,4842.743625242506,-114.72757012872762,148.82127388858794,496.1272050225696
32.90292254856342,22.645381075140328,32.74851222663647,28.345421821313405,29.711175928152045,31.74232535332436,28.337346997360203,21.24609695713276
60.34439672557643,38.395202242235655,24.15600071196993,19.58537828075155,24.94398933674736,60.655310142928286,75.31987535058565,62.9751079649095
697.3819383611306,388.5290349806454,485.9516407696732,766.7720621793056,514.2920326225408,310.4495742403586,757.6158017434002,637.5010309686104
0.1904534965880535,0.761032116488896,-0.1683218202603511,-1.103106578695954,-0.2011763165920101,-0.5897266152827156,-1.6712648290264782,-0.7843757237394482
-208.08141106076656,696.935167729067,88.28476294263211,205.00488482262125,789.7866134936961,111.36776250310362,-199.8255682871491,-235.24182771158635
0.0002721672576208,0.0006027070956924,10431.823055886993,10459.268448430465,15280.14826064249,12755.357823491184,13760.67128035977,776.6697193530049
660.6675476875255,1276.2982466444005,-1958.05274906516,493.5154324172911,208.1338997246063,-818.8822371787832,-8273.681061356689,-1111.4610174159668
-273.7726100323701,-51.33415498182498,-812.7708800757956,405.45130555398566,2669.9376232833074,367.0811941483176,2869.801716227027,735.302857337924
25.123817443254808,36.56296312407192,25.816671755167143,26.638963448206365,30.523988113381154,24.69081508325208,24.15386117771689,15.660655341803436
58.97774170068651,52.81262668560954,36.45494292186154,46.54147976283992,72.67203692889946,37.90626803224173,80.31109985682299,55.34528674638248
519.1092202504069,372.91020375408914,480.1138878869484,509.7962613012567,473.1652295176463,694.067646749221,867.0611383844937,428.7798860396464
-0.4694786348003001,0.127136901703849,0.2953145559186856,2.150744664678509,1.808258416010012,1.6348176990409593,1.985334076022804,3.674904994515837
404.34973464207206,-13.629424502724376,955.8260677566708,126.42161168167648,380.7457721325645,-233.9416611713613,-478.62576227649504,-313.4032477783793
0.0017203201793056,0.0006592170977782,14464.659706251983,23345.8431599522,20411.619828267845,20317.589457854345,1180.0848017415951,-78.0677341646548
363.0680818162595,-1678.0464595558549,301.0215768541836,-2194.337575908635,-1264.9408821081338,3295.1256242382506,-1678.6673707453838,976.6606869500364
-325.6752355192407,-298.78554208155225,-1849.509452986179,1612.427357581509,-852.2843102565575,2537.524357988884,925.3320897876508,-787.541536782844
10.774316075960776,30.698892358988857,35.09227221669457,29.890510846213843,25.80213387743438,33.82663121360892,27.021610634728784,34.07951381978021
35.87325352812449,89.68151153862809,59.82841614830985,29.87039081428972,43.732678107681615,64.94729704281659,71.2203494994802,29.451294044438985
682.0911783812787,502.1049430915294,335.510787471772,655.0602356502,731.7076537524003,403.51692774664514,349.44866539529585,354.578771681774
1.7320138858406264,1.508171920621591,-0.2765237079197293,0.0199515436844792,-0.352481246448789,2.498681781118348,2.049681982012845,-0.4392884819395459
148.8367273722191,-2027.1567576766547,1531.2356369219983,113.22447124937128,663.5287065720172,743.6814573539475,2035.4128170526783,1731.738928128418
0.0021719045938873,0.0003565511297291,-2024.636465078676,-10818.276561582752,18611.7258873538,17329.984237651184,-112.10689998067028,1494.4281195567598
-107.88575611123412,1493.575386396743,-142.7097350629769,728.1072972817615,-175.60979876097048,2307.494000575868,-2764.32649598267,-807.8707698189407
-2947.0828441764675,-4.780255793152151,-459.7427089169023,-1058.0325070238157,4842.743625242506,-114.72757012872762,148.82127388858794,496.1272050225696
32.90292254856342,22.645381075140328,32.74851222663647,28.345421821313405,29.711175928152045,31.74232535332436,28.337346997360203,21.24609695713276
60.34439672557643,38.395202242235655,24.15600071196993,19.58537828075155,24.94398933674736,60.655310142928286,75.31987535058565,62.9751079649095
697.3819383611306,388.5290349806454,485.9516407696732,766.7720621793056,514.2920326225408,310.4495742403586,757.6158017434002,637.5010309686104
0.1904534965880535,0.761032116488896,-0.1683218202603511,-1.103106578695954,-0.2011763165920101,-0.5897266152827156,-1.6712648290264782,-0.7843757237394482
-208.08141106076656,696.935167729067,88.28476294263211,205.00488482262125,789.7866134936961,111.36776250310362,-199.8255682871491,-235.24182771158635
0.0002721672576208,0.0006027070956924,10431.823055886993,10459.268448430465,15280.14826064249,12755.357823491184,13760.67128035977,776.6697193530049
660.6675476875255,1276.2982466444005,-1958.05274906516,493.5154324172911,208.1338997246063,-818.8822371787832,-8273.681061356689,-1111.4610174159668
-273.7726100323701,-51.33415498182498,-812.7708800757956,405.45130555398566,2669.9376232833074,367.0811941483176,2869.801716227027,735.302857337924
25.123817443254808,36.56296312407192,25.816671755167143,26.638963448206365,30.523988113381154,24.69081508325208,24.15386117771689,15.660655341803436
58.97774170068651,52.81262668560954,36.45494292186154,46.54147976283992,72.67203692889946,37.90626803224173,80.31109985682299,55.34528674638248
519.1092202504069,372.91020375408914,480.1138878869484,509.7962613012567,473.1652295176463,694.067646749221,867.0611383844937,428.7798860396464
-0.4694786348003001,0.127136901703849,0.2953145559186856,2.150744664678509,1.808258416010012,1.6348176990409593,1.985334076022804,3.674904994515837
404.34973464207206,-13.629424502724376,955.8260677566708,126.42161168167648,380.7457721325645,-233.9416611713613,-478.62576227649504,-313.4032477783793
0.0017203201793056,0.0006592170977782,14464.659706251983,23345.8431599522,20411.619828267845,20317.589457854345,1180.0848017415951,-78.0677341646548
363.0680818162595,-1678.0464595558549,301.0215768541836,-2194.337575908635,-1264.9408821081338,3295.1256242382506,-1678.6673707453838,976.6606869500364
-325.6752355192407,-298.78554208155225,-1849.509452986179,1612.427357581509,-852.2843102565575,2537.524357988884,925.3320897876508,-787.541536782844
10.774316075960776,30.698892358988857,35.09227221669457,29.890510846213843,25.80213387743438,33.82663121360892,27.021610634728784,34.07951381978021
35.87325352812449,89.68151153862809,59.82841614830985,29.87039081428972,43.732678107681615,64.94729704281659,71.2203494994802,29.451294044438985
682.0911783812787,502.1049430915294,335.510787471772,655.0602356502,731.7076537524003,403.51692774664514,349.44866539529585,354.578771681774
1.7320138858406264,1.508171920621591,-0.2765237079197293,0.0199515436844792,-0.352481246448789,2.498681781118348,2.049681982012845,-0.4392884819395459
148.8367273722191,-2027.1567576766547,1531.2356369219983,113.22447124937128,663.5287065720172,743.6814573539475,2035.4128170526783,1731.738928128418
0.0021719045938873,0.0003565511297291,-2024.636465078676,-10818.276561582752,18611.7258873538,17329.984237651184,-112.10689998067028,1494.4281195567598
-107.88575611123412,1493.575386396743,-142.7097350629769,728.1072972817615,-175.60979876097048,2307.494000575868,-2764.32649598267,-807.8707698189407
-2947.0828441764675,-4.780255793152151,-459.7427089169023,-1058.0325070238157,4842.743625242506,-114.72757012872762,148.82127388858794,496.1272050225696
32.90292254856342,22.645381075140328,32.74851222663647,28.345421821313405,29.711175928152045,31.74232535332436,28.337346997360203,21.24609695713276
60.34439672557643,38.395202242235655,24.15600071196993,19.58537828075155,24.94398933674736,60.655310142928286,75.31987535058565,62.9751079649095
697.3819383611306,388.5290349806454,485.9516407696732,766.7720621793056,514.2920326225408,310.4495742403586,757.6158017434002,637.5010309686104
0.1904534965880535,0.761032116488896,-0.1683218202603511,-1.103106578695954,-0.2011763165920101,-0.5897266152827156,-1.6712648290264782,-0.7843757237394482
-208.08141106076656,696.935167729067,88.28476294263211,205.00488482262125,789.7866134936961,111.36776250310362,-199.8255682871491,-235.24182771158635
0.0002721672576208,0.0006027070956924,10431.823055886993,10459.268448430465,15280.14826064249,12755.357823491184,13760.67128035977,776.6697193530049
660.6675476875255,1276.2982466444005,-1958.05274906516,493.5154324172911,208.1338997246063,-818.8822371787832,-8273.681061356689,-1111.4610174159668
-273.7726100323701,-51.33415498182498,-812.7708800757956,405.45130555398566,2669.9376232833074,367.0811941483176,2869.801716227027,735.302857337924
25.123817443254808,36.56296312407192,25.816671755167143,26.638963448206365,30.523988113381154,24.69081508325208,24.15386117771689,15.660655341803436
58.97774170068651,52.81262668560954,36.45494292186154,46.54147976283992,72.67203692889946,37.90626803224173,80.31109985682299,55.34528674638248
519.1092202504069,372.91020375408914,480.1138878869484,509.7962613012567,473.1652295176463,694.067646749221,867.0611383844937,428.7798860396464
-0.4694786348003001,0.127136901703849,0.2953145559186856,2.150744664678509,1.808258416010012,1.6348176990409593,1.985334076022804,3.674904994515837
404.34973464207206,-13.629424502724376,955.8260677566708,126.42161168167648,380.7457721325645,-233.9416611713613,-478.62576227649504,-313.4032477783793
0.0017203201793056,0.0006592170977782,14464.659706251983,23345.8431599522,20411.619828267845,20317.589457854345,1180.0848017415951,-78.0677341646548
363.0680818162595,-1678.0464595558549,301.0215768541836,-2194.337575908635,-1264.9408821081338,3295.1256242382506,-1678.6673707453838,976.6606869500364
-325.6752355192407,-298.78554208155225,-1849.509452986179,1612.427357581509,-852.2843102565575,2537.524357988884,925.3320897876508,-787.541536782844
10.774316075960776,30.698892358988857,35.09227221669457,29.890510846213843,25.80213387743438,33.82663121360892,27.021610634728784,34.07951381978021
35.87325352812449,89.68151153862809,59.82841614830985,29.87039081428972,43.732678107681615,64.94729704281659,71.2203494994802,29.451294044438985
682.0911783812787,502.1049430915294,335.510787471772,655.0602356502,731.7076537524003,403.51692774664514,349.44866539529585,354.578771681774
1.7320138858406264,1.508171920621591,-0.2765237079197293,0.0199515436844792,-0.352481246448789,2.498681781118348,2.049681982012845,-0.4392884819395459
148.8367273722191,-2027.1567576766547,1531.2356369219983,113.22447124937128,663.5287065720172,743.6814573539475,2035.4128170526783,1731.738928128418
0.0021719045938873,0.0003565511297291,-2024.636465078676,-10818.276561582752,18611.7258873538,17329.984237651184,-112.10689998067028,1494.4281195567598
-107.88575611123412,1493.575386396743,-142.7097350629769,728.1072972817615,-175.60979876097048,2307.494000575868,-2764.32649598267,-807.8707698189407
-2947.0828441764675,-4.780255793152151,-459.7427089169023,-1058.0325070238157,4842.743625242506,-114.72757012872762,148.82127388858794,496.1272050225696
32.90292254856342,22.645381075140328,32.74851222663647,28.345421821313405,29.711175928152045,31.74232535332436,28.337346997360203,21.24609695713276
60.34439672557643,38.395202242235655,24.15600071196993,19.58537828075155,24.94398933674736,60.655310142928286,75.31987535058565,62.9751079649095
697.3819383611306,388.5290349806454,485.9516407696732,766.7720621793056,514.2920326225408,310.4495742403586,757.6158017434002,637.5010309686104
0.1904534965880535,0.761032116488896,-0.1683218202603511,-1.103106578695954,-0.2011763165920101,-0.5897266152827156,-1.6712648290264782,-0.7843757237394482
-208.08141106076656,696.935167729067,88.28476294263211,205.00488482262125,789.7866134936961,111.36776250310362,-199.8255682871491,-235.24182771158635
0.0002721672576208,0.0006027070956924,10431.823055886993,10459.268448430465,15280.14826064249,12755.357823491184,13760.67128035977,776.6697193530049
660.6675476875255,1276.2982466444005,-1958.05274906516,493.5154324172911,208.1338997246063,-818.8822371787832,-8273.681061356689,-1111.4610174159668
-273.7726100323701,-51.33415498182498,-812.7708800757956,405.45130555398566,2669.9376232833074,367.0811941483176,2869.801716227027,735.302857337924
25.123817443254808,36.56296312407192,25.816671755167143,26.638963448206365,30.523988113381154,24.69081508325208,24.15386117771689,15.660655341803436
58.97774170068651,52.81262668560954,36.45494292186154,46.54147976283992,72.67203692889946,37.90626803224173,80.31109985682299,55.34528674638248
519.1092202504069,372.91020375408914,480.1138878869484,509.7962613012567,473.1652295176463,694.067646749221,867.0611383844937,428.7798860396464
-0.4694786348003001,0.127136901703849,0.2953145559186856,2.150744664678509,1.808258416010012,1.6348176990409593,1.985334076022804,3.674904994515837
404.34973464207206,-13.629424502724376,955.8260677566708,126.42161168167648,380.7457721325645,-233.9416611713613,-478.62576227649504,-313.4032477783793
0.0017203201793056,0.0006592170977782,14464.659706251983,23345.8431599522,20411.619828267845,20317.589457854345,1180.0848017415951,-78.0677341646548
363.0680818162595,-1678.0464595558549,301.0215768541836,-2194.337575908635,-1264.9408821081338,3295.1256242382506,-1678.6673707453838,976.6606869500364
-325.6752355192407,-298.78554208155225,-1849.509452986179,1612.427357581509,-852.2843102565575,2537.524357988884,925.3320897876508,-787.541536782844
