내부온도관측치,내부습도관측치,co2관측치,ec관측치,시간당분무량,시간당백색광량,시간당적색광량,시간당청색광량
15.811065312013646,29.27375703222194,41.18817888385341,31.395177241192187,25.0478657221215,34.70011643334355,30.59843801961204,20.52129700308884
42.26859925899208,50.302846198796,69.29318783078661,74.97308507049891,45.32525614066175,26.79255869985242,61.88945607137128,31.38298099131029
645.12224420895,603.012404748801,492.67644113434966,438.17404355106464,588.769123651656,488.22072766853074,365.1413129673613,235.1160399615277
-0.121519352255033,3.4050580639114294,-0.1866106401401488,3.907837528230935,1.551941324251359,1.2022820676614518,0.6347873707524251,0.0383815207492852
165.95828365153628,-75.33257917899182,-330.89595415811107,507.4515298006797,39.97899653252716,529.6307197039297,434.8916011268309,-47.56104470704406
0.0011726709516199,-0.001520927891392,-5235.246076436503,11262.723166207088,14964.446644106149,20098.80261619216,-6267.324875335008,510.7080990200474
678.8883551291591,104.81252958008147,-1565.179450255584,1963.999135887064,15611.951635601295,762.8150881755903,-14.014854635930988,9746.156748332578
-131.08668512111566,-30.75699196687877,6034.018212098592,6618.202144406428,1694.476298597628,2468.4864141677654,3341.858498691714,-433.764395010859
30.96857258117752,22.442434752221875,37.43611587199108,29.31382642607626,22.39100452019421,19.1001469545499,25.148193614022183,24.0559762874346
77.50941408284916,28.87126012505124,26.417868420773853,38.90878417972681,55.16296539936182,63.57746827676885,61.61526060500603,63.57676133778592
559.3412746517076,466.72015828073495,620.332109792705,603.5221318880396,619.4107341394982,334.012905479409,280.7113777331981,604.7399644324801
1.398807427960127,-0.440259878839542,-1.2083201144726592,-0.2054464557678053,2.648254276094012,1.5577192535319466,-0.4529335416453126,1.6469572756132942
80.98622745681104,327.66351140824816,358.38692185446223,1784.2817467370087,633.0553441366754,434.83189799918136,-48.45139529195819,-206.01297411665848
-0.0017365375311731,-0.0012473021157842,-8240.199837881417,18282.298348425826,14967.334242781382,19636.43697553089,-1627.9204135791583,4.73748366135727
474.4010544131154,501.8192811256584,946.4710837679296,-1029.938501079254,5678.886412698369,-823.0308022748644,-904.9547491312776,535.2595627160508
-382.9005954480554,-192.1062965409319,13568.476612762475,5259.522157301062,4547.284134199752,592.4975616352286,235.0158275490352,-303.83107443072004
19.440953798846845,20.17771828743617,11.118434251239387,27.397668429361644,25.59916136318295,16.582082884751134,23.35999824415221,20.97895897851496
43.88848505300197,37.02678206337052,76.41444364340376,54.48459490516048,27.06320629105617,39.88976394445242,75.1508521542473,41.47991418423135
372.6346400383219,382.1540489205488,635.4192440998809,902.3620715824196,550.6939408596954,665.1182073208231,656.8654204694052,426.8602623887072
1.531200207082397,0.0580768471896739,1.704532985167029,2.202573883417769,-0.8672753460351275,2.697296302761436,-0.1350038899899384,1.046911499292024
-394.628380911776,122.63952448578556,17.744081112484537,1254.0740425788606,776.206085310112,942.5317972255712,533.1323563483769,-86.95787207138426
0.0003497439510731,0.0015089658534571,20215.36338503274,24455.209402728127,31124.283730825235,-664.5549691047211,2856.2936796576737,-77.71261790280239
737.2063921927002,-444.9068864531818,1165.0359659688663,2122.2661570679466,151.94101405363637,4280.217577122349,12739.57114507524,-764.2917884520245
-10.71346757747612,-323.13643214157617,6071.831388676284,6463.685820172057,-155.6303283102656,-335.64960838859963,-1013.2993503736908,-323.1610871619525
15.811065312013646,29.27375703222194,41.18817888385341,31.395177241192187,25.0478657221215,34.70011643334355,30.59843801961204,20.52129700308884
42.26859925899208,50.302846198796,69.29318783078661,74.97308507049891,45.32525614066175,26.79255869985242,61.88945607137128,31.38298099131029
645.12224420895,603.012404748801,492.67644113434966,438.17404355106464,588.769123651656,488.22072766853074,365.1413129673613,235.1160399615277
-0.121519352255033,3.4050580639114294,-0.1866106401401488,3.907837528230935,1.551941324251359,1.2022820676614518,0.6347873707524251,0.0383815207492852
165.95828365153628,-75.33257917899182,-330.89595415811107,507.4515298006797,39.97899653252716,529.6307197039297,434.8916011268309,-47.56104470704406
0.0011726709516199,-0.001520927891392,-5235.246076436503,11262.723166207088,14964.446644106149,20098.80261619216,-6267.324875335008,510.7080990200474
678.8883551291591,104.81252958008147,-1565.179450255584,1963.999135887064,15611.951635601295,762.8150881755903,-14.014854635930988,9746.156748332578
-131.08668512111566,-30.75699196687877,6034.018212098592,6618.202144406428,1694.476298597628,2468.4864141677654,3341.858498691714,-433.764395010859
30.96857258117752,22.442434752221875,37.43611587199108,29.31382642607626,22.39100452019421,19.1001469545499,25.148193614022183,24.0559762874346
77.50941408284916,28.87126012505124,26.417868420773853,38.90878417972681,55.16296539936182,63.57746827676885,61.61526060500603,63.57676133778592
559.3412746517076,466.72015828073495,620.332109792705,603.5221318880396,619.4107341394982,334.012905479409,280.7113777331981,604.7399644324801
1.398807427960127,-0.440259878839542,-1.2083201144726592,-0.2054464557678053,2.648254276094012,1.5577192535319466,-0.4529335416453126,1.6469572756132942
80.98622745681104,327.66351140824816,358.38692185446223,1784.2817467370087,633.0553441366754,434.83189799918136,-48.45139529195819,-206.01297411665848
-0.0017365375311731,-0.0012473021157842,-8240.199837881417,18282.298348425826,14967.334242781382,19636.43697553089,-1627.9204135791583,4.73748366135727
474.4010544131154,501.8192811256584,946.4710837679296,-1029.938501079254,5678.886412698369,-823.0308022748644,-904.9547491312776,535.2595627160508
-382.9005954480554,-192.1062965409319,13568.476612762475,5259.522157301062,4547.284134199752,592.4975616352286,235.0158275490352,-303.83107443072004
19.440953798846845,20.17771828743617,11.118434251239387,27.397668429361644,25.59916136318295,16.582082884751134,23.35999824415221,20.97895897851496
43.88848505300197,37.02678206337052,76.41444364340376,54.48459490516048,27.06320629105617,39.88976394445242,75.1508521542473,41.47991418423135
372.6346400383219,382.1540489205488,635.4192440998809,902.3620715824196,550.6939408596954,665.1182073208231,656.8654204694052,426.8602623887072
1.531200207082397,0.0580768471896739,1.704532985167029,2.202573883417769,-0.8672753460351275,2.697296302761436,-0.1350038899899384,1.046911499292024
-394.628380911776,122.63952448578556,17.744081112484537,1254.0740425788606,776.206085310112,942.5317972255712,533.1323563483769,-86.95787207138426
0.0003497439510731,0.0015089658534571,20215.36338503274,24455.209402728127,31124.283730825235,-664.5549691047211,2856.2936796576737,-77.71261790280239
737.2063921927002,-444.9068864531818,1165.0359659688663,2122.2661570679466,151.94101405363637,4280.217577122349,12739.57114507524,-764.2917884520245
-10.71346757747612,-323.13643214157617,6071.831388676284,6463.685820172057,-155.6303283102656,-335.64960838859963,-1013.2993503736908,-323.1610871619525
15.811065312013646,29.27375703222194,41.18817888385341,31.395177241192187,25.0478657221215,34.70011643334355,30.59843801961204,20.52129700308884
42.26859925899208,50.302846198796,69.29318783078661,74.97308507049891,45.32525614066175,26.79255869985242,61.88945607137128,31.38298099131029
645.12224420895,603.012404748801,492.67644113434966,438.17404355106464,588.769123651656,488.22072766853074,365.1413129673613,235.1160399615277
-0.121519352255033,3.4050580639114294,-0.1866106401401488,3.907837528230935,1.551941324251359,1.2022820676614518,0.6347873707524251,0.0383815207492852
165.95828365153628,-75.33257917899182,-330.89595415811107,507.4515298006797,39.97899653252716,529.6307197039297,434.8916011268309,-47.56104470704406
0.0011726709516199,-0.001520927891392,-5235.246076436503,11262.723166207088,14964.446644106149,20098.80261619216,-6267.324875335008,510.7080990200474
678.8883551291591,104.81252958008147,-1565.179450255584,1963.999135887064,15611.951635601295,762.8150881755903,-14.014854635930988,9746.156748332578
-131.08668512111566,-30.75699196687877,6034.018212098592,6618.202144406428,1694.476298597628,2468.4864141677654,3341.858498691714,-433.764395010859
30.96857258117752,22.442434752221875,37.43611587199108,29.31382642607626,22.39100452019421,19.1001469545499,25.148193614022183,24.0559762874346
77.50941408284916,28.87126012505124,26.417868420773853,38.90878417972681,55.16296539936182,63.57746827676885,61.61526060500603,63.57676133778592
559.3412746517076,466.72015828073495,620.332109792705,603.5221318880396,619.4107341394982,334.012905479409,280.7113777331981,604.7399644324801
1.398807427960127,-0.440259878839542,-1.2083201144726592,-0.2054464557678053,2.648254276094012,1.5577192535319466,-0.4529335416453126,1.6469572756132942
80.98622745681104,327.66351140824816,358.38692185446223,1784.2817467370087,633.0553441366754,434.83189799918136,-48.45139529195819,-206.01297411665848
-0.0017365375311731,-0.0012473021157842,-8240.199837881417,18282.298348425826,14967.334242781382,19636.43697553089,-1627.9204135791583,4.73748366135727
474.4010544131154,501.8192811256584,946.4710837679296,-1029.938501079254,5678.886412698369,-823.0308022748644,-904.9547491312776,535.2595627160508
-382.9005954480554,-192.1062965409319,13568.476612762475,5259.522157301062,4547.284134199752,592.4975616352286,235.0158275490352,-303.83107443072004
19.440953798846845,20.17771828743617,11.118434251239387,27.397668429361644,25.59916136318295,16.582082884751134,23.35999824415221,20.97895897851496
43.88848505300197,37.02678206337052,76.41444364340376,54.48459490516048,27.06320629105617,39.88976394445242,75.1508521542473,41.47991418423135
372.6346400383219,382.1540489205488,635.4192440998809,902.3620715824196,550.6939408596954,665.1182073208231,656.8654204694052,426.8602623887072
1.531200207082397,0.0580768471896739,1.704532985167029,2.202573883417769,-0.8672753460351275,2.697296302761436,-0.1350038899899384,1.046911499292024
-394.628380911776,122.63952448578556,17.744081112484537,1254.0740425788606,776.206085310112,942.5317972255712,533.1323563483769,-86.95787207138426
0.0003497439510731,0.0015089658534571,20215.36338503274,24455.209402728127,31124.283730825235,-664.5549691047211,2856.2936796576737,-77.71261790280239
737.2063921927002,-444.9068864531818,1165.0359659688663,2122.2661570679466,151.94101405363637,4280.217577122349,12739.57114507524,-764.2917884520245
-10.71346757747612,-323.13643214157617,6071.831388676284,6463.685820172057,-155.6303283102656,-335.64960838859963,-1013.2993503736908,-323.1610871619525
15.811065312013646,29.27375703222194,41.18817888385341,31.395177241192187,25.0478657221215,34.70011643334355,30.59843801961204,20.52129700308884
42.26859925899208,50.302846198796,69.29318783078661,74.97308507049891,45.32525614066175,26.79255869985242,61.88945607137128,31.38298099131029
645.12224420895,603.012404748801,492.67644113434966,438.17404355106464,588.769123651656,488.22072766853074,365.1413129673613,235.1160399615277
-0.121519352255033,3.4050580639114294,-0.1866106401401488,3.907837528230935,1.551941324251359,1.2022820676614518,0.6347873707524251,0.0383815207492852
165.95828365153628,-75.33257917899182,-330.89595415811107,507.4515298006797,39.97899653252716,529.6307197039297,434.8916011268309,-47.56104470704406
0.0011726709516199,-0.001520927891392,-5235.246076436503,11262.723166207088,14964.446644106149,20098.80261619216,-6267.324875335008,510.7080990200474
678.8883551291591,104.81252958008147,-1565.179450255584,1963.999135887064,15611.951635601295,762.8150881755903,-14.014854635930988,9746.156748332578
-131.08668512111566,-30.75699196687877,6034.018212098592,6618.202144406428,1694.476298597628,2468.4864141677654,3341.858498691714,-433.764395010859
30.96857258117752,22.442434752221875,37.43611587199108,29.31382642607626,22.39100452019421,19.1001469545499,25.148193614022183,24.0559762874346
77.50941408284916,28.87126012505124,26.417868420773853,38.90878417972681,55.16296539936182,63.57746827676885,61.61526060500603,63.57676133778592
559.3412746517076,466.72015828073495,620.332109792705,603.5221318880396,619.4107341394982,334.012905479409,280.7113777331981,604.7399644324801
1.398807427960127,-0.440259878839542,-1.2083201144726592,-0.2054464557678053,2.648254276094012,1.5577192535319466,-0.4529335416453126,1.6469572756132942
80.98622745681104,327.66351140824816,358.38692185446223,1784.2817467370087,633.0553441366754,434.83189799918136,-48.45139529195819,-206.01297411665848
-0.0017365375311731,-0.0012473021157842,-8240.199837881417,18282.298348425826,14967.334242781382,19636.43697553089,-1627.9204135791583,4.73748366135727
474.4010544131154,501.8192811256584,946.4710837679296,-1029.938501079254,5678.886412698369,-823.0308022748644,-904.9547491312776,535.2595627160508
-382.9005954480554,-192.1062965409319,13568.476612762475,5259.522157301062,4547.284134199752,592.4975616352286,235.0158275490352,-303.83107443072004
19.440953798846845,20.17771828743617,11.118434251239387,27.397668429361644,25.59916136318295,16.582082884751134,23.35999824415221,20.97895897851496
43.88848505300197,37.02678206337052,76.41444364340376,54.48459490516048,27.06320629105617,39.88976394445242,75.1508521542473,41.47991418423135
372.6346400383219,382.1540489205488,635.4192440998809,902.3620715824196,550.6939408596954,665.1182073208231,656.8654204694052,426.8602623887072
1.531200207082397,0.0580768471896739,1.704532985167029,2.202573883417769,-0.8672753460351275,2.697296302761436,-0.1350038899899384,1.046911499292024
-394.628380911776,122.63952448578556,17.744081112484537,1254.0740425788606,776.206085310112,942.5317972255712,533.1323563483769,-86.95787207138426
0.0003497439510731,0.0015089658534571,20215.36338503274,24455.209402728127,31124.283730825235,-664.5549691047211,2856.2936796576737,-77.71261790280239
737.2063921927002,-444.9068864531818,1165.0359659688663,2122.2661570679466,151.94101405363637,4280.217577122349,12739.57114507524,-764.2917884520245
-10.71346757747612,-323.13643214157617,6071.831388676284,6463.685820172057,-155.6303283102656,-335.64960838859963,-1013.2993503736908,-323.1610871619525
15.811065312013646,29.27375703222194,41.18817888385341,31.395177241192187,25.0478657221215,34.70011643334355,30.59843801961204,20.52129700308884
42.26859925899208,50.302846198796,69.29318783078661,74.97308507049891,45.32525614066175,26.79255869985242,61.88945607137128,31.38298099131029
645.12224420895,603.012404748801,492.67644113434966,438.17404355106464,588.769123651656,488.22072766853074,365.1413129673613,235.1160399615277
-0.121519352255033,3.4050580639114294,-0.1866106401401488,3.907837528230935,1.551941324251359,1.2022820676614518,0.6347873707524251,0.0383815207492852
165.95828365153628,-75.33257917899182,-330.89595415811107,507.4515298006797,39.97899653252716,529.6307197039297,434.8916011268309,-47.56104470704406
0.0011726709516199,-0.001520927891392,-5235.246076436503,11262.723166207088,14964.446644106149,20098.80261619216,-6267.324875335008,510.7080990200474
678.8883551291591,104.81252958008147,-1565.179450255584,1963.999135887064,15611.951635601295,762.8150881755903,-14.014854635930988,9746.156748332578
-131.08668512111566,-30.75699196687877,6034.018212098592,6618.202144406428,1694.476298597628,2468.4864141677654,3341.858498691714,-433.764395010859
30.96857258117752,22.442434752221875,37.43611587199108,29.31382642607626,22.39100452019421,19.1001469545499,25.148193614022183,24.0559762874346
77.50941408284916,28.87126012505124,26.417868420773853,38.90878417972681,55.16296539936182,63.57746827676885,61.61526060500603,63.57676133778592
559.3412746517076,466.72015828073495,620.332109792705,603.5221318880396,619.4107341394982,334.012905479409,280.7113777331981,604.7399644324801
1.398807427960127,-0.440259878839542,-1.2083201144726592,-0.2054464557678053,2.648254276094012,1.5577192535319466,-0.4529335416453126,1.6469572756132942
80.98622745681104,327.66351140824816,358.38692185446223,1784.2817467370087,633.0553441366754,434.83189799918136,-48.45139529195819,-206.01297411665848
-0.0017365375311731,-0.0012473021157842,-8240.199837881417,18282.298348425826,14967.334242781382,19636.43697553089,-1627.9204135791583,4.73748366135727
474.4010544131154,501.8192811256584,946.4710837679296,-1029.938501079254,5678.886412698369,-823.0308022748644,-904.9547491312776,535.2595627160508
-382.9005954480554,-192.1062965409319,13568.476612762475,5259.522157301062,4547.284134199752,592.4975616352286,235.0158275490352,-303.83107443072004
19.440953798846845,20.17771828743617,11.118434251239387,27.397668429361644,25.59916136318295,16.582082884751134,23.35999824415221,20.97895897851496
43.88848505300197,37.02678206337052,76.41444364340376,54.48459490516048,27.06320629105617,39.88976394445242,75.1508521542473,41.47991418423135
372.6346400383219,382.1540489205488,635.4192440998809,902.3620715824196,550.6939408596954,665.1182073208231,656.8654204694052,426.8602623887072
1.531200207082397,0.0580768471896739,1.704532985167029,2.202573883417769,-0.8672753460351275,2.697296302761436,-0.1350038899899384,1.046911499292024
-394.628380911776,122.63952448578556,17.744081112484537,1254.0740425788606,776.206085310112,942.5317972255712,533.1323563483769,-86.95787207138426
0.0003497439510731,0.0015089658534571,20215.36338503274,24455.209402728127,31124.283730825235,-664.5549691047211,2856.2936796576737,-77.71261790280239
737.2063921927002,-444.9068864531818,1165.0359659688663,2122.2661570679466,151.94101405363637,4280.217577122349,12739.57114507524,-764.2917884520245
-10.71346757747612,-323.13643214157617,6071.831388676284,6463.685820172057,-155.6303283102656,-335.64960838859963,-1013.2993503736908,-323.1610871619525
15.811065312013646,29.27375703222194,41.18817888385341,31.395177241192187,25.0478657221215,34.70011643334355,30.59843801961204,20.52129700308884
42.26859925899208,50.302846198796,69.29318783078661,74.97308507049891,45.32525614066175,26.79255869985242,61.88945607137128,31.38298099131029
645.12224420895,603.012404748801,492.67644113434966,438.17404355106464,588.769123651656,488.22072766853074,365.1413129673613,235.1160399615277
-0.121519352255033,3.4050580639114294,-0.1866106401401488,3.907837528230935,1.551941324251359,1.2022820676614518,0.6347873707524251,0.0383815207492852
165.95828365153628,-75.33257917899182,-330.89595415811107,507.4515298006797,39.97899653252716,529.6307197039297,434.8916011268309,-47.56104470704406
0.0011726709516199,-0.001520927891392,-5235.246076436503,11262.723166207088,14964.446644106149,20098.80261619216,-6267.324875335008,510.7080990200474
678.8883551291591,104.81252958008147,-1565.179450255584,1963.999135887064,15611.951635601295,762.8150881755903,-14.014854635930988,9746.156748332578
-131.08668512111566,-30.75699196687877,6034.018212098592,6618.202144406428,1694.476298597628,2468.4864141677654,3341.858498691714,-433.764395010859
30.96857258117752,22.442434752221875,37.43611587199108,29.31382642607626,22.39100452019421,19.1001469545499,25.148193614022183,24.0559762874346
77.50941408284916,28.87126012505124,26.417868420773853,38.90878417972681,55.16296539936182,63.57746827676885,61.61526060500603,63.57676133778592
559.3412746517076,466.72015828073495,620.332109792705,603.5221318880396,619.4107341394982,334.012905479409,280.7113777331981,604.7399644324801
1.398807427960127,-0.440259878839542,-1.2083201144726592,-0.2054464557678053,2.648254276094012,1.5577192535319466,-0.4529335416453126,1.6469572756132942
80.98622745681104,327.66351140824816,358.38692185446223,1784.2817467370087,633.0553441366754,434.83189799918136,-48.45139529195819,-206.01297411665848
-0.0017365375311731,-0.0012473021157842,-8240.199837881417,18282.298348425826,14967.334242781382,19636.43697553089,-1627.9204135791583,4.73748366135727
474.4010544131154,501.8192811256584,946.4710837679296,-1029.938501079254,5678.886412698369,-823.0308022748644,-904.9547491312776,535.2595627160508
-382.9005954480554,-192.1062965409319,13568.476612762475,5259.522157301062,4547.284134199752,592.4975616352286,235.0158275490352,-303.83107443072004
19.440953798846845,20.17771828743617,11.118434251239387,27.397668429361644,25.59916136318295,16.582082884751134,23.35999824415221,20.97895897851496
43.88848505300197,37.02678206337052,76.41444364340376,54.48459490516048,27.06320629105617,39.88976394445242,75.1508521542473,41.47991418423135
372.6346400383219,382.1540489205488,635.4192440998809,902.3620715824196,550.6939408596954,665.1182073208231,656.8654204694052,426.8602623887072
1.531200207082397,0.0580768471896739,1.704532985167029,2.202573883417769,-0.8672753460351275,2.697296302761436,-0.1350038899899384,1.046911499292024
-394.628380911776,122.63952448578556,17.744081112484537,1254.0740425788606,776.206085310112,942.5317972255712,533.1323563483769,-86.95787207138426
0.0003497439510731,0.0015089658534571,20215.36338503274,24455.209402728127,31124.283730825235,-664.5549691047211,2856.2936796576737,-77.71261790280239
737.2063921927002,-444.9068864531818,1165.0359659688663,2122.2661570679466,151.94101405363637,4280.217577122349,12739.57114507524,-764.2917884520245
-10.71346757747612,-323.13643214157617,6071.831388676284,6463.685820172057,-155.6303283102656,-335.64960838859963,-1013.2993503736908,-323.1610871619525
15.811065312013646,29.27375703222194,41.18817888385341,31.395177241192187,25.0478657221215,34.70011643334355,30.59843801961204,20.52129700308884
42.26859925899208,50.302846198796,69.29318783078661,74.97308507049891,45.32525614066175,26.79255869985242,61.88945607137128,31.38298099131029
645.12224420895,603.012404748801,492.67644113434966,438.17404355106464,588.769123651656,488.22072766853074,365.1413129673613,235.1160399615277
-0.121519352255033,3.4050580639114294,-0.1866106401401488,3.907837528230935,1.551941324251359,1.2022820676614518,0.6347873707524251,0.0383815207492852
165.95828365153628,-75.33257917899182,-330.89595415811107,507.4515298006797,39.97899653252716,529.6307197039297,434.8916011268309,-47.56104470704406
0.0011726709516199,-0.001520927891392,-5235.246076436503,11262.723166207088,14964.446644106149,20098.80261619216,-6267.324875335008,510.7080990200474
678.8883551291591,104.81252958008147,-1565.179450255584,1963.999135887064,15611.951635601295,762.8150881755903,-14.014854635930988,9746.156748332578
-131.08668512111566,-30.75699196687877,6034.018212098592,6618.202144406428,1694.476298597628,2468.4864141677654,3341.858498691714,-433.764395010859
30.96857258117752,22.442434752221875,37.43611587199108,29.31382642607626,22.39100452019421,19.1001469545499,25.148193614022183,24.0559762874346
77.50941408284916,28.87126012505124,26.417868420773853,38.90878417972681,55.16296539936182,63.57746827676885,61.61526060500603,63.57676133778592
559.3412746517076,466.72015828073495,620.332109792705,603.5221318880396,619.4107341394982,334.012905479409,280.7113777331981,604.7399644324801
1.398807427960127,-0.440259878839542,-1.2083201144726592,-0.2054464557678053,2.648254276094012,1.5577192535319466,-0.4529335416453126,1.6469572756132942
80.98622745681104,327.66351140824816,358.38692185446223,1784.2817467370087,633.0553441366754,434.83189799918136,-48.45139529195819,-206.01297411665848
-0.0017365375311731,-0.0012473021157842,-8240.199837881417,18282.298348425826,14967.334242781382,19636.43697553089,-1627.9204135791583,4.73748366135727
474.4010544131154,501.8192811256584,946.4710837679296,-1029.938501079254,5678.886412698369,-823.0308022748644,-904.9547491312776,535.2595627160508
-382.9005954480554,-192.1062965409319,13568.476612762475,5259.522157301062,4547.284134199752,592.4975616352286,235.0158275490352,-303.83107443072004
19.440953798846845,20.17771828743617,11.118434251239387,27.397668429361644,25.59916136318295,16.582082884751134,23.35999824415221,20.97895897851496
43.88848505300197,37.02678206337052,76.41444364340376,54.48459490516048,27.06320629105617,39.88976394445242,75.1508521542473,41.47991418423135
372.6346400383219,382.1540489205488,635.4192440998809,902.3620715824196,550.6939408596954,665.1182073208231,656.8654204694052,426.8602623887072
1.531200207082397,0.0580768471896739,1.704532985167029,2.202573883417769,-0.8672753460351275,2.697296302761436,-0.1350038899899384,1.046911499292024
-394.628380911776,122.63952448578556,17.744081112484537,1254.0740425788606,776.206085310112,942.5317972255712,533.1323563483769,-86.95787207138426
0.0003497439510731,0.0015089658534571,20215.36338503274,24455.209402728127,31124.283730825235,-664.5549691047211,2856.2936796576737,-77.71261790280239
737.2063921927002,-444.9068864531818,1165.0359659688663,2122.2661570679466,151.94101405363637,4280.217577122349,12739.57114507524,-764.2917884520245
-10.71346757747612,-323.13643214157617,6071.831388676284,6463.685820172057,-155.6303283102656,-335.64960838859963,-1013.2993503736908,-323.1610871619525
15.811065312013646,29.27375703222194,41.18817888385341,31.395177241192187,25.0478657221215,34.70011643334355,30.59843801961204,20.52129700308884
42.26859925899208,50.302846198796,69.29318783078661,74.97308507049891,45.32525614066175,26.79255869985242,61.88945607137128,31.38298099131029
645.12224420895,603.012404748801,492.67644113434966,438.17404355106464,588.769123651656,488.22072766853074,365.1413129673613,235.1160399615277
-0.121519352255033,3.4050580639114294,-0.1866106401401488,3.907837528230935,1.551941324251359,1.2022820676614518,0.6347873707524251,0.0383815207492852
165.95828365153628,-75.33257917899182,-330.89595415811107,507.4515298006797,39.97899653252716,529.6307197039297,434.8916011268309,-47.56104470704406
0.0011726709516199,-0.001520927891392,-5235.246076436503,11262.723166207088,14964.446644106149,20098.80261619216,-6267.324875335008,510.7080990200474
678.8883551291591,104.81252958008147,-1565.179450255584,1963.999135887064,15611.951635601295,762.8150881755903,-14.014854635930988,9746.156748332578
-131.08668512111566,-30.75699196687877,6034.018212098592,6618.202144406428,1694.476298597628,2468.4864141677654,3341.858498691714,-433.764395010859
30.96857258117752,22.442434752221875,37.43611587199108,29.31382642607626,22.39100452019421,19.1001469545499,25.148193614022183,24.0559762874346
77.50941408284916,28.87126012505124,26.417868420773853,38.90878417972681,55.16296539936182,63.57746827676885,61.61526060500603,63.57676133778592
559.3412746517076,466.72015828073495,620.332109792705,603.5221318880396,619.4107341394982,334.012905479409,280.7113777331981,604.7399644324801
1.398807427960127,-0.440259878839542,-1.2083201144726592,-0.2054464557678053,2.648254276094012,1.5577192535319466,-0.4529335416453126,1.6469572756132942
80.98622745681104,327.66351140824816,358.38692185446223,1784.2817467370087,633.0553441366754,434.83189799918136,-48.45139529195819,-206.01297411665848
-0.0017365375311731,-0.0012473021157842,-8240.199837881417,18282.298348425826,14967.334242781382,19636.43697553089,-1627.9204135791583,4.73748366135727
474.4010544131154,501.8192811256584,946.4710837679296,-1029.938501079254,5678.886412698369,-823.0308022748644,-904.9547491312776,535.2595627160508
-382.9005954480554,-192.1062965409319,13568.476612762475,5259.522157301062,4547.284134199752,592.4975616352286,235.0158275490352,-303.83107443072004
19.440953798846845,20.17771828743617,11.118434251239387,27.397668429361644,25.59916136318295,16.582082884751134,23.35999824415221,20.97895897851496
43.88848505300197,37.02678206337052,76.41444364340376,54.48459490516048,27.06320629105617,39.88976394445242,75.1508521542473,41.47991418423135
372.6346400383219,382.1540489205488,635.4192440998809,902.3620715824196,550.6939408596954,665.1182073208231,656.8654204694052,426.8602623887072
1.531200207082397,0.0580768471896739,1.704532985167029,2.202573883417769,-0.8672753460351275,2.697296302761436,-0.1350038899899384,1.046911499292024
-394.628380911776,122.63952448578556,17.744081112484537,1254.0740425788606,776.206085310112,942.5317972255712,533.1323563483769,-86.95787207138426
0.0003497439510731,0.0015089658534571,20215.36338503274,24455.209402728127,31124.283730825235,-664.5549691047211,2856.2936796576737,-77.71261790280239
737.2063921927002,-444.9068864531818,1165.0359659688663,2122.2661570679466,151.94101405363637,4280.217577122349,12739.57114507524,-764.2917884520245
-10.71346757747612,-323.13643214157617,6071.831388676284,6463.685820172057,-155.6303283102656,-335.64960838859963,-1013.2993503736908,-323.1610871619525
15.811065312013646,29.27375703222194,41.18817888385341,31.395177241192187,25.0478657221215,34.70011643334355,30.59843801961204,20.52129700308884
42.26859925899208,50.302846198796,69.29318783078661,74.97308507049891,45.32525614066175,26.79255869985242,61.88945607137128,31.38298099131029
645.12224420895,603.012404748801,492.67644113434966,438.17404355106464,588.769123651656,488.22072766853074,365.1413129673613,235.1160399615277
-0.121519352255033,3.4050580639114294,-0.1866106401401488,3.907837528230935,1.551941324251359,1.2022820676614518,0.6347873707524251,0.0383815207492852
165.95828365153628,-75.33257917899182,-330.89595415811107,507.4515298006797,39.97899653252716,529.6307197039297,434.8916011268309,-47.56104470704406
0.0011726709516199,-0.001520927891392,-5235.246076436503,11262.723166207088,14964.446644106149,20098.80261619216,-6267.324875335008,510.7080990200474
678.8883551291591,104.81252958008147,-1565.179450255584,1963.999135887064,15611.951635601295,762.8150881755903,-14.014854635930988,9746.156748332578
-131.08668512111566,-30.75699196687877,6034.018212098592,6618.202144406428,1694.476298597628,2468.4864141677654,3341.858498691714,-433.764395010859
30.96857258117752,22.442434752221875,37.43611587199108,29.31382642607626,22.39100452019421,19.1001469545499,25.148193614022183,24.0559762874346
77.50941408284916,28.87126012505124,26.417868420773853,38.90878417972681,55.16296539936182,63.57746827676885,61.61526060500603,63.57676133778592
559.3412746517076,466.72015828073495,620.332109792705,603.5221318880396,619.4107341394982,334.012905479409,280.7113777331981,604.7399644324801
1.398807427960127,-0.440259878839542,-1.2083201144726592,-0.2054464557678053,2.648254276094012,1.5577192535319466,-0.4529335416453126,1.6469572756132942
80.98622745681104,327.66351140824816,358.38692185446223,1784.2817467370087,633.0553441366754,434.83189799918136,-48.45139529195819,-206.01297411665848
-0.0017365375311731,-0.0012473021157842,-8240.199837881417,18282.298348425826,14967.334242781382,19636.43697553089,-1627.9204135791583,4.73748366135727
474.4010544131154,501.8192811256584,946.4710837679296,-1029.938501079254,5678.886412698369,-823.0308022748644,-904.9547491312776,535.2595627160508
-382.9005954480554,-192.1062965409319,13568.476612762475,5259.522157301062,4547.284134199752,592.4975616352286,235.0158275490352,-303.83107443072004
19.440953798846845,20.17771828743617,11.118434251239387,27.397668429361644,25.59916136318295,16.582082884751134,23.35999824415221,20.97895897851496
43.88848505300197,37.02678206337052,76.41444364340376,54.48459490516048,27.06320629105617,39.88976394445242,75.1508521542473,41.47991418423135
372.6346400383219,382.1540489205488,635.4192440998809,902.3620715824196,550.6939408596954,665.1182073208231,656.8654204694052,426.8602623887072
1.531200207082397,0.0580768471896739,1.704532985167029,2.202573883417769,-0.8672753460351275,2.697296302761436,-0.1350038899899384,1.046911499292024
-394.628380911776,122.63952448578556,17.744081112484537,1254.0740425788606,776.206085310112,942.5317972255712,533.1323563483769,-86.95787207138426
0.0003497439510731,0.0015089658534571,20215.36338503274,24455.209402728127,31124.283730825235,-664.5549691047211,2856.2936796576737,-77.71261790280239
737.2063921927002,-444.9068864531818,1165.0359659688663,2122.2661570679466,151.94101405363637,4280.217577122349,12739.57114507524,-764.2917884520245
-10.71346757747612,-323.13643214157617,6071.831388676284,6463.685820172057,-155.6303283102656,-335.64960838859963,-1013.2993503736908,-323.1610871619525
15.811065312013646,29.27375703222194,41.18817888385341,31.395177241192187,25.0478657221215,34.70011643334355,30.59843801961204,20.52129700308884
42.26859925899208,50.302846198796,69.29318783078661,74.97308507049891,45.32525614066175,26.79255869985242,61.88945607137128,31.38298099131029
645.12224420895,603.012404748801,492.67644113434966,438.17404355106464,588.769123651656,488.22072766853074,365.1413129673613,235.1160399615277
-0.121519352255033,3.4050580639114294,-0.1866106401401488,3.907837528230935,1.551941324251359,1.2022820676614518,0.6347873707524251,0.0383815207492852
165.95828365153628,-75.33257917899182,-330.89595415811107,507.4515298006797,39.97899653252716,529.6307197039297,434.8916011268309,-47.56104470704406
0.0011726709516199,-0.001520927891392,-5235.246076436503,11262.723166207088,14964.446644106149,20098.80261619216,-6267.324875335008,510.7080990200474
678.8883551291591,104.81252958008147,-1565.179450255584,1963.999135887064,15611.951635601295,762.8150881755903,-14.014854635930988,9746.156748332578
-131.08668512111566,-30.75699196687877,6034.018212098592,6618.202144406428,1694.476298597628,2468.4864141677654,3341.858498691714,-433.764395010859
30.96857258117752,22.442434752221875,37.43611587199108,29.31382642607626,22.39100452019421,19.1001469545499,25.148193614022183,24.0559762874346
77.50941408284916,28.87126012505124,26.417868420773853,38.90878417972681,55.16296539936182,63.57746827676885,61.61526060500603,63.57676133778592
559.3412746517076,466.72015828073495,620.332109792705,603.5221318880396,619.4107341394982,334.012905479409,280.7113777331981,604.7399644324801
1.398807427960127,-0.440259878839542,-1.2083201144726592,-0.2054464557678053,2.648254276094012,1.5577192535319466,-0.4529335416453126,1.6469572756132942
80.98622745681104,327.66351140824816,358.38692185446223,1784.2817467370087,633.0553441366754,434.83189799918136,-48.45139529195819,-206.01297411665848
-0.0017365375311731,-0.0012473021157842,-8240.199837881417,18282.298348425826,14967.334242781382,19636.43697553089,-1627.9204135791583,4.73748366135727
474.4010544131154,501.8192811256584,946.4710837679296,-1029.938501079254,5678.886412698369,-823.0308022748644,-904.9547491312776,535.2595627160508
-382.9005954480554,-192.1062965409319,13568.476612762475,5259.522157301062,4547.284134199752,592.4975616352286,235.0158275490352,-303.83107443072004
19.440953798846845,20.17771828743617,11.118434251239387,27.397668429361644,25.59916136318295,16.582082884751134,23.35999824415221,20.97895897851496
43.88848505300197,37.02678206337052,76.41444364340376,54.48459490516048,27.06320629105617,39.88976394445242,75.1508521542473,41.47991418423135
372.6346400383219,382.1540489205488,635.4192440998809,902.3620715824196,550.6939408596954,665.1182073208231,656.8654204694052,426.8602623887072
1.531200207082397,0.0580768471896739,1.704532985167029,2.202573883417769,-0.8672753460351275,2.697296302761436,-0.1350038899899384,1.046911499292024
-394.628380911776,122.63952448578556,17.744081112484537,1254.0740425788606,776.206085310112,942.5317972255712,533.1323563483769,-86.95787207138426
0.0003497439510731,0.0015089658534571,20215.36338503274,24455.209402728127,31124.283730825235,-664.5549691047211,2856.2936796576737,-77.71261790280239
737.2063921927002,-444.9068864531818,1165.0359659688663,2122.2661570679466,151.94101405363637,4280.217577122349,12739.57114507524,-764.2917884520245
-10.71346757747612,-323.13643214157617,6071.831388676284,6463.685820172057,-155.6303283102656,-335.64960838859963,-1013.2993503736908,-323.1610871619525
15.811065312013646,29.27375703222194,41.18817888385341,31.395177241192187,25.0478657221215,34.70011643334355,30.59843801961204,20.52129700308884
42.26859925899208,50.302846198796,69.29318783078661,74.97308507049891,45.32525614066175,26.79255869985242,61.88945607137128,31.38298099131029
645.12224420895,603.012404748801,492.67644113434966,438.17404355106464,588.769123651656,488.22072766853074,365.1413129673613,235.1160399615277
-0.121519352255033,3.4050580639114294,-0.1866106401401488,3.907837528230935,1.551941324251359,1.2022820676614518,0.6347873707524251,0.0383815207492852
165.95828365153628,-75.33257917899182,-330.89595415811107,507.4515298006797,39.97899653252716,529.6307197039297,434.8916011268309,-47.56104470704406
0.0011726709516199,-0.001520927891392,-5235.246076436503,11262.723166207088,14964.446644106149,20098.80261619216,-6267.324875335008,510.7080990200474
678.8883551291591,104.81252958008147,-1565.179450255584,1963.999135887064,15611.951635601295,762.8150881755903,-14.014854635930988,9746.156748332578
-131.08668512111566,-30.75699196687877,6034.018212098592,6618.202144406428,1694.476298597628,2468.4864141677654,3341.858498691714,-433.764395010859
30.96857258117752,22.442434752221875,37.43611587199108,29.31382642607626,22.39100452019421,19.1001469545499,25.148193614022183,24.0559762874346
77.50941408284916,28.87126012505124,26.417868420773853,38.90878417972681,55.16296539936182,63.57746827676885,61.61526060500603,63.57676133778592
559.3412746517076,466.72015828073495,620.332109792705,603.5221318880396,619.4107341394982,334.012905479409,280.7113777331981,604.7399644324801
1.398807427960127,-0.440259878839542,-1.2083201144726592,-0.2054464557678053,2.648254276094012,1.5577192535319466,-0.4529335416453126,1.6469572756132942
80.98622745681104,327.66351140824816,358.38692185446223,1784.2817467370087,633.0553441366754,434.83189799918136,-48.45139529195819,-206.01297411665848
-0.0017365375311731,-0.0012473021157842,-8240.199837881417,18282.298348425826,14967.334242781382,19636.43697553089,-1627.9204135791583,4.73748366135727
474.4010544131154,501.8192811256584,946.4710837679296,-1029.938501079254,5678.886412698369,-823.0308022748644,-904.9547491312776,535.2595627160508
-382.9005954480554,-192.1062965409319,13568.476612762475,5259.522157301062,4547.284134199752,592.4975616352286,235.0158275490352,-303.83107443072004
19.440953798846845,20.17771828743617,11.118434251239387,27.397668429361644,25.59916136318295,16.582082884751134,23.35999824415221,20.97895897851496
43.88848505300197,37.02678206337052,76.41444364340376,54.48459490516048,27.06320629105617,39.88976394445242,75.1508521542473,41.47991418423135
372.6346400383219,382.1540489205488,635.4192440998809,902.3620715824196,550.6939408596954,665.1182073208231,656.8654204694052,426.8602623887072
1.531200207082397,0.0580768471896739,1.704532985167029,2.202573883417769,-0.8672753460351275,2.697296302761436,-0.1350038899899384,1.046911499292024
-394.628380911776,122.63952448578556,17.744081112484537,1254.0740425788606,776.206085310112,942.5317972255712,533.1323563483769,-86.95787207138426
0.0003497439510731,0.0015089658534571,20215.36338503274,24455.209402728127,31124.283730825235,-664.5549691047211,2856.2936796576737,-77.71261790280239
737.2063921927002,-444.9068864531818,1165.0359659688663,2122.2661570679466,151.94101405363637,4280.217577122349,12739.57114507524,-764.2917884520245
-10.71346757747612,-323.13643214157617,6071.831388676284,6463.685820172057,-155.6303283102656,-335.64960838859963,-1013.2993503736908,-323.1610871619525
15.811065312013646,29.27375703222194,41.18817888385341,31.395177241192187,25.0478657221215,34.70011643334355,30.59843801961204,20.52129700308884
42.26859925899208,50.302846198796,69.29318783078661,74.97308507049891,45.32525614066175,26.79255869985242,61.88945607137128,31.38298099131029
645.12224420895,603.012404748801,492.67644113434966,438.17404355106464,588.769123651656,488.22072766853074,365.1413129673613,235.1160399615277
-0.121519352255033,3.4050580639114294,-0.1866106401401488,3.907837528230935,1.551941324251359,1.2022820676614518,0.6347873707524251,0.0383815207492852
165.95828365153628,-75.33257917899182,-330.89595415811107,507.4515298006797,39.97899653252716,529.6307197039297,434.8916011268309,-47.56104470704406
0.0011726709516199,-0.001520927891392,-5235.246076436503,11262.723166207088,14964.446644106149,20098.80261619216,-6267.324875335008,510.7080990200474
678.8883551291591,104.81252958008147,-1565.179450255584,1963.999135887064,15611.951635601295,762.8150881755903,-14.014854635930988,9746.156748332578
-131.08668512111566,-30.75699196687877,6034.018212098592,6618.202144406428,1694.476298597628,2468.4864141677654,3341.858498691714,-433.764395010859
30.96857258117752,22.442434752221875,37.43611587199108,29.31382642607626,22.39100452019421,19.1001469545499,25.148193614022183,24.0559762874346
77.50941408284916,28.87126012505124,26.417868420773853,38.90878417972681,55.16296539936182,63.57746827676885,61.61526060500603,63.57676133778592
559.3412746517076,466.72015828073495,620.332109792705,603.5221318880396,619.4107341394982,334.012905479409,280.7113777331981,604.7399644324801
1.398807427960127,-0.440259878839542,-1.2083201144726592,-0.2054464557678053,2.648254276094012,1.5577192535319466,-0.4529335416453126,1.6469572756132942
80.98622745681104,327.66351140824816,358.38692185446223,1784.2817467370087,633.0553441366754,434.83189799918136,-48.45139529195819,-206.01297411665848
-0.0017365375311731,-0.0012473021157842,-8240.199837881417,18282.298348425826,14967.334242781382,19636.43697553089,-1627.9204135791583,4.73748366135727
474.4010544131154,501.8192811256584,946.4710837679296,-1029.938501079254,5678.886412698369,-823.0308022748644,-904.9547491312776,535.2595627160508
-382.9005954480554,-192.1062965409319,13568.476612762475,5259.522157301062,4547.284134199752,592.4975616352286,235.0158275490352,-303.83107443072004
19.440953798846845,20.17771828743617,11.118434251239387,27.397668429361644,25.59916136318295,16.582082884751134,23.35999824415221,20.97895897851496
43.88848505300197,37.02678206337052,76.41444364340376,54.48459490516048,27.06320629105617,39.88976394445242,75.1508521542473,41.47991418423135
372.6346400383219,382.1540489205488,635.4192440998809,902.3620715824196,550.6939408596954,665.1182073208231,656.8654204694052,426.8602623887072
1.531200207082397,0.0580768471896739,1.704532985167029,2.202573883417769,-0.8672753460351275,2.697296302761436,-0.1350038899899384,1.046911499292024
-394.628380911776,122.63952448578556,17.744081112484537,1254.0740425788606,776.206085310112,942.5317972255712,533.1323563483769,-86.95787207138426
0.0003497439510731,0.0015089658534571,20215.36338503274,24455.209402728127,31124.283730825235,-664.5549691047211,2856.2936796576737,-77.71261790280239
737.2063921927002,-444.9068864531818,1165.0359659688663,2122.2661570679466,151.94101405363637,4280.217577122349,12739.57114507524,-764.2917884520245
-10.71346757747612,-323.13643214157617,6071.831388676284,6463.685820172057,-155.6303283102656,-335.64960838859963,-1013.2993503736908,-323.1610871619525
15.811065312013646,29.27375703222194,41.18817888385341,31.395177241192187,25.0478657221215,34.70011643334355,30.59843801961204,20.52129700308884
42.26859925899208,50.302846198796,69.29318783078661,74.97308507049891,45.32525614066175,26.79255869985242,61.88945607137128,31.38298099131029
645.12224420895,603.012404748801,492.67644113434966,438.17404355106464,588.769123651656,488.22072766853074,365.1413129673613,235.1160399615277
-0.121519352255033,3.4050580639114294,-0.1866106401401488,3.907837528230935,1.551941324251359,1.2022820676614518,0.6347873707524251,0.0383815207492852
165.95828365153628,-75.33257917899182,-330.89595415811107,507.4515298006797,39.97899653252716,529.6307197039297,434.8916011268309,-47.56104470704406
0.0011726709516199,-0.001520927891392,-5235.246076436503,11262.723166207088,14964.446644106149,20098.80261619216,-6267.324875335008,510.7080990200474
678.8883551291591,104.81252958008147,-1565.179450255584,1963.999135887064,15611.951635601295,762.8150881755903,-14.014854635930988,9746.156748332578
-131.08668512111566,-30.75699196687877,6034.018212098592,6618.202144406428,1694.476298597628,2468.4864141677654,3341.858498691714,-433.764395010859
30.96857258117752,22.442434752221875,37.43611587199108,29.31382642607626,22.39100452019421,19.1001469545499,25.148193614022183,24.0559762874346
77.50941408284916,28.87126012505124,26.417868420773853,38.90878417972681,55.16296539936182,63.57746827676885,61.61526060500603,63.57676133778592
559.3412746517076,466.72015828073495,620.332109792705,603.5221318880396,619.4107341394982,334.012905479409,280.7113777331981,604.7399644324801
1.398807427960127,-0.440259878839542,-1.2083201144726592,-0.2054464557678053,2.648254276094012,1.5577192535319466,-0.4529335416453126,1.6469572756132942
80.98622745681104,327.66351140824816,358.38692185446223,1784.2817467370087,633.0553441366754,434.83189799918136,-48.45139529195819,-206.01297411665848
-0.0017365375311731,-0.0012473021157842,-8240.199837881417,18282.298348425826,14967.334242781382,19636.43697553089,-1627.9204135791583,4.73748366135727
474.4010544131154,501.8192811256584,946.4710837679296,-1029.938501079254,5678.886412698369,-823.0308022748644,-904.9547491312776,535.2595627160508
-382.9005954480554,-192.1062965409319,13568.476612762475,5259.522157301062,4547.284134199752,592.4975616352286,235.0158275490352,-303.83107443072004
19.440953798846845,20.17771828743617,11.118434251239387,27.397668429361644,25.59916136318295,16.582082884751134,23.35999824415221,20.97895897851496
43.88848505300197,37.02678206337052,76.41444364340376,54.48459490516048,27.06320629105617,39.88976394445242,75.1508521542473,41.47991418423135
372.6346400383219,382.1540489205488,635.4192440998809,902.3620715824196,550.6939408596954,665.1182073208231,656.8654204694052,426.8602623887072
1.531200207082397,0.0580768471896739,1.704532985167029,2.202573883417769,-0.8672753460351275,2.697296302761436,-0.1350038899899384,1.046911499292024
-394.628380911776,122.63952448578556,17.744081112484537,1254.0740425788606,776.206085310112,942.5317972255712,533.1323563483769,-86.95787207138426
0.0003497439510731,0.0015089658534571,20215.36338503274,24455.209402728127,31124.283730825235,-664.5549691047211,2856.2936796576737,-77.71261790280239
737.2063921927002,-444.9068864531818,1165.0359659688663,2122.2661570679466,151.94101405363637,4280.217577122349,12739.57114507524,-764.2917884520245
-10.71346757747612,-323.13643214157617,6071.831388676284,6463.685820172057,-155.6303283102656,-335.64960838859963,-1013.2993503736908,-323.1610871619525
15.811065312013646,29.27375703222194,41.18817888385341,31.395177241192187,25.0478657221215,34.70011643334355,30.59843801961204,20.52129700308884
42.26859925899208,50.302846198796,69.29318783078661,74.97308507049891,45.32525614066175,26.79255869985242,61.88945607137128,31.38298099131029
645.12224420895,603.012404748801,492.67644113434966,438.17404355106464,588.769123651656,488.22072766853074,365.1413129673613,235.1160399615277
-0.121519352255033,3.4050580639114294,-0.1866106401401488,3.907837528230935,1.551941324251359,1.2022820676614518,0.6347873707524251,0.0383815207492852
165.95828365153628,-75.33257917899182,-330.89595415811107,507.4515298006797,39.97899653252716,529.6307197039297,434.8916011268309,-47.56104470704406
0.0011726709516199,-0.001520927891392,-5235.246076436503,11262.723166207088,14964.446644106149,20098.80261619216,-6267.324875335008,510.7080990200474
678.8883551291591,104.81252958008147,-1565.179450255584,1963.999135887064,15611.951635601295,762.8150881755903,-14.014854635930988,9746.156748332578
-131.08668512111566,-30.75699196687877,6034.018212098592,6618.202144406428,1694.476298597628,2468.4864141677654,3341.858498691714,-433.764395010859
30.96857258117752,22.442434752221875,37.43611587199108,29.31382642607626,22.39100452019421,19.1001469545499,25.148193614022183,24.0559762874346
77.50941408284916,28.87126012505124,26.417868420773853,38.90878417972681,55.16296539936182,63.57746827676885,61.61526060500603,63.57676133778592
559.3412746517076,466.72015828073495,620.332109792705,603.5221318880396,619.4107341394982,334.012905479409,280.7113777331981,604.7399644324801
1.398807427960127,-0.440259878839542,-1.2083201144726592,-0.2054464557678053,2.648254276094012,1.5577192535319466,-0.4529335416453126,1.6469572756132942
80.98622745681104,327.66351140824816,358.38692185446223,1784.2817467370087,633.0553441366754,434.83189799918136,-48.45139529195819,-206.01297411665848
-0.0017365375311731,-0.0012473021157842,-8240.199837881417,18282.298348425826,14967.334242781382,19636.43697553089,-1627.9204135791583,4.73748366135727
474.4010544131154,501.8192811256584,946.4710837679296,-1029.938501079254,5678.886412698369,-823.0308022748644,-904.9547491312776,535.2595627160508
-382.9005954480554,-192.1062965409319,13568.476612762475,5259.522157301062,4547.284134199752,592.4975616352286,235.0158275490352,-303.83107443072004
19.440953798846845,20.17771828743617,11.118434251239387,27.397668429361644,25.59916136318295,16.582082884751134,23.35999824415221,20.97895897851496
43.88848505300197,37.02678206337052,76.41444364340376,54.48459490516048,27.06320629105617,39.88976394445242,75.1508521542473,41.47991418423135
372.6346400383219,382.1540489205488,635.4192440998809,902.3620715824196,550.6939408596954,665.1182073208231,656.8654204694052,426.8602623887072
1.531200207082397,0.0580768471896739,1.704532985167029,2.202573883417769,-0.8672753460351275,2.697296302761436,-0.1350038899899384,1.046911499292024
-394.628380911776,122.63952448578556,17.744081112484537,1254.0740425788606,776.206085310112,942.5317972255712,533.1323563483769,-86.95787207138426
0.0003497439510731,0.0015089658534571,20215.36338503274,24455.209402728127,31124.283730825235,-664.5549691047211,2856.2936796576737,-77.71261790280239
737.2063921927002,-444.9068864531818,1165.0359659688663,2122.2661570679466,151.94101405363637,4280.217577122349,12739.57114507524,-764.2917884520245
-10.71346757747612,-323.13643214157617,6071.831388676284,6463.685820172057,-155.6303283102656,-335.64960838859963,-1013.2993503736908,-323.1610871619525
15.811065312013646,29.27375703222194,41.18817888385341,31.395177241192187,25.0478657221215,34.70011643334355,30.59843801961204,20.52129700308884
42.26859925899208,50.302846198796,69.29318783078661,74.97308507049891,45.32525614066175,26.79255869985242,61.88945607137128,31.38298099131029
645.12224420895,603.012404748801,492.67644113434966,438.17404355106464,588.769123651656,488.22072766853074,365.1413129673613,235.1160399615277
-0.121519352255033,3.4050580639114294,-0.1866106401401488,3.907837528230935,1.551941324251359,1.2022820676614518,0.6347873707524251,0.0383815207492852
165.95828365153628,-75.33257917899182,-330.89595415811107,507.4515298006797,39.97899653252716,529.6307197039297,434.8916011268309,-47.56104470704406
0.0011726709516199,-0.001520927891392,-5235.246076436503,11262.723166207088,14964.446644106149,20098.80261619216,-6267.324875335008,510.7080990200474
678.8883551291591,104.81252958008147,-1565.179450255584,1963.999135887064,15611.951635601295,762.8150881755903,-14.014854635930988,9746.156748332578
-131.08668512111566,-30.75699196687877,6034.018212098592,6618.202144406428,1694.476298597628,2468.4864141677654,3341.858498691714,-433.764395010859
30.96857258117752,22.442434752221875,37.43611587199108,29.31382642607626,22.39100452019421,19.1001469545499,25.148193614022183,24.0559762874346
77.50941408284916,28.87126012505124,26.417868420773853,38.90878417972681,55.16296539936182,63.57746827676885,61.61526060500603,63.57676133778592
559.3412746517076,466.72015828073495,620.332109792705,603.5221318880396,619.4107341394982,334.012905479409,280.7113777331981,604.7399644324801
1.398807427960127,-0.440259878839542,-1.2083201144726592,-0.2054464557678053,2.648254276094012,1.5577192535319466,-0.4529335416453126,1.6469572756132942
80.98622745681104,327.66351140824816,358.38692185446223,1784.2817467370087,633.0553441366754,434.83189799918136,-48.45139529195819,-206.01297411665848
-0.0017365375311731,-0.0012473021157842,-8240.199837881417,18282.298348425826,14967.334242781382,19636.43697553089,-1627.9204135791583,4.73748366135727
474.4010544131154,501.8192811256584,946.4710837679296,-1029.938501079254,5678.886412698369,-823.0308022748644,-904.9547491312776,535.2595627160508
-382.9005954480554,-192.1062965409319,13568.476612762475,5259.522157301062,4547.284134199752,592.4975616352286,235.0158275490352,-303.83107443072004
19.440953798846845,20.17771828743617,11.118434251239387,27.397668429361644,25.59916136318295,16.582082884751134,23.35999824415221,20.97895897851496
43.88848505300197,37.02678206337052,76.41444364340376,54.48459490516048,27.06320629105617,39.88976394445242,75.1508521542473,41.47991418423135
372.6346400383219,382.1540489205488,635.4192440998809,902.3620715824196,550.6939408596954,665.1182073208231,656.8654204694052,426.8602623887072
1.531200207082397,0.0580768471896739,1.704532985167029,2.202573883417769,-0.8672753460351275,2.697296302761436,-0.1350038899899384,1.046911499292024
-394.628380911776,122.63952448578556,17.744081112484537,1254.0740425788606,776.206085310112,942.5317972255712,533.1323563483769,-86.95787207138426
0.0003497439510731,0.0015089658534571,20215.36338503274,24455.209402728127,31124.283730825235,-664.5549691047211,2856.2936796576737,-77.71261790280239
737.2063921927002,-444.9068864531818,1165.0359659688663,2122.2661570679466,151.94101405363637,4280.217577122349,12739.57114507524,-764.2917884520245
-10.71346757747612,-323.13643214157617,6071.831388676284,6463.685820172057,-155.6303283102656,-335.64960838859963,-1013.2993503736908,-323.1610871619525
15.811065312013646,29.27375703222194,41.18817888385341,31.395177241192187,25.0478657221215,34.70011643334355,30.59843801961204,20.52129700308884
42.26859925899208,50.302846198796,69.29318783078661,74.97308507049891,45.32525614066175,26.79255869985242,61.88945607137128,31.38298099131029
645.12224420895,603.012404748801,492.67644113434966,438.17404355106464,588.769123651656,488.22072766853074,365.1413129673613,235.1160399615277
-0.121519352255033,3.4050580639114294,-0.1866106401401488,3.907837528230935,1.551941324251359,1.2022820676614518,0.6347873707524251,0.0383815207492852
165.95828365153628,-75.33257917899182,-330.89595415811107,507.4515298006797,39.97899653252716,529.6307197039297,434.8916011268309,-47.56104470704406
0.0011726709516199,-0.001520927891392,-5235.246076436503,11262.723166207088,14964.446644106149,20098.80261619216,-6267.324875335008,510.7080990200474
678.8883551291591,104.81252958008147,-1565.179450255584,1963.999135887064,15611.951635601295,762.8150881755903,-14.014854635930988,9746.156748332578
-131.08668512111566,-30.75699196687877,6034.018212098592,6618.202144406428,1694.476298597628,2468.4864141677654,3341.858498691714,-433.764395010859
30.96857258117752,22.442434752221875,37.43611587199108,29.31382642607626,22.39100452019421,19.1001469545499,25.148193614022183,24.0559762874346
77.50941408284916,28.87126012505124,26.417868420773853,38.90878417972681,55.16296539936182,63.57746827676885,61.61526060500603,63.57676133778592
559.3412746517076,466.72015828073495,620.332109792705,603.5221318880396,619.4107341394982,334.012905479409,280.7113777331981,604.7399644324801
1.398807427960127,-0.440259878839542,-1.2083201144726592,-0.2054464557678053,2.648254276094012,1.5577192535319466,-0.4529335416453126,1.6469572756132942
80.98622745681104,327.66351140824816,358.38692185446223,1784.2817467370087,633.0553441366754,434.83189799918136,-48.45139529195819,-206.01297411665848
-0.0017365375311731,-0.0012473021157842,-8240.199837881417,18282.298348425826,14967.334242781382,19636.43697553089,-1627.9204135791583,4.73748366135727
474.4010544131154,501.8192811256584,946.4710837679296,-1029.938501079254,5678.886412698369,-823.0308022748644,-904.9547491312776,535.2595627160508
-382.9005954480554,-192.1062965409319,13568.476612762475,5259.522157301062,4547.284134199752,592.4975616352286,235.0158275490352,-303.83107443072004
19.440953798846845,20.17771828743617,11.118434251239387,27.397668429361644,25.59916136318295,16.582082884751134,23.35999824415221,20.97895897851496
43.88848505300197,37.02678206337052,76.41444364340376,54.48459490516048,27.06320629105617,39.88976394445242,75.1508521542473,41.47991418423135
372.6346400383219,382.1540489205488,635.4192440998809,902.3620715824196,550.6939408596954,665.1182073208231,656.8654204694052,426.8602623887072
1.531200207082397,0.0580768471896739,1.704532985167029,2.202573883417769,-0.8672753460351275,2.697296302761436,-0.1350038899899384,1.046911499292024
-394.628380911776,122.63952448578556,17.744081112484537,1254.0740425788606,776.206085310112,942.5317972255712,533.1323563483769,-86.95787207138426
0.0003497439510731,0.0015089658534571,20215.36338503274,24455.209402728127,31124.283730825235,-664.5549691047211,2856.2936796576737,-77.71261790280239
737.2063921927002,-444.9068864531818,1165.0359659688663,2122.2661570679466,151.94101405363637,4280.217577122349,12739.57114507524,-764.2917884520245
-10.71346757747612,-323.13643214157617,6071.831388676284,6463.685820172057,-155.6303283102656,-335.64960838859963,-1013.2993503736908,-323.1610871619525
15.811065312013646,29.27375703222194,41.18817888385341,31.395177241192187,25.0478657221215,34.70011643334355,30.59843801961204,20.52129700308884
42.26859925899208,50.302846198796,69.29318783078661,74.97308507049891,45.32525614066175,26.79255869985242,61.88945607137128,31.38298099131029
645.12224420895,603.012404748801,492.67644113434966,438.17404355106464,588.769123651656,488.22072766853074,365.1413129673613,235.1160399615277
-0.121519352255033,3.4050580639114294,-0.1866106401401488,3.907837528230935,1.551941324251359,1.2022820676614518,0.6347873707524251,0.0383815207492852
165.95828365153628,-75.33257917899182,-330.89595415811107,507.4515298006797,39.97899653252716,529.6307197039297,434.8916011268309,-47.56104470704406
0.0011726709516199,-0.001520927891392,-5235.246076436503,11262.723166207088,14964.446644106149,20098.80261619216,-6267.324875335008,510.7080990200474
678.8883551291591,104.81252958008147,-1565.179450255584,1963.999135887064,15611.951635601295,762.8150881755903,-14.014854635930988,9746.156748332578
-131.08668512111566,-30.75699196687877,6034.018212098592,6618.202144406428,1694.476298597628,2468.4864141677654,3341.858498691714,-433.764395010859
30.96857258117752,22.442434752221875,37.43611587199108,29.31382642607626,22.39100452019421,19.1001469545499,25.148193614022183,24.0559762874346
77.50941408284916,28.87126012505124,26.417868420773853,38.90878417972681,55.16296539936182,63.57746827676885,61.61526060500603,63.57676133778592
559.3412746517076,466.72015828073495,620.332109792705,603.5221318880396,619.4107341394982,334.012905479409,280.7113777331981,604.7399644324801
1.398807427960127,-0.440259878839542,-1.2083201144726592,-0.2054464557678053,2.648254276094012,1.5577192535319466,-0.4529335416453126,1.6469572756132942
80.98622745681104,327.66351140824816,358.38692185446223,1784.2817467370087,633.0553441366754,434.83189799918136,-48.45139529195819,-206.01297411665848
-0.0017365375311731,-0.0012473021157842,-8240.199837881417,18282.298348425826,14967.334242781382,19636.43697553089,-1627.9204135791583,4.73748366135727
474.4010544131154,501.8192811256584,946.4710837679296,-1029.938501079254,5678.886412698369,-823.0308022748644,-904.9547491312776,535.2595627160508
-382.9005954480554,-192.1062965409319,13568.476612762475,5259.522157301062,4547.284134199752,592.4975616352286,235.0158275490352,-303.83107443072004
19.440953798846845,20.17771828743617,11.118434251239387,27.397668429361644,25.59916136318295,16.582082884751134,23.35999824415221,20.97895897851496
43.88848505300197,37.02678206337052,76.41444364340376,54.48459490516048,27.06320629105617,39.88976394445242,75.1508521542473,41.47991418423135
372.6346400383219,382.1540489205488,635.4192440998809,902.3620715824196,550.6939408596954,665.1182073208231,656.8654204694052,426.8602623887072
1.531200207082397,0.0580768471896739,1.704532985167029,2.202573883417769,-0.8672753460351275,2.697296302761436,-0.1350038899899384,1.046911499292024
-394.628380911776,122.63952448578556,17.744081112484537,1254.0740425788606,776.206085310112,942.5317972255712,533.1323563483769,-86.95787207138426
0.0003497439510731,0.0015089658534571,20215.36338503274,24455.209402728127,31124.283730825235,-664.5549691047211,2856.2936796576737,-77.71261790280239
737.2063921927002,-444.9068864531818,1165.0359659688663,2122.2661570679466,151.94101405363637,4280.217577122349,12739.57114507524,-764.2917884520245
-10.71346757747612,-323.13643214157617,6071.831388676284,6463.685820172057,-155.6303283102656,-335.64960838859963,-1013.2993503736908,-323.1610871619525
15.811065312013646,29.27375703222194,41.18817888385341,31.395177241192187,25.0478657221215,34.70011643334355,30.59843801961204,20.52129700308884
42.26859925899208,50.302846198796,69.29318783078661,74.97308507049891,45.32525614066175,26.79255869985242,61.88945607137128,31.38298099131029
645.12224420895,603.012404748801,492.67644113434966,438.17404355106464,588.769123651656,488.22072766853074,365.1413129673613,235.1160399615277
-0.121519352255033,3.4050580639114294,-0.1866106401401488,3.907837528230935,1.551941324251359,1.2022820676614518,0.6347873707524251,0.0383815207492852
165.95828365153628,-75.33257917899182,-330.89595415811107,507.4515298006797,39.97899653252716,529.6307197039297,434.8916011268309,-47.56104470704406
0.0011726709516199,-0.001520927891392,-5235.246076436503,11262.723166207088,14964.446644106149,20098.80261619216,-6267.324875335008,510.7080990200474
678.8883551291591,104.81252958008147,-1565.179450255584,1963.999135887064,15611.951635601295,762.8150881755903,-14.014854635930988,9746.156748332578
-131.08668512111566,-30.75699196687877,6034.018212098592,6618.202144406428,1694.476298597628,2468.4864141677654,3341.858498691714,-433.764395010859
30.96857258117752,22.442434752221875,37.43611587199108,29.31382642607626,22.39100452019421,19.1001469545499,25.148193614022183,24.0559762874346
77.50941408284916,28.87126012505124,26.417868420773853,38.90878417972681,55.16296539936182,63.57746827676885,61.61526060500603,63.57676133778592
559.3412746517076,466.72015828073495,620.332109792705,603.5221318880396,619.4107341394982,334.012905479409,280.7113777331981,604.7399644324801
1.398807427960127,-0.440259878839542,-1.2083201144726592,-0.2054464557678053,2.648254276094012,1.5577192535319466,-0.4529335416453126,1.6469572756132942
80.98622745681104,327.66351140824816,358.38692185446223,1784.2817467370087,633.0553441366754,434.83189799918136,-48.45139529195819,-206.01297411665848
-0.0017365375311731,-0.0012473021157842,-8240.199837881417,18282.298348425826,14967.334242781382,19636.43697553089,-1627.9204135791583,4.73748366135727
474.4010544131154,501.8192811256584,946.4710837679296,-1029.938501079254,5678.886412698369,-823.0308022748644,-904.9547491312776,535.2595627160508
-382.9005954480554,-192.1062965409319,13568.476612762475,5259.522157301062,4547.284134199752,592.4975616352286,235.0158275490352,-303.83107443072004
19.440953798846845,20.17771828743617,11.118434251239387,27.397668429361644,25.59916136318295,16.582082884751134,23.35999824415221,20.97895897851496
43.88848505300197,37.02678206337052,76.41444364340376,54.48459490516048,27.06320629105617,39.88976394445242,75.1508521542473,41.47991418423135
372.6346400383219,382.1540489205488,635.4192440998809,902.3620715824196,550.6939408596954,665.1182073208231,656.8654204694052,426.8602623887072
1.531200207082397,0.0580768471896739,1.704532985167029,2.202573883417769,-0.8672753460351275,2.697296302761436,-0.1350038899899384,1.046911499292024
-394.628380911776,122.63952448578556,17.744081112484537,1254.0740425788606,776.206085310112,942.5317972255712,533.1323563483769,-86.95787207138426
0.0003497439510731,0.0015089658534571,20215.36338503274,24455.209402728127,31124.283730825235,-664.5549691047211,2856.2936796576737,-77.71261790280239
737.2063921927002,-444.9068864531818,1165.0359659688663,2122.2661570679466,151.94101405363637,4280.217577122349,12739.57114507524,-764.2917884520245
-10.71346757747612,-323.13643214157617,6071.831388676284,6463.685820172057,-155.6303283102656,-335.64960838859963,-1013.2993503736908,-323.1610871619525
15.811065312013646,29.27375703222194,41.18817888385341,31.395177241192187,25.0478657221215,34.70011643334355,30.59843801961204,20.52129700308884
42.26859925899208,50.302846198796,69.29318783078661,74.97308507049891,45.32525614066175,26.79255869985242,61.88945607137128,31.38298099131029
645.12224420895,603.012404748801,492.67644113434966,438.17404355106464,588.769123651656,488.22072766853074,365.1413129673613,235.1160399615277
-0.121519352255033,3.4050580639114294,-0.1866106401401488,3.907837528230935,1.551941324251359,1.2022820676614518,0.6347873707524251,0.0383815207492852
165.95828365153628,-75.33257917899182,-330.89595415811107,507.4515298006797,39.97899653252716,529.6307197039297,434.8916011268309,-47.56104470704406
0.0011726709516199,-0.001520927891392,-5235.246076436503,11262.723166207088,14964.446644106149,20098.80261619216,-6267.324875335008,510.7080990200474
678.8883551291591,104.81252958008147,-1565.179450255584,1963.999135887064,15611.951635601295,762.8150881755903,-14.014854635930988,9746.156748332578
-131.08668512111566,-30.75699196687877,6034.018212098592,6618.202144406428,1694.476298597628,2468.4864141677654,3341.858498691714,-433.764395010859
30.96857258117752,22.442434752221875,37.43611587199108,29.31382642607626,22.39100452019421,19.1001469545499,25.148193614022183,24.0559762874346
77.50941408284916,28.87126012505124,26.417868420773853,38.90878417972681,55.16296539936182,63.57746827676885,61.61526060500603,63.57676133778592
559.3412746517076,466.72015828073495,620.332109792705,603.5221318880396,619.4107341394982,334.012905479409,280.7113777331981,604.7399644324801
1.398807427960127,-0.440259878839542,-1.2083201144726592,-0.2054464557678053,2.648254276094012,1.5577192535319466,-0.4529335416453126,1.6469572756132942
80.98622745681104,327.66351140824816,358.38692185446223,1784.2817467370087,633.0553441366754,434.83189799918136,-48.45139529195819,-206.01297411665848
-0.0017365375311731,-0.0012473021157842,-8240.199837881417,18282.298348425826,14967.334242781382,19636.43697553089,-1627.9204135791583,4.73748366135727
474.4010544131154,501.8192811256584,946.4710837679296,-1029.938501079254,5678.886412698369,-823.0308022748644,-904.9547491312776,535.2595627160508
-382.9005954480554,-192.1062965409319,13568.476612762475,5259.522157301062,4547.284134199752,592.4975616352286,235.0158275490352,-303.83107443072004
19.440953798846845,20.17771828743617,11.118434251239387,27.397668429361644,25.59916136318295,16.582082884751134,23.35999824415221,20.97895897851496
43.88848505300197,37.02678206337052,76.41444364340376,54.48459490516048,27.06320629105617,39.88976394445242,75.1508521542473,41.47991418423135
372.6346400383219,382.1540489205488,635.4192440998809,902.3620715824196,550.6939408596954,665.1182073208231,656.8654204694052,426.8602623887072
1.531200207082397,0.0580768471896739,1.704532985167029,2.202573883417769,-0.8672753460351275,2.697296302761436,-0.1350038899899384,1.046911499292024
-394.628380911776,122.63952448578556,17.744081112484537,1254.0740425788606,776.206085310112,942.5317972255712,533.1323563483769,-86.95787207138426
0.0003497439510731,0.0015089658534571,20215.36338503274,24455.209402728127,31124.283730825235,-664.5549691047211,2856.2936796576737,-77.71261790280239
737.2063921927002,-444.9068864531818,1165.0359659688663,2122.2661570679466,151.94101405363637,4280.217577122349,12739.57114507524,-764.2917884520245
-10.71346757747612,-323.13643214157617,6071.831388676284,6463.685820172057,-155.6303283102656,-335.64960838859963,-1013.2993503736908,-323.1610871619525
15.811065312013646,29.27375703222194,41.18817888385341,31.395177241192187,25.0478657221215,34.70011643334355,30.59843801961204,20.52129700308884
42.26859925899208,50.302846198796,69.29318783078661,74.97308507049891,45.32525614066175,26.79255869985242,61.88945607137128,31.38298099131029
645.12224420895,603.012404748801,492.67644113434966,438.17404355106464,588.769123651656,488.22072766853074,365.1413129673613,235.1160399615277
-0.121519352255033,3.4050580639114294,-0.1866106401401488,3.907837528230935,1.551941324251359,1.2022820676614518,0.6347873707524251,0.0383815207492852
165.95828365153628,-75.33257917899182,-330.89595415811107,507.4515298006797,39.97899653252716,529.6307197039297,434.8916011268309,-47.56104470704406
0.0011726709516199,-0.001520927891392,-5235.246076436503,11262.723166207088,14964.446644106149,20098.80261619216,-6267.324875335008,510.7080990200474
678.8883551291591,104.81252958008147,-1565.179450255584,1963.999135887064,15611.951635601295,762.8150881755903,-14.014854635930988,9746.156748332578
-131.08668512111566,-30.75699196687877,6034.018212098592,6618.202144406428,1694.476298597628,2468.4864141677654,3341.858498691714,-433.764395010859
30.96857258117752,22.442434752221875,37.43611587199108,29.31382642607626,22.39100452019421,19.1001469545499,25.148193614022183,24.0559762874346
77.50941408284916,28.87126012505124,26.417868420773853,38.90878417972681,55.16296539936182,63.57746827676885,61.61526060500603,63.57676133778592
559.3412746517076,466.72015828073495,620.332109792705,603.5221318880396,619.4107341394982,334.012905479409,280.7113777331981,604.7399644324801
1.398807427960127,-0.440259878839542,-1.2083201144726592,-0.2054464557678053,2.648254276094012,1.5577192535319466,-0.4529335416453126,1.6469572756132942
80.98622745681104,327.66351140824816,358.38692185446223,1784.2817467370087,633.0553441366754,434.83189799918136,-48.45139529195819,-206.01297411665848
-0.0017365375311731,-0.0012473021157842,-8240.199837881417,18282.298348425826,14967.334242781382,19636.43697553089,-1627.9204135791583,4.73748366135727
474.4010544131154,501.8192811256584,946.4710837679296,-1029.938501079254,5678.886412698369,-823.0308022748644,-904.9547491312776,535.2595627160508
-382.9005954480554,-192.1062965409319,13568.476612762475,5259.522157301062,4547.284134199752,592.4975616352286,235.0158275490352,-303.83107443072004
19.440953798846845,20.17771828743617,11.118434251239387,27.397668429361644,25.59916136318295,16.582082884751134,23.35999824415221,20.97895897851496
43.88848505300197,37.02678206337052,76.41444364340376,54.48459490516048,27.06320629105617,39.88976394445242,75.1508521542473,41.47991418423135
372.6346400383219,382.1540489205488,635.4192440998809,902.3620715824196,550.6939408596954,665.1182073208231,656.8654204694052,426.8602623887072
1.531200207082397,0.0580768471896739,1.704532985167029,2.202573883417769,-0.8672753460351275,2.697296302761436,-0.1350038899899384,1.046911499292024
-394.628380911776,122.63952448578556,17.744081112484537,1254.0740425788606,776.206085310112,942.5317972255712,533.1323563483769,-86.95787207138426
0.0003497439510731,0.0015089658534571,20215.36338503274,24455.209402728127,31124.283730825235,-664.5549691047211,2856.2936796576737,-77.71261790280239
737.2063921927002,-444.9068864531818,1165.0359659688663,2122.2661570679466,151.94101405363637,4280.217577122349,12739.57114507524,-764.2917884520245
-10.71346757747612,-323.13643214157617,6071.831388676284,6463.685820172057,-155.6303283102656,-335.64960838859963,-1013.2993503736908,-323.1610871619525
15.811065312013646,29.27375703222194,41.18817888385341,31.395177241192187,25.0478657221215,34.70011643334355,30.59843801961204,20.52129700308884
42.26859925899208,50.302846198796,69.29318783078661,74.97308507049891,45.32525614066175,26.79255869985242,61.88945607137128,31.38298099131029
645.12224420895,603.012404748801,492.67644113434966,438.17404355106464,588.769123651656,488.22072766853074,365.1413129673613,235.1160399615277
-0.121519352255033,3.4050580639114294,-0.1866106401401488,3.907837528230935,1.551941324251359,1.2022820676614518,0.6347873707524251,0.0383815207492852
165.95828365153628,-75.33257917899182,-330.89595415811107,507.4515298006797,39.97899653252716,529.6307197039297,434.8916011268309,-47.56104470704406
0.0011726709516199,-0.001520927891392,-5235.246076436503,11262.723166207088,14964.446644106149,20098.80261619216,-6267.324875335008,510.7080990200474
678.8883551291591,104.81252958008147,-1565.179450255584,1963.999135887064,15611.951635601295,762.8150881755903,-14.014854635930988,9746.156748332578
-131.08668512111566,-30.75699196687877,6034.018212098592,6618.202144406428,1694.476298597628,2468.4864141677654,3341.858498691714,-433.764395010859
30.96857258117752,22.442434752221875,37.43611587199108,29.31382642607626,22.39100452019421,19.1001469545499,25.148193614022183,24.0559762874346
77.50941408284916,28.87126012505124,26.417868420773853,38.90878417972681,55.16296539936182,63.57746827676885,61.61526060500603,63.57676133778592
559.3412746517076,466.72015828073495,620.332109792705,603.5221318880396,619.4107341394982,334.012905479409,280.7113777331981,604.7399644324801
1.398807427960127,-0.440259878839542,-1.2083201144726592,-0.2054464557678053,2.648254276094012,1.5577192535319466,-0.4529335416453126,1.6469572756132942
80.98622745681104,327.66351140824816,358.38692185446223,1784.2817467370087,633.0553441366754,434.83189799918136,-48.45139529195819,-206.01297411665848
-0.0017365375311731,-0.0012473021157842,-8240.199837881417,18282.298348425826,14967.334242781382,19636.43697553089,-1627.9204135791583,4.73748366135727
474.4010544131154,501.8192811256584,946.4710837679296,-1029.938501079254,5678.886412698369,-823.0308022748644,-904.9547491312776,535.2595627160508
-382.9005954480554,-192.1062965409319,13568.476612762475,5259.522157301062,4547.284134199752,592.4975616352286,235.0158275490352,-303.83107443072004
19.440953798846845,20.17771828743617,11.118434251239387,27.397668429361644,25.59916136318295,16.582082884751134,23.35999824415221,20.97895897851496
43.88848505300197,37.02678206337052,76.41444364340376,54.48459490516048,27.06320629105617,39.88976394445242,75.1508521542473,41.47991418423135
372.6346400383219,382.1540489205488,635.4192440998809,902.3620715824196,550.6939408596954,665.1182073208231,656.8654204694052,426.8602623887072
1.531200207082397,0.0580768471896739,1.704532985167029,2.202573883417769,-0.8672753460351275,2.697296302761436,-0.1350038899899384,1.046911499292024
-394.628380911776,122.63952448578556,17.744081112484537,1254.0740425788606,776.206085310112,942.5317972255712,533.1323563483769,-86.95787207138426
0.0003497439510731,0.0015089658534571,20215.36338503274,24455.209402728127,31124.283730825235,-664.5549691047211,2856.2936796576737,-77.71261790280239
737.2063921927002,-444.9068864531818,1165.0359659688663,2122.2661570679466,151.94101405363637,4280.217577122349,12739.57114507524,-764.2917884520245
-10.71346757747612,-323.13643214157617,6071.831388676284,6463.685820172057,-155.6303283102656,-335.64960838859963,-1013.2993503736908,-323.1610871619525
15.811065312013646,29.27375703222194,41.18817888385341,31.395177241192187,25.0478657221215,34.70011643334355,30.59843801961204,20.52129700308884
42.26859925899208,50.302846198796,69.29318783078661,74.97308507049891,45.32525614066175,26.79255869985242,61.88945607137128,31.38298099131029
645.12224420895,603.012404748801,492.67644113434966,438.17404355106464,588.769123651656,488.22072766853074,365.1413129673613,235.1160399615277
-0.121519352255033,3.4050580639114294,-0.1866106401401488,3.907837528230935,1.551941324251359,1.2022820676614518,0.6347873707524251,0.0383815207492852
165.95828365153628,-75.33257917899182,-330.89595415811107,507.4515298006797,39.97899653252716,529.6307197039297,434.8916011268309,-47.56104470704406
0.0011726709516199,-0.001520927891392,-5235.246076436503,11262.723166207088,14964.446644106149,20098.80261619216,-6267.324875335008,510.7080990200474
678.8883551291591,104.81252958008147,-1565.179450255584,1963.999135887064,15611.951635601295,762.8150881755903,-14.014854635930988,9746.156748332578
-131.08668512111566,-30.75699196687877,6034.018212098592,6618.202144406428,1694.476298597628,2468.4864141677654,3341.858498691714,-433.764395010859
30.96857258117752,22.442434752221875,37.43611587199108,29.31382642607626,22.39100452019421,19.1001469545499,25.148193614022183,24.0559762874346
77.50941408284916,28.87126012505124,26.417868420773853,38.90878417972681,55.16296539936182,63.57746827676885,61.61526060500603,63.57676133778592
559.3412746517076,466.72015828073495,620.332109792705,603.5221318880396,619.4107341394982,334.012905479409,280.7113777331981,604.7399644324801
1.398807427960127,-0.440259878839542,-1.2083201144726592,-0.2054464557678053,2.648254276094012,1.5577192535319466,-0.4529335416453126,1.6469572756132942
80.98622745681104,327.66351140824816,358.38692185446223,1784.2817467370087,633.0553441366754,434.83189799918136,-48.45139529195819,-206.01297411665848
-0.0017365375311731,-0.0012473021157842,-8240.199837881417,18282.298348425826,14967.334242781382,19636.43697553089,-1627.9204135791583,4.73748366135727
474.4010544131154,501.8192811256584,946.4710837679296,-1029.938501079254,5678.886412698369,-823.0308022748644,-904.9547491312776,535.2595627160508
-382.9005954480554,-192.1062965409319,13568.476612762475,5259.522157301062,4547.284134199752,592.4975616352286,235.0158275490352,-303.83107443072004
19.440953798846845,20.17771828743617,11.118434251239387,27.397668429361644,25.59916136318295,16.582082884751134,23.35999824415221,20.97895897851496
43.88848505300197,37.02678206337052,76.41444364340376,54.48459490516048,27.06320629105617,39.88976394445242,75.1508521542473,41.47991418423135
372.6346400383219,382.1540489205488,635.4192440998809,902.3620715824196,550.6939408596954,665.1182073208231,656.8654204694052,426.8602623887072
1.531200207082397,0.0580768471896739,1.704532985167029,2.202573883417769,-0.8672753460351275,2.697296302761436,-0.1350038899899384,1.046911499292024
-394.628380911776,122.63952448578556,17.744081112484537,1254.0740425788606,776.206085310112,942.5317972255712,533.1323563483769,-86.95787207138426
0.0003497439510731,0.0015089658534571,20215.36338503274,24455.209402728127,31124.283730825235,-664.5549691047211,2856.2936796576737,-77.71261790280239
737.2063921927002,-444.9068864531818,1165.0359659688663,2122.2661570679466,151.94101405363637,4280.217577122349,12739.57114507524,-764.2917884520245
-10.71346757747612,-323.13643214157617,6071.831388676284,6463.685820172057,-155.6303283102656,-335.64960838859963,-1013.2993503736908,-323.1610871619525
15.811065312013646,29.27375703222194,41.18817888385341,31.395177241192187,25.0478657221215,34.70011643334355,30.59843801961204,20.52129700308884
42.26859925899208,50.302846198796,69.29318783078661,74.97308507049891,45.32525614066175,26.79255869985242,61.88945607137128,31.38298099131029
645.12224420895,603.012404748801,492.67644113434966,438.17404355106464,588.769123651656,488.22072766853074,365.1413129673613,235.1160399615277
-0.121519352255033,3.4050580639114294,-0.1866106401401488,3.907837528230935,1.551941324251359,1.2022820676614518,0.6347873707524251,0.0383815207492852
165.95828365153628,-75.33257917899182,-330.89595415811107,507.4515298006797,39.97899653252716,529.6307197039297,434.8916011268309,-47.56104470704406
0.0011726709516199,-0.001520927891392,-5235.246076436503,11262.723166207088,14964.446644106149,20098.80261619216,-6267.324875335008,510.7080990200474
678.8883551291591,104.81252958008147,-1565.179450255584,1963.999135887064,15611.951635601295,762.8150881755903,-14.014854635930988,9746.156748332578
-131.08668512111566,-30.75699196687877,6034.018212098592,6618.202144406428,1694.476298597628,2468.4864141677654,3341.858498691714,-433.764395010859
30.96857258117752,22.442434752221875,37.43611587199108,29.31382642607626,22.39100452019421,19.1001469545499,25.148193614022183,24.0559762874346
77.50941408284916,28.87126012505124,26.417868420773853,38.90878417972681,55.16296539936182,63.57746827676885,61.61526060500603,63.57676133778592
559.3412746517076,466.72015828073495,620.332109792705,603.5221318880396,619.4107341394982,334.012905479409,280.7113777331981,604.7399644324801
1.398807427960127,-0.440259878839542,-1.2083201144726592,-0.2054464557678053,2.648254276094012,1.5577192535319466,-0.4529335416453126,1.6469572756132942
80.98622745681104,327.66351140824816,358.38692185446223,1784.2817467370087,633.0553441366754,434.83189799918136,-48.45139529195819,-206.01297411665848
-0.0017365375311731,-0.0012473021157842,-8240.199837881417,18282.298348425826,14967.334242781382,19636.43697553089,-1627.9204135791583,4.73748366135727
474.4010544131154,501.8192811256584,946.4710837679296,-1029.938501079254,5678.886412698369,-823.0308022748644,-904.9547491312776,535.2595627160508
-382.9005954480554,-192.1062965409319,13568.476612762475,5259.522157301062,4547.284134199752,592.4975616352286,235.0158275490352,-303.83107443072004
19.440953798846845,20.17771828743617,11.118434251239387,27.397668429361644,25.59916136318295,16.582082884751134,23.35999824415221,20.97895897851496
43.88848505300197,37.02678206337052,76.41444364340376,54.48459490516048,27.06320629105617,39.88976394445242,75.1508521542473,41.47991418423135
372.6346400383219,382.1540489205488,635.4192440998809,902.3620715824196,550.6939408596954,665.1182073208231,656.8654204694052,426.8602623887072
1.531200207082397,0.0580768471896739,1.704532985167029,2.202573883417769,-0.8672753460351275,2.697296302761436,-0.1350038899899384,1.046911499292024
-394.628380911776,122.63952448578556,17.744081112484537,1254.0740425788606,776.206085310112,942.5317972255712,533.1323563483769,-86.95787207138426
0.0003497439510731,0.0015089658534571,20215.36338503274,24455.209402728127,31124.283730825235,-664.5549691047211,2856.2936796576737,-77.71261790280239
737.2063921927002,-444.9068864531818,1165.0359659688663,2122.2661570679466,151.94101405363637,4280.217577122349,12739.57114507524,-764.2917884520245
-10.71346757747612,-323.13643214157617,6071.831388676284,6463.685820172057,-155.6303283102656,-335.64960838859963,-1013.2993503736908,-323.1610871619525
15.811065312013646,29.27375703222194,41.18817888385341,31.395177241192187,25.0478657221215,34.70011643334355,30.59843801961204,20.52129700308884
42.26859925899208,50.302846198796,69.29318783078661,74.97308507049891,45.32525614066175,26.79255869985242,61.88945607137128,31.38298099131029
645.12224420895,603.012404748801,492.67644113434966,438.17404355106464,588.769123651656,488.22072766853074,365.1413129673613,235.1160399615277
-0.121519352255033,3.4050580639114294,-0.1866106401401488,3.907837528230935,1.551941324251359,1.2022820676614518,0.6347873707524251,0.0383815207492852
165.95828365153628,-75.33257917899182,-330.89595415811107,507.4515298006797,39.97899653252716,529.6307197039297,434.8916011268309,-47.56104470704406
0.0011726709516199,-0.001520927891392,-5235.246076436503,11262.723166207088,14964.446644106149,20098.80261619216,-6267.324875335008,510.7080990200474
678.8883551291591,104.81252958008147,-1565.179450255584,1963.999135887064,15611.951635601295,762.8150881755903,-14.014854635930988,9746.156748332578
-131.08668512111566,-30.75699196687877,6034.018212098592,6618.202144406428,1694.476298597628,2468.4864141677654,3341.858498691714,-433.764395010859
30.96857258117752,22.442434752221875,37.43611587199108,29.31382642607626,22.39100452019421,19.1001469545499,25.148193614022183,24.0559762874346
77.50941408284916,28.87126012505124,26.417868420773853,38.90878417972681,55.16296539936182,63.57746827676885,61.61526060500603,63.57676133778592
559.3412746517076,466.72015828073495,620.332109792705,603.5221318880396,619.4107341394982,334.012905479409,280.7113777331981,604.7399644324801
1.398807427960127,-0.440259878839542,-1.2083201144726592,-0.2054464557678053,2.648254276094012,1.5577192535319466,-0.4529335416453126,1.6469572756132942
80.98622745681104,327.66351140824816,358.38692185446223,1784.2817467370087,633.0553441366754,434.83189799918136,-48.45139529195819,-206.01297411665848
-0.0017365375311731,-0.0012473021157842,-8240.199837881417,18282.298348425826,14967.334242781382,19636.43697553089,-1627.9204135791583,4.73748366135727
474.4010544131154,501.8192811256584,946.4710837679296,-1029.938501079254,5678.886412698369,-823.0308022748644,-904.9547491312776,535.2595627160508
-382.9005954480554,-192.1062965409319,13568.476612762475,5259.522157301062,4547.284134199752,592.4975616352286,235.0158275490352,-303.83107443072004
19.440953798846845,20.17771828743617,11.118434251239387,27.397668429361644,25.59916136318295,16.582082884751134,23.35999824415221,20.97895897851496
43.88848505300197,37.02678206337052,76.41444364340376,54.48459490516048,27.06320629105617,39.88976394445242,75.1508521542473,41.47991418423135
372.6346400383219,382.1540489205488,635.4192440998809,902.3620715824196,550.6939408596954,665.1182073208231,656.8654204694052,426.8602623887072
1.531200207082397,0.0580768471896739,1.704532985167029,2.202573883417769,-0.8672753460351275,2.697296302761436,-0.1350038899899384,1.046911499292024
-394.628380911776,122.63952448578556,17.744081112484537,1254.0740425788606,776.206085310112,942.5317972255712,533.1323563483769,-86.95787207138426
0.0003497439510731,0.0015089658534571,20215.36338503274,24455.209402728127,31124.283730825235,-664.5549691047211,2856.2936796576737,-77.71261790280239
737.2063921927002,-444.9068864531818,1165.0359659688663,2122.2661570679466,151.94101405363637,4280.217577122349,12739.57114507524,-764.2917884520245
-10.71346757747612,-323.13643214157617,6071.831388676284,6463.685820172057,-155.6303283102656,-335.64960838859963,-1013.2993503736908,-323.1610871619525
15.811065312013646,29.27375703222194,41.18817888385341,31.395177241192187,25.0478657221215,34.70011643334355,30.59843801961204,20.52129700308884
42.26859925899208,50.302846198796,69.29318783078661,74.97308507049891,45.32525614066175,26.79255869985242,61.88945607137128,31.38298099131029
645.12224420895,603.012404748801,492.67644113434966,438.17404355106464,588.769123651656,488.22072766853074,365.1413129673613,235.1160399615277
-0.121519352255033,3.4050580639114294,-0.1866106401401488,3.907837528230935,1.551941324251359,1.2022820676614518,0.6347873707524251,0.0383815207492852
165.95828365153628,-75.33257917899182,-330.89595415811107,507.4515298006797,39.97899653252716,529.6307197039297,434.8916011268309,-47.56104470704406
0.0011726709516199,-0.001520927891392,-5235.246076436503,11262.723166207088,14964.446644106149,20098.80261619216,-6267.324875335008,510.7080990200474
678.8883551291591,104.81252958008147,-1565.179450255584,1963.999135887064,15611.951635601295,762.8150881755903,-14.014854635930988,9746.156748332578
-131.08668512111566,-30.75699196687877,6034.018212098592,6618.202144406428,1694.476298597628,2468.4864141677654,3341.858498691714,-433.764395010859
30.96857258117752,22.442434752221875,37.43611587199108,29.31382642607626,22.39100452019421,19.1001469545499,25.148193614022183,24.0559762874346
77.50941408284916,28.87126012505124,26.417868420773853,38.90878417972681,55.16296539936182,63.57746827676885,61.61526060500603,63.57676133778592
559.3412746517076,466.72015828073495,620.332109792705,603.5221318880396,619.4107341394982,334.012905479409,280.7113777331981,604.7399644324801
1.398807427960127,-0.440259878839542,-1.2083201144726592,-0.2054464557678053,2.648254276094012,1.5577192535319466,-0.4529335416453126,1.6469572756132942
80.98622745681104,327.66351140824816,358.38692185446223,1784.2817467370087,633.0553441366754,434.83189799918136,-48.45139529195819,-206.01297411665848
-0.0017365375311731,-0.0012473021157842,-8240.199837881417,18282.298348425826,14967.334242781382,19636.43697553089,-1627.9204135791583,4.73748366135727
474.4010544131154,501.8192811256584,946.4710837679296,-1029.938501079254,5678.886412698369,-823.0308022748644,-904.9547491312776,535.2595627160508
-382.9005954480554,-192.1062965409319,13568.476612762475,5259.522157301062,4547.284134199752,592.4975616352286,235.0158275490352,-303.83107443072004
19.440953798846845,20.17771828743617,11.118434251239387,27.397668429361644,25.59916136318295,16.582082884751134,23.35999824415221,20.97895897851496
43.88848505300197,37.02678206337052,76.41444364340376,54.48459490516048,27.06320629105617,39.88976394445242,75.1508521542473,41.47991418423135
372.6346400383219,382.1540489205488,635.4192440998809,902.3620715824196,550.6939408596954,665.1182073208231,656.8654204694052,426.8602623887072
1.531200207082397,0.0580768471896739,1.704532985167029,2.202573883417769,-0.8672753460351275,2.697296302761436,-0.1350038899899384,1.046911499292024
-394.628380911776,122.63952448578556,17.744081112484537,1254.0740425788606,776.206085310112,942.5317972255712,533.1323563483769,-86.95787207138426
0.0003497439510731,0.0015089658534571,20215.36338503274,24455.209402728127,31124.283730825235,-664.5549691047211,2856.2936796576737,-77.71261790280239
737.2063921927002,-444.9068864531818,1165.0359659688663,2122.2661570679466,151.94101405363637,4280.217577122349,12739.57114507524,-764.2917884520245
-10.71346757747612,-323.13643214157617,6071.831388676284,6463.685820172057,-155.6303283102656,-335.64960838859963,-1013.2993503736908,-323.1610871619525
15.811065312013646,29.27375703222194,41.18817888385341,31.395177241192187,25.0478657221215,34.70011643334355,30.59843801961204,20.52129700308884
42.26859925899208,50.302846198796,69.29318783078661,74.97308507049891,45.32525614066175,26.79255869985242,61.88945607137128,31.38298099131029
645.12224420895,603.012404748801,492.67644113434966,438.17404355106464,588.769123651656,488.22072766853074,365.1413129673613,235.1160399615277
-0.121519352255033,3.4050580639114294,-0.1866106401401488,3.907837528230935,1.551941324251359,1.2022820676614518,0.6347873707524251,0.0383815207492852
165.95828365153628,-75.33257917899182,-330.89595415811107,507.4515298006797,39.97899653252716,529.6307197039297,434.8916011268309,-47.56104470704406
0.0011726709516199,-0.001520927891392,-5235.246076436503,11262.723166207088,14964.446644106149,20098.80261619216,-6267.324875335008,510.7080990200474
678.8883551291591,104.81252958008147,-1565.179450255584,1963.999135887064,15611.951635601295,762.8150881755903,-14.014854635930988,9746.156748332578
-131.08668512111566,-30.75699196687877,6034.018212098592,6618.202144406428,1694.476298597628,2468.4864141677654,3341.858498691714,-433.764395010859
30.96857258117752,22.442434752221875,37.43611587199108,29.31382642607626,22.39100452019421,19.1001469545499,25.148193614022183,24.0559762874346
77.50941408284916,28.87126012505124,26.417868420773853,38.90878417972681,55.16296539936182,63.57746827676885,61.61526060500603,63.57676133778592
559.3412746517076,466.72015828073495,620.332109792705,603.5221318880396,619.4107341394982,334.012905479409,280.7113777331981,604.7399644324801
1.398807427960127,-0.440259878839542,-1.2083201144726592,-0.2054464557678053,2.648254276094012,1.5577192535319466,-0.4529335416453126,1.6469572756132942
80.98622745681104,327.66351140824816,358.38692185446223,1784.2817467370087,633.0553441366754,434.83189799918136,-48.45139529195819,-206.01297411665848
-0.0017365375311731,-0.0012473021157842,-8240.199837881417,18282.298348425826,14967.334242781382,19636.43697553089,-1627.9204135791583,4.73748366135727
474.4010544131154,501.8192811256584,946.4710837679296,-1029.938501079254,5678.886412698369,-823.0308022748644,-904.9547491312776,535.2595627160508
-382.9005954480554,-192.1062965409319,13568.476612762475,5259.522157301062,4547.284134199752,592.4975616352286,235.0158275490352,-303.83107443072004
19.440953798846845,20.17771828743617,11.118434251239387,27.397668429361644,25.59916136318295,16.582082884751134,23.35999824415221,20.97895897851496
43.88848505300197,37.02678206337052,76.41444364340376,54.48459490516048,27.06320629105617,39.88976394445242,75.1508521542473,41.47991418423135
372.6346400383219,382.1540489205488,635.4192440998809,902.3620715824196,550.6939408596954,665.1182073208231,656.8654204694052,426.8602623887072
1.531200207082397,0.0580768471896739,1.704532985167029,2.202573883417769,-0.8672753460351275,2.697296302761436,-0.1350038899899384,1.046911499292024
-394.628380911776,122.63952448578556,17.744081112484537,1254.0740425788606,776.206085310112,942.5317972255712,533.1323563483769,-86.95787207138426
0.0003497439510731,0.0015089658534571,20215.36338503274,24455.209402728127,31124.283730825235,-664.5549691047211,2856.2936796576737,-77.71261790280239
737.2063921927002,-444.9068864531818,1165.0359659688663,2122.2661570679466,151.94101405363637,4280.217577122349,12739.57114507524,-764.2917884520245
-10.71346757747612,-323.13643214157617,6071.831388676284,6463.685820172057,-155.6303283102656,-335.64960838859963,-1013.2993503736908,-323.1610871619525
15.811065312013646,29.27375703222194,41.18817888385341,31.395177241192187,25.0478657221215,34.70011643334355,30.59843801961204,20.52129700308884
42.26859925899208,50.302846198796,69.29318783078661,74.97308507049891,45.32525614066175,26.79255869985242,61.88945607137128,31.38298099131029
645.12224420895,603.012404748801,492.67644113434966,438.17404355106464,588.769123651656,488.22072766853074,365.1413129673613,235.1160399615277
-0.121519352255033,3.4050580639114294,-0.1866106401401488,3.907837528230935,1.551941324251359,1.2022820676614518,0.6347873707524251,0.0383815207492852
165.95828365153628,-75.33257917899182,-330.89595415811107,507.4515298006797,39.97899653252716,529.6307197039297,434.8916011268309,-47.56104470704406
0.0011726709516199,-0.001520927891392,-5235.246076436503,11262.723166207088,14964.446644106149,20098.80261619216,-6267.324875335008,510.7080990200474
678.8883551291591,104.81252958008147,-1565.179450255584,1963.999135887064,15611.951635601295,762.8150881755903,-14.014854635930988,9746.156748332578
-131.08668512111566,-30.75699196687877,6034.018212098592,6618.202144406428,1694.476298597628,2468.4864141677654,3341.858498691714,-433.764395010859
30.96857258117752,22.442434752221875,37.43611587199108,29.31382642607626,22.39100452019421,19.1001469545499,25.148193614022183,24.0559762874346
77.50941408284916,28.87126012505124,26.417868420773853,38.90878417972681,55.16296539936182,63.57746827676885,61.61526060500603,63.57676133778592
559.3412746517076,466.72015828073495,620.332109792705,603.5221318880396,619.4107341394982,334.012905479409,280.7113777331981,604.7399644324801
1.398807427960127,-0.440259878839542,-1.2083201144726592,-0.2054464557678053,2.648254276094012,1.5577192535319466,-0.4529335416453126,1.6469572756132942
80.98622745681104,327.66351140824816,358.38692185446223,1784.2817467370087,633.0553441366754,434.83189799918136,-48.45139529195819,-206.01297411665848
-0.0017365375311731,-0.0012473021157842,-8240.199837881417,18282.298348425826,14967.334242781382,19636.43697553089,-1627.9204135791583,4.73748366135727
474.4010544131154,501.8192811256584,946.4710837679296,-1029.938501079254,5678.886412698369,-823.0308022748644,-904.9547491312776,535.2595627160508
-382.9005954480554,-192.1062965409319,13568.476612762475,5259.522157301062,4547.284134199752,592.4975616352286,235.0158275490352,-303.83107443072004
19.440953798846845,20.17771828743617,11.118434251239387,27.397668429361644,25.59916136318295,16.582082884751134,23.35999824415221,20.97895897851496
43.88848505300197,37.02678206337052,76.41444364340376,54.48459490516048,27.06320629105617,39.88976394445242,75.1508521542473,41.47991418423135
372.6346400383219,382.1540489205488,635.4192440998809,902.3620715824196,550.6939408596954,665.1182073208231,656.8654204694052,426.8602623887072
1.531200207082397,0.0580768471896739,1.704532985167029,2.202573883417769,-0.8672753460351275,2.697296302761436,-0.1350038899899384,1.046911499292024
-394.628380911776,122.63952448578556,17.744081112484537,1254.0740425788606,776.206085310112,942.5317972255712,533.1323563483769,-86.95787207138426
0.0003497439510731,0.0015089658534571,20215.36338503274,24455.209402728127,31124.283730825235,-664.5549691047211,2856.2936796576737,-77.71261790280239
737.2063921927002,-444.9068864531818,1165.0359659688663,2122.2661570679466,151.94101405363637,4280.217577122349,12739.57114507524,-764.2917884520245
-10.71346757747612,-323.13643214157617,6071.831388676284,6463.685820172057,-155.6303283102656,-335.64960838859963,-1013.2993503736908,-323.1610871619525
15.811065312013646,29.27375703222194,41.18817888385341,31.395177241192187,25.0478657221215,34.70011643334355,30.59843801961204,20.52129700308884
42.26859925899208,50.302846198796,69.29318783078661,74.97308507049891,45.32525614066175,26.79255869985242,61.88945607137128,31.38298099131029
645.12224420895,603.012404748801,492.67644113434966,438.17404355106464,588.769123651656,488.22072766853074,365.1413129673613,235.1160399615277
-0.121519352255033,3.4050580639114294,-0.1866106401401488,3.907837528230935,1.551941324251359,1.2022820676614518,0.6347873707524251,0.0383815207492852
165.95828365153628,-75.33257917899182,-330.89595415811107,507.4515298006797,39.97899653252716,529.6307197039297,434.8916011268309,-47.56104470704406
0.0011726709516199,-0.001520927891392,-5235.246076436503,11262.723166207088,14964.446644106149,20098.80261619216,-6267.324875335008,510.7080990200474
678.8883551291591,104.81252958008147,-1565.179450255584,1963.999135887064,15611.951635601295,762.8150881755903,-14.014854635930988,9746.156748332578
-131.08668512111566,-30.75699196687877,6034.018212098592,6618.202144406428,1694.476298597628,2468.4864141677654,3341.858498691714,-433.764395010859
30.96857258117752,22.442434752221875,37.43611587199108,29.31382642607626,22.39100452019421,19.1001469545499,25.148193614022183,24.0559762874346
77.50941408284916,28.87126012505124,26.417868420773853,38.90878417972681,55.16296539936182,63.57746827676885,61.61526060500603,63.57676133778592
559.3412746517076,466.72015828073495,620.332109792705,603.5221318880396,619.4107341394982,334.012905479409,280.7113777331981,604.7399644324801
1.398807427960127,-0.440259878839542,-1.2083201144726592,-0.2054464557678053,2.648254276094012,1.5577192535319466,-0.4529335416453126,1.6469572756132942
80.98622745681104,327.66351140824816,358.38692185446223,1784.2817467370087,633.0553441366754,434.83189799918136,-48.45139529195819,-206.01297411665848
-0.0017365375311731,-0.0012473021157842,-8240.199837881417,18282.298348425826,14967.334242781382,19636.43697553089,-1627.9204135791583,4.73748366135727
474.4010544131154,501.8192811256584,946.4710837679296,-1029.938501079254,5678.886412698369,-823.0308022748644,-904.9547491312776,535.2595627160508
-382.9005954480554,-192.1062965409319,13568.476612762475,5259.522157301062,4547.284134199752,592.4975616352286,235.0158275490352,-303.83107443072004
19.440953798846845,20.17771828743617,11.118434251239387,27.397668429361644,25.59916136318295,16.582082884751134,23.35999824415221,20.97895897851496
43.88848505300197,37.02678206337052,76.41444364340376,54.48459490516048,27.06320629105617,39.88976394445242,75.1508521542473,41.47991418423135
372.6346400383219,382.1540489205488,635.4192440998809,902.3620715824196,550.6939408596954,665.1182073208231,656.8654204694052,426.8602623887072
1.531200207082397,0.0580768471896739,1.704532985167029,2.202573883417769,-0.8672753460351275,2.697296302761436,-0.1350038899899384,1.046911499292024
-394.628380911776,122.63952448578556,17.744081112484537,1254.0740425788606,776.206085310112,942.5317972255712,533.1323563483769,-86.95787207138426
0.0003497439510731,0.0015089658534571,20215.36338503274,24455.209402728127,31124.283730825235,-664.5549691047211,2856.2936796576737,-77.71261790280239
737.2063921927002,-444.9068864531818,1165.0359659688663,2122.2661570679466,151.94101405363637,4280.217577122349,12739.57114507524,-764.2917884520245
-10.71346757747612,-323.13643214157617,6071.831388676284,6463.685820172057,-155.6303283102656,-335.64960838859963,-1013.2993503736908,-323.1610871619525
