내부온도관측치,내부습도관측치,co2관측치,ec관측치,시간당분무량,시간당백색광량,시간당적색광량,시간당청색광량
14.68150785395506,22.65996307433364,33.575682388714384,34.905378516067074,24.69206683335144,37.59804820389861,20.720136084315897,19.55972383592061
43.158858805978085,64.10707857265831,57.85120564365618,69.17457659206848,77.02220746920382,68.01474205942733,49.976216606198605,36.41006235440212
675.7413571309099,638.9853309958471,371.4278579201624,612.2847606599754,556.0242091697992,418.3399136334704,486.36581851307807,813.0706100324626
1.3182225493622897,0.8785303433208311,0.6754110663162036,3.030597168683765,1.994057760449367,-1.2669347594171838,0.3162341261055719,0.263505283205492
1625.6093018816418,-336.901298554018,963.219184957155,670.9275731712165,23.15861981831437,-87.0709191818479,1441.2560154010985,-17.443646950729047
0.0002270733522013,-0.0011572696857514,-3027.810939362096,23769.76644832275,-13785.26816956159,11245.728201931364,7698.160308540405,460.6343232808295
473.1065119119961,1221.870752844847,-436.1295228934253,1814.7998195619464,13749.917219102115,2602.177645638529,191.38272025463112,1477.720342457602
25.350675444245606,-138.46264426742604,-1281.8410680321524,-2547.2051544454584,1353.7504521708397,2860.376144943906,-995.6724521248544,516.2694857071205
23.0344617123036,26.57471270066605,27.87183234217996,28.088867785979005,27.04186071540277,23.304584847835944,31.2842053107717,14.107119035843647
68.47236328240183,56.56198934450194,36.97087779362124,48.67315545427776,36.61164413249544,38.49692458283502,78.36424926083667,59.94097852912852
386.2166270167019,536.495201419924,415.1403135255995,388.9299559531968,721.7809224193219,523.4506971769288,220.2634795558737,377.6327235818259
2.4931877694367426,2.757031858269647,1.0968934895098836,-0.25548986873912,0.6347291470890069,3.2181070258653497,1.5389487807654074,0.4180007666036849
-28.357448406663146,741.2132940216236,-103.52447190057784,-589.1366455927272,720.2319728939274,-222.8681006338451,-302.7063438106841,1424.5767545572428
0.0012582155529064,0.002038084060458,-4967.94274001434,20067.75141838189,12506.45439279286,16665.584484658793,10088.805267340633,385.8666268090966
326.0838082331529,1287.873888535339,-1406.5376996619057,1113.0873161691534,789.3099257425087,-2742.1124275635693,-562.7776941867332,2000.052511422916
-670.0994555551713,-152.8756302733399,-1457.1021308634554,-353.8100483716629,211.82501347135025,9032.51791690538,867.9082879736482,33.26922898751516
16.35869937266649,35.66264648320146,21.63347941618654,26.55879751653639,27.136831447730344,26.88606501439397,29.025594047200315,19.92839704002964
49.4484897945646,71.2182989619513,50.68830159494179,68.43199263858367,70.92586055210089,33.1747993770788,63.73353302216681,62.66503025359401
386.55297955121705,375.0860496335311,731.9884031038114,780.3997699422621,392.0902046797513,406.8534961180868,719.9052918856701,349.00426248712665
0.8102088382971423,2.5263930387506144,2.5415708611780925,-1.0345648831487342,-0.6858155685245371,1.6615211828151906,1.7460007445928047,3.623801189089332
-170.13689442259573,99.60834594540675,823.8450208919481,480.8469733629611,1530.1654455038,-137.7835103303423,568.8870118445448,-30.97177463858465
0.0018800351320221,0.0009536882657037,17863.82313334,20317.460880034152,15321.171121207177,13754.02050796869,371.336093355048,140.3309763224657
222.2984151243841,-1027.5784450110784,8718.901365447557,-241.1619265093824,2334.0509165587896,5100.5095612594605,1847.9875007058847,1106.4677687014023
12.885973672095226,-450.0185125390493,-1840.181300674236,1746.2198048471898,1825.702091353876,8401.504617569228,-1225.864331932998,-311.88937119501765
14.68150785395506,22.65996307433364,33.575682388714384,34.905378516067074,24.69206683335144,37.59804820389861,20.720136084315897,19.55972383592061
43.158858805978085,64.10707857265831,57.85120564365618,69.17457659206848,77.02220746920382,68.01474205942733,49.976216606198605,36.41006235440212
675.7413571309099,638.9853309958471,371.4278579201624,612.2847606599754,556.0242091697992,418.3399136334704,486.36581851307807,813.0706100324626
1.3182225493622897,0.8785303433208311,0.6754110663162036,3.030597168683765,1.994057760449367,-1.2669347594171838,0.3162341261055719,0.263505283205492
1625.6093018816418,-336.901298554018,963.219184957155,670.9275731712165,23.15861981831437,-87.0709191818479,1441.2560154010985,-17.443646950729047
0.0002270733522013,-0.0011572696857514,-3027.810939362096,23769.76644832275,-13785.26816956159,11245.728201931364,7698.160308540405,460.6343232808295
473.1065119119961,1221.870752844847,-436.1295228934253,1814.7998195619464,13749.917219102115,2602.177645638529,191.38272025463112,1477.720342457602
25.350675444245606,-138.46264426742604,-1281.8410680321524,-2547.2051544454584,1353.7504521708397,2860.376144943906,-995.6724521248544,516.2694857071205
23.0344617123036,26.57471270066605,27.87183234217996,28.088867785979005,27.04186071540277,23.304584847835944,31.2842053107717,14.107119035843647
68.47236328240183,56.56198934450194,36.97087779362124,48.67315545427776,36.61164413249544,38.49692458283502,78.36424926083667,59.94097852912852
386.2166270167019,536.495201419924,415.1403135255995,388.9299559531968,721.7809224193219,523.4506971769288,220.2634795558737,377.6327235818259
2.4931877694367426,2.757031858269647,1.0968934895098836,-0.25548986873912,0.6347291470890069,3.2181070258653497,1.5389487807654074,0.4180007666036849
-28.357448406663146,741.2132940216236,-103.52447190057784,-589.1366455927272,720.2319728939274,-222.8681006338451,-302.7063438106841,1424.5767545572428
0.0012582155529064,0.002038084060458,-4967.94274001434,20067.75141838189,12506.45439279286,16665.584484658793,10088.805267340633,385.8666268090966
326.0838082331529,1287.873888535339,-1406.5376996619057,1113.0873161691534,789.3099257425087,-2742.1124275635693,-562.7776941867332,2000.052511422916
-670.0994555551713,-152.8756302733399,-1457.1021308634554,-353.8100483716629,211.82501347135025,9032.51791690538,867.9082879736482,33.26922898751516
16.35869937266649,35.66264648320146,21.63347941618654,26.55879751653639,27.136831447730344,26.88606501439397,29.025594047200315,19.92839704002964
49.4484897945646,71.2182989619513,50.68830159494179,68.43199263858367,70.92586055210089,33.1747993770788,63.73353302216681,62.66503025359401
386.55297955121705,375.0860496335311,731.9884031038114,780.3997699422621,392.0902046797513,406.8534961180868,719.9052918856701,349.00426248712665
0.8102088382971423,2.5263930387506144,2.5415708611780925,-1.0345648831487342,-0.6858155685245371,1.6615211828151906,1.7460007445928047,3.623801189089332
-170.13689442259573,99.60834594540675,823.8450208919481,480.8469733629611,1530.1654455038,-137.7835103303423,568.8870118445448,-30.97177463858465
0.0018800351320221,0.0009536882657037,17863.82313334,20317.460880034152,15321.171121207177,13754.02050796869,371.336093355048,140.3309763224657
222.2984151243841,-1027.5784450110784,8718.901365447557,-241.1619265093824,2334.0509165587896,5100.5095612594605,1847.9875007058847,1106.4677687014023
12.885973672095226,-450.0185125390493,-1840.181300674236,1746.2198048471898,1825.702091353876,8401.504617569228,-1225.864331932998,-311.88937119501765
14.68150785395506,22.65996307433364,33.575682388714384,34.905378516067074,24.69206683335144,37.59804820389861,20.720136084315897,19.55972383592061
43.158858805978085,64.10707857265831,57.85120564365618,69.17457659206848,77.02220746920382,68.01474205942733,49.976216606198605,36.41006235440212
675.7413571309099,638.9853309958471,371.4278579201624,612.2847606599754,556.0242091697992,418.3399136334704,486.36581851307807,813.0706100324626
1.3182225493622897,0.8785303433208311,0.6754110663162036,3.030597168683765,1.994057760449367,-1.2669347594171838,0.3162341261055719,0.263505283205492
1625.6093018816418,-336.901298554018,963.219184957155,670.9275731712165,23.15861981831437,-87.0709191818479,1441.2560154010985,-17.443646950729047
0.0002270733522013,-0.0011572696857514,-3027.810939362096,23769.76644832275,-13785.26816956159,11245.728201931364,7698.160308540405,460.6343232808295
473.1065119119961,1221.870752844847,-436.1295228934253,1814.7998195619464,13749.917219102115,2602.177645638529,191.38272025463112,1477.720342457602
25.350675444245606,-138.46264426742604,-1281.8410680321524,-2547.2051544454584,1353.7504521708397,2860.376144943906,-995.6724521248544,516.2694857071205
23.0344617123036,26.57471270066605,27.87183234217996,28.088867785979005,27.04186071540277,23.304584847835944,31.2842053107717,14.107119035843647
68.47236328240183,56.56198934450194,36.97087779362124,48.67315545427776,36.61164413249544,38.49692458283502,78.36424926083667,59.94097852912852
386.2166270167019,536.495201419924,415.1403135255995,388.9299559531968,721.7809224193219,523.4506971769288,220.2634795558737,377.6327235818259
2.4931877694367426,2.757031858269647,1.0968934895098836,-0.25548986873912,0.6347291470890069,3.2181070258653497,1.5389487807654074,0.4180007666036849
-28.357448406663146,741.2132940216236,-103.52447190057784,-589.1366455927272,720.2319728939274,-222.8681006338451,-302.7063438106841,1424.5767545572428
0.0012582155529064,0.002038084060458,-4967.94274001434,20067.75141838189,12506.45439279286,16665.584484658793,10088.805267340633,385.8666268090966
326.0838082331529,1287.873888535339,-1406.5376996619057,1113.0873161691534,789.3099257425087,-2742.1124275635693,-562.7776941867332,2000.052511422916
-670.0994555551713,-152.8756302733399,-1457.1021308634554,-353.8100483716629,211.82501347135025,9032.51791690538,867.9082879736482,33.26922898751516
16.35869937266649,35.66264648320146,21.63347941618654,26.55879751653639,27.136831447730344,26.88606501439397,29.025594047200315,19.92839704002964
49.4484897945646,71.2182989619513,50.68830159494179,68.43199263858367,70.92586055210089,33.1747993770788,63.73353302216681,62.66503025359401
386.55297955121705,375.0860496335311,731.9884031038114,780.3997699422621,392.0902046797513,406.8534961180868,719.9052918856701,349.00426248712665
0.8102088382971423,2.5263930387506144,2.5415708611780925,-1.0345648831487342,-0.6858155685245371,1.6615211828151906,1.7460007445928047,3.623801189089332
-170.13689442259573,99.60834594540675,823.8450208919481,480.8469733629611,1530.1654455038,-137.7835103303423,568.8870118445448,-30.97177463858465
0.0018800351320221,0.0009536882657037,17863.82313334,20317.460880034152,15321.171121207177,13754.02050796869,371.336093355048,140.3309763224657
222.2984151243841,-1027.5784450110784,8718.901365447557,-241.1619265093824,2334.0509165587896,5100.5095612594605,1847.9875007058847,1106.4677687014023
12.885973672095226,-450.0185125390493,-1840.181300674236,1746.2198048471898,1825.702091353876,8401.504617569228,-1225.864331932998,-311.88937119501765
14.68150785395506,22.65996307433364,33.575682388714384,34.905378516067074,24.69206683335144,37.59804820389861,20.720136084315897,19.55972383592061
43.158858805978085,64.10707857265831,57.85120564365618,69.17457659206848,77.02220746920382,68.01474205942733,49.976216606198605,36.41006235440212
675.7413571309099,638.9853309958471,371.4278579201624,612.2847606599754,556.0242091697992,418.3399136334704,486.36581851307807,813.0706100324626
1.3182225493622897,0.8785303433208311,0.6754110663162036,3.030597168683765,1.994057760449367,-1.2669347594171838,0.3162341261055719,0.263505283205492
1625.6093018816418,-336.901298554018,963.219184957155,670.9275731712165,23.15861981831437,-87.0709191818479,1441.2560154010985,-17.443646950729047
0.0002270733522013,-0.0011572696857514,-3027.810939362096,23769.76644832275,-13785.26816956159,11245.728201931364,7698.160308540405,460.6343232808295
473.1065119119961,1221.870752844847,-436.1295228934253,1814.7998195619464,13749.917219102115,2602.177645638529,191.38272025463112,1477.720342457602
25.350675444245606,-138.46264426742604,-1281.8410680321524,-2547.2051544454584,1353.7504521708397,2860.376144943906,-995.6724521248544,516.2694857071205
23.0344617123036,26.57471270066605,27.87183234217996,28.088867785979005,27.04186071540277,23.304584847835944,31.2842053107717,14.107119035843647
68.47236328240183,56.56198934450194,36.97087779362124,48.67315545427776,36.61164413249544,38.49692458283502,78.36424926083667,59.94097852912852
386.2166270167019,536.495201419924,415.1403135255995,388.9299559531968,721.7809224193219,523.4506971769288,220.2634795558737,377.6327235818259
2.4931877694367426,2.757031858269647,1.0968934895098836,-0.25548986873912,0.6347291470890069,3.2181070258653497,1.5389487807654074,0.4180007666036849
-28.357448406663146,741.2132940216236,-103.52447190057784,-589.1366455927272,720.2319728939274,-222.8681006338451,-302.7063438106841,1424.5767545572428
0.0012582155529064,0.002038084060458,-4967.94274001434,20067.75141838189,12506.45439279286,16665.584484658793,10088.805267340633,385.8666268090966
326.0838082331529,1287.873888535339,-1406.5376996619057,1113.0873161691534,789.3099257425087,-2742.1124275635693,-562.7776941867332,2000.052511422916
-670.0994555551713,-152.8756302733399,-1457.1021308634554,-353.8100483716629,211.82501347135025,9032.51791690538,867.9082879736482,33.26922898751516
16.35869937266649,35.66264648320146,21.63347941618654,26.55879751653639,27.136831447730344,26.88606501439397,29.025594047200315,19.92839704002964
49.4484897945646,71.2182989619513,50.68830159494179,68.43199263858367,70.92586055210089,33.1747993770788,63.73353302216681,62.66503025359401
386.55297955121705,375.0860496335311,731.9884031038114,780.3997699422621,392.0902046797513,406.8534961180868,719.9052918856701,349.00426248712665
0.8102088382971423,2.5263930387506144,2.5415708611780925,-1.0345648831487342,-0.6858155685245371,1.6615211828151906,1.7460007445928047,3.623801189089332
-170.13689442259573,99.60834594540675,823.8450208919481,480.8469733629611,1530.1654455038,-137.7835103303423,568.8870118445448,-30.97177463858465
0.0018800351320221,0.0009536882657037,17863.82313334,20317.460880034152,15321.171121207177,13754.02050796869,371.336093355048,140.3309763224657
222.2984151243841,-1027.5784450110784,8718.901365447557,-241.1619265093824,2334.0509165587896,5100.5095612594605,1847.9875007058847,1106.4677687014023
12.885973672095226,-450.0185125390493,-1840.181300674236,1746.2198048471898,1825.702091353876,8401.504617569228,-1225.864331932998,-311.88937119501765
14.68150785395506,22.65996307433364,33.575682388714384,34.905378516067074,24.69206683335144,37.59804820389861,20.720136084315897,19.55972383592061
43.158858805978085,64.10707857265831,57.85120564365618,69.17457659206848,77.02220746920382,68.01474205942733,49.976216606198605,36.41006235440212
675.7413571309099,638.9853309958471,371.4278579201624,612.2847606599754,556.0242091697992,418.3399136334704,486.36581851307807,813.0706100324626
1.3182225493622897,0.8785303433208311,0.6754110663162036,3.030597168683765,1.994057760449367,-1.2669347594171838,0.3162341261055719,0.263505283205492
1625.6093018816418,-336.901298554018,963.219184957155,670.9275731712165,23.15861981831437,-87.0709191818479,1441.2560154010985,-17.443646950729047
0.0002270733522013,-0.0011572696857514,-3027.810939362096,23769.76644832275,-13785.26816956159,11245.728201931364,7698.160308540405,460.6343232808295
473.1065119119961,1221.870752844847,-436.1295228934253,1814.7998195619464,13749.917219102115,2602.177645638529,191.38272025463112,1477.720342457602
25.350675444245606,-138.46264426742604,-1281.8410680321524,-2547.2051544454584,1353.7504521708397,2860.376144943906,-995.6724521248544,516.2694857071205
23.0344617123036,26.57471270066605,27.87183234217996,28.088867785979005,27.04186071540277,23.304584847835944,31.2842053107717,14.107119035843647
68.47236328240183,56.56198934450194,36.97087779362124,48.67315545427776,36.61164413249544,38.49692458283502,78.36424926083667,59.94097852912852
386.2166270167019,536.495201419924,415.1403135255995,388.9299559531968,721.7809224193219,523.4506971769288,220.2634795558737,377.6327235818259
2.4931877694367426,2.757031858269647,1.0968934895098836,-0.25548986873912,0.6347291470890069,3.2181070258653497,1.5389487807654074,0.4180007666036849
-28.357448406663146,741.2132940216236,-103.52447190057784,-589.1366455927272,720.2319728939274,-222.8681006338451,-302.7063438106841,1424.5767545572428
0.0012582155529064,0.002038084060458,-4967.94274001434,20067.75141838189,12506.45439279286,16665.584484658793,10088.805267340633,385.8666268090966
326.0838082331529,1287.873888535339,-1406.5376996619057,1113.0873161691534,789.3099257425087,-2742.1124275635693,-562.7776941867332,2000.052511422916
-670.0994555551713,-152.8756302733399,-1457.1021308634554,-353.8100483716629,211.82501347135025,9032.51791690538,867.9082879736482,33.26922898751516
16.35869937266649,35.66264648320146,21.63347941618654,26.55879751653639,27.136831447730344,26.88606501439397,29.025594047200315,19.92839704002964
49.4484897945646,71.2182989619513,50.68830159494179,68.43199263858367,70.92586055210089,33.1747993770788,63.73353302216681,62.66503025359401
386.55297955121705,375.0860496335311,731.9884031038114,780.3997699422621,392.0902046797513,406.8534961180868,719.9052918856701,349.00426248712665
0.8102088382971423,2.5263930387506144,2.5415708611780925,-1.0345648831487342,-0.6858155685245371,1.6615211828151906,1.7460007445928047,3.623801189089332
-170.13689442259573,99.60834594540675,823.8450208919481,480.8469733629611,1530.1654455038,-137.7835103303423,568.8870118445448,-30.97177463858465
0.0018800351320221,0.0009536882657037,17863.82313334,20317.460880034152,15321.171121207177,13754.02050796869,371.336093355048,140.3309763224657
222.2984151243841,-1027.5784450110784,8718.901365447557,-241.1619265093824,2334.0509165587896,5100.5095612594605,1847.9875007058847,1106.4677687014023
12.885973672095226,-450.0185125390493,-1840.181300674236,1746.2198048471898,1825.702091353876,8401.504617569228,-1225.864331932998,-311.88937119501765
14.68150785395506,22.65996307433364,33.575682388714384,34.905378516067074,24.69206683335144,37.59804820389861,20.720136084315897,19.55972383592061
43.158858805978085,64.10707857265831,57.85120564365618,69.17457659206848,77.02220746920382,68.01474205942733,49.976216606198605,36.41006235440212
675.7413571309099,638.9853309958471,371.4278579201624,612.2847606599754,556.0242091697992,418.3399136334704,486.36581851307807,813.0706100324626
1.3182225493622897,0.8785303433208311,0.6754110663162036,3.030597168683765,1.994057760449367,-1.2669347594171838,0.3162341261055719,0.263505283205492
1625.6093018816418,-336.901298554018,963.219184957155,670.9275731712165,23.15861981831437,-87.0709191818479,1441.2560154010985,-17.443646950729047
0.0002270733522013,-0.0011572696857514,-3027.810939362096,23769.76644832275,-13785.26816956159,11245.728201931364,7698.160308540405,460.6343232808295
473.1065119119961,1221.870752844847,-436.1295228934253,1814.7998195619464,13749.917219102115,2602.177645638529,191.38272025463112,1477.720342457602
25.350675444245606,-138.46264426742604,-1281.8410680321524,-2547.2051544454584,1353.7504521708397,2860.376144943906,-995.6724521248544,516.2694857071205
23.0344617123036,26.57471270066605,27.87183234217996,28.088867785979005,27.04186071540277,23.304584847835944,31.2842053107717,14.107119035843647
68.47236328240183,56.56198934450194,36.97087779362124,48.67315545427776,36.61164413249544,38.49692458283502,78.36424926083667,59.94097852912852
386.2166270167019,536.495201419924,415.1403135255995,388.9299559531968,721.7809224193219,523.4506971769288,220.2634795558737,377.6327235818259
2.4931877694367426,2.757031858269647,1.0968934895098836,-0.25548986873912,0.6347291470890069,3.2181070258653497,1.5389487807654074,0.4180007666036849
-28.357448406663146,741.2132940216236,-103.52447190057784,-589.1366455927272,720.2319728939274,-222.8681006338451,-302.7063438106841,1424.5767545572428
0.0012582155529064,0.002038084060458,-4967.94274001434,20067.75141838189,12506.45439279286,16665.584484658793,10088.805267340633,385.8666268090966
326.0838082331529,1287.873888535339,-1406.5376996619057,1113.0873161691534,789.3099257425087,-2742.1124275635693,-562.7776941867332,2000.052511422916
-670.0994555551713,-152.8756302733399,-1457.1021308634554,-353.8100483716629,211.82501347135025,9032.51791690538,867.9082879736482,33.26922898751516
16.35869937266649,35.66264648320146,21.63347941618654,26.55879751653639,27.136831447730344,26.88606501439397,29.025594047200315,19.92839704002964
49.4484897945646,71.2182989619513,50.68830159494179,68.43199263858367,70.92586055210089,33.1747993770788,63.73353302216681,62.66503025359401
386.55297955121705,375.0860496335311,731.9884031038114,780.3997699422621,392.0902046797513,406.8534961180868,719.9052918856701,349.00426248712665
0.8102088382971423,2.5263930387506144,2.5415708611780925,-1.0345648831487342,-0.6858155685245371,1.6615211828151906,1.7460007445928047,3.623801189089332
-170.13689442259573,99.60834594540675,823.8450208919481,480.8469733629611,1530.1654455038,-137.7835103303423,568.8870118445448,-30.97177463858465
0.0018800351320221,0.0009536882657037,17863.82313334,20317.460880034152,15321.171121207177,13754.02050796869,371.336093355048,140.3309763224657
222.2984151243841,-1027.5784450110784,8718.901365447557,-241.1619265093824,2334.0509165587896,5100.5095612594605,1847.9875007058847,1106.4677687014023
12.885973672095226,-450.0185125390493,-1840.181300674236,1746.2198048471898,1825.702091353876,8401.504617569228,-1225.864331932998,-311.88937119501765
14.68150785395506,22.65996307433364,33.575682388714384,34.905378516067074,24.69206683335144,37.59804820389861,20.720136084315897,19.55972383592061
43.158858805978085,64.10707857265831,57.85120564365618,69.17457659206848,77.02220746920382,68.01474205942733,49.976216606198605,36.41006235440212
675.7413571309099,638.9853309958471,371.4278579201624,612.2847606599754,556.0242091697992,418.3399136334704,486.36581851307807,813.0706100324626
1.3182225493622897,0.8785303433208311,0.6754110663162036,3.030597168683765,1.994057760449367,-1.2669347594171838,0.3162341261055719,0.263505283205492
1625.6093018816418,-336.901298554018,963.219184957155,670.9275731712165,23.15861981831437,-87.0709191818479,1441.2560154010985,-17.443646950729047
0.0002270733522013,-0.0011572696857514,-3027.810939362096,23769.76644832275,-13785.26816956159,11245.728201931364,7698.160308540405,460.6343232808295
473.1065119119961,1221.870752844847,-436.1295228934253,1814.7998195619464,13749.917219102115,2602.177645638529,191.38272025463112,1477.720342457602
25.350675444245606,-138.46264426742604,-1281.8410680321524,-2547.2051544454584,1353.7504521708397,2860.376144943906,-995.6724521248544,516.2694857071205
23.0344617123036,26.57471270066605,27.87183234217996,28.088867785979005,27.04186071540277,23.304584847835944,31.2842053107717,14.107119035843647
68.47236328240183,56.56198934450194,36.97087779362124,48.67315545427776,36.61164413249544,38.49692458283502,78.36424926083667,59.94097852912852
386.2166270167019,536.495201419924,415.1403135255995,388.9299559531968,721.7809224193219,523.4506971769288,220.2634795558737,377.6327235818259
2.4931877694367426,2.757031858269647,1.0968934895098836,-0.25548986873912,0.6347291470890069,3.2181070258653497,1.5389487807654074,0.4180007666036849
-28.357448406663146,741.2132940216236,-103.52447190057784,-589.1366455927272,720.2319728939274,-222.8681006338451,-302.7063438106841,1424.5767545572428
0.0012582155529064,0.002038084060458,-4967.94274001434,20067.75141838189,12506.45439279286,16665.584484658793,10088.805267340633,385.8666268090966
326.0838082331529,1287.873888535339,-1406.5376996619057,1113.0873161691534,789.3099257425087,-2742.1124275635693,-562.7776941867332,2000.052511422916
-670.0994555551713,-152.8756302733399,-1457.1021308634554,-353.8100483716629,211.82501347135025,9032.51791690538,867.9082879736482,33.26922898751516
16.35869937266649,35.66264648320146,21.63347941618654,26.55879751653639,27.136831447730344,26.88606501439397,29.025594047200315,19.92839704002964
49.4484897945646,71.2182989619513,50.68830159494179,68.43199263858367,70.92586055210089,33.1747993770788,63.73353302216681,62.66503025359401
386.55297955121705,375.0860496335311,731.9884031038114,780.3997699422621,392.0902046797513,406.8534961180868,719.9052918856701,349.00426248712665
0.8102088382971423,2.5263930387506144,2.5415708611780925,-1.0345648831487342,-0.6858155685245371,1.6615211828151906,1.7460007445928047,3.623801189089332
-170.13689442259573,99.60834594540675,823.8450208919481,480.8469733629611,1530.1654455038,-137.7835103303423,568.8870118445448,-30.97177463858465
0.0018800351320221,0.0009536882657037,17863.82313334,20317.460880034152,15321.171121207177,13754.02050796869,371.336093355048,140.3309763224657
222.2984151243841,-1027.5784450110784,8718.901365447557,-241.1619265093824,2334.0509165587896,5100.5095612594605,1847.9875007058847,1106.4677687014023
12.885973672095226,-450.0185125390493,-1840.181300674236,1746.2198048471898,1825.702091353876,8401.504617569228,-1225.864331932998,-311.88937119501765
14.68150785395506,22.65996307433364,33.575682388714384,34.905378516067074,24.69206683335144,37.59804820389861,20.720136084315897,19.55972383592061
43.158858805978085,64.10707857265831,57.85120564365618,69.17457659206848,77.02220746920382,68.01474205942733,49.976216606198605,36.41006235440212
675.7413571309099,638.9853309958471,371.4278579201624,612.2847606599754,556.0242091697992,418.3399136334704,486.36581851307807,813.0706100324626
1.3182225493622897,0.8785303433208311,0.6754110663162036,3.030597168683765,1.994057760449367,-1.2669347594171838,0.3162341261055719,0.263505283205492
1625.6093018816418,-336.901298554018,963.219184957155,670.9275731712165,23.15861981831437,-87.0709191818479,1441.2560154010985,-17.443646950729047
0.0002270733522013,-0.0011572696857514,-3027.810939362096,23769.76644832275,-13785.26816956159,11245.728201931364,7698.160308540405,460.6343232808295
473.1065119119961,1221.870752844847,-436.1295228934253,1814.7998195619464,13749.917219102115,2602.177645638529,191.38272025463112,1477.720342457602
25.350675444245606,-138.46264426742604,-1281.8410680321524,-2547.2051544454584,1353.7504521708397,2860.376144943906,-995.6724521248544,516.2694857071205
23.0344617123036,26.57471270066605,27.87183234217996,28.088867785979005,27.04186071540277,23.304584847835944,31.2842053107717,14.107119035843647
68.47236328240183,56.56198934450194,36.97087779362124,48.67315545427776,36.61164413249544,38.49692458283502,78.36424926083667,59.94097852912852
386.2166270167019,536.495201419924,415.1403135255995,388.9299559531968,721.7809224193219,523.4506971769288,220.2634795558737,377.6327235818259
2.4931877694367426,2.757031858269647,1.0968934895098836,-0.25548986873912,0.6347291470890069,3.2181070258653497,1.5389487807654074,0.4180007666036849
-28.357448406663146,741.2132940216236,-103.52447190057784,-589.1366455927272,720.2319728939274,-222.8681006338451,-302.7063438106841,1424.5767545572428
0.0012582155529064,0.002038084060458,-4967.94274001434,20067.75141838189,12506.45439279286,16665.584484658793,10088.805267340633,385.8666268090966
326.0838082331529,1287.873888535339,-1406.5376996619057,1113.0873161691534,789.3099257425087,-2742.1124275635693,-562.7776941867332,2000.052511422916
-670.0994555551713,-152.8756302733399,-1457.1021308634554,-353.8100483716629,211.82501347135025,9032.51791690538,867.9082879736482,33.26922898751516
16.35869937266649,35.66264648320146,21.63347941618654,26.55879751653639,27.136831447730344,26.88606501439397,29.025594047200315,19.92839704002964
49.4484897945646,71.2182989619513,50.68830159494179,68.43199263858367,70.92586055210089,33.1747993770788,63.73353302216681,62.66503025359401
386.55297955121705,375.0860496335311,731.9884031038114,780.3997699422621,392.0902046797513,406.8534961180868,719.9052918856701,349.00426248712665
0.8102088382971423,2.5263930387506144,2.5415708611780925,-1.0345648831487342,-0.6858155685245371,1.6615211828151906,1.7460007445928047,3.623801189089332
-170.13689442259573,99.60834594540675,823.8450208919481,480.8469733629611,1530.1654455038,-137.7835103303423,568.8870118445448,-30.97177463858465
0.0018800351320221,0.0009536882657037,17863.82313334,20317.460880034152,15321.171121207177,13754.02050796869,371.336093355048,140.3309763224657
222.2984151243841,-1027.5784450110784,8718.901365447557,-241.1619265093824,2334.0509165587896,5100.5095612594605,1847.9875007058847,1106.4677687014023
12.885973672095226,-450.0185125390493,-1840.181300674236,1746.2198048471898,1825.702091353876,8401.504617569228,-1225.864331932998,-311.88937119501765
14.68150785395506,22.65996307433364,33.575682388714384,34.905378516067074,24.69206683335144,37.59804820389861,20.720136084315897,19.55972383592061
43.158858805978085,64.10707857265831,57.85120564365618,69.17457659206848,77.02220746920382,68.01474205942733,49.976216606198605,36.41006235440212
675.7413571309099,638.9853309958471,371.4278579201624,612.2847606599754,556.0242091697992,418.3399136334704,486.36581851307807,813.0706100324626
1.3182225493622897,0.8785303433208311,0.6754110663162036,3.030597168683765,1.994057760449367,-1.2669347594171838,0.3162341261055719,0.263505283205492
1625.6093018816418,-336.901298554018,963.219184957155,670.9275731712165,23.15861981831437,-87.0709191818479,1441.2560154010985,-17.443646950729047
0.0002270733522013,-0.0011572696857514,-3027.810939362096,23769.76644832275,-13785.26816956159,11245.728201931364,7698.160308540405,460.6343232808295
473.1065119119961,1221.870752844847,-436.1295228934253,1814.7998195619464,13749.917219102115,2602.177645638529,191.38272025463112,1477.720342457602
25.350675444245606,-138.46264426742604,-1281.8410680321524,-2547.2051544454584,1353.7504521708397,2860.376144943906,-995.6724521248544,516.2694857071205
23.0344617123036,26.57471270066605,27.87183234217996,28.088867785979005,27.04186071540277,23.304584847835944,31.2842053107717,14.107119035843647
68.47236328240183,56.56198934450194,36.97087779362124,48.67315545427776,36.61164413249544,38.49692458283502,78.36424926083667,59.94097852912852
386.2166270167019,536.495201419924,415.1403135255995,388.9299559531968,721.7809224193219,523.4506971769288,220.2634795558737,377.6327235818259
2.4931877694367426,2.757031858269647,1.0968934895098836,-0.25548986873912,0.6347291470890069,3.2181070258653497,1.5389487807654074,0.4180007666036849
-28.357448406663146,741.2132940216236,-103.52447190057784,-589.1366455927272,720.2319728939274,-222.8681006338451,-302.7063438106841,1424.5767545572428
0.0012582155529064,0.002038084060458,-4967.94274001434,20067.75141838189,12506.45439279286,16665.584484658793,10088.805267340633,385.8666268090966
326.0838082331529,1287.873888535339,-1406.5376996619057,1113.0873161691534,789.3099257425087,-2742.1124275635693,-562.7776941867332,2000.052511422916
-670.0994555551713,-152.8756302733399,-1457.1021308634554,-353.8100483716629,211.82501347135025,9032.51791690538,867.9082879736482,33.26922898751516
16.35869937266649,35.66264648320146,21.63347941618654,26.55879751653639,27.136831447730344,26.88606501439397,29.025594047200315,19.92839704002964
49.4484897945646,71.2182989619513,50.68830159494179,68.43199263858367,70.92586055210089,33.1747993770788,63.73353302216681,62.66503025359401
386.55297955121705,375.0860496335311,731.9884031038114,780.3997699422621,392.0902046797513,406.8534961180868,719.9052918856701,349.00426248712665
0.8102088382971423,2.5263930387506144,2.5415708611780925,-1.0345648831487342,-0.6858155685245371,1.6615211828151906,1.7460007445928047,3.623801189089332
-170.13689442259573,99.60834594540675,823.8450208919481,480.8469733629611,1530.1654455038,-137.7835103303423,568.8870118445448,-30.97177463858465
0.0018800351320221,0.0009536882657037,17863.82313334,20317.460880034152,15321.171121207177,13754.02050796869,371.336093355048,140.3309763224657
222.2984151243841,-1027.5784450110784,8718.901365447557,-241.1619265093824,2334.0509165587896,5100.5095612594605,1847.9875007058847,1106.4677687014023
12.885973672095226,-450.0185125390493,-1840.181300674236,1746.2198048471898,1825.702091353876,8401.504617569228,-1225.864331932998,-311.88937119501765
14.68150785395506,22.65996307433364,33.575682388714384,34.905378516067074,24.69206683335144,37.59804820389861,20.720136084315897,19.55972383592061
43.158858805978085,64.10707857265831,57.85120564365618,69.17457659206848,77.02220746920382,68.01474205942733,49.976216606198605,36.41006235440212
675.7413571309099,638.9853309958471,371.4278579201624,612.2847606599754,556.0242091697992,418.3399136334704,486.36581851307807,813.0706100324626
1.3182225493622897,0.8785303433208311,0.6754110663162036,3.030597168683765,1.994057760449367,-1.2669347594171838,0.3162341261055719,0.263505283205492
1625.6093018816418,-336.901298554018,963.219184957155,670.9275731712165,23.15861981831437,-87.0709191818479,1441.2560154010985,-17.443646950729047
0.0002270733522013,-0.0011572696857514,-3027.810939362096,23769.76644832275,-13785.26816956159,11245.728201931364,7698.160308540405,460.6343232808295
473.1065119119961,1221.870752844847,-436.1295228934253,1814.7998195619464,13749.917219102115,2602.177645638529,191.38272025463112,1477.720342457602
25.350675444245606,-138.46264426742604,-1281.8410680321524,-2547.2051544454584,1353.7504521708397,2860.376144943906,-995.6724521248544,516.2694857071205
23.0344617123036,26.57471270066605,27.87183234217996,28.088867785979005,27.04186071540277,23.304584847835944,31.2842053107717,14.107119035843647
68.47236328240183,56.56198934450194,36.97087779362124,48.67315545427776,36.61164413249544,38.49692458283502,78.36424926083667,59.94097852912852
386.2166270167019,536.495201419924,415.1403135255995,388.9299559531968,721.7809224193219,523.4506971769288,220.2634795558737,377.6327235818259
2.4931877694367426,2.757031858269647,1.0968934895098836,-0.25548986873912,0.6347291470890069,3.2181070258653497,1.5389487807654074,0.4180007666036849
-28.357448406663146,741.2132940216236,-103.52447190057784,-589.1366455927272,720.2319728939274,-222.8681006338451,-302.7063438106841,1424.5767545572428
0.0012582155529064,0.002038084060458,-4967.94274001434,20067.75141838189,12506.45439279286,16665.584484658793,10088.805267340633,385.8666268090966
326.0838082331529,1287.873888535339,-1406.5376996619057,1113.0873161691534,789.3099257425087,-2742.1124275635693,-562.7776941867332,2000.052511422916
-670.0994555551713,-152.8756302733399,-1457.1021308634554,-353.8100483716629,211.82501347135025,9032.51791690538,867.9082879736482,33.26922898751516
16.35869937266649,35.66264648320146,21.63347941618654,26.55879751653639,27.136831447730344,26.88606501439397,29.025594047200315,19.92839704002964
49.4484897945646,71.2182989619513,50.68830159494179,68.43199263858367,70.92586055210089,33.1747993770788,63.73353302216681,62.66503025359401
386.55297955121705,375.0860496335311,731.9884031038114,780.3997699422621,392.0902046797513,406.8534961180868,719.9052918856701,349.00426248712665
0.8102088382971423,2.5263930387506144,2.5415708611780925,-1.0345648831487342,-0.6858155685245371,1.6615211828151906,1.7460007445928047,3.623801189089332
-170.13689442259573,99.60834594540675,823.8450208919481,480.8469733629611,1530.1654455038,-137.7835103303423,568.8870118445448,-30.97177463858465
0.0018800351320221,0.0009536882657037,17863.82313334,20317.460880034152,15321.171121207177,13754.02050796869,371.336093355048,140.3309763224657
222.2984151243841,-1027.5784450110784,8718.901365447557,-241.1619265093824,2334.0509165587896,5100.5095612594605,1847.9875007058847,1106.4677687014023
12.885973672095226,-450.0185125390493,-1840.181300674236,1746.2198048471898,1825.702091353876,8401.504617569228,-1225.864331932998,-311.88937119501765
14.68150785395506,22.65996307433364,33.575682388714384,34.905378516067074,24.69206683335144,37.59804820389861,20.720136084315897,19.55972383592061
43.158858805978085,64.10707857265831,57.85120564365618,69.17457659206848,77.02220746920382,68.01474205942733,49.976216606198605,36.41006235440212
675.7413571309099,638.9853309958471,371.4278579201624,612.2847606599754,556.0242091697992,418.3399136334704,486.36581851307807,813.0706100324626
1.3182225493622897,0.8785303433208311,0.6754110663162036,3.030597168683765,1.994057760449367,-1.2669347594171838,0.3162341261055719,0.263505283205492
1625.6093018816418,-336.901298554018,963.219184957155,670.9275731712165,23.15861981831437,-87.0709191818479,1441.2560154010985,-17.443646950729047
0.0002270733522013,-0.0011572696857514,-3027.810939362096,23769.76644832275,-13785.26816956159,11245.728201931364,7698.160308540405,460.6343232808295
473.1065119119961,1221.870752844847,-436.1295228934253,1814.7998195619464,13749.917219102115,2602.177645638529,191.38272025463112,1477.720342457602
25.350675444245606,-138.46264426742604,-1281.8410680321524,-2547.2051544454584,1353.7504521708397,2860.376144943906,-995.6724521248544,516.2694857071205
23.0344617123036,26.57471270066605,27.87183234217996,28.088867785979005,27.04186071540277,23.304584847835944,31.2842053107717,14.107119035843647
68.47236328240183,56.56198934450194,36.97087779362124,48.67315545427776,36.61164413249544,38.49692458283502,78.36424926083667,59.94097852912852
386.2166270167019,536.495201419924,415.1403135255995,388.9299559531968,721.7809224193219,523.4506971769288,220.2634795558737,377.6327235818259
2.4931877694367426,2.757031858269647,1.0968934895098836,-0.25548986873912,0.6347291470890069,3.2181070258653497,1.5389487807654074,0.4180007666036849
-28.357448406663146,741.2132940216236,-103.52447190057784,-589.1366455927272,720.2319728939274,-222.8681006338451,-302.7063438106841,1424.5767545572428
0.0012582155529064,0.002038084060458,-4967.94274001434,20067.75141838189,12506.45439279286,16665.584484658793,10088.805267340633,385.8666268090966
326.0838082331529,1287.873888535339,-1406.5376996619057,1113.0873161691534,789.3099257425087,-2742.1124275635693,-562.7776941867332,2000.052511422916
-670.0994555551713,-152.8756302733399,-1457.1021308634554,-353.8100483716629,211.82501347135025,9032.51791690538,867.9082879736482,33.26922898751516
16.35869937266649,35.66264648320146,21.63347941618654,26.55879751653639,27.136831447730344,26.88606501439397,29.025594047200315,19.92839704002964
49.4484897945646,71.2182989619513,50.68830159494179,68.43199263858367,70.92586055210089,33.1747993770788,63.73353302216681,62.66503025359401
386.55297955121705,375.0860496335311,731.9884031038114,780.3997699422621,392.0902046797513,406.8534961180868,719.9052918856701,349.00426248712665
0.8102088382971423,2.5263930387506144,2.5415708611780925,-1.0345648831487342,-0.6858155685245371,1.6615211828151906,1.7460007445928047,3.623801189089332
-170.13689442259573,99.60834594540675,823.8450208919481,480.8469733629611,1530.1654455038,-137.7835103303423,568.8870118445448,-30.97177463858465
0.0018800351320221,0.0009536882657037,17863.82313334,20317.460880034152,15321.171121207177,13754.02050796869,371.336093355048,140.3309763224657
222.2984151243841,-1027.5784450110784,8718.901365447557,-241.1619265093824,2334.0509165587896,5100.5095612594605,1847.9875007058847,1106.4677687014023
12.885973672095226,-450.0185125390493,-1840.181300674236,1746.2198048471898,1825.702091353876,8401.504617569228,-1225.864331932998,-311.88937119501765
14.68150785395506,22.65996307433364,33.575682388714384,34.905378516067074,24.69206683335144,37.59804820389861,20.720136084315897,19.55972383592061
43.158858805978085,64.10707857265831,57.85120564365618,69.17457659206848,77.02220746920382,68.01474205942733,49.976216606198605,36.41006235440212
675.7413571309099,638.9853309958471,371.4278579201624,612.2847606599754,556.0242091697992,418.3399136334704,486.36581851307807,813.0706100324626
1.3182225493622897,0.8785303433208311,0.6754110663162036,3.030597168683765,1.994057760449367,-1.2669347594171838,0.3162341261055719,0.263505283205492
1625.6093018816418,-336.901298554018,963.219184957155,670.9275731712165,23.15861981831437,-87.0709191818479,1441.2560154010985,-17.443646950729047
0.0002270733522013,-0.0011572696857514,-3027.810939362096,23769.76644832275,-13785.26816956159,11245.728201931364,7698.160308540405,460.6343232808295
473.1065119119961,1221.870752844847,-436.1295228934253,1814.7998195619464,13749.917219102115,2602.177645638529,191.38272025463112,1477.720342457602
25.350675444245606,-138.46264426742604,-1281.8410680321524,-2547.2051544454584,1353.7504521708397,2860.376144943906,-995.6724521248544,516.2694857071205
23.0344617123036,26.57471270066605,27.87183234217996,28.088867785979005,27.04186071540277,23.304584847835944,31.2842053107717,14.107119035843647
68.47236328240183,56.56198934450194,36.97087779362124,48.67315545427776,36.61164413249544,38.49692458283502,78.36424926083667,59.94097852912852
386.2166270167019,536.495201419924,415.1403135255995,388.9299559531968,721.7809224193219,523.4506971769288,220.2634795558737,377.6327235818259
2.4931877694367426,2.757031858269647,1.0968934895098836,-0.25548986873912,0.6347291470890069,3.2181070258653497,1.5389487807654074,0.4180007666036849
-28.357448406663146,741.2132940216236,-103.52447190057784,-589.1366455927272,720.2319728939274,-222.8681006338451,-302.7063438106841,1424.5767545572428
0.0012582155529064,0.002038084060458,-4967.94274001434,20067.75141838189,12506.45439279286,16665.584484658793,10088.805267340633,385.8666268090966
326.0838082331529,1287.873888535339,-1406.5376996619057,1113.0873161691534,789.3099257425087,-2742.1124275635693,-562.7776941867332,2000.052511422916
-670.0994555551713,-152.8756302733399,-1457.1021308634554,-353.8100483716629,211.82501347135025,9032.51791690538,867.9082879736482,33.26922898751516
16.35869937266649,35.66264648320146,21.63347941618654,26.55879751653639,27.136831447730344,26.88606501439397,29.025594047200315,19.92839704002964
49.4484897945646,71.2182989619513,50.68830159494179,68.43199263858367,70.92586055210089,33.1747993770788,63.73353302216681,62.66503025359401
386.55297955121705,375.0860496335311,731.9884031038114,780.3997699422621,392.0902046797513,406.8534961180868,719.9052918856701,349.00426248712665
0.8102088382971423,2.5263930387506144,2.5415708611780925,-1.0345648831487342,-0.6858155685245371,1.6615211828151906,1.7460007445928047,3.623801189089332
-170.13689442259573,99.60834594540675,823.8450208919481,480.8469733629611,1530.1654455038,-137.7835103303423,568.8870118445448,-30.97177463858465
0.0018800351320221,0.0009536882657037,17863.82313334,20317.460880034152,15321.171121207177,13754.02050796869,371.336093355048,140.3309763224657
222.2984151243841,-1027.5784450110784,8718.901365447557,-241.1619265093824,2334.0509165587896,5100.5095612594605,1847.9875007058847,1106.4677687014023
12.885973672095226,-450.0185125390493,-1840.181300674236,1746.2198048471898,1825.702091353876,8401.504617569228,-1225.864331932998,-311.88937119501765
14.68150785395506,22.65996307433364,33.575682388714384,34.905378516067074,24.69206683335144,37.59804820389861,20.720136084315897,19.55972383592061
43.158858805978085,64.10707857265831,57.85120564365618,69.17457659206848,77.02220746920382,68.01474205942733,49.976216606198605,36.41006235440212
675.7413571309099,638.9853309958471,371.4278579201624,612.2847606599754,556.0242091697992,418.3399136334704,486.36581851307807,813.0706100324626
1.3182225493622897,0.8785303433208311,0.6754110663162036,3.030597168683765,1.994057760449367,-1.2669347594171838,0.3162341261055719,0.263505283205492
1625.6093018816418,-336.901298554018,963.219184957155,670.9275731712165,23.15861981831437,-87.0709191818479,1441.2560154010985,-17.443646950729047
0.0002270733522013,-0.0011572696857514,-3027.810939362096,23769.76644832275,-13785.26816956159,11245.728201931364,7698.160308540405,460.6343232808295
473.1065119119961,1221.870752844847,-436.1295228934253,1814.7998195619464,13749.917219102115,2602.177645638529,191.38272025463112,1477.720342457602
25.350675444245606,-138.46264426742604,-1281.8410680321524,-2547.2051544454584,1353.7504521708397,2860.376144943906,-995.6724521248544,516.2694857071205
23.0344617123036,26.57471270066605,27.87183234217996,28.088867785979005,27.04186071540277,23.304584847835944,31.2842053107717,14.107119035843647
68.47236328240183,56.56198934450194,36.97087779362124,48.67315545427776,36.61164413249544,38.49692458283502,78.36424926083667,59.94097852912852
386.2166270167019,536.495201419924,415.1403135255995,388.9299559531968,721.7809224193219,523.4506971769288,220.2634795558737,377.6327235818259
2.4931877694367426,2.757031858269647,1.0968934895098836,-0.25548986873912,0.6347291470890069,3.2181070258653497,1.5389487807654074,0.4180007666036849
-28.357448406663146,741.2132940216236,-103.52447190057784,-589.1366455927272,720.2319728939274,-222.8681006338451,-302.7063438106841,1424.5767545572428
0.0012582155529064,0.002038084060458,-4967.94274001434,20067.75141838189,12506.45439279286,16665.584484658793,10088.805267340633,385.8666268090966
326.0838082331529,1287.873888535339,-1406.5376996619057,1113.0873161691534,789.3099257425087,-2742.1124275635693,-562.7776941867332,2000.052511422916
-670.0994555551713,-152.8756302733399,-1457.1021308634554,-353.8100483716629,211.82501347135025,9032.51791690538,867.9082879736482,33.26922898751516
16.35869937266649,35.66264648320146,21.63347941618654,26.55879751653639,27.136831447730344,26.88606501439397,29.025594047200315,19.92839704002964
49.4484897945646,71.2182989619513,50.68830159494179,68.43199263858367,70.92586055210089,33.1747993770788,63.73353302216681,62.66503025359401
386.55297955121705,375.0860496335311,731.9884031038114,780.3997699422621,392.0902046797513,406.8534961180868,719.9052918856701,349.00426248712665
0.8102088382971423,2.5263930387506144,2.5415708611780925,-1.0345648831487342,-0.6858155685245371,1.6615211828151906,1.7460007445928047,3.623801189089332
-170.13689442259573,99.60834594540675,823.8450208919481,480.8469733629611,1530.1654455038,-137.7835103303423,568.8870118445448,-30.97177463858465
0.0018800351320221,0.0009536882657037,17863.82313334,20317.460880034152,15321.171121207177,13754.02050796869,371.336093355048,140.3309763224657
222.2984151243841,-1027.5784450110784,8718.901365447557,-241.1619265093824,2334.0509165587896,5100.5095612594605,1847.9875007058847,1106.4677687014023
12.885973672095226,-450.0185125390493,-1840.181300674236,1746.2198048471898,1825.702091353876,8401.504617569228,-1225.864331932998,-311.88937119501765
14.68150785395506,22.65996307433364,33.575682388714384,34.905378516067074,24.69206683335144,37.59804820389861,20.720136084315897,19.55972383592061
43.158858805978085,64.10707857265831,57.85120564365618,69.17457659206848,77.02220746920382,68.01474205942733,49.976216606198605,36.41006235440212
675.7413571309099,638.9853309958471,371.4278579201624,612.2847606599754,556.0242091697992,418.3399136334704,486.36581851307807,813.0706100324626
1.3182225493622897,0.8785303433208311,0.6754110663162036,3.030597168683765,1.994057760449367,-1.2669347594171838,0.3162341261055719,0.263505283205492
1625.6093018816418,-336.901298554018,963.219184957155,670.9275731712165,23.15861981831437,-87.0709191818479,1441.2560154010985,-17.443646950729047
0.0002270733522013,-0.0011572696857514,-3027.810939362096,23769.76644832275,-13785.26816956159,11245.728201931364,7698.160308540405,460.6343232808295
473.1065119119961,1221.870752844847,-436.1295228934253,1814.7998195619464,13749.917219102115,2602.177645638529,191.38272025463112,1477.720342457602
25.350675444245606,-138.46264426742604,-1281.8410680321524,-2547.2051544454584,1353.7504521708397,2860.376144943906,-995.6724521248544,516.2694857071205
23.0344617123036,26.57471270066605,27.87183234217996,28.088867785979005,27.04186071540277,23.304584847835944,31.2842053107717,14.107119035843647
68.47236328240183,56.56198934450194,36.97087779362124,48.67315545427776,36.61164413249544,38.49692458283502,78.36424926083667,59.94097852912852
386.2166270167019,536.495201419924,415.1403135255995,388.9299559531968,721.7809224193219,523.4506971769288,220.2634795558737,377.6327235818259
2.4931877694367426,2.757031858269647,1.0968934895098836,-0.25548986873912,0.6347291470890069,3.2181070258653497,1.5389487807654074,0.4180007666036849
-28.357448406663146,741.2132940216236,-103.52447190057784,-589.1366455927272,720.2319728939274,-222.8681006338451,-302.7063438106841,1424.5767545572428
0.0012582155529064,0.002038084060458,-4967.94274001434,20067.75141838189,12506.45439279286,16665.584484658793,10088.805267340633,385.8666268090966
326.0838082331529,1287.873888535339,-1406.5376996619057,1113.0873161691534,789.3099257425087,-2742.1124275635693,-562.7776941867332,2000.052511422916
-670.0994555551713,-152.8756302733399,-1457.1021308634554,-353.8100483716629,211.82501347135025,9032.51791690538,867.9082879736482,33.26922898751516
16.35869937266649,35.66264648320146,21.63347941618654,26.55879751653639,27.136831447730344,26.88606501439397,29.025594047200315,19.92839704002964
49.4484897945646,71.2182989619513,50.68830159494179,68.43199263858367,70.92586055210089,33.1747993770788,63.73353302216681,62.66503025359401
386.55297955121705,375.0860496335311,731.9884031038114,780.3997699422621,392.0902046797513,406.8534961180868,719.9052918856701,349.00426248712665
0.8102088382971423,2.5263930387506144,2.5415708611780925,-1.0345648831487342,-0.6858155685245371,1.6615211828151906,1.7460007445928047,3.623801189089332
-170.13689442259573,99.60834594540675,823.8450208919481,480.8469733629611,1530.1654455038,-137.7835103303423,568.8870118445448,-30.97177463858465
0.0018800351320221,0.0009536882657037,17863.82313334,20317.460880034152,15321.171121207177,13754.02050796869,371.336093355048,140.3309763224657
222.2984151243841,-1027.5784450110784,8718.901365447557,-241.1619265093824,2334.0509165587896,5100.5095612594605,1847.9875007058847,1106.4677687014023
12.885973672095226,-450.0185125390493,-1840.181300674236,1746.2198048471898,1825.702091353876,8401.504617569228,-1225.864331932998,-311.88937119501765
14.68150785395506,22.65996307433364,33.575682388714384,34.905378516067074,24.69206683335144,37.59804820389861,20.720136084315897,19.55972383592061
43.158858805978085,64.10707857265831,57.85120564365618,69.17457659206848,77.02220746920382,68.01474205942733,49.976216606198605,36.41006235440212
675.7413571309099,638.9853309958471,371.4278579201624,612.2847606599754,556.0242091697992,418.3399136334704,486.36581851307807,813.0706100324626
1.3182225493622897,0.8785303433208311,0.6754110663162036,3.030597168683765,1.994057760449367,-1.2669347594171838,0.3162341261055719,0.263505283205492
1625.6093018816418,-336.901298554018,963.219184957155,670.9275731712165,23.15861981831437,-87.0709191818479,1441.2560154010985,-17.443646950729047
0.0002270733522013,-0.0011572696857514,-3027.810939362096,23769.76644832275,-13785.26816956159,11245.728201931364,7698.160308540405,460.6343232808295
473.1065119119961,1221.870752844847,-436.1295228934253,1814.7998195619464,13749.917219102115,2602.177645638529,191.38272025463112,1477.720342457602
25.350675444245606,-138.46264426742604,-1281.8410680321524,-2547.2051544454584,1353.7504521708397,2860.376144943906,-995.6724521248544,516.2694857071205
23.0344617123036,26.57471270066605,27.87183234217996,28.088867785979005,27.04186071540277,23.304584847835944,31.2842053107717,14.107119035843647
68.47236328240183,56.56198934450194,36.97087779362124,48.67315545427776,36.61164413249544,38.49692458283502,78.36424926083667,59.94097852912852
386.2166270167019,536.495201419924,415.1403135255995,388.9299559531968,721.7809224193219,523.4506971769288,220.2634795558737,377.6327235818259
2.4931877694367426,2.757031858269647,1.0968934895098836,-0.25548986873912,0.6347291470890069,3.2181070258653497,1.5389487807654074,0.4180007666036849
-28.357448406663146,741.2132940216236,-103.52447190057784,-589.1366455927272,720.2319728939274,-222.8681006338451,-302.7063438106841,1424.5767545572428
0.0012582155529064,0.002038084060458,-4967.94274001434,20067.75141838189,12506.45439279286,16665.584484658793,10088.805267340633,385.8666268090966
326.0838082331529,1287.873888535339,-1406.5376996619057,1113.0873161691534,789.3099257425087,-2742.1124275635693,-562.7776941867332,2000.052511422916
-670.0994555551713,-152.8756302733399,-1457.1021308634554,-353.8100483716629,211.82501347135025,9032.51791690538,867.9082879736482,33.26922898751516
16.35869937266649,35.66264648320146,21.63347941618654,26.55879751653639,27.136831447730344,26.88606501439397,29.025594047200315,19.92839704002964
49.4484897945646,71.2182989619513,50.68830159494179,68.43199263858367,70.92586055210089,33.1747993770788,63.73353302216681,62.66503025359401
386.55297955121705,375.0860496335311,731.9884031038114,780.3997699422621,392.0902046797513,406.8534961180868,719.9052918856701,349.00426248712665
0.8102088382971423,2.5263930387506144,2.5415708611780925,-1.0345648831487342,-0.6858155685245371,1.6615211828151906,1.7460007445928047,3.623801189089332
-170.13689442259573,99.60834594540675,823.8450208919481,480.8469733629611,1530.1654455038,-137.7835103303423,568.8870118445448,-30.97177463858465
0.0018800351320221,0.0009536882657037,17863.82313334,20317.460880034152,15321.171121207177,13754.02050796869,371.336093355048,140.3309763224657
222.2984151243841,-1027.5784450110784,8718.901365447557,-241.1619265093824,2334.0509165587896,5100.5095612594605,1847.9875007058847,1106.4677687014023
12.885973672095226,-450.0185125390493,-1840.181300674236,1746.2198048471898,1825.702091353876,8401.504617569228,-1225.864331932998,-311.88937119501765
14.68150785395506,22.65996307433364,33.575682388714384,34.905378516067074,24.69206683335144,37.59804820389861,20.720136084315897,19.55972383592061
43.158858805978085,64.10707857265831,57.85120564365618,69.17457659206848,77.02220746920382,68.01474205942733,49.976216606198605,36.41006235440212
675.7413571309099,638.9853309958471,371.4278579201624,612.2847606599754,556.0242091697992,418.3399136334704,486.36581851307807,813.0706100324626
1.3182225493622897,0.8785303433208311,0.6754110663162036,3.030597168683765,1.994057760449367,-1.2669347594171838,0.3162341261055719,0.263505283205492
1625.6093018816418,-336.901298554018,963.219184957155,670.9275731712165,23.15861981831437,-87.0709191818479,1441.2560154010985,-17.443646950729047
0.0002270733522013,-0.0011572696857514,-3027.810939362096,23769.76644832275,-13785.26816956159,11245.728201931364,7698.160308540405,460.6343232808295
473.1065119119961,1221.870752844847,-436.1295228934253,1814.7998195619464,13749.917219102115,2602.177645638529,191.38272025463112,1477.720342457602
25.350675444245606,-138.46264426742604,-1281.8410680321524,-2547.2051544454584,1353.7504521708397,2860.376144943906,-995.6724521248544,516.2694857071205
23.0344617123036,26.57471270066605,27.87183234217996,28.088867785979005,27.04186071540277,23.304584847835944,31.2842053107717,14.107119035843647
68.47236328240183,56.56198934450194,36.97087779362124,48.67315545427776,36.61164413249544,38.49692458283502,78.36424926083667,59.94097852912852
386.2166270167019,536.495201419924,415.1403135255995,388.9299559531968,721.7809224193219,523.4506971769288,220.2634795558737,377.6327235818259
2.4931877694367426,2.757031858269647,1.0968934895098836,-0.25548986873912,0.6347291470890069,3.2181070258653497,1.5389487807654074,0.4180007666036849
-28.357448406663146,741.2132940216236,-103.52447190057784,-589.1366455927272,720.2319728939274,-222.8681006338451,-302.7063438106841,1424.5767545572428
0.0012582155529064,0.002038084060458,-4967.94274001434,20067.75141838189,12506.45439279286,16665.584484658793,10088.805267340633,385.8666268090966
326.0838082331529,1287.873888535339,-1406.5376996619057,1113.0873161691534,789.3099257425087,-2742.1124275635693,-562.7776941867332,2000.052511422916
-670.0994555551713,-152.8756302733399,-1457.1021308634554,-353.8100483716629,211.82501347135025,9032.51791690538,867.9082879736482,33.26922898751516
16.35869937266649,35.66264648320146,21.63347941618654,26.55879751653639,27.136831447730344,26.88606501439397,29.025594047200315,19.92839704002964
49.4484897945646,71.2182989619513,50.68830159494179,68.43199263858367,70.92586055210089,33.1747993770788,63.73353302216681,62.66503025359401
386.55297955121705,375.0860496335311,731.9884031038114,780.3997699422621,392.0902046797513,406.8534961180868,719.9052918856701,349.00426248712665
0.8102088382971423,2.5263930387506144,2.5415708611780925,-1.0345648831487342,-0.6858155685245371,1.6615211828151906,1.7460007445928047,3.623801189089332
-170.13689442259573,99.60834594540675,823.8450208919481,480.8469733629611,1530.1654455038,-137.7835103303423,568.8870118445448,-30.97177463858465
0.0018800351320221,0.0009536882657037,17863.82313334,20317.460880034152,15321.171121207177,13754.02050796869,371.336093355048,140.3309763224657
222.2984151243841,-1027.5784450110784,8718.901365447557,-241.1619265093824,2334.0509165587896,5100.5095612594605,1847.9875007058847,1106.4677687014023
12.885973672095226,-450.0185125390493,-1840.181300674236,1746.2198048471898,1825.702091353876,8401.504617569228,-1225.864331932998,-311.88937119501765
14.68150785395506,22.65996307433364,33.575682388714384,34.905378516067074,24.69206683335144,37.59804820389861,20.720136084315897,19.55972383592061
43.158858805978085,64.10707857265831,57.85120564365618,69.17457659206848,77.02220746920382,68.01474205942733,49.976216606198605,36.41006235440212
675.7413571309099,638.9853309958471,371.4278579201624,612.2847606599754,556.0242091697992,418.3399136334704,486.36581851307807,813.0706100324626
1.3182225493622897,0.8785303433208311,0.6754110663162036,3.030597168683765,1.994057760449367,-1.2669347594171838,0.3162341261055719,0.263505283205492
1625.6093018816418,-336.901298554018,963.219184957155,670.9275731712165,23.15861981831437,-87.0709191818479,1441.2560154010985,-17.443646950729047
0.0002270733522013,-0.0011572696857514,-3027.810939362096,23769.76644832275,-13785.26816956159,11245.728201931364,7698.160308540405,460.6343232808295
473.1065119119961,1221.870752844847,-436.1295228934253,1814.7998195619464,13749.917219102115,2602.177645638529,191.38272025463112,1477.720342457602
25.350675444245606,-138.46264426742604,-1281.8410680321524,-2547.2051544454584,1353.7504521708397,2860.376144943906,-995.6724521248544,516.2694857071205
23.0344617123036,26.57471270066605,27.87183234217996,28.088867785979005,27.04186071540277,23.304584847835944,31.2842053107717,14.107119035843647
68.47236328240183,56.56198934450194,36.97087779362124,48.67315545427776,36.61164413249544,38.49692458283502,78.36424926083667,59.94097852912852
386.2166270167019,536.495201419924,415.1403135255995,388.9299559531968,721.7809224193219,523.4506971769288,220.2634795558737,377.6327235818259
2.4931877694367426,2.757031858269647,1.0968934895098836,-0.25548986873912,0.6347291470890069,3.2181070258653497,1.5389487807654074,0.4180007666036849
-28.357448406663146,741.2132940216236,-103.52447190057784,-589.1366455927272,720.2319728939274,-222.8681006338451,-302.7063438106841,1424.5767545572428
0.0012582155529064,0.002038084060458,-4967.94274001434,20067.75141838189,12506.45439279286,16665.584484658793,10088.805267340633,385.8666268090966
326.0838082331529,1287.873888535339,-1406.5376996619057,1113.0873161691534,789.3099257425087,-2742.1124275635693,-562.7776941867332,2000.052511422916
-670.0994555551713,-152.8756302733399,-1457.1021308634554,-353.8100483716629,211.82501347135025,9032.51791690538,867.9082879736482,33.26922898751516
16.35869937266649,35.66264648320146,21.63347941618654,26.55879751653639,27.136831447730344,26.88606501439397,29.025594047200315,19.92839704002964
49.4484897945646,71.2182989619513,50.68830159494179,68.43199263858367,70.92586055210089,33.1747993770788,63.73353302216681,62.66503025359401
386.55297955121705,375.0860496335311,731.9884031038114,780.3997699422621,392.0902046797513,406.8534961180868,719.9052918856701,349.00426248712665
0.8102088382971423,2.5263930387506144,2.5415708611780925,-1.0345648831487342,-0.6858155685245371,1.6615211828151906,1.7460007445928047,3.623801189089332
-170.13689442259573,99.60834594540675,823.8450208919481,480.8469733629611,1530.1654455038,-137.7835103303423,568.8870118445448,-30.97177463858465
0.0018800351320221,0.0009536882657037,17863.82313334,20317.460880034152,15321.171121207177,13754.02050796869,371.336093355048,140.3309763224657
222.2984151243841,-1027.5784450110784,8718.901365447557,-241.1619265093824,2334.0509165587896,5100.5095612594605,1847.9875007058847,1106.4677687014023
12.885973672095226,-450.0185125390493,-1840.181300674236,1746.2198048471898,1825.702091353876,8401.504617569228,-1225.864331932998,-311.88937119501765
14.68150785395506,22.65996307433364,33.575682388714384,34.905378516067074,24.69206683335144,37.59804820389861,20.720136084315897,19.55972383592061
43.158858805978085,64.10707857265831,57.85120564365618,69.17457659206848,77.02220746920382,68.01474205942733,49.976216606198605,36.41006235440212
675.7413571309099,638.9853309958471,371.4278579201624,612.2847606599754,556.0242091697992,418.3399136334704,486.36581851307807,813.0706100324626
1.3182225493622897,0.8785303433208311,0.6754110663162036,3.030597168683765,1.994057760449367,-1.2669347594171838,0.3162341261055719,0.263505283205492
1625.6093018816418,-336.901298554018,963.219184957155,670.9275731712165,23.15861981831437,-87.0709191818479,1441.2560154010985,-17.443646950729047
0.0002270733522013,-0.0011572696857514,-3027.810939362096,23769.76644832275,-13785.26816956159,11245.728201931364,7698.160308540405,460.6343232808295
473.1065119119961,1221.870752844847,-436.1295228934253,1814.7998195619464,13749.917219102115,2602.177645638529,191.38272025463112,1477.720342457602
25.350675444245606,-138.46264426742604,-1281.8410680321524,-2547.2051544454584,1353.7504521708397,2860.376144943906,-995.6724521248544,516.2694857071205
23.0344617123036,26.57471270066605,27.87183234217996,28.088867785979005,27.04186071540277,23.304584847835944,31.2842053107717,14.107119035843647
68.47236328240183,56.56198934450194,36.97087779362124,48.67315545427776,36.61164413249544,38.49692458283502,78.36424926083667,59.94097852912852
386.2166270167019,536.495201419924,415.1403135255995,388.9299559531968,721.7809224193219,523.4506971769288,220.2634795558737,377.6327235818259
2.4931877694367426,2.757031858269647,1.0968934895098836,-0.25548986873912,0.6347291470890069,3.2181070258653497,1.5389487807654074,0.4180007666036849
-28.357448406663146,741.2132940216236,-103.52447190057784,-589.1366455927272,720.2319728939274,-222.8681006338451,-302.7063438106841,1424.5767545572428
0.0012582155529064,0.002038084060458,-4967.94274001434,20067.75141838189,12506.45439279286,16665.584484658793,10088.805267340633,385.8666268090966
326.0838082331529,1287.873888535339,-1406.5376996619057,1113.0873161691534,789.3099257425087,-2742.1124275635693,-562.7776941867332,2000.052511422916
-670.0994555551713,-152.8756302733399,-1457.1021308634554,-353.8100483716629,211.82501347135025,9032.51791690538,867.9082879736482,33.26922898751516
16.35869937266649,35.66264648320146,21.63347941618654,26.55879751653639,27.136831447730344,26.88606501439397,29.025594047200315,19.92839704002964
49.4484897945646,71.2182989619513,50.68830159494179,68.43199263858367,70.92586055210089,33.1747993770788,63.73353302216681,62.66503025359401
386.55297955121705,375.0860496335311,731.9884031038114,780.3997699422621,392.0902046797513,406.8534961180868,719.9052918856701,349.00426248712665
0.8102088382971423,2.5263930387506144,2.5415708611780925,-1.0345648831487342,-0.6858155685245371,1.6615211828151906,1.7460007445928047,3.623801189089332
-170.13689442259573,99.60834594540675,823.8450208919481,480.8469733629611,1530.1654455038,-137.7835103303423,568.8870118445448,-30.97177463858465
0.0018800351320221,0.0009536882657037,17863.82313334,20317.460880034152,15321.171121207177,13754.02050796869,371.336093355048,140.3309763224657
222.2984151243841,-1027.5784450110784,8718.901365447557,-241.1619265093824,2334.0509165587896,5100.5095612594605,1847.9875007058847,1106.4677687014023
12.885973672095226,-450.0185125390493,-1840.181300674236,1746.2198048471898,1825.702091353876,8401.504617569228,-1225.864331932998,-311.88937119501765
14.68150785395506,22.65996307433364,33.575682388714384,34.905378516067074,24.69206683335144,37.59804820389861,20.720136084315897,19.55972383592061
43.158858805978085,64.10707857265831,57.85120564365618,69.17457659206848,77.02220746920382,68.01474205942733,49.976216606198605,36.41006235440212
675.7413571309099,638.9853309958471,371.4278579201624,612.2847606599754,556.0242091697992,418.3399136334704,486.36581851307807,813.0706100324626
1.3182225493622897,0.8785303433208311,0.6754110663162036,3.030597168683765,1.994057760449367,-1.2669347594171838,0.3162341261055719,0.263505283205492
1625.6093018816418,-336.901298554018,963.219184957155,670.9275731712165,23.15861981831437,-87.0709191818479,1441.2560154010985,-17.443646950729047
0.0002270733522013,-0.0011572696857514,-3027.810939362096,23769.76644832275,-13785.26816956159,11245.728201931364,7698.160308540405,460.6343232808295
473.1065119119961,1221.870752844847,-436.1295228934253,1814.7998195619464,13749.917219102115,2602.177645638529,191.38272025463112,1477.720342457602
25.350675444245606,-138.46264426742604,-1281.8410680321524,-2547.2051544454584,1353.7504521708397,2860.376144943906,-995.6724521248544,516.2694857071205
23.0344617123036,26.57471270066605,27.87183234217996,28.088867785979005,27.04186071540277,23.304584847835944,31.2842053107717,14.107119035843647
68.47236328240183,56.56198934450194,36.97087779362124,48.67315545427776,36.61164413249544,38.49692458283502,78.36424926083667,59.94097852912852
386.2166270167019,536.495201419924,415.1403135255995,388.9299559531968,721.7809224193219,523.4506971769288,220.2634795558737,377.6327235818259
2.4931877694367426,2.757031858269647,1.0968934895098836,-0.25548986873912,0.6347291470890069,3.2181070258653497,1.5389487807654074,0.4180007666036849
-28.357448406663146,741.2132940216236,-103.52447190057784,-589.1366455927272,720.2319728939274,-222.8681006338451,-302.7063438106841,1424.5767545572428
0.0012582155529064,0.002038084060458,-4967.94274001434,20067.75141838189,12506.45439279286,16665.584484658793,10088.805267340633,385.8666268090966
326.0838082331529,1287.873888535339,-1406.5376996619057,1113.0873161691534,789.3099257425087,-2742.1124275635693,-562.7776941867332,2000.052511422916
-670.0994555551713,-152.8756302733399,-1457.1021308634554,-353.8100483716629,211.82501347135025,9032.51791690538,867.9082879736482,33.26922898751516
16.35869937266649,35.66264648320146,21.63347941618654,26.55879751653639,27.136831447730344,26.88606501439397,29.025594047200315,19.92839704002964
49.4484897945646,71.2182989619513,50.68830159494179,68.43199263858367,70.92586055210089,33.1747993770788,63.73353302216681,62.66503025359401
386.55297955121705,375.0860496335311,731.9884031038114,780.3997699422621,392.0902046797513,406.8534961180868,719.9052918856701,349.00426248712665
0.8102088382971423,2.5263930387506144,2.5415708611780925,-1.0345648831487342,-0.6858155685245371,1.6615211828151906,1.7460007445928047,3.623801189089332
-170.13689442259573,99.60834594540675,823.8450208919481,480.8469733629611,1530.1654455038,-137.7835103303423,568.8870118445448,-30.97177463858465
0.0018800351320221,0.0009536882657037,17863.82313334,20317.460880034152,15321.171121207177,13754.02050796869,371.336093355048,140.3309763224657
222.2984151243841,-1027.5784450110784,8718.901365447557,-241.1619265093824,2334.0509165587896,5100.5095612594605,1847.9875007058847,1106.4677687014023
12.885973672095226,-450.0185125390493,-1840.181300674236,1746.2198048471898,1825.702091353876,8401.504617569228,-1225.864331932998,-311.88937119501765
14.68150785395506,22.65996307433364,33.575682388714384,34.905378516067074,24.69206683335144,37.59804820389861,20.720136084315897,19.55972383592061
43.158858805978085,64.10707857265831,57.85120564365618,69.17457659206848,77.02220746920382,68.01474205942733,49.976216606198605,36.41006235440212
675.7413571309099,638.9853309958471,371.4278579201624,612.2847606599754,556.0242091697992,418.3399136334704,486.36581851307807,813.0706100324626
1.3182225493622897,0.8785303433208311,0.6754110663162036,3.030597168683765,1.994057760449367,-1.2669347594171838,0.3162341261055719,0.263505283205492
1625.6093018816418,-336.901298554018,963.219184957155,670.9275731712165,23.15861981831437,-87.0709191818479,1441.2560154010985,-17.443646950729047
0.0002270733522013,-0.0011572696857514,-3027.810939362096,23769.76644832275,-13785.26816956159,11245.728201931364,7698.160308540405,460.6343232808295
473.1065119119961,1221.870752844847,-436.1295228934253,1814.7998195619464,13749.917219102115,2602.177645638529,191.38272025463112,1477.720342457602
25.350675444245606,-138.46264426742604,-1281.8410680321524,-2547.2051544454584,1353.7504521708397,2860.376144943906,-995.6724521248544,516.2694857071205
23.0344617123036,26.57471270066605,27.87183234217996,28.088867785979005,27.04186071540277,23.304584847835944,31.2842053107717,14.107119035843647
68.47236328240183,56.56198934450194,36.97087779362124,48.67315545427776,36.61164413249544,38.49692458283502,78.36424926083667,59.94097852912852
386.2166270167019,536.495201419924,415.1403135255995,388.9299559531968,721.7809224193219,523.4506971769288,220.2634795558737,377.6327235818259
2.4931877694367426,2.757031858269647,1.0968934895098836,-0.25548986873912,0.6347291470890069,3.2181070258653497,1.5389487807654074,0.4180007666036849
-28.357448406663146,741.2132940216236,-103.52447190057784,-589.1366455927272,720.2319728939274,-222.8681006338451,-302.7063438106841,1424.5767545572428
0.0012582155529064,0.002038084060458,-4967.94274001434,20067.75141838189,12506.45439279286,16665.584484658793,10088.805267340633,385.8666268090966
326.0838082331529,1287.873888535339,-1406.5376996619057,1113.0873161691534,789.3099257425087,-2742.1124275635693,-562.7776941867332,2000.052511422916
-670.0994555551713,-152.8756302733399,-1457.1021308634554,-353.8100483716629,211.82501347135025,9032.51791690538,867.9082879736482,33.26922898751516
16.35869937266649,35.66264648320146,21.63347941618654,26.55879751653639,27.136831447730344,26.88606501439397,29.025594047200315,19.92839704002964
49.4484897945646,71.2182989619513,50.68830159494179,68.43199263858367,70.92586055210089,33.1747993770788,63.73353302216681,62.66503025359401
386.55297955121705,375.0860496335311,731.9884031038114,780.3997699422621,392.0902046797513,406.8534961180868,719.9052918856701,349.00426248712665
0.8102088382971423,2.5263930387506144,2.5415708611780925,-1.0345648831487342,-0.6858155685245371,1.6615211828151906,1.7460007445928047,3.623801189089332
-170.13689442259573,99.60834594540675,823.8450208919481,480.8469733629611,1530.1654455038,-137.7835103303423,568.8870118445448,-30.97177463858465
0.0018800351320221,0.0009536882657037,17863.82313334,20317.460880034152,15321.171121207177,13754.02050796869,371.336093355048,140.3309763224657
222.2984151243841,-1027.5784450110784,8718.901365447557,-241.1619265093824,2334.0509165587896,5100.5095612594605,1847.9875007058847,1106.4677687014023
12.885973672095226,-450.0185125390493,-1840.181300674236,1746.2198048471898,1825.702091353876,8401.504617569228,-1225.864331932998,-311.88937119501765
14.68150785395506,22.65996307433364,33.575682388714384,34.905378516067074,24.69206683335144,37.59804820389861,20.720136084315897,19.55972383592061
43.158858805978085,64.10707857265831,57.85120564365618,69.17457659206848,77.02220746920382,68.01474205942733,49.976216606198605,36.41006235440212
675.7413571309099,638.9853309958471,371.4278579201624,612.2847606599754,556.0242091697992,418.3399136334704,486.36581851307807,813.0706100324626
1.3182225493622897,0.8785303433208311,0.6754110663162036,3.030597168683765,1.994057760449367,-1.2669347594171838,0.3162341261055719,0.263505283205492
1625.6093018816418,-336.901298554018,963.219184957155,670.9275731712165,23.15861981831437,-87.0709191818479,1441.2560154010985,-17.443646950729047
0.0002270733522013,-0.0011572696857514,-3027.810939362096,23769.76644832275,-13785.26816956159,11245.728201931364,7698.160308540405,460.6343232808295
473.1065119119961,1221.870752844847,-436.1295228934253,1814.7998195619464,13749.917219102115,2602.177645638529,191.38272025463112,1477.720342457602
25.350675444245606,-138.46264426742604,-1281.8410680321524,-2547.2051544454584,1353.7504521708397,2860.376144943906,-995.6724521248544,516.2694857071205
23.0344617123036,26.57471270066605,27.87183234217996,28.088867785979005,27.04186071540277,23.304584847835944,31.2842053107717,14.107119035843647
68.47236328240183,56.56198934450194,36.97087779362124,48.67315545427776,36.61164413249544,38.49692458283502,78.36424926083667,59.94097852912852
386.2166270167019,536.495201419924,415.1403135255995,388.9299559531968,721.7809224193219,523.4506971769288,220.2634795558737,377.6327235818259
2.4931877694367426,2.757031858269647,1.0968934895098836,-0.25548986873912,0.6347291470890069,3.2181070258653497,1.5389487807654074,0.4180007666036849
-28.357448406663146,741.2132940216236,-103.52447190057784,-589.1366455927272,720.2319728939274,-222.8681006338451,-302.7063438106841,1424.5767545572428
0.0012582155529064,0.002038084060458,-4967.94274001434,20067.75141838189,12506.45439279286,16665.584484658793,10088.805267340633,385.8666268090966
326.0838082331529,1287.873888535339,-1406.5376996619057,1113.0873161691534,789.3099257425087,-2742.1124275635693,-562.7776941867332,2000.052511422916
-670.0994555551713,-152.8756302733399,-1457.1021308634554,-353.8100483716629,211.82501347135025,9032.51791690538,867.9082879736482,33.26922898751516
16.35869937266649,35.66264648320146,21.63347941618654,26.55879751653639,27.136831447730344,26.88606501439397,29.025594047200315,19.92839704002964
49.4484897945646,71.2182989619513,50.68830159494179,68.43199263858367,70.92586055210089,33.1747993770788,63.73353302216681,62.66503025359401
386.55297955121705,375.0860496335311,731.9884031038114,780.3997699422621,392.0902046797513,406.8534961180868,719.9052918856701,349.00426248712665
0.8102088382971423,2.5263930387506144,2.5415708611780925,-1.0345648831487342,-0.6858155685245371,1.6615211828151906,1.7460007445928047,3.623801189089332
-170.13689442259573,99.60834594540675,823.8450208919481,480.8469733629611,1530.1654455038,-137.7835103303423,568.8870118445448,-30.97177463858465
0.0018800351320221,0.0009536882657037,17863.82313334,20317.460880034152,15321.171121207177,13754.02050796869,371.336093355048,140.3309763224657
222.2984151243841,-1027.5784450110784,8718.901365447557,-241.1619265093824,2334.0509165587896,5100.5095612594605,1847.9875007058847,1106.4677687014023
12.885973672095226,-450.0185125390493,-1840.181300674236,1746.2198048471898,1825.702091353876,8401.504617569228,-1225.864331932998,-311.88937119501765
14.68150785395506,22.65996307433364,33.575682388714384,34.905378516067074,24.69206683335144,37.59804820389861,20.720136084315897,19.55972383592061
43.158858805978085,64.10707857265831,57.85120564365618,69.17457659206848,77.02220746920382,68.01474205942733,49.976216606198605,36.41006235440212
675.7413571309099,638.9853309958471,371.4278579201624,612.2847606599754,556.0242091697992,418.3399136334704,486.36581851307807,813.0706100324626
1.3182225493622897,0.8785303433208311,0.6754110663162036,3.030597168683765,1.994057760449367,-1.2669347594171838,0.3162341261055719,0.263505283205492
1625.6093018816418,-336.901298554018,963.219184957155,670.9275731712165,23.15861981831437,-87.0709191818479,1441.2560154010985,-17.443646950729047
0.0002270733522013,-0.0011572696857514,-3027.810939362096,23769.76644832275,-13785.26816956159,11245.728201931364,7698.160308540405,460.6343232808295
473.1065119119961,1221.870752844847,-436.1295228934253,1814.7998195619464,13749.917219102115,2602.177645638529,191.38272025463112,1477.720342457602
25.350675444245606,-138.46264426742604,-1281.8410680321524,-2547.2051544454584,1353.7504521708397,2860.376144943906,-995.6724521248544,516.2694857071205
23.0344617123036,26.57471270066605,27.87183234217996,28.088867785979005,27.04186071540277,23.304584847835944,31.2842053107717,14.107119035843647
68.47236328240183,56.56198934450194,36.97087779362124,48.67315545427776,36.61164413249544,38.49692458283502,78.36424926083667,59.94097852912852
386.2166270167019,536.495201419924,415.1403135255995,388.9299559531968,721.7809224193219,523.4506971769288,220.2634795558737,377.6327235818259
2.4931877694367426,2.757031858269647,1.0968934895098836,-0.25548986873912,0.6347291470890069,3.2181070258653497,1.5389487807654074,0.4180007666036849
-28.357448406663146,741.2132940216236,-103.52447190057784,-589.1366455927272,720.2319728939274,-222.8681006338451,-302.7063438106841,1424.5767545572428
0.0012582155529064,0.002038084060458,-4967.94274001434,20067.75141838189,12506.45439279286,16665.584484658793,10088.805267340633,385.8666268090966
326.0838082331529,1287.873888535339,-1406.5376996619057,1113.0873161691534,789.3099257425087,-2742.1124275635693,-562.7776941867332,2000.052511422916
-670.0994555551713,-152.8756302733399,-1457.1021308634554,-353.8100483716629,211.82501347135025,9032.51791690538,867.9082879736482,33.26922898751516
16.35869937266649,35.66264648320146,21.63347941618654,26.55879751653639,27.136831447730344,26.88606501439397,29.025594047200315,19.92839704002964
49.4484897945646,71.2182989619513,50.68830159494179,68.43199263858367,70.92586055210089,33.1747993770788,63.73353302216681,62.66503025359401
386.55297955121705,375.0860496335311,731.9884031038114,780.3997699422621,392.0902046797513,406.8534961180868,719.9052918856701,349.00426248712665
0.8102088382971423,2.5263930387506144,2.5415708611780925,-1.0345648831487342,-0.6858155685245371,1.6615211828151906,1.7460007445928047,3.623801189089332
-170.13689442259573,99.60834594540675,823.8450208919481,480.8469733629611,1530.1654455038,-137.7835103303423,568.8870118445448,-30.97177463858465
0.0018800351320221,0.0009536882657037,17863.82313334,20317.460880034152,15321.171121207177,13754.02050796869,371.336093355048,140.3309763224657
222.2984151243841,-1027.5784450110784,8718.901365447557,-241.1619265093824,2334.0509165587896,5100.5095612594605,1847.9875007058847,1106.4677687014023
12.885973672095226,-450.0185125390493,-1840.181300674236,1746.2198048471898,1825.702091353876,8401.504617569228,-1225.864331932998,-311.88937119501765
14.68150785395506,22.65996307433364,33.575682388714384,34.905378516067074,24.69206683335144,37.59804820389861,20.720136084315897,19.55972383592061
43.158858805978085,64.10707857265831,57.85120564365618,69.17457659206848,77.02220746920382,68.01474205942733,49.976216606198605,36.41006235440212
675.7413571309099,638.9853309958471,371.4278579201624,612.2847606599754,556.0242091697992,418.3399136334704,486.36581851307807,813.0706100324626
1.3182225493622897,0.8785303433208311,0.6754110663162036,3.030597168683765,1.994057760449367,-1.2669347594171838,0.3162341261055719,0.263505283205492
1625.6093018816418,-336.901298554018,963.219184957155,670.9275731712165,23.15861981831437,-87.0709191818479,1441.2560154010985,-17.443646950729047
0.0002270733522013,-0.0011572696857514,-3027.810939362096,23769.76644832275,-13785.26816956159,11245.728201931364,7698.160308540405,460.6343232808295
473.1065119119961,1221.870752844847,-436.1295228934253,1814.7998195619464,13749.917219102115,2602.177645638529,191.38272025463112,1477.720342457602
25.350675444245606,-138.46264426742604,-1281.8410680321524,-2547.2051544454584,1353.7504521708397,2860.376144943906,-995.6724521248544,516.2694857071205
23.0344617123036,26.57471270066605,27.87183234217996,28.088867785979005,27.04186071540277,23.304584847835944,31.2842053107717,14.107119035843647
68.47236328240183,56.56198934450194,36.97087779362124,48.67315545427776,36.61164413249544,38.49692458283502,78.36424926083667,59.94097852912852
386.2166270167019,536.495201419924,415.1403135255995,388.9299559531968,721.7809224193219,523.4506971769288,220.2634795558737,377.6327235818259
2.4931877694367426,2.757031858269647,1.0968934895098836,-0.25548986873912,0.6347291470890069,3.2181070258653497,1.5389487807654074,0.4180007666036849
-28.357448406663146,741.2132940216236,-103.52447190057784,-589.1366455927272,720.2319728939274,-222.8681006338451,-302.7063438106841,1424.5767545572428
0.0012582155529064,0.002038084060458,-4967.94274001434,20067.75141838189,12506.45439279286,16665.584484658793,10088.805267340633,385.8666268090966
326.0838082331529,1287.873888535339,-1406.5376996619057,1113.0873161691534,789.3099257425087,-2742.1124275635693,-562.7776941867332,2000.052511422916
-670.0994555551713,-152.8756302733399,-1457.1021308634554,-353.8100483716629,211.82501347135025,9032.51791690538,867.9082879736482,33.26922898751516
16.35869937266649,35.66264648320146,21.63347941618654,26.55879751653639,27.136831447730344,26.88606501439397,29.025594047200315,19.92839704002964
49.4484897945646,71.2182989619513,50.68830159494179,68.43199263858367,70.92586055210089,33.1747993770788,63.73353302216681,62.66503025359401
386.55297955121705,375.0860496335311,731.9884031038114,780.3997699422621,392.0902046797513,406.8534961180868,719.9052918856701,349.00426248712665
0.8102088382971423,2.5263930387506144,2.5415708611780925,-1.0345648831487342,-0.6858155685245371,1.6615211828151906,1.7460007445928047,3.623801189089332
-170.13689442259573,99.60834594540675,823.8450208919481,480.8469733629611,1530.1654455038,-137.7835103303423,568.8870118445448,-30.97177463858465
0.0018800351320221,0.0009536882657037,17863.82313334,20317.460880034152,15321.171121207177,13754.02050796869,371.336093355048,140.3309763224657
222.2984151243841,-1027.5784450110784,8718.901365447557,-241.1619265093824,2334.0509165587896,5100.5095612594605,1847.9875007058847,1106.4677687014023
12.885973672095226,-450.0185125390493,-1840.181300674236,1746.2198048471898,1825.702091353876,8401.504617569228,-1225.864331932998,-311.88937119501765
14.68150785395506,22.65996307433364,33.575682388714384,34.905378516067074,24.69206683335144,37.59804820389861,20.720136084315897,19.55972383592061
43.158858805978085,64.10707857265831,57.85120564365618,69.17457659206848,77.02220746920382,68.01474205942733,49.976216606198605,36.41006235440212
675.7413571309099,638.9853309958471,371.4278579201624,612.2847606599754,556.0242091697992,418.3399136334704,486.36581851307807,813.0706100324626
1.3182225493622897,0.8785303433208311,0.6754110663162036,3.030597168683765,1.994057760449367,-1.2669347594171838,0.3162341261055719,0.263505283205492
1625.6093018816418,-336.901298554018,963.219184957155,670.9275731712165,23.15861981831437,-87.0709191818479,1441.2560154010985,-17.443646950729047
0.0002270733522013,-0.0011572696857514,-3027.810939362096,23769.76644832275,-13785.26816956159,11245.728201931364,7698.160308540405,460.6343232808295
473.1065119119961,1221.870752844847,-436.1295228934253,1814.7998195619464,13749.917219102115,2602.177645638529,191.38272025463112,1477.720342457602
25.350675444245606,-138.46264426742604,-1281.8410680321524,-2547.2051544454584,1353.7504521708397,2860.376144943906,-995.6724521248544,516.2694857071205
23.0344617123036,26.57471270066605,27.87183234217996,28.088867785979005,27.04186071540277,23.304584847835944,31.2842053107717,14.107119035843647
68.47236328240183,56.56198934450194,36.97087779362124,48.67315545427776,36.61164413249544,38.49692458283502,78.36424926083667,59.94097852912852
386.2166270167019,536.495201419924,415.1403135255995,388.9299559531968,721.7809224193219,523.4506971769288,220.2634795558737,377.6327235818259
2.4931877694367426,2.757031858269647,1.0968934895098836,-0.25548986873912,0.6347291470890069,3.2181070258653497,1.5389487807654074,0.4180007666036849
-28.357448406663146,741.2132940216236,-103.52447190057784,-589.1366455927272,720.2319728939274,-222.8681006338451,-302.7063438106841,1424.5767545572428
0.0012582155529064,0.002038084060458,-4967.94274001434,20067.75141838189,12506.45439279286,16665.584484658793,10088.805267340633,385.8666268090966
326.0838082331529,1287.873888535339,-1406.5376996619057,1113.0873161691534,789.3099257425087,-2742.1124275635693,-562.7776941867332,2000.052511422916
-670.0994555551713,-152.8756302733399,-1457.1021308634554,-353.8100483716629,211.82501347135025,9032.51791690538,867.9082879736482,33.26922898751516
16.35869937266649,35.66264648320146,21.63347941618654,26.55879751653639,27.136831447730344,26.88606501439397,29.025594047200315,19.92839704002964
49.4484897945646,71.2182989619513,50.68830159494179,68.43199263858367,70.92586055210089,33.1747993770788,63.73353302216681,62.66503025359401
386.55297955121705,375.0860496335311,731.9884031038114,780.3997699422621,392.0902046797513,406.8534961180868,719.9052918856701,349.00426248712665
0.8102088382971423,2.5263930387506144,2.5415708611780925,-1.0345648831487342,-0.6858155685245371,1.6615211828151906,1.7460007445928047,3.623801189089332
-170.13689442259573,99.60834594540675,823.8450208919481,480.8469733629611,1530.1654455038,-137.7835103303423,568.8870118445448,-30.97177463858465
0.0018800351320221,0.0009536882657037,17863.82313334,20317.460880034152,15321.171121207177,13754.02050796869,371.336093355048,140.3309763224657
222.2984151243841,-1027.5784450110784,8718.901365447557,-241.1619265093824,2334.0509165587896,5100.5095612594605,1847.9875007058847,1106.4677687014023
12.885973672095226,-450.0185125390493,-1840.181300674236,1746.2198048471898,1825.702091353876,8401.504617569228,-1225.864331932998,-311.88937119501765
14.68150785395506,22.65996307433364,33.575682388714384,34.905378516067074,24.69206683335144,37.59804820389861,20.720136084315897,19.55972383592061
43.158858805978085,64.10707857265831,57.85120564365618,69.17457659206848,77.02220746920382,68.01474205942733,49.976216606198605,36.41006235440212
675.7413571309099,638.9853309958471,371.4278579201624,612.2847606599754,556.0242091697992,418.3399136334704,486.36581851307807,813.0706100324626
1.3182225493622897,0.8785303433208311,0.6754110663162036,3.030597168683765,1.994057760449367,-1.2669347594171838,0.3162341261055719,0.263505283205492
1625.6093018816418,-336.901298554018,963.219184957155,670.9275731712165,23.15861981831437,-87.0709191818479,1441.2560154010985,-17.443646950729047
0.0002270733522013,-0.0011572696857514,-3027.810939362096,23769.76644832275,-13785.26816956159,11245.728201931364,7698.160308540405,460.6343232808295
473.1065119119961,1221.870752844847,-436.1295228934253,1814.7998195619464,13749.917219102115,2602.177645638529,191.38272025463112,1477.720342457602
25.350675444245606,-138.46264426742604,-1281.8410680321524,-2547.2051544454584,1353.7504521708397,2860.376144943906,-995.6724521248544,516.2694857071205
23.0344617123036,26.57471270066605,27.87183234217996,28.088867785979005,27.04186071540277,23.304584847835944,31.2842053107717,14.107119035843647
68.47236328240183,56.56198934450194,36.97087779362124,48.67315545427776,36.61164413249544,38.49692458283502,78.36424926083667,59.94097852912852
386.2166270167019,536.495201419924,415.1403135255995,388.9299559531968,721.7809224193219,523.4506971769288,220.2634795558737,377.6327235818259
2.4931877694367426,2.757031858269647,1.0968934895098836,-0.25548986873912,0.6347291470890069,3.2181070258653497,1.5389487807654074,0.4180007666036849
-28.357448406663146,741.2132940216236,-103.52447190057784,-589.1366455927272,720.2319728939274,-222.8681006338451,-302.7063438106841,1424.5767545572428
0.0012582155529064,0.002038084060458,-4967.94274001434,20067.75141838189,12506.45439279286,16665.584484658793,10088.805267340633,385.8666268090966
326.0838082331529,1287.873888535339,-1406.5376996619057,1113.0873161691534,789.3099257425087,-2742.1124275635693,-562.7776941867332,2000.052511422916
-670.0994555551713,-152.8756302733399,-1457.1021308634554,-353.8100483716629,211.82501347135025,9032.51791690538,867.9082879736482,33.26922898751516
16.35869937266649,35.66264648320146,21.63347941618654,26.55879751653639,27.136831447730344,26.88606501439397,29.025594047200315,19.92839704002964
49.4484897945646,71.2182989619513,50.68830159494179,68.43199263858367,70.92586055210089,33.1747993770788,63.73353302216681,62.66503025359401
386.55297955121705,375.0860496335311,731.9884031038114,780.3997699422621,392.0902046797513,406.8534961180868,719.9052918856701,349.00426248712665
0.8102088382971423,2.5263930387506144,2.5415708611780925,-1.0345648831487342,-0.6858155685245371,1.6615211828151906,1.7460007445928047,3.623801189089332
-170.13689442259573,99.60834594540675,823.8450208919481,480.8469733629611,1530.1654455038,-137.7835103303423,568.8870118445448,-30.97177463858465
0.0018800351320221,0.0009536882657037,17863.82313334,20317.460880034152,15321.171121207177,13754.02050796869,371.336093355048,140.3309763224657
222.2984151243841,-1027.5784450110784,8718.901365447557,-241.1619265093824,2334.0509165587896,5100.5095612594605,1847.9875007058847,1106.4677687014023
12.885973672095226,-450.0185125390493,-1840.181300674236,1746.2198048471898,1825.702091353876,8401.504617569228,-1225.864331932998,-311.88937119501765
14.68150785395506,22.65996307433364,33.575682388714384,34.905378516067074,24.69206683335144,37.59804820389861,20.720136084315897,19.55972383592061
43.158858805978085,64.10707857265831,57.85120564365618,69.17457659206848,77.02220746920382,68.01474205942733,49.976216606198605,36.41006235440212
675.7413571309099,638.9853309958471,371.4278579201624,612.2847606599754,556.0242091697992,418.3399136334704,486.36581851307807,813.0706100324626
1.3182225493622897,0.8785303433208311,0.6754110663162036,3.030597168683765,1.994057760449367,-1.2669347594171838,0.3162341261055719,0.263505283205492
1625.6093018816418,-336.901298554018,963.219184957155,670.9275731712165,23.15861981831437,-87.0709191818479,1441.2560154010985,-17.443646950729047
0.0002270733522013,-0.0011572696857514,-3027.810939362096,23769.76644832275,-13785.26816956159,11245.728201931364,7698.160308540405,460.6343232808295
473.1065119119961,1221.870752844847,-436.1295228934253,1814.7998195619464,13749.917219102115,2602.177645638529,191.38272025463112,1477.720342457602
25.350675444245606,-138.46264426742604,-1281.8410680321524,-2547.2051544454584,1353.7504521708397,2860.376144943906,-995.6724521248544,516.2694857071205
23.0344617123036,26.57471270066605,27.87183234217996,28.088867785979005,27.04186071540277,23.304584847835944,31.2842053107717,14.107119035843647
68.47236328240183,56.56198934450194,36.97087779362124,48.67315545427776,36.61164413249544,38.49692458283502,78.36424926083667,59.94097852912852
386.2166270167019,536.495201419924,415.1403135255995,388.9299559531968,721.7809224193219,523.4506971769288,220.2634795558737,377.6327235818259
2.4931877694367426,2.757031858269647,1.0968934895098836,-0.25548986873912,0.6347291470890069,3.2181070258653497,1.5389487807654074,0.4180007666036849
-28.357448406663146,741.2132940216236,-103.52447190057784,-589.1366455927272,720.2319728939274,-222.8681006338451,-302.7063438106841,1424.5767545572428
0.0012582155529064,0.002038084060458,-4967.94274001434,20067.75141838189,12506.45439279286,16665.584484658793,10088.805267340633,385.8666268090966
326.0838082331529,1287.873888535339,-1406.5376996619057,1113.0873161691534,789.3099257425087,-2742.1124275635693,-562.7776941867332,2000.052511422916
-670.0994555551713,-152.8756302733399,-1457.1021308634554,-353.8100483716629,211.82501347135025,9032.51791690538,867.9082879736482,33.26922898751516
16.35869937266649,35.66264648320146,21.63347941618654,26.55879751653639,27.136831447730344,26.88606501439397,29.025594047200315,19.92839704002964
49.4484897945646,71.2182989619513,50.68830159494179,68.43199263858367,70.92586055210089,33.1747993770788,63.73353302216681,62.66503025359401
386.55297955121705,375.0860496335311,731.9884031038114,780.3997699422621,392.0902046797513,406.8534961180868,719.9052918856701,349.00426248712665
0.8102088382971423,2.5263930387506144,2.5415708611780925,-1.0345648831487342,-0.6858155685245371,1.6615211828151906,1.7460007445928047,3.623801189089332
-170.13689442259573,99.60834594540675,823.8450208919481,480.8469733629611,1530.1654455038,-137.7835103303423,568.8870118445448,-30.97177463858465
0.0018800351320221,0.0009536882657037,17863.82313334,20317.460880034152,15321.171121207177,13754.02050796869,371.336093355048,140.3309763224657
222.2984151243841,-1027.5784450110784,8718.901365447557,-241.1619265093824,2334.0509165587896,5100.5095612594605,1847.9875007058847,1106.4677687014023
12.885973672095226,-450.0185125390493,-1840.181300674236,1746.2198048471898,1825.702091353876,8401.504617569228,-1225.864331932998,-311.88937119501765
14.68150785395506,22.65996307433364,33.575682388714384,34.905378516067074,24.69206683335144,37.59804820389861,20.720136084315897,19.55972383592061
43.158858805978085,64.10707857265831,57.85120564365618,69.17457659206848,77.02220746920382,68.01474205942733,49.976216606198605,36.41006235440212
675.7413571309099,638.9853309958471,371.4278579201624,612.2847606599754,556.0242091697992,418.3399136334704,486.36581851307807,813.0706100324626
1.3182225493622897,0.8785303433208311,0.6754110663162036,3.030597168683765,1.994057760449367,-1.2669347594171838,0.3162341261055719,0.263505283205492
1625.6093018816418,-336.901298554018,963.219184957155,670.9275731712165,23.15861981831437,-87.0709191818479,1441.2560154010985,-17.443646950729047
0.0002270733522013,-0.0011572696857514,-3027.810939362096,23769.76644832275,-13785.26816956159,11245.728201931364,7698.160308540405,460.6343232808295
473.1065119119961,1221.870752844847,-436.1295228934253,1814.7998195619464,13749.917219102115,2602.177645638529,191.38272025463112,1477.720342457602
25.350675444245606,-138.46264426742604,-1281.8410680321524,-2547.2051544454584,1353.7504521708397,2860.376144943906,-995.6724521248544,516.2694857071205
23.0344617123036,26.57471270066605,27.87183234217996,28.088867785979005,27.04186071540277,23.304584847835944,31.2842053107717,14.107119035843647
68.47236328240183,56.56198934450194,36.97087779362124,48.67315545427776,36.61164413249544,38.49692458283502,78.36424926083667,59.94097852912852
386.2166270167019,536.495201419924,415.1403135255995,388.9299559531968,721.7809224193219,523.4506971769288,220.2634795558737,377.6327235818259
2.4931877694367426,2.757031858269647,1.0968934895098836,-0.25548986873912,0.6347291470890069,3.2181070258653497,1.5389487807654074,0.4180007666036849
-28.357448406663146,741.2132940216236,-103.52447190057784,-589.1366455927272,720.2319728939274,-222.8681006338451,-302.7063438106841,1424.5767545572428
0.0012582155529064,0.002038084060458,-4967.94274001434,20067.75141838189,12506.45439279286,16665.584484658793,10088.805267340633,385.8666268090966
326.0838082331529,1287.873888535339,-1406.5376996619057,1113.0873161691534,789.3099257425087,-2742.1124275635693,-562.7776941867332,2000.052511422916
-670.0994555551713,-152.8756302733399,-1457.1021308634554,-353.8100483716629,211.82501347135025,9032.51791690538,867.9082879736482,33.26922898751516
16.35869937266649,35.66264648320146,21.63347941618654,26.55879751653639,27.136831447730344,26.88606501439397,29.025594047200315,19.92839704002964
49.4484897945646,71.2182989619513,50.68830159494179,68.43199263858367,70.92586055210089,33.1747993770788,63.73353302216681,62.66503025359401
386.55297955121705,375.0860496335311,731.9884031038114,780.3997699422621,392.0902046797513,406.8534961180868,719.9052918856701,349.00426248712665
0.8102088382971423,2.5263930387506144,2.5415708611780925,-1.0345648831487342,-0.6858155685245371,1.6615211828151906,1.7460007445928047,3.623801189089332
-170.13689442259573,99.60834594540675,823.8450208919481,480.8469733629611,1530.1654455038,-137.7835103303423,568.8870118445448,-30.97177463858465
0.0018800351320221,0.0009536882657037,17863.82313334,20317.460880034152,15321.171121207177,13754.02050796869,371.336093355048,140.3309763224657
222.2984151243841,-1027.5784450110784,8718.901365447557,-241.1619265093824,2334.0509165587896,5100.5095612594605,1847.9875007058847,1106.4677687014023
12.885973672095226,-450.0185125390493,-1840.181300674236,1746.2198048471898,1825.702091353876,8401.504617569228,-1225.864331932998,-311.88937119501765
14.68150785395506,22.65996307433364,33.575682388714384,34.905378516067074,24.69206683335144,37.59804820389861,20.720136084315897,19.55972383592061
43.158858805978085,64.10707857265831,57.85120564365618,69.17457659206848,77.02220746920382,68.01474205942733,49.976216606198605,36.41006235440212
675.7413571309099,638.9853309958471,371.4278579201624,612.2847606599754,556.0242091697992,418.3399136334704,486.36581851307807,813.0706100324626
1.3182225493622897,0.8785303433208311,0.6754110663162036,3.030597168683765,1.994057760449367,-1.2669347594171838,0.3162341261055719,0.263505283205492
1625.6093018816418,-336.901298554018,963.219184957155,670.9275731712165,23.15861981831437,-87.0709191818479,1441.2560154010985,-17.443646950729047
0.0002270733522013,-0.0011572696857514,-3027.810939362096,23769.76644832275,-13785.26816956159,11245.728201931364,7698.160308540405,460.6343232808295
473.1065119119961,1221.870752844847,-436.1295228934253,1814.7998195619464,13749.917219102115,2602.177645638529,191.38272025463112,1477.720342457602
25.350675444245606,-138.46264426742604,-1281.8410680321524,-2547.2051544454584,1353.7504521708397,2860.376144943906,-995.6724521248544,516.2694857071205
23.0344617123036,26.57471270066605,27.87183234217996,28.088867785979005,27.04186071540277,23.304584847835944,31.2842053107717,14.107119035843647
68.47236328240183,56.56198934450194,36.97087779362124,48.67315545427776,36.61164413249544,38.49692458283502,78.36424926083667,59.94097852912852
386.2166270167019,536.495201419924,415.1403135255995,388.9299559531968,721.7809224193219,523.4506971769288,220.2634795558737,377.6327235818259
2.4931877694367426,2.757031858269647,1.0968934895098836,-0.25548986873912,0.6347291470890069,3.2181070258653497,1.5389487807654074,0.4180007666036849
-28.357448406663146,741.2132940216236,-103.52447190057784,-589.1366455927272,720.2319728939274,-222.8681006338451,-302.7063438106841,1424.5767545572428
0.0012582155529064,0.002038084060458,-4967.94274001434,20067.75141838189,12506.45439279286,16665.584484658793,10088.805267340633,385.8666268090966
326.0838082331529,1287.873888535339,-1406.5376996619057,1113.0873161691534,789.3099257425087,-2742.1124275635693,-562.7776941867332,2000.052511422916
-670.0994555551713,-152.8756302733399,-1457.1021308634554,-353.8100483716629,211.82501347135025,9032.51791690538,867.9082879736482,33.26922898751516
16.35869937266649,35.66264648320146,21.63347941618654,26.55879751653639,27.136831447730344,26.88606501439397,29.025594047200315,19.92839704002964
49.4484897945646,71.2182989619513,50.68830159494179,68.43199263858367,70.92586055210089,33.1747993770788,63.73353302216681,62.66503025359401
386.55297955121705,375.0860496335311,731.9884031038114,780.3997699422621,392.0902046797513,406.8534961180868,719.9052918856701,349.00426248712665
0.8102088382971423,2.5263930387506144,2.5415708611780925,-1.0345648831487342,-0.6858155685245371,1.6615211828151906,1.7460007445928047,3.623801189089332
-170.13689442259573,99.60834594540675,823.8450208919481,480.8469733629611,1530.1654455038,-137.7835103303423,568.8870118445448,-30.97177463858465
0.0018800351320221,0.0009536882657037,17863.82313334,20317.460880034152,15321.171121207177,13754.02050796869,371.336093355048,140.3309763224657
222.2984151243841,-1027.5784450110784,8718.901365447557,-241.1619265093824,2334.0509165587896,5100.5095612594605,1847.9875007058847,1106.4677687014023
12.885973672095226,-450.0185125390493,-1840.181300674236,1746.2198048471898,1825.702091353876,8401.504617569228,-1225.864331932998,-311.88937119501765
