내부온도관측치,내부습도관측치,co2관측치,ec관측치,시간당분무량,시간당백색광량,시간당적색광량,시간당청색광량
9.084131398005338,18.591461127244653,33.49761419139094,27.86965172453096,27.97477737010057,28.0276544125333,29.673391551205647,17.988181820789205
52.71584040051675,72.25797853674275,82.99879367084546,49.40285783402249,37.102047491246765,62.5714613493207,84.21046160885723,33.84150074694608
644.9492700003677,517.3698622246003,511.77129244767485,673.7436233807914,582.0527130645081,606.186983224616,436.246184078666,474.4651735690396
-0.0661104252456903,0.9015248258993608,-0.53334947087493,0.4863869340695594,1.276674347838234,1.5401096198701167,3.880000715018472,1.2862129856454811
-170.96398667332724,-147.12630677459725,-297.58707025252136,701.2094347097596,1027.0540219889,1261.0885559671742,1440.8670959231474,61.79778187761163
-7.144773913077341e-05,0.0011910262684152,-3153.042949610537,6973.986385964226,15401.190537638577,11913.605833931968,4067.475743610027,4197.958945872807
-408.9843386915749,419.7230291453816,-774.8432545342035,1596.202350243445,1668.4771185428474,2814.323963900102,1751.0865642023575,2189.6006102524443
74.06939892433746,139.13384065945436,-70.80238375331122,1772.0276556560716,-1114.3909640530833,5551.399672344913,-1169.1962901093648,1175.4469188301878
30.120113225998125,23.8076809396024,45.39787769014801,27.40903847631587,27.355107659187333,19.344388610015702,28.241948170107488,14.002521366930136
85.01800297724894,61.221914197715456,33.26310010259574,38.11662202589915,47.41865065593717,62.24491349555598,84.89505115908972,66.24199449159286
568.0091815097726,489.4081184252976,455.51853559367504,734.1552510893871,783.8593636441702,403.43237930711706,230.7190452106683,555.0776573267669
1.3768950632718024,0.831545348351605,2.7492552852213024,0.1870854702762088,0.6871610686983616,2.91840886329128,-0.7229147662321604,2.0030400437732205
223.6480732678828,773.625130021804,131.21721257960246,-1094.6409625893352,1249.848237146687,81.78935353565308,-323.6805261860321,961.2152593736027
-0.0002687651324919,0.0004892528393579,-820.9132875701824,4381.79722712553,15538.860425804836,18216.768935624023,2060.1016078073703,-51.87590517473965
509.1043943317566,1149.796013387096,-48.40472784593055,-807.5048916949108,-1475.8912750364143,-1133.615321168489,-2975.7643758229783,767.114550892383
-172.62312188426466,-360.1513801049388,-255.14302939019623,5033.668401051225,-312.30861701856725,5214.805412485147,409.4970300325019,1233.350334466268
31.26988055080541,27.76743540441286,23.04257084385715,23.85922247758388,26.493781730244745,22.458349255481306,23.742332935135643,15.278714333719284
34.12649493937023,71.48406848359487,46.99628660711458,65.20144928327107,59.20682938590232,18.53989748734515,67.20545133859818,53.56897484803039
507.4595767519758,575.2144151063382,434.0419103614735,963.3901654627776,501.6854041392386,672.8963676835656,660.2345775310533,306.16940895624714
1.5129114313415104,0.4336627396711916,2.8573645621954578,2.4574554468091585,1.0264951900486363,-0.7716264913858331,-0.3355241475287485,4.151352315034845
-1.9557860553523057,555.2137266174677,472.5190279527848,45.70492887030346,1163.3828982768043,681.8420282934381,710.6915944177485,-63.09506468845622
0.0029263855293051,0.001834175362632,16006.694590629506,22177.823436464576,21564.811901251447,3203.0061183045664,1474.3487449744978,-132.78402639621922
326.656844629242,137.69180830548007,1984.7793816625565,-2856.073804780104,-2474.0320226885115,1331.4357591406824,-889.4091298595455,837.872872704262
-25.41383057870707,154.7139549094586,698.2278508504321,2813.713025794798,1779.2741974215548,-337.2423560097122,-387.949195734896,-1132.328016028497
9.084131398005338,18.591461127244653,33.49761419139094,27.86965172453096,27.97477737010057,28.0276544125333,29.673391551205647,17.988181820789205
52.71584040051675,72.25797853674275,82.99879367084546,49.40285783402249,37.102047491246765,62.5714613493207,84.21046160885723,33.84150074694608
644.9492700003677,517.3698622246003,511.77129244767485,673.7436233807914,582.0527130645081,606.186983224616,436.246184078666,474.4651735690396
-0.0661104252456903,0.9015248258993608,-0.53334947087493,0.4863869340695594,1.276674347838234,1.5401096198701167,3.880000715018472,1.2862129856454811
-170.96398667332724,-147.12630677459725,-297.58707025252136,701.2094347097596,1027.0540219889,1261.0885559671742,1440.8670959231474,61.79778187761163
-7.144773913077341e-05,0.0011910262684152,-3153.042949610537,6973.986385964226,15401.190537638577,11913.605833931968,4067.475743610027,4197.958945872807
-408.9843386915749,419.7230291453816,-774.8432545342035,1596.202350243445,1668.4771185428474,2814.323963900102,1751.0865642023575,2189.6006102524443
74.06939892433746,139.13384065945436,-70.80238375331122,1772.0276556560716,-1114.3909640530833,5551.399672344913,-1169.1962901093648,1175.4469188301878
30.120113225998125,23.8076809396024,45.39787769014801,27.40903847631587,27.355107659187333,19.344388610015702,28.241948170107488,14.002521366930136
85.01800297724894,61.221914197715456,33.26310010259574,38.11662202589915,47.41865065593717,62.24491349555598,84.89505115908972,66.24199449159286
568.0091815097726,489.4081184252976,455.51853559367504,734.1552510893871,783.8593636441702,403.43237930711706,230.7190452106683,555.0776573267669
1.3768950632718024,0.831545348351605,2.7492552852213024,0.1870854702762088,0.6871610686983616,2.91840886329128,-0.7229147662321604,2.0030400437732205
223.6480732678828,773.625130021804,131.21721257960246,-1094.6409625893352,1249.848237146687,81.78935353565308,-323.6805261860321,961.2152593736027
-0.0002687651324919,0.0004892528393579,-820.9132875701824,4381.79722712553,15538.860425804836,18216.768935624023,2060.1016078073703,-51.87590517473965
509.1043943317566,1149.796013387096,-48.40472784593055,-807.5048916949108,-1475.8912750364143,-1133.615321168489,-2975.7643758229783,767.114550892383
-172.62312188426466,-360.1513801049388,-255.14302939019623,5033.668401051225,-312.30861701856725,5214.805412485147,409.4970300325019,1233.350334466268
31.26988055080541,27.76743540441286,23.04257084385715,23.85922247758388,26.493781730244745,22.458349255481306,23.742332935135643,15.278714333719284
34.12649493937023,71.48406848359487,46.99628660711458,65.20144928327107,59.20682938590232,18.53989748734515,67.20545133859818,53.56897484803039
507.4595767519758,575.2144151063382,434.0419103614735,963.3901654627776,501.6854041392386,672.8963676835656,660.2345775310533,306.16940895624714
1.5129114313415104,0.4336627396711916,2.8573645621954578,2.4574554468091585,1.0264951900486363,-0.7716264913858331,-0.3355241475287485,4.151352315034845
-1.9557860553523057,555.2137266174677,472.5190279527848,45.70492887030346,1163.3828982768043,681.8420282934381,710.6915944177485,-63.09506468845622
0.0029263855293051,0.001834175362632,16006.694590629506,22177.823436464576,21564.811901251447,3203.0061183045664,1474.3487449744978,-132.78402639621922
326.656844629242,137.69180830548007,1984.7793816625565,-2856.073804780104,-2474.0320226885115,1331.4357591406824,-889.4091298595455,837.872872704262
-25.41383057870707,154.7139549094586,698.2278508504321,2813.713025794798,1779.2741974215548,-337.2423560097122,-387.949195734896,-1132.328016028497
9.084131398005338,18.591461127244653,33.49761419139094,27.86965172453096,27.97477737010057,28.0276544125333,29.673391551205647,17.988181820789205
52.71584040051675,72.25797853674275,82.99879367084546,49.40285783402249,37.102047491246765,62.5714613493207,84.21046160885723,33.84150074694608
644.9492700003677,517.3698622246003,511.77129244767485,673.7436233807914,582.0527130645081,606.186983224616,436.246184078666,474.4651735690396
-0.0661104252456903,0.9015248258993608,-0.53334947087493,0.4863869340695594,1.276674347838234,1.5401096198701167,3.880000715018472,1.2862129856454811
-170.96398667332724,-147.12630677459725,-297.58707025252136,701.2094347097596,1027.0540219889,1261.0885559671742,1440.8670959231474,61.79778187761163
-7.144773913077341e-05,0.0011910262684152,-3153.042949610537,6973.986385964226,15401.190537638577,11913.605833931968,4067.475743610027,4197.958945872807
-408.9843386915749,419.7230291453816,-774.8432545342035,1596.202350243445,1668.4771185428474,2814.323963900102,1751.0865642023575,2189.6006102524443
74.06939892433746,139.13384065945436,-70.80238375331122,1772.0276556560716,-1114.3909640530833,5551.399672344913,-1169.1962901093648,1175.4469188301878
30.120113225998125,23.8076809396024,45.39787769014801,27.40903847631587,27.355107659187333,19.344388610015702,28.241948170107488,14.002521366930136
85.01800297724894,61.221914197715456,33.26310010259574,38.11662202589915,47.41865065593717,62.24491349555598,84.89505115908972,66.24199449159286
568.0091815097726,489.4081184252976,455.51853559367504,734.1552510893871,783.8593636441702,403.43237930711706,230.7190452106683,555.0776573267669
1.3768950632718024,0.831545348351605,2.7492552852213024,0.1870854702762088,0.6871610686983616,2.91840886329128,-0.7229147662321604,2.0030400437732205
223.6480732678828,773.625130021804,131.21721257960246,-1094.6409625893352,1249.848237146687,81.78935353565308,-323.6805261860321,961.2152593736027
-0.0002687651324919,0.0004892528393579,-820.9132875701824,4381.79722712553,15538.860425804836,18216.768935624023,2060.1016078073703,-51.87590517473965
509.1043943317566,1149.796013387096,-48.40472784593055,-807.5048916949108,-1475.8912750364143,-1133.615321168489,-2975.7643758229783,767.114550892383
-172.62312188426466,-360.1513801049388,-255.14302939019623,5033.668401051225,-312.30861701856725,5214.805412485147,409.4970300325019,1233.350334466268
31.26988055080541,27.76743540441286,23.04257084385715,23.85922247758388,26.493781730244745,22.458349255481306,23.742332935135643,15.278714333719284
34.12649493937023,71.48406848359487,46.99628660711458,65.20144928327107,59.20682938590232,18.53989748734515,67.20545133859818,53.56897484803039
507.4595767519758,575.2144151063382,434.0419103614735,963.3901654627776,501.6854041392386,672.8963676835656,660.2345775310533,306.16940895624714
1.5129114313415104,0.4336627396711916,2.8573645621954578,2.4574554468091585,1.0264951900486363,-0.7716264913858331,-0.3355241475287485,4.151352315034845
-1.9557860553523057,555.2137266174677,472.5190279527848,45.70492887030346,1163.3828982768043,681.8420282934381,710.6915944177485,-63.09506468845622
0.0029263855293051,0.001834175362632,16006.694590629506,22177.823436464576,21564.811901251447,3203.0061183045664,1474.3487449744978,-132.78402639621922
326.656844629242,137.69180830548007,1984.7793816625565,-2856.073804780104,-2474.0320226885115,1331.4357591406824,-889.4091298595455,837.872872704262
-25.41383057870707,154.7139549094586,698.2278508504321,2813.713025794798,1779.2741974215548,-337.2423560097122,-387.949195734896,-1132.328016028497
9.084131398005338,18.591461127244653,33.49761419139094,27.86965172453096,27.97477737010057,28.0276544125333,29.673391551205647,17.988181820789205
52.71584040051675,72.25797853674275,82.99879367084546,49.40285783402249,37.102047491246765,62.5714613493207,84.21046160885723,33.84150074694608
644.9492700003677,517.3698622246003,511.77129244767485,673.7436233807914,582.0527130645081,606.186983224616,436.246184078666,474.4651735690396
-0.0661104252456903,0.9015248258993608,-0.53334947087493,0.4863869340695594,1.276674347838234,1.5401096198701167,3.880000715018472,1.2862129856454811
-170.96398667332724,-147.12630677459725,-297.58707025252136,701.2094347097596,1027.0540219889,1261.0885559671742,1440.8670959231474,61.79778187761163
-7.144773913077341e-05,0.0011910262684152,-3153.042949610537,6973.986385964226,15401.190537638577,11913.605833931968,4067.475743610027,4197.958945872807
-408.9843386915749,419.7230291453816,-774.8432545342035,1596.202350243445,1668.4771185428474,2814.323963900102,1751.0865642023575,2189.6006102524443
74.06939892433746,139.13384065945436,-70.80238375331122,1772.0276556560716,-1114.3909640530833,5551.399672344913,-1169.1962901093648,1175.4469188301878
30.120113225998125,23.8076809396024,45.39787769014801,27.40903847631587,27.355107659187333,19.344388610015702,28.241948170107488,14.002521366930136
85.01800297724894,61.221914197715456,33.26310010259574,38.11662202589915,47.41865065593717,62.24491349555598,84.89505115908972,66.24199449159286
568.0091815097726,489.4081184252976,455.51853559367504,734.1552510893871,783.8593636441702,403.43237930711706,230.7190452106683,555.0776573267669
1.3768950632718024,0.831545348351605,2.7492552852213024,0.1870854702762088,0.6871610686983616,2.91840886329128,-0.7229147662321604,2.0030400437732205
223.6480732678828,773.625130021804,131.21721257960246,-1094.6409625893352,1249.848237146687,81.78935353565308,-323.6805261860321,961.2152593736027
-0.0002687651324919,0.0004892528393579,-820.9132875701824,4381.79722712553,15538.860425804836,18216.768935624023,2060.1016078073703,-51.87590517473965
509.1043943317566,1149.796013387096,-48.40472784593055,-807.5048916949108,-1475.8912750364143,-1133.615321168489,-2975.7643758229783,767.114550892383
-172.62312188426466,-360.1513801049388,-255.14302939019623,5033.668401051225,-312.30861701856725,5214.805412485147,409.4970300325019,1233.350334466268
31.26988055080541,27.76743540441286,23.04257084385715,23.85922247758388,26.493781730244745,22.458349255481306,23.742332935135643,15.278714333719284
34.12649493937023,71.48406848359487,46.99628660711458,65.20144928327107,59.20682938590232,18.53989748734515,67.20545133859818,53.56897484803039
507.4595767519758,575.2144151063382,434.0419103614735,963.3901654627776,501.6854041392386,672.8963676835656,660.2345775310533,306.16940895624714
1.5129114313415104,0.4336627396711916,2.8573645621954578,2.4574554468091585,1.0264951900486363,-0.7716264913858331,-0.3355241475287485,4.151352315034845
-1.9557860553523057,555.2137266174677,472.5190279527848,45.70492887030346,1163.3828982768043,681.8420282934381,710.6915944177485,-63.09506468845622
0.0029263855293051,0.001834175362632,16006.694590629506,22177.823436464576,21564.811901251447,3203.0061183045664,1474.3487449744978,-132.78402639621922
326.656844629242,137.69180830548007,1984.7793816625565,-2856.073804780104,-2474.0320226885115,1331.4357591406824,-889.4091298595455,837.872872704262
-25.41383057870707,154.7139549094586,698.2278508504321,2813.713025794798,1779.2741974215548,-337.2423560097122,-387.949195734896,-1132.328016028497
9.084131398005338,18.591461127244653,33.49761419139094,27.86965172453096,27.97477737010057,28.0276544125333,29.673391551205647,17.988181820789205
52.71584040051675,72.25797853674275,82.99879367084546,49.40285783402249,37.102047491246765,62.5714613493207,84.21046160885723,33.84150074694608
644.9492700003677,517.3698622246003,511.77129244767485,673.7436233807914,582.0527130645081,606.186983224616,436.246184078666,474.4651735690396
-0.0661104252456903,0.9015248258993608,-0.53334947087493,0.4863869340695594,1.276674347838234,1.5401096198701167,3.880000715018472,1.2862129856454811
-170.96398667332724,-147.12630677459725,-297.58707025252136,701.2094347097596,1027.0540219889,1261.0885559671742,1440.8670959231474,61.79778187761163
-7.144773913077341e-05,0.0011910262684152,-3153.042949610537,6973.986385964226,15401.190537638577,11913.605833931968,4067.475743610027,4197.958945872807
-408.9843386915749,419.7230291453816,-774.8432545342035,1596.202350243445,1668.4771185428474,2814.323963900102,1751.0865642023575,2189.6006102524443
74.06939892433746,139.13384065945436,-70.80238375331122,1772.0276556560716,-1114.3909640530833,5551.399672344913,-1169.1962901093648,1175.4469188301878
30.120113225998125,23.8076809396024,45.39787769014801,27.40903847631587,27.355107659187333,19.344388610015702,28.241948170107488,14.002521366930136
85.01800297724894,61.221914197715456,33.26310010259574,38.11662202589915,47.41865065593717,62.24491349555598,84.89505115908972,66.24199449159286
568.0091815097726,489.4081184252976,455.51853559367504,734.1552510893871,783.8593636441702,403.43237930711706,230.7190452106683,555.0776573267669
1.3768950632718024,0.831545348351605,2.7492552852213024,0.1870854702762088,0.6871610686983616,2.91840886329128,-0.7229147662321604,2.0030400437732205
223.6480732678828,773.625130021804,131.21721257960246,-1094.6409625893352,1249.848237146687,81.78935353565308,-323.6805261860321,961.2152593736027
-0.0002687651324919,0.0004892528393579,-820.9132875701824,4381.79722712553,15538.860425804836,18216.768935624023,2060.1016078073703,-51.87590517473965
509.1043943317566,1149.796013387096,-48.40472784593055,-807.5048916949108,-1475.8912750364143,-1133.615321168489,-2975.7643758229783,767.114550892383
-172.62312188426466,-360.1513801049388,-255.14302939019623,5033.668401051225,-312.30861701856725,5214.805412485147,409.4970300325019,1233.350334466268
31.26988055080541,27.76743540441286,23.04257084385715,23.85922247758388,26.493781730244745,22.458349255481306,23.742332935135643,15.278714333719284
34.12649493937023,71.48406848359487,46.99628660711458,65.20144928327107,59.20682938590232,18.53989748734515,67.20545133859818,53.56897484803039
507.4595767519758,575.2144151063382,434.0419103614735,963.3901654627776,501.6854041392386,672.8963676835656,660.2345775310533,306.16940895624714
1.5129114313415104,0.4336627396711916,2.8573645621954578,2.4574554468091585,1.0264951900486363,-0.7716264913858331,-0.3355241475287485,4.151352315034845
-1.9557860553523057,555.2137266174677,472.5190279527848,45.70492887030346,1163.3828982768043,681.8420282934381,710.6915944177485,-63.09506468845622
0.0029263855293051,0.001834175362632,16006.694590629506,22177.823436464576,21564.811901251447,3203.0061183045664,1474.3487449744978,-132.78402639621922
326.656844629242,137.69180830548007,1984.7793816625565,-2856.073804780104,-2474.0320226885115,1331.4357591406824,-889.4091298595455,837.872872704262
-25.41383057870707,154.7139549094586,698.2278508504321,2813.713025794798,1779.2741974215548,-337.2423560097122,-387.949195734896,-1132.328016028497
9.084131398005338,18.591461127244653,33.49761419139094,27.86965172453096,27.97477737010057,28.0276544125333,29.673391551205647,17.988181820789205
52.71584040051675,72.25797853674275,82.99879367084546,49.40285783402249,37.102047491246765,62.5714613493207,84.21046160885723,33.84150074694608
644.9492700003677,517.3698622246003,511.77129244767485,673.7436233807914,582.0527130645081,606.186983224616,436.246184078666,474.4651735690396
-0.0661104252456903,0.9015248258993608,-0.53334947087493,0.4863869340695594,1.276674347838234,1.5401096198701167,3.880000715018472,1.2862129856454811
-170.96398667332724,-147.12630677459725,-297.58707025252136,701.2094347097596,1027.0540219889,1261.0885559671742,1440.8670959231474,61.79778187761163
-7.144773913077341e-05,0.0011910262684152,-3153.042949610537,6973.986385964226,15401.190537638577,11913.605833931968,4067.475743610027,4197.958945872807
-408.9843386915749,419.7230291453816,-774.8432545342035,1596.202350243445,1668.4771185428474,2814.323963900102,1751.0865642023575,2189.6006102524443
74.06939892433746,139.13384065945436,-70.80238375331122,1772.0276556560716,-1114.3909640530833,5551.399672344913,-1169.1962901093648,1175.4469188301878
30.120113225998125,23.8076809396024,45.39787769014801,27.40903847631587,27.355107659187333,19.344388610015702,28.241948170107488,14.002521366930136
85.01800297724894,61.221914197715456,33.26310010259574,38.11662202589915,47.41865065593717,62.24491349555598,84.89505115908972,66.24199449159286
568.0091815097726,489.4081184252976,455.51853559367504,734.1552510893871,783.8593636441702,403.43237930711706,230.7190452106683,555.0776573267669
1.3768950632718024,0.831545348351605,2.7492552852213024,0.1870854702762088,0.6871610686983616,2.91840886329128,-0.7229147662321604,2.0030400437732205
223.6480732678828,773.625130021804,131.21721257960246,-1094.6409625893352,1249.848237146687,81.78935353565308,-323.6805261860321,961.2152593736027
-0.0002687651324919,0.0004892528393579,-820.9132875701824,4381.79722712553,15538.860425804836,18216.768935624023,2060.1016078073703,-51.87590517473965
509.1043943317566,1149.796013387096,-48.40472784593055,-807.5048916949108,-1475.8912750364143,-1133.615321168489,-2975.7643758229783,767.114550892383
-172.62312188426466,-360.1513801049388,-255.14302939019623,5033.668401051225,-312.30861701856725,5214.805412485147,409.4970300325019,1233.350334466268
31.26988055080541,27.76743540441286,23.04257084385715,23.85922247758388,26.493781730244745,22.458349255481306,23.742332935135643,15.278714333719284
34.12649493937023,71.48406848359487,46.99628660711458,65.20144928327107,59.20682938590232,18.53989748734515,67.20545133859818,53.56897484803039
507.4595767519758,575.2144151063382,434.0419103614735,963.3901654627776,501.6854041392386,672.8963676835656,660.2345775310533,306.16940895624714
1.5129114313415104,0.4336627396711916,2.8573645621954578,2.4574554468091585,1.0264951900486363,-0.7716264913858331,-0.3355241475287485,4.151352315034845
-1.9557860553523057,555.2137266174677,472.5190279527848,45.70492887030346,1163.3828982768043,681.8420282934381,710.6915944177485,-63.09506468845622
0.0029263855293051,0.001834175362632,16006.694590629506,22177.823436464576,21564.811901251447,3203.0061183045664,1474.3487449744978,-132.78402639621922
326.656844629242,137.69180830548007,1984.7793816625565,-2856.073804780104,-2474.0320226885115,1331.4357591406824,-889.4091298595455,837.872872704262
-25.41383057870707,154.7139549094586,698.2278508504321,2813.713025794798,1779.2741974215548,-337.2423560097122,-387.949195734896,-1132.328016028497
9.084131398005338,18.591461127244653,33.49761419139094,27.86965172453096,27.97477737010057,28.0276544125333,29.673391551205647,17.988181820789205
52.71584040051675,72.25797853674275,82.99879367084546,49.40285783402249,37.102047491246765,62.5714613493207,84.21046160885723,33.84150074694608
644.9492700003677,517.3698622246003,511.77129244767485,673.7436233807914,582.0527130645081,606.186983224616,436.246184078666,474.4651735690396
-0.0661104252456903,0.9015248258993608,-0.53334947087493,0.4863869340695594,1.276674347838234,1.5401096198701167,3.880000715018472,1.2862129856454811
-170.96398667332724,-147.12630677459725,-297.58707025252136,701.2094347097596,1027.0540219889,1261.0885559671742,1440.8670959231474,61.79778187761163
-7.144773913077341e-05,0.0011910262684152,-3153.042949610537,6973.986385964226,15401.190537638577,11913.605833931968,4067.475743610027,4197.958945872807
-408.9843386915749,419.7230291453816,-774.8432545342035,1596.202350243445,1668.4771185428474,2814.323963900102,1751.0865642023575,2189.6006102524443
74.06939892433746,139.13384065945436,-70.80238375331122,1772.0276556560716,-1114.3909640530833,5551.399672344913,-1169.1962901093648,1175.4469188301878
30.120113225998125,23.8076809396024,45.39787769014801,27.40903847631587,27.355107659187333,19.344388610015702,28.241948170107488,14.002521366930136
85.01800297724894,61.221914197715456,33.26310010259574,38.11662202589915,47.41865065593717,62.24491349555598,84.89505115908972,66.24199449159286
568.0091815097726,489.4081184252976,455.51853559367504,734.1552510893871,783.8593636441702,403.43237930711706,230.7190452106683,555.0776573267669
1.3768950632718024,0.831545348351605,2.7492552852213024,0.1870854702762088,0.6871610686983616,2.91840886329128,-0.7229147662321604,2.0030400437732205
223.6480732678828,773.625130021804,131.21721257960246,-1094.6409625893352,1249.848237146687,81.78935353565308,-323.6805261860321,961.2152593736027
-0.0002687651324919,0.0004892528393579,-820.9132875701824,4381.79722712553,15538.860425804836,18216.768935624023,2060.1016078073703,-51.87590517473965
509.1043943317566,1149.796013387096,-48.40472784593055,-807.5048916949108,-1475.8912750364143,-1133.615321168489,-2975.7643758229783,767.114550892383
-172.62312188426466,-360.1513801049388,-255.14302939019623,5033.668401051225,-312.30861701856725,5214.805412485147,409.4970300325019,1233.350334466268
31.26988055080541,27.76743540441286,23.04257084385715,23.85922247758388,26.493781730244745,22.458349255481306,23.742332935135643,15.278714333719284
34.12649493937023,71.48406848359487,46.99628660711458,65.20144928327107,59.20682938590232,18.53989748734515,67.20545133859818,53.56897484803039
507.4595767519758,575.2144151063382,434.0419103614735,963.3901654627776,501.6854041392386,672.8963676835656,660.2345775310533,306.16940895624714
1.5129114313415104,0.4336627396711916,2.8573645621954578,2.4574554468091585,1.0264951900486363,-0.7716264913858331,-0.3355241475287485,4.151352315034845
-1.9557860553523057,555.2137266174677,472.5190279527848,45.70492887030346,1163.3828982768043,681.8420282934381,710.6915944177485,-63.09506468845622
0.0029263855293051,0.001834175362632,16006.694590629506,22177.823436464576,21564.811901251447,3203.0061183045664,1474.3487449744978,-132.78402639621922
326.656844629242,137.69180830548007,1984.7793816625565,-2856.073804780104,-2474.0320226885115,1331.4357591406824,-889.4091298595455,837.872872704262
-25.41383057870707,154.7139549094586,698.2278508504321,2813.713025794798,1779.2741974215548,-337.2423560097122,-387.949195734896,-1132.328016028497
9.084131398005338,18.591461127244653,33.49761419139094,27.86965172453096,27.97477737010057,28.0276544125333,29.673391551205647,17.988181820789205
52.71584040051675,72.25797853674275,82.99879367084546,49.40285783402249,37.102047491246765,62.5714613493207,84.21046160885723,33.84150074694608
644.9492700003677,517.3698622246003,511.77129244767485,673.7436233807914,582.0527130645081,606.186983224616,436.246184078666,474.4651735690396
-0.0661104252456903,0.9015248258993608,-0.53334947087493,0.4863869340695594,1.276674347838234,1.5401096198701167,3.880000715018472,1.2862129856454811
-170.96398667332724,-147.12630677459725,-297.58707025252136,701.2094347097596,1027.0540219889,1261.0885559671742,1440.8670959231474,61.79778187761163
-7.144773913077341e-05,0.0011910262684152,-3153.042949610537,6973.986385964226,15401.190537638577,11913.605833931968,4067.475743610027,4197.958945872807
-408.9843386915749,419.7230291453816,-774.8432545342035,1596.202350243445,1668.4771185428474,2814.323963900102,1751.0865642023575,2189.6006102524443
74.06939892433746,139.13384065945436,-70.80238375331122,1772.0276556560716,-1114.3909640530833,5551.399672344913,-1169.1962901093648,1175.4469188301878
30.120113225998125,23.8076809396024,45.39787769014801,27.40903847631587,27.355107659187333,19.344388610015702,28.241948170107488,14.002521366930136
85.01800297724894,61.221914197715456,33.26310010259574,38.11662202589915,47.41865065593717,62.24491349555598,84.89505115908972,66.24199449159286
568.0091815097726,489.4081184252976,455.51853559367504,734.1552510893871,783.8593636441702,403.43237930711706,230.7190452106683,555.0776573267669
1.3768950632718024,0.831545348351605,2.7492552852213024,0.1870854702762088,0.6871610686983616,2.91840886329128,-0.7229147662321604,2.0030400437732205
223.6480732678828,773.625130021804,131.21721257960246,-1094.6409625893352,1249.848237146687,81.78935353565308,-323.6805261860321,961.2152593736027
-0.0002687651324919,0.0004892528393579,-820.9132875701824,4381.79722712553,15538.860425804836,18216.768935624023,2060.1016078073703,-51.87590517473965
509.1043943317566,1149.796013387096,-48.40472784593055,-807.5048916949108,-1475.8912750364143,-1133.615321168489,-2975.7643758229783,767.114550892383
-172.62312188426466,-360.1513801049388,-255.14302939019623,5033.668401051225,-312.30861701856725,5214.805412485147,409.4970300325019,1233.350334466268
31.26988055080541,27.76743540441286,23.04257084385715,23.85922247758388,26.493781730244745,22.458349255481306,23.742332935135643,15.278714333719284
34.12649493937023,71.48406848359487,46.99628660711458,65.20144928327107,59.20682938590232,18.53989748734515,67.20545133859818,53.56897484803039
507.4595767519758,575.2144151063382,434.0419103614735,963.3901654627776,501.6854041392386,672.8963676835656,660.2345775310533,306.16940895624714
1.5129114313415104,0.4336627396711916,2.8573645621954578,2.4574554468091585,1.0264951900486363,-0.7716264913858331,-0.3355241475287485,4.151352315034845
-1.9557860553523057,555.2137266174677,472.5190279527848,45.70492887030346,1163.3828982768043,681.8420282934381,710.6915944177485,-63.09506468845622
0.0029263855293051,0.001834175362632,16006.694590629506,22177.823436464576,21564.811901251447,3203.0061183045664,1474.3487449744978,-132.78402639621922
326.656844629242,137.69180830548007,1984.7793816625565,-2856.073804780104,-2474.0320226885115,1331.4357591406824,-889.4091298595455,837.872872704262
-25.41383057870707,154.7139549094586,698.2278508504321,2813.713025794798,1779.2741974215548,-337.2423560097122,-387.949195734896,-1132.328016028497
9.084131398005338,18.591461127244653,33.49761419139094,27.86965172453096,27.97477737010057,28.0276544125333,29.673391551205647,17.988181820789205
52.71584040051675,72.25797853674275,82.99879367084546,49.40285783402249,37.102047491246765,62.5714613493207,84.21046160885723,33.84150074694608
644.9492700003677,517.3698622246003,511.77129244767485,673.7436233807914,582.0527130645081,606.186983224616,436.246184078666,474.4651735690396
-0.0661104252456903,0.9015248258993608,-0.53334947087493,0.4863869340695594,1.276674347838234,1.5401096198701167,3.880000715018472,1.2862129856454811
-170.96398667332724,-147.12630677459725,-297.58707025252136,701.2094347097596,1027.0540219889,1261.0885559671742,1440.8670959231474,61.79778187761163
-7.144773913077341e-05,0.0011910262684152,-3153.042949610537,6973.986385964226,15401.190537638577,11913.605833931968,4067.475743610027,4197.958945872807
-408.9843386915749,419.7230291453816,-774.8432545342035,1596.202350243445,1668.4771185428474,2814.323963900102,1751.0865642023575,2189.6006102524443
74.06939892433746,139.13384065945436,-70.80238375331122,1772.0276556560716,-1114.3909640530833,5551.399672344913,-1169.1962901093648,1175.4469188301878
30.120113225998125,23.8076809396024,45.39787769014801,27.40903847631587,27.355107659187333,19.344388610015702,28.241948170107488,14.002521366930136
85.01800297724894,61.221914197715456,33.26310010259574,38.11662202589915,47.41865065593717,62.24491349555598,84.89505115908972,66.24199449159286
568.0091815097726,489.4081184252976,455.51853559367504,734.1552510893871,783.8593636441702,403.43237930711706,230.7190452106683,555.0776573267669
1.3768950632718024,0.831545348351605,2.7492552852213024,0.1870854702762088,0.6871610686983616,2.91840886329128,-0.7229147662321604,2.0030400437732205
223.6480732678828,773.625130021804,131.21721257960246,-1094.6409625893352,1249.848237146687,81.78935353565308,-323.6805261860321,961.2152593736027
-0.0002687651324919,0.0004892528393579,-820.9132875701824,4381.79722712553,15538.860425804836,18216.768935624023,2060.1016078073703,-51.87590517473965
509.1043943317566,1149.796013387096,-48.40472784593055,-807.5048916949108,-1475.8912750364143,-1133.615321168489,-2975.7643758229783,767.114550892383
-172.62312188426466,-360.1513801049388,-255.14302939019623,5033.668401051225,-312.30861701856725,5214.805412485147,409.4970300325019,1233.350334466268
31.26988055080541,27.76743540441286,23.04257084385715,23.85922247758388,26.493781730244745,22.458349255481306,23.742332935135643,15.278714333719284
34.12649493937023,71.48406848359487,46.99628660711458,65.20144928327107,59.20682938590232,18.53989748734515,67.20545133859818,53.56897484803039
507.4595767519758,575.2144151063382,434.0419103614735,963.3901654627776,501.6854041392386,672.8963676835656,660.2345775310533,306.16940895624714
1.5129114313415104,0.4336627396711916,2.8573645621954578,2.4574554468091585,1.0264951900486363,-0.7716264913858331,-0.3355241475287485,4.151352315034845
-1.9557860553523057,555.2137266174677,472.5190279527848,45.70492887030346,1163.3828982768043,681.8420282934381,710.6915944177485,-63.09506468845622
0.0029263855293051,0.001834175362632,16006.694590629506,22177.823436464576,21564.811901251447,3203.0061183045664,1474.3487449744978,-132.78402639621922
326.656844629242,137.69180830548007,1984.7793816625565,-2856.073804780104,-2474.0320226885115,1331.4357591406824,-889.4091298595455,837.872872704262
-25.41383057870707,154.7139549094586,698.2278508504321,2813.713025794798,1779.2741974215548,-337.2423560097122,-387.949195734896,-1132.328016028497
9.084131398005338,18.591461127244653,33.49761419139094,27.86965172453096,27.97477737010057,28.0276544125333,29.673391551205647,17.988181820789205
52.71584040051675,72.25797853674275,82.99879367084546,49.40285783402249,37.102047491246765,62.5714613493207,84.21046160885723,33.84150074694608
644.9492700003677,517.3698622246003,511.77129244767485,673.7436233807914,582.0527130645081,606.186983224616,436.246184078666,474.4651735690396
-0.0661104252456903,0.9015248258993608,-0.53334947087493,0.4863869340695594,1.276674347838234,1.5401096198701167,3.880000715018472,1.2862129856454811
-170.96398667332724,-147.12630677459725,-297.58707025252136,701.2094347097596,1027.0540219889,1261.0885559671742,1440.8670959231474,61.79778187761163
-7.144773913077341e-05,0.0011910262684152,-3153.042949610537,6973.986385964226,15401.190537638577,11913.605833931968,4067.475743610027,4197.958945872807
-408.9843386915749,419.7230291453816,-774.8432545342035,1596.202350243445,1668.4771185428474,2814.323963900102,1751.0865642023575,2189.6006102524443
74.06939892433746,139.13384065945436,-70.80238375331122,1772.0276556560716,-1114.3909640530833,5551.399672344913,-1169.1962901093648,1175.4469188301878
30.120113225998125,23.8076809396024,45.39787769014801,27.40903847631587,27.355107659187333,19.344388610015702,28.241948170107488,14.002521366930136
85.01800297724894,61.221914197715456,33.26310010259574,38.11662202589915,47.41865065593717,62.24491349555598,84.89505115908972,66.24199449159286
568.0091815097726,489.4081184252976,455.51853559367504,734.1552510893871,783.8593636441702,403.43237930711706,230.7190452106683,555.0776573267669
1.3768950632718024,0.831545348351605,2.7492552852213024,0.1870854702762088,0.6871610686983616,2.91840886329128,-0.7229147662321604,2.0030400437732205
223.6480732678828,773.625130021804,131.21721257960246,-1094.6409625893352,1249.848237146687,81.78935353565308,-323.6805261860321,961.2152593736027
-0.0002687651324919,0.0004892528393579,-820.9132875701824,4381.79722712553,15538.860425804836,18216.768935624023,2060.1016078073703,-51.87590517473965
509.1043943317566,1149.796013387096,-48.40472784593055,-807.5048916949108,-1475.8912750364143,-1133.615321168489,-2975.7643758229783,767.114550892383
-172.62312188426466,-360.1513801049388,-255.14302939019623,5033.668401051225,-312.30861701856725,5214.805412485147,409.4970300325019,1233.350334466268
31.26988055080541,27.76743540441286,23.04257084385715,23.85922247758388,26.493781730244745,22.458349255481306,23.742332935135643,15.278714333719284
34.12649493937023,71.48406848359487,46.99628660711458,65.20144928327107,59.20682938590232,18.53989748734515,67.20545133859818,53.56897484803039
507.4595767519758,575.2144151063382,434.0419103614735,963.3901654627776,501.6854041392386,672.8963676835656,660.2345775310533,306.16940895624714
1.5129114313415104,0.4336627396711916,2.8573645621954578,2.4574554468091585,1.0264951900486363,-0.7716264913858331,-0.3355241475287485,4.151352315034845
-1.9557860553523057,555.2137266174677,472.5190279527848,45.70492887030346,1163.3828982768043,681.8420282934381,710.6915944177485,-63.09506468845622
0.0029263855293051,0.001834175362632,16006.694590629506,22177.823436464576,21564.811901251447,3203.0061183045664,1474.3487449744978,-132.78402639621922
326.656844629242,137.69180830548007,1984.7793816625565,-2856.073804780104,-2474.0320226885115,1331.4357591406824,-889.4091298595455,837.872872704262
-25.41383057870707,154.7139549094586,698.2278508504321,2813.713025794798,1779.2741974215548,-337.2423560097122,-387.949195734896,-1132.328016028497
9.084131398005338,18.591461127244653,33.49761419139094,27.86965172453096,27.97477737010057,28.0276544125333,29.673391551205647,17.988181820789205
52.71584040051675,72.25797853674275,82.99879367084546,49.40285783402249,37.102047491246765,62.5714613493207,84.21046160885723,33.84150074694608
644.9492700003677,517.3698622246003,511.77129244767485,673.7436233807914,582.0527130645081,606.186983224616,436.246184078666,474.4651735690396
-0.0661104252456903,0.9015248258993608,-0.53334947087493,0.4863869340695594,1.276674347838234,1.5401096198701167,3.880000715018472,1.2862129856454811
-170.96398667332724,-147.12630677459725,-297.58707025252136,701.2094347097596,1027.0540219889,1261.0885559671742,1440.8670959231474,61.79778187761163
-7.144773913077341e-05,0.0011910262684152,-3153.042949610537,6973.986385964226,15401.190537638577,11913.605833931968,4067.475743610027,4197.958945872807
-408.9843386915749,419.7230291453816,-774.8432545342035,1596.202350243445,1668.4771185428474,2814.323963900102,1751.0865642023575,2189.6006102524443
74.06939892433746,139.13384065945436,-70.80238375331122,1772.0276556560716,-1114.3909640530833,5551.399672344913,-1169.1962901093648,1175.4469188301878
30.120113225998125,23.8076809396024,45.39787769014801,27.40903847631587,27.355107659187333,19.344388610015702,28.241948170107488,14.002521366930136
85.01800297724894,61.221914197715456,33.26310010259574,38.11662202589915,47.41865065593717,62.24491349555598,84.89505115908972,66.24199449159286
568.0091815097726,489.4081184252976,455.51853559367504,734.1552510893871,783.8593636441702,403.43237930711706,230.7190452106683,555.0776573267669
1.3768950632718024,0.831545348351605,2.7492552852213024,0.1870854702762088,0.6871610686983616,2.91840886329128,-0.7229147662321604,2.0030400437732205
223.6480732678828,773.625130021804,131.21721257960246,-1094.6409625893352,1249.848237146687,81.78935353565308,-323.6805261860321,961.2152593736027
-0.0002687651324919,0.0004892528393579,-820.9132875701824,4381.79722712553,15538.860425804836,18216.768935624023,2060.1016078073703,-51.87590517473965
509.1043943317566,1149.796013387096,-48.40472784593055,-807.5048916949108,-1475.8912750364143,-1133.615321168489,-2975.7643758229783,767.114550892383
-172.62312188426466,-360.1513801049388,-255.14302939019623,5033.668401051225,-312.30861701856725,5214.805412485147,409.4970300325019,1233.350334466268
31.26988055080541,27.76743540441286,23.04257084385715,23.85922247758388,26.493781730244745,22.458349255481306,23.742332935135643,15.278714333719284
34.12649493937023,71.48406848359487,46.99628660711458,65.20144928327107,59.20682938590232,18.53989748734515,67.20545133859818,53.56897484803039
507.4595767519758,575.2144151063382,434.0419103614735,963.3901654627776,501.6854041392386,672.8963676835656,660.2345775310533,306.16940895624714
1.5129114313415104,0.4336627396711916,2.8573645621954578,2.4574554468091585,1.0264951900486363,-0.7716264913858331,-0.3355241475287485,4.151352315034845
-1.9557860553523057,555.2137266174677,472.5190279527848,45.70492887030346,1163.3828982768043,681.8420282934381,710.6915944177485,-63.09506468845622
0.0029263855293051,0.001834175362632,16006.694590629506,22177.823436464576,21564.811901251447,3203.0061183045664,1474.3487449744978,-132.78402639621922
326.656844629242,137.69180830548007,1984.7793816625565,-2856.073804780104,-2474.0320226885115,1331.4357591406824,-889.4091298595455,837.872872704262
-25.41383057870707,154.7139549094586,698.2278508504321,2813.713025794798,1779.2741974215548,-337.2423560097122,-387.949195734896,-1132.328016028497
9.084131398005338,18.591461127244653,33.49761419139094,27.86965172453096,27.97477737010057,28.0276544125333,29.673391551205647,17.988181820789205
52.71584040051675,72.25797853674275,82.99879367084546,49.40285783402249,37.102047491246765,62.5714613493207,84.21046160885723,33.84150074694608
644.9492700003677,517.3698622246003,511.77129244767485,673.7436233807914,582.0527130645081,606.186983224616,436.246184078666,474.4651735690396
-0.0661104252456903,0.9015248258993608,-0.53334947087493,0.4863869340695594,1.276674347838234,1.5401096198701167,3.880000715018472,1.2862129856454811
-170.96398667332724,-147.12630677459725,-297.58707025252136,701.2094347097596,1027.0540219889,1261.0885559671742,1440.8670959231474,61.79778187761163
-7.144773913077341e-05,0.0011910262684152,-3153.042949610537,6973.986385964226,15401.190537638577,11913.605833931968,4067.475743610027,4197.958945872807
-408.9843386915749,419.7230291453816,-774.8432545342035,1596.202350243445,1668.4771185428474,2814.323963900102,1751.0865642023575,2189.6006102524443
74.06939892433746,139.13384065945436,-70.80238375331122,1772.0276556560716,-1114.3909640530833,5551.399672344913,-1169.1962901093648,1175.4469188301878
30.120113225998125,23.8076809396024,45.39787769014801,27.40903847631587,27.355107659187333,19.344388610015702,28.241948170107488,14.002521366930136
85.01800297724894,61.221914197715456,33.26310010259574,38.11662202589915,47.41865065593717,62.24491349555598,84.89505115908972,66.24199449159286
568.0091815097726,489.4081184252976,455.51853559367504,734.1552510893871,783.8593636441702,403.43237930711706,230.7190452106683,555.0776573267669
1.3768950632718024,0.831545348351605,2.7492552852213024,0.1870854702762088,0.6871610686983616,2.91840886329128,-0.7229147662321604,2.0030400437732205
223.6480732678828,773.625130021804,131.21721257960246,-1094.6409625893352,1249.848237146687,81.78935353565308,-323.6805261860321,961.2152593736027
-0.0002687651324919,0.0004892528393579,-820.9132875701824,4381.79722712553,15538.860425804836,18216.768935624023,2060.1016078073703,-51.87590517473965
509.1043943317566,1149.796013387096,-48.40472784593055,-807.5048916949108,-1475.8912750364143,-1133.615321168489,-2975.7643758229783,767.114550892383
-172.62312188426466,-360.1513801049388,-255.14302939019623,5033.668401051225,-312.30861701856725,5214.805412485147,409.4970300325019,1233.350334466268
31.26988055080541,27.76743540441286,23.04257084385715,23.85922247758388,26.493781730244745,22.458349255481306,23.742332935135643,15.278714333719284
34.12649493937023,71.48406848359487,46.99628660711458,65.20144928327107,59.20682938590232,18.53989748734515,67.20545133859818,53.56897484803039
507.4595767519758,575.2144151063382,434.0419103614735,963.3901654627776,501.6854041392386,672.8963676835656,660.2345775310533,306.16940895624714
1.5129114313415104,0.4336627396711916,2.8573645621954578,2.4574554468091585,1.0264951900486363,-0.7716264913858331,-0.3355241475287485,4.151352315034845
-1.9557860553523057,555.2137266174677,472.5190279527848,45.70492887030346,1163.3828982768043,681.8420282934381,710.6915944177485,-63.09506468845622
0.0029263855293051,0.001834175362632,16006.694590629506,22177.823436464576,21564.811901251447,3203.0061183045664,1474.3487449744978,-132.78402639621922
326.656844629242,137.69180830548007,1984.7793816625565,-2856.073804780104,-2474.0320226885115,1331.4357591406824,-889.4091298595455,837.872872704262
-25.41383057870707,154.7139549094586,698.2278508504321,2813.713025794798,1779.2741974215548,-337.2423560097122,-387.949195734896,-1132.328016028497
9.084131398005338,18.591461127244653,33.49761419139094,27.86965172453096,27.97477737010057,28.0276544125333,29.673391551205647,17.988181820789205
52.71584040051675,72.25797853674275,82.99879367084546,49.40285783402249,37.102047491246765,62.5714613493207,84.21046160885723,33.84150074694608
644.9492700003677,517.3698622246003,511.77129244767485,673.7436233807914,582.0527130645081,606.186983224616,436.246184078666,474.4651735690396
-0.0661104252456903,0.9015248258993608,-0.53334947087493,0.4863869340695594,1.276674347838234,1.5401096198701167,3.880000715018472,1.2862129856454811
-170.96398667332724,-147.12630677459725,-297.58707025252136,701.2094347097596,1027.0540219889,1261.0885559671742,1440.8670959231474,61.79778187761163
-7.144773913077341e-05,0.0011910262684152,-3153.042949610537,6973.986385964226,15401.190537638577,11913.605833931968,4067.475743610027,4197.958945872807
-408.9843386915749,419.7230291453816,-774.8432545342035,1596.202350243445,1668.4771185428474,2814.323963900102,1751.0865642023575,2189.6006102524443
74.06939892433746,139.13384065945436,-70.80238375331122,1772.0276556560716,-1114.3909640530833,5551.399672344913,-1169.1962901093648,1175.4469188301878
30.120113225998125,23.8076809396024,45.39787769014801,27.40903847631587,27.355107659187333,19.344388610015702,28.241948170107488,14.002521366930136
85.01800297724894,61.221914197715456,33.26310010259574,38.11662202589915,47.41865065593717,62.24491349555598,84.89505115908972,66.24199449159286
568.0091815097726,489.4081184252976,455.51853559367504,734.1552510893871,783.8593636441702,403.43237930711706,230.7190452106683,555.0776573267669
1.3768950632718024,0.831545348351605,2.7492552852213024,0.1870854702762088,0.6871610686983616,2.91840886329128,-0.7229147662321604,2.0030400437732205
223.6480732678828,773.625130021804,131.21721257960246,-1094.6409625893352,1249.848237146687,81.78935353565308,-323.6805261860321,961.2152593736027
-0.0002687651324919,0.0004892528393579,-820.9132875701824,4381.79722712553,15538.860425804836,18216.768935624023,2060.1016078073703,-51.87590517473965
509.1043943317566,1149.796013387096,-48.40472784593055,-807.5048916949108,-1475.8912750364143,-1133.615321168489,-2975.7643758229783,767.114550892383
-172.62312188426466,-360.1513801049388,-255.14302939019623,5033.668401051225,-312.30861701856725,5214.805412485147,409.4970300325019,1233.350334466268
31.26988055080541,27.76743540441286,23.04257084385715,23.85922247758388,26.493781730244745,22.458349255481306,23.742332935135643,15.278714333719284
34.12649493937023,71.48406848359487,46.99628660711458,65.20144928327107,59.20682938590232,18.53989748734515,67.20545133859818,53.56897484803039
507.4595767519758,575.2144151063382,434.0419103614735,963.3901654627776,501.6854041392386,672.8963676835656,660.2345775310533,306.16940895624714
1.5129114313415104,0.4336627396711916,2.8573645621954578,2.4574554468091585,1.0264951900486363,-0.7716264913858331,-0.3355241475287485,4.151352315034845
-1.9557860553523057,555.2137266174677,472.5190279527848,45.70492887030346,1163.3828982768043,681.8420282934381,710.6915944177485,-63.09506468845622
0.0029263855293051,0.001834175362632,16006.694590629506,22177.823436464576,21564.811901251447,3203.0061183045664,1474.3487449744978,-132.78402639621922
326.656844629242,137.69180830548007,1984.7793816625565,-2856.073804780104,-2474.0320226885115,1331.4357591406824,-889.4091298595455,837.872872704262
-25.41383057870707,154.7139549094586,698.2278508504321,2813.713025794798,1779.2741974215548,-337.2423560097122,-387.949195734896,-1132.328016028497
9.084131398005338,18.591461127244653,33.49761419139094,27.86965172453096,27.97477737010057,28.0276544125333,29.673391551205647,17.988181820789205
52.71584040051675,72.25797853674275,82.99879367084546,49.40285783402249,37.102047491246765,62.5714613493207,84.21046160885723,33.84150074694608
644.9492700003677,517.3698622246003,511.77129244767485,673.7436233807914,582.0527130645081,606.186983224616,436.246184078666,474.4651735690396
-0.0661104252456903,0.9015248258993608,-0.53334947087493,0.4863869340695594,1.276674347838234,1.5401096198701167,3.880000715018472,1.2862129856454811
-170.96398667332724,-147.12630677459725,-297.58707025252136,701.2094347097596,1027.0540219889,1261.0885559671742,1440.8670959231474,61.79778187761163
-7.144773913077341e-05,0.0011910262684152,-3153.042949610537,6973.986385964226,15401.190537638577,11913.605833931968,4067.475743610027,4197.958945872807
-408.9843386915749,419.7230291453816,-774.8432545342035,1596.202350243445,1668.4771185428474,2814.323963900102,1751.0865642023575,2189.6006102524443
74.06939892433746,139.13384065945436,-70.80238375331122,1772.0276556560716,-1114.3909640530833,5551.399672344913,-1169.1962901093648,1175.4469188301878
30.120113225998125,23.8076809396024,45.39787769014801,27.40903847631587,27.355107659187333,19.344388610015702,28.241948170107488,14.002521366930136
85.01800297724894,61.221914197715456,33.26310010259574,38.11662202589915,47.41865065593717,62.24491349555598,84.89505115908972,66.24199449159286
568.0091815097726,489.4081184252976,455.51853559367504,734.1552510893871,783.8593636441702,403.43237930711706,230.7190452106683,555.0776573267669
1.3768950632718024,0.831545348351605,2.7492552852213024,0.1870854702762088,0.6871610686983616,2.91840886329128,-0.7229147662321604,2.0030400437732205
223.6480732678828,773.625130021804,131.21721257960246,-1094.6409625893352,1249.848237146687,81.78935353565308,-323.6805261860321,961.2152593736027
-0.0002687651324919,0.0004892528393579,-820.9132875701824,4381.79722712553,15538.860425804836,18216.768935624023,2060.1016078073703,-51.87590517473965
509.1043943317566,1149.796013387096,-48.40472784593055,-807.5048916949108,-1475.8912750364143,-1133.615321168489,-2975.7643758229783,767.114550892383
-172.62312188426466,-360.1513801049388,-255.14302939019623,5033.668401051225,-312.30861701856725,5214.805412485147,409.4970300325019,1233.350334466268
31.26988055080541,27.76743540441286,23.04257084385715,23.85922247758388,26.493781730244745,22.458349255481306,23.742332935135643,15.278714333719284
34.12649493937023,71.48406848359487,46.99628660711458,65.20144928327107,59.20682938590232,18.53989748734515,67.20545133859818,53.56897484803039
507.4595767519758,575.2144151063382,434.0419103614735,963.3901654627776,501.6854041392386,672.8963676835656,660.2345775310533,306.16940895624714
1.5129114313415104,0.4336627396711916,2.8573645621954578,2.4574554468091585,1.0264951900486363,-0.7716264913858331,-0.3355241475287485,4.151352315034845
-1.9557860553523057,555.2137266174677,472.5190279527848,45.70492887030346,1163.3828982768043,681.8420282934381,710.6915944177485,-63.09506468845622
0.0029263855293051,0.001834175362632,16006.694590629506,22177.823436464576,21564.811901251447,3203.0061183045664,1474.3487449744978,-132.78402639621922
326.656844629242,137.69180830548007,1984.7793816625565,-2856.073804780104,-2474.0320226885115,1331.4357591406824,-889.4091298595455,837.872872704262
-25.41383057870707,154.7139549094586,698.2278508504321,2813.713025794798,1779.2741974215548,-337.2423560097122,-387.949195734896,-1132.328016028497
9.084131398005338,18.591461127244653,33.49761419139094,27.86965172453096,27.97477737010057,28.0276544125333,29.673391551205647,17.988181820789205
52.71584040051675,72.25797853674275,82.99879367084546,49.40285783402249,37.102047491246765,62.5714613493207,84.21046160885723,33.84150074694608
644.9492700003677,517.3698622246003,511.77129244767485,673.7436233807914,582.0527130645081,606.186983224616,436.246184078666,474.4651735690396
-0.0661104252456903,0.9015248258993608,-0.53334947087493,0.4863869340695594,1.276674347838234,1.5401096198701167,3.880000715018472,1.2862129856454811
-170.96398667332724,-147.12630677459725,-297.58707025252136,701.2094347097596,1027.0540219889,1261.0885559671742,1440.8670959231474,61.79778187761163
-7.144773913077341e-05,0.0011910262684152,-3153.042949610537,6973.986385964226,15401.190537638577,11913.605833931968,4067.475743610027,4197.958945872807
-408.9843386915749,419.7230291453816,-774.8432545342035,1596.202350243445,1668.4771185428474,2814.323963900102,1751.0865642023575,2189.6006102524443
74.06939892433746,139.13384065945436,-70.80238375331122,1772.0276556560716,-1114.3909640530833,5551.399672344913,-1169.1962901093648,1175.4469188301878
30.120113225998125,23.8076809396024,45.39787769014801,27.40903847631587,27.355107659187333,19.344388610015702,28.241948170107488,14.002521366930136
85.01800297724894,61.221914197715456,33.26310010259574,38.11662202589915,47.41865065593717,62.24491349555598,84.89505115908972,66.24199449159286
568.0091815097726,489.4081184252976,455.51853559367504,734.1552510893871,783.8593636441702,403.43237930711706,230.7190452106683,555.0776573267669
1.3768950632718024,0.831545348351605,2.7492552852213024,0.1870854702762088,0.6871610686983616,2.91840886329128,-0.7229147662321604,2.0030400437732205
223.6480732678828,773.625130021804,131.21721257960246,-1094.6409625893352,1249.848237146687,81.78935353565308,-323.6805261860321,961.2152593736027
-0.0002687651324919,0.0004892528393579,-820.9132875701824,4381.79722712553,15538.860425804836,18216.768935624023,2060.1016078073703,-51.87590517473965
509.1043943317566,1149.796013387096,-48.40472784593055,-807.5048916949108,-1475.8912750364143,-1133.615321168489,-2975.7643758229783,767.114550892383
-172.62312188426466,-360.1513801049388,-255.14302939019623,5033.668401051225,-312.30861701856725,5214.805412485147,409.4970300325019,1233.350334466268
31.26988055080541,27.76743540441286,23.04257084385715,23.85922247758388,26.493781730244745,22.458349255481306,23.742332935135643,15.278714333719284
34.12649493937023,71.48406848359487,46.99628660711458,65.20144928327107,59.20682938590232,18.53989748734515,67.20545133859818,53.56897484803039
507.4595767519758,575.2144151063382,434.0419103614735,963.3901654627776,501.6854041392386,672.8963676835656,660.2345775310533,306.16940895624714
1.5129114313415104,0.4336627396711916,2.8573645621954578,2.4574554468091585,1.0264951900486363,-0.7716264913858331,-0.3355241475287485,4.151352315034845
-1.9557860553523057,555.2137266174677,472.5190279527848,45.70492887030346,1163.3828982768043,681.8420282934381,710.6915944177485,-63.09506468845622
0.0029263855293051,0.001834175362632,16006.694590629506,22177.823436464576,21564.811901251447,3203.0061183045664,1474.3487449744978,-132.78402639621922
326.656844629242,137.69180830548007,1984.7793816625565,-2856.073804780104,-2474.0320226885115,1331.4357591406824,-889.4091298595455,837.872872704262
-25.41383057870707,154.7139549094586,698.2278508504321,2813.713025794798,1779.2741974215548,-337.2423560097122,-387.949195734896,-1132.328016028497
9.084131398005338,18.591461127244653,33.49761419139094,27.86965172453096,27.97477737010057,28.0276544125333,29.673391551205647,17.988181820789205
52.71584040051675,72.25797853674275,82.99879367084546,49.40285783402249,37.102047491246765,62.5714613493207,84.21046160885723,33.84150074694608
644.9492700003677,517.3698622246003,511.77129244767485,673.7436233807914,582.0527130645081,606.186983224616,436.246184078666,474.4651735690396
-0.0661104252456903,0.9015248258993608,-0.53334947087493,0.4863869340695594,1.276674347838234,1.5401096198701167,3.880000715018472,1.2862129856454811
-170.96398667332724,-147.12630677459725,-297.58707025252136,701.2094347097596,1027.0540219889,1261.0885559671742,1440.8670959231474,61.79778187761163
-7.144773913077341e-05,0.0011910262684152,-3153.042949610537,6973.986385964226,15401.190537638577,11913.605833931968,4067.475743610027,4197.958945872807
-408.9843386915749,419.7230291453816,-774.8432545342035,1596.202350243445,1668.4771185428474,2814.323963900102,1751.0865642023575,2189.6006102524443
74.06939892433746,139.13384065945436,-70.80238375331122,1772.0276556560716,-1114.3909640530833,5551.399672344913,-1169.1962901093648,1175.4469188301878
30.120113225998125,23.8076809396024,45.39787769014801,27.40903847631587,27.355107659187333,19.344388610015702,28.241948170107488,14.002521366930136
85.01800297724894,61.221914197715456,33.26310010259574,38.11662202589915,47.41865065593717,62.24491349555598,84.89505115908972,66.24199449159286
568.0091815097726,489.4081184252976,455.51853559367504,734.1552510893871,783.8593636441702,403.43237930711706,230.7190452106683,555.0776573267669
1.3768950632718024,0.831545348351605,2.7492552852213024,0.1870854702762088,0.6871610686983616,2.91840886329128,-0.7229147662321604,2.0030400437732205
223.6480732678828,773.625130021804,131.21721257960246,-1094.6409625893352,1249.848237146687,81.78935353565308,-323.6805261860321,961.2152593736027
-0.0002687651324919,0.0004892528393579,-820.9132875701824,4381.79722712553,15538.860425804836,18216.768935624023,2060.1016078073703,-51.87590517473965
509.1043943317566,1149.796013387096,-48.40472784593055,-807.5048916949108,-1475.8912750364143,-1133.615321168489,-2975.7643758229783,767.114550892383
-172.62312188426466,-360.1513801049388,-255.14302939019623,5033.668401051225,-312.30861701856725,5214.805412485147,409.4970300325019,1233.350334466268
31.26988055080541,27.76743540441286,23.04257084385715,23.85922247758388,26.493781730244745,22.458349255481306,23.742332935135643,15.278714333719284
34.12649493937023,71.48406848359487,46.99628660711458,65.20144928327107,59.20682938590232,18.53989748734515,67.20545133859818,53.56897484803039
507.4595767519758,575.2144151063382,434.0419103614735,963.3901654627776,501.6854041392386,672.8963676835656,660.2345775310533,306.16940895624714
1.5129114313415104,0.4336627396711916,2.8573645621954578,2.4574554468091585,1.0264951900486363,-0.7716264913858331,-0.3355241475287485,4.151352315034845
-1.9557860553523057,555.2137266174677,472.5190279527848,45.70492887030346,1163.3828982768043,681.8420282934381,710.6915944177485,-63.09506468845622
0.0029263855293051,0.001834175362632,16006.694590629506,22177.823436464576,21564.811901251447,3203.0061183045664,1474.3487449744978,-132.78402639621922
326.656844629242,137.69180830548007,1984.7793816625565,-2856.073804780104,-2474.0320226885115,1331.4357591406824,-889.4091298595455,837.872872704262
-25.41383057870707,154.7139549094586,698.2278508504321,2813.713025794798,1779.2741974215548,-337.2423560097122,-387.949195734896,-1132.328016028497
9.084131398005338,18.591461127244653,33.49761419139094,27.86965172453096,27.97477737010057,28.0276544125333,29.673391551205647,17.988181820789205
52.71584040051675,72.25797853674275,82.99879367084546,49.40285783402249,37.102047491246765,62.5714613493207,84.21046160885723,33.84150074694608
644.9492700003677,517.3698622246003,511.77129244767485,673.7436233807914,582.0527130645081,606.186983224616,436.246184078666,474.4651735690396
-0.0661104252456903,0.9015248258993608,-0.53334947087493,0.4863869340695594,1.276674347838234,1.5401096198701167,3.880000715018472,1.2862129856454811
-170.96398667332724,-147.12630677459725,-297.58707025252136,701.2094347097596,1027.0540219889,1261.0885559671742,1440.8670959231474,61.79778187761163
-7.144773913077341e-05,0.0011910262684152,-3153.042949610537,6973.986385964226,15401.190537638577,11913.605833931968,4067.475743610027,4197.958945872807
-408.9843386915749,419.7230291453816,-774.8432545342035,1596.202350243445,1668.4771185428474,2814.323963900102,1751.0865642023575,2189.6006102524443
74.06939892433746,139.13384065945436,-70.80238375331122,1772.0276556560716,-1114.3909640530833,5551.399672344913,-1169.1962901093648,1175.4469188301878
30.120113225998125,23.8076809396024,45.39787769014801,27.40903847631587,27.355107659187333,19.344388610015702,28.241948170107488,14.002521366930136
85.01800297724894,61.221914197715456,33.26310010259574,38.11662202589915,47.41865065593717,62.24491349555598,84.89505115908972,66.24199449159286
568.0091815097726,489.4081184252976,455.51853559367504,734.1552510893871,783.8593636441702,403.43237930711706,230.7190452106683,555.0776573267669
1.3768950632718024,0.831545348351605,2.7492552852213024,0.1870854702762088,0.6871610686983616,2.91840886329128,-0.7229147662321604,2.0030400437732205
223.6480732678828,773.625130021804,131.21721257960246,-1094.6409625893352,1249.848237146687,81.78935353565308,-323.6805261860321,961.2152593736027
-0.0002687651324919,0.0004892528393579,-820.9132875701824,4381.79722712553,15538.860425804836,18216.768935624023,2060.1016078073703,-51.87590517473965
509.1043943317566,1149.796013387096,-48.40472784593055,-807.5048916949108,-1475.8912750364143,-1133.615321168489,-2975.7643758229783,767.114550892383
-172.62312188426466,-360.1513801049388,-255.14302939019623,5033.668401051225,-312.30861701856725,5214.805412485147,409.4970300325019,1233.350334466268
31.26988055080541,27.76743540441286,23.04257084385715,23.85922247758388,26.493781730244745,22.458349255481306,23.742332935135643,15.278714333719284
34.12649493937023,71.48406848359487,46.99628660711458,65.20144928327107,59.20682938590232,18.53989748734515,67.20545133859818,53.56897484803039
507.4595767519758,575.2144151063382,434.0419103614735,963.3901654627776,501.6854041392386,672.8963676835656,660.2345775310533,306.16940895624714
1.5129114313415104,0.4336627396711916,2.8573645621954578,2.4574554468091585,1.0264951900486363,-0.7716264913858331,-0.3355241475287485,4.151352315034845
-1.9557860553523057,555.2137266174677,472.5190279527848,45.70492887030346,1163.3828982768043,681.8420282934381,710.6915944177485,-63.09506468845622
0.0029263855293051,0.001834175362632,16006.694590629506,22177.823436464576,21564.811901251447,3203.0061183045664,1474.3487449744978,-132.78402639621922
326.656844629242,137.69180830548007,1984.7793816625565,-2856.073804780104,-2474.0320226885115,1331.4357591406824,-889.4091298595455,837.872872704262
-25.41383057870707,154.7139549094586,698.2278508504321,2813.713025794798,1779.2741974215548,-337.2423560097122,-387.949195734896,-1132.328016028497
9.084131398005338,18.591461127244653,33.49761419139094,27.86965172453096,27.97477737010057,28.0276544125333,29.673391551205647,17.988181820789205
52.71584040051675,72.25797853674275,82.99879367084546,49.40285783402249,37.102047491246765,62.5714613493207,84.21046160885723,33.84150074694608
644.9492700003677,517.3698622246003,511.77129244767485,673.7436233807914,582.0527130645081,606.186983224616,436.246184078666,474.4651735690396
-0.0661104252456903,0.9015248258993608,-0.53334947087493,0.4863869340695594,1.276674347838234,1.5401096198701167,3.880000715018472,1.2862129856454811
-170.96398667332724,-147.12630677459725,-297.58707025252136,701.2094347097596,1027.0540219889,1261.0885559671742,1440.8670959231474,61.79778187761163
-7.144773913077341e-05,0.0011910262684152,-3153.042949610537,6973.986385964226,15401.190537638577,11913.605833931968,4067.475743610027,4197.958945872807
-408.9843386915749,419.7230291453816,-774.8432545342035,1596.202350243445,1668.4771185428474,2814.323963900102,1751.0865642023575,2189.6006102524443
74.06939892433746,139.13384065945436,-70.80238375331122,1772.0276556560716,-1114.3909640530833,5551.399672344913,-1169.1962901093648,1175.4469188301878
30.120113225998125,23.8076809396024,45.39787769014801,27.40903847631587,27.355107659187333,19.344388610015702,28.241948170107488,14.002521366930136
85.01800297724894,61.221914197715456,33.26310010259574,38.11662202589915,47.41865065593717,62.24491349555598,84.89505115908972,66.24199449159286
568.0091815097726,489.4081184252976,455.51853559367504,734.1552510893871,783.8593636441702,403.43237930711706,230.7190452106683,555.0776573267669
1.3768950632718024,0.831545348351605,2.7492552852213024,0.1870854702762088,0.6871610686983616,2.91840886329128,-0.7229147662321604,2.0030400437732205
223.6480732678828,773.625130021804,131.21721257960246,-1094.6409625893352,1249.848237146687,81.78935353565308,-323.6805261860321,961.2152593736027
-0.0002687651324919,0.0004892528393579,-820.9132875701824,4381.79722712553,15538.860425804836,18216.768935624023,2060.1016078073703,-51.87590517473965
509.1043943317566,1149.796013387096,-48.40472784593055,-807.5048916949108,-1475.8912750364143,-1133.615321168489,-2975.7643758229783,767.114550892383
-172.62312188426466,-360.1513801049388,-255.14302939019623,5033.668401051225,-312.30861701856725,5214.805412485147,409.4970300325019,1233.350334466268
31.26988055080541,27.76743540441286,23.04257084385715,23.85922247758388,26.493781730244745,22.458349255481306,23.742332935135643,15.278714333719284
34.12649493937023,71.48406848359487,46.99628660711458,65.20144928327107,59.20682938590232,18.53989748734515,67.20545133859818,53.56897484803039
507.4595767519758,575.2144151063382,434.0419103614735,963.3901654627776,501.6854041392386,672.8963676835656,660.2345775310533,306.16940895624714
1.5129114313415104,0.4336627396711916,2.8573645621954578,2.4574554468091585,1.0264951900486363,-0.7716264913858331,-0.3355241475287485,4.151352315034845
-1.9557860553523057,555.2137266174677,472.5190279527848,45.70492887030346,1163.3828982768043,681.8420282934381,710.6915944177485,-63.09506468845622
0.0029263855293051,0.001834175362632,16006.694590629506,22177.823436464576,21564.811901251447,3203.0061183045664,1474.3487449744978,-132.78402639621922
326.656844629242,137.69180830548007,1984.7793816625565,-2856.073804780104,-2474.0320226885115,1331.4357591406824,-889.4091298595455,837.872872704262
-25.41383057870707,154.7139549094586,698.2278508504321,2813.713025794798,1779.2741974215548,-337.2423560097122,-387.949195734896,-1132.328016028497
9.084131398005338,18.591461127244653,33.49761419139094,27.86965172453096,27.97477737010057,28.0276544125333,29.673391551205647,17.988181820789205
52.71584040051675,72.25797853674275,82.99879367084546,49.40285783402249,37.102047491246765,62.5714613493207,84.21046160885723,33.84150074694608
644.9492700003677,517.3698622246003,511.77129244767485,673.7436233807914,582.0527130645081,606.186983224616,436.246184078666,474.4651735690396
-0.0661104252456903,0.9015248258993608,-0.53334947087493,0.4863869340695594,1.276674347838234,1.5401096198701167,3.880000715018472,1.2862129856454811
-170.96398667332724,-147.12630677459725,-297.58707025252136,701.2094347097596,1027.0540219889,1261.0885559671742,1440.8670959231474,61.79778187761163
-7.144773913077341e-05,0.0011910262684152,-3153.042949610537,6973.986385964226,15401.190537638577,11913.605833931968,4067.475743610027,4197.958945872807
-408.9843386915749,419.7230291453816,-774.8432545342035,1596.202350243445,1668.4771185428474,2814.323963900102,1751.0865642023575,2189.6006102524443
74.06939892433746,139.13384065945436,-70.80238375331122,1772.0276556560716,-1114.3909640530833,5551.399672344913,-1169.1962901093648,1175.4469188301878
30.120113225998125,23.8076809396024,45.39787769014801,27.40903847631587,27.355107659187333,19.344388610015702,28.241948170107488,14.002521366930136
85.01800297724894,61.221914197715456,33.26310010259574,38.11662202589915,47.41865065593717,62.24491349555598,84.89505115908972,66.24199449159286
568.0091815097726,489.4081184252976,455.51853559367504,734.1552510893871,783.8593636441702,403.43237930711706,230.7190452106683,555.0776573267669
1.3768950632718024,0.831545348351605,2.7492552852213024,0.1870854702762088,0.6871610686983616,2.91840886329128,-0.7229147662321604,2.0030400437732205
223.6480732678828,773.625130021804,131.21721257960246,-1094.6409625893352,1249.848237146687,81.78935353565308,-323.6805261860321,961.2152593736027
-0.0002687651324919,0.0004892528393579,-820.9132875701824,4381.79722712553,15538.860425804836,18216.768935624023,2060.1016078073703,-51.87590517473965
509.1043943317566,1149.796013387096,-48.40472784593055,-807.5048916949108,-1475.8912750364143,-1133.615321168489,-2975.7643758229783,767.114550892383
-172.62312188426466,-360.1513801049388,-255.14302939019623,5033.668401051225,-312.30861701856725,5214.805412485147,409.4970300325019,1233.350334466268
31.26988055080541,27.76743540441286,23.04257084385715,23.85922247758388,26.493781730244745,22.458349255481306,23.742332935135643,15.278714333719284
34.12649493937023,71.48406848359487,46.99628660711458,65.20144928327107,59.20682938590232,18.53989748734515,67.20545133859818,53.56897484803039
507.4595767519758,575.2144151063382,434.0419103614735,963.3901654627776,501.6854041392386,672.8963676835656,660.2345775310533,306.16940895624714
1.5129114313415104,0.4336627396711916,2.8573645621954578,2.4574554468091585,1.0264951900486363,-0.7716264913858331,-0.3355241475287485,4.151352315034845
-1.9557860553523057,555.2137266174677,472.5190279527848,45.70492887030346,1163.3828982768043,681.8420282934381,710.6915944177485,-63.09506468845622
0.0029263855293051,0.001834175362632,16006.694590629506,22177.823436464576,21564.811901251447,3203.0061183045664,1474.3487449744978,-132.78402639621922
326.656844629242,137.69180830548007,1984.7793816625565,-2856.073804780104,-2474.0320226885115,1331.4357591406824,-889.4091298595455,837.872872704262
-25.41383057870707,154.7139549094586,698.2278508504321,2813.713025794798,1779.2741974215548,-337.2423560097122,-387.949195734896,-1132.328016028497
9.084131398005338,18.591461127244653,33.49761419139094,27.86965172453096,27.97477737010057,28.0276544125333,29.673391551205647,17.988181820789205
52.71584040051675,72.25797853674275,82.99879367084546,49.40285783402249,37.102047491246765,62.5714613493207,84.21046160885723,33.84150074694608
644.9492700003677,517.3698622246003,511.77129244767485,673.7436233807914,582.0527130645081,606.186983224616,436.246184078666,474.4651735690396
-0.0661104252456903,0.9015248258993608,-0.53334947087493,0.4863869340695594,1.276674347838234,1.5401096198701167,3.880000715018472,1.2862129856454811
-170.96398667332724,-147.12630677459725,-297.58707025252136,701.2094347097596,1027.0540219889,1261.0885559671742,1440.8670959231474,61.79778187761163
-7.144773913077341e-05,0.0011910262684152,-3153.042949610537,6973.986385964226,15401.190537638577,11913.605833931968,4067.475743610027,4197.958945872807
-408.9843386915749,419.7230291453816,-774.8432545342035,1596.202350243445,1668.4771185428474,2814.323963900102,1751.0865642023575,2189.6006102524443
74.06939892433746,139.13384065945436,-70.80238375331122,1772.0276556560716,-1114.3909640530833,5551.399672344913,-1169.1962901093648,1175.4469188301878
30.120113225998125,23.8076809396024,45.39787769014801,27.40903847631587,27.355107659187333,19.344388610015702,28.241948170107488,14.002521366930136
85.01800297724894,61.221914197715456,33.26310010259574,38.11662202589915,47.41865065593717,62.24491349555598,84.89505115908972,66.24199449159286
568.0091815097726,489.4081184252976,455.51853559367504,734.1552510893871,783.8593636441702,403.43237930711706,230.7190452106683,555.0776573267669
1.3768950632718024,0.831545348351605,2.7492552852213024,0.1870854702762088,0.6871610686983616,2.91840886329128,-0.7229147662321604,2.0030400437732205
223.6480732678828,773.625130021804,131.21721257960246,-1094.6409625893352,1249.848237146687,81.78935353565308,-323.6805261860321,961.2152593736027
-0.0002687651324919,0.0004892528393579,-820.9132875701824,4381.79722712553,15538.860425804836,18216.768935624023,2060.1016078073703,-51.87590517473965
509.1043943317566,1149.796013387096,-48.40472784593055,-807.5048916949108,-1475.8912750364143,-1133.615321168489,-2975.7643758229783,767.114550892383
-172.62312188426466,-360.1513801049388,-255.14302939019623,5033.668401051225,-312.30861701856725,5214.805412485147,409.4970300325019,1233.350334466268
31.26988055080541,27.76743540441286,23.04257084385715,23.85922247758388,26.493781730244745,22.458349255481306,23.742332935135643,15.278714333719284
34.12649493937023,71.48406848359487,46.99628660711458,65.20144928327107,59.20682938590232,18.53989748734515,67.20545133859818,53.56897484803039
507.4595767519758,575.2144151063382,434.0419103614735,963.3901654627776,501.6854041392386,672.8963676835656,660.2345775310533,306.16940895624714
1.5129114313415104,0.4336627396711916,2.8573645621954578,2.4574554468091585,1.0264951900486363,-0.7716264913858331,-0.3355241475287485,4.151352315034845
-1.9557860553523057,555.2137266174677,472.5190279527848,45.70492887030346,1163.3828982768043,681.8420282934381,710.6915944177485,-63.09506468845622
0.0029263855293051,0.001834175362632,16006.694590629506,22177.823436464576,21564.811901251447,3203.0061183045664,1474.3487449744978,-132.78402639621922
326.656844629242,137.69180830548007,1984.7793816625565,-2856.073804780104,-2474.0320226885115,1331.4357591406824,-889.4091298595455,837.872872704262
-25.41383057870707,154.7139549094586,698.2278508504321,2813.713025794798,1779.2741974215548,-337.2423560097122,-387.949195734896,-1132.328016028497
9.084131398005338,18.591461127244653,33.49761419139094,27.86965172453096,27.97477737010057,28.0276544125333,29.673391551205647,17.988181820789205
52.71584040051675,72.25797853674275,82.99879367084546,49.40285783402249,37.102047491246765,62.5714613493207,84.21046160885723,33.84150074694608
644.9492700003677,517.3698622246003,511.77129244767485,673.7436233807914,582.0527130645081,606.186983224616,436.246184078666,474.4651735690396
-0.0661104252456903,0.9015248258993608,-0.53334947087493,0.4863869340695594,1.276674347838234,1.5401096198701167,3.880000715018472,1.2862129856454811
-170.96398667332724,-147.12630677459725,-297.58707025252136,701.2094347097596,1027.0540219889,1261.0885559671742,1440.8670959231474,61.79778187761163
-7.144773913077341e-05,0.0011910262684152,-3153.042949610537,6973.986385964226,15401.190537638577,11913.605833931968,4067.475743610027,4197.958945872807
-408.9843386915749,419.7230291453816,-774.8432545342035,1596.202350243445,1668.4771185428474,2814.323963900102,1751.0865642023575,2189.6006102524443
74.06939892433746,139.13384065945436,-70.80238375331122,1772.0276556560716,-1114.3909640530833,5551.399672344913,-1169.1962901093648,1175.4469188301878
30.120113225998125,23.8076809396024,45.39787769014801,27.40903847631587,27.355107659187333,19.344388610015702,28.241948170107488,14.002521366930136
85.01800297724894,61.221914197715456,33.26310010259574,38.11662202589915,47.41865065593717,62.24491349555598,84.89505115908972,66.24199449159286
568.0091815097726,489.4081184252976,455.51853559367504,734.1552510893871,783.8593636441702,403.43237930711706,230.7190452106683,555.0776573267669
1.3768950632718024,0.831545348351605,2.7492552852213024,0.1870854702762088,0.6871610686983616,2.91840886329128,-0.7229147662321604,2.0030400437732205
223.6480732678828,773.625130021804,131.21721257960246,-1094.6409625893352,1249.848237146687,81.78935353565308,-323.6805261860321,961.2152593736027
-0.0002687651324919,0.0004892528393579,-820.9132875701824,4381.79722712553,15538.860425804836,18216.768935624023,2060.1016078073703,-51.87590517473965
509.1043943317566,1149.796013387096,-48.40472784593055,-807.5048916949108,-1475.8912750364143,-1133.615321168489,-2975.7643758229783,767.114550892383
-172.62312188426466,-360.1513801049388,-255.14302939019623,5033.668401051225,-312.30861701856725,5214.805412485147,409.4970300325019,1233.350334466268
31.26988055080541,27.76743540441286,23.04257084385715,23.85922247758388,26.493781730244745,22.458349255481306,23.742332935135643,15.278714333719284
34.12649493937023,71.48406848359487,46.99628660711458,65.20144928327107,59.20682938590232,18.53989748734515,67.20545133859818,53.56897484803039
507.4595767519758,575.2144151063382,434.0419103614735,963.3901654627776,501.6854041392386,672.8963676835656,660.2345775310533,306.16940895624714
1.5129114313415104,0.4336627396711916,2.8573645621954578,2.4574554468091585,1.0264951900486363,-0.7716264913858331,-0.3355241475287485,4.151352315034845
-1.9557860553523057,555.2137266174677,472.5190279527848,45.70492887030346,1163.3828982768043,681.8420282934381,710.6915944177485,-63.09506468845622
0.0029263855293051,0.001834175362632,16006.694590629506,22177.823436464576,21564.811901251447,3203.0061183045664,1474.3487449744978,-132.78402639621922
326.656844629242,137.69180830548007,1984.7793816625565,-2856.073804780104,-2474.0320226885115,1331.4357591406824,-889.4091298595455,837.872872704262
-25.41383057870707,154.7139549094586,698.2278508504321,2813.713025794798,1779.2741974215548,-337.2423560097122,-387.949195734896,-1132.328016028497
9.084131398005338,18.591461127244653,33.49761419139094,27.86965172453096,27.97477737010057,28.0276544125333,29.673391551205647,17.988181820789205
52.71584040051675,72.25797853674275,82.99879367084546,49.40285783402249,37.102047491246765,62.5714613493207,84.21046160885723,33.84150074694608
644.9492700003677,517.3698622246003,511.77129244767485,673.7436233807914,582.0527130645081,606.186983224616,436.246184078666,474.4651735690396
-0.0661104252456903,0.9015248258993608,-0.53334947087493,0.4863869340695594,1.276674347838234,1.5401096198701167,3.880000715018472,1.2862129856454811
-170.96398667332724,-147.12630677459725,-297.58707025252136,701.2094347097596,1027.0540219889,1261.0885559671742,1440.8670959231474,61.79778187761163
-7.144773913077341e-05,0.0011910262684152,-3153.042949610537,6973.986385964226,15401.190537638577,11913.605833931968,4067.475743610027,4197.958945872807
-408.9843386915749,419.7230291453816,-774.8432545342035,1596.202350243445,1668.4771185428474,2814.323963900102,1751.0865642023575,2189.6006102524443
74.06939892433746,139.13384065945436,-70.80238375331122,1772.0276556560716,-1114.3909640530833,5551.399672344913,-1169.1962901093648,1175.4469188301878
30.120113225998125,23.8076809396024,45.39787769014801,27.40903847631587,27.355107659187333,19.344388610015702,28.241948170107488,14.002521366930136
85.01800297724894,61.221914197715456,33.26310010259574,38.11662202589915,47.41865065593717,62.24491349555598,84.89505115908972,66.24199449159286
568.0091815097726,489.4081184252976,455.51853559367504,734.1552510893871,783.8593636441702,403.43237930711706,230.7190452106683,555.0776573267669
1.3768950632718024,0.831545348351605,2.7492552852213024,0.1870854702762088,0.6871610686983616,2.91840886329128,-0.7229147662321604,2.0030400437732205
223.6480732678828,773.625130021804,131.21721257960246,-1094.6409625893352,1249.848237146687,81.78935353565308,-323.6805261860321,961.2152593736027
-0.0002687651324919,0.0004892528393579,-820.9132875701824,4381.79722712553,15538.860425804836,18216.768935624023,2060.1016078073703,-51.87590517473965
509.1043943317566,1149.796013387096,-48.40472784593055,-807.5048916949108,-1475.8912750364143,-1133.615321168489,-2975.7643758229783,767.114550892383
-172.62312188426466,-360.1513801049388,-255.14302939019623,5033.668401051225,-312.30861701856725,5214.805412485147,409.4970300325019,1233.350334466268
31.26988055080541,27.76743540441286,23.04257084385715,23.85922247758388,26.493781730244745,22.458349255481306,23.742332935135643,15.278714333719284
34.12649493937023,71.48406848359487,46.99628660711458,65.20144928327107,59.20682938590232,18.53989748734515,67.20545133859818,53.56897484803039
507.4595767519758,575.2144151063382,434.0419103614735,963.3901654627776,501.6854041392386,672.8963676835656,660.2345775310533,306.16940895624714
1.5129114313415104,0.4336627396711916,2.8573645621954578,2.4574554468091585,1.0264951900486363,-0.7716264913858331,-0.3355241475287485,4.151352315034845
-1.9557860553523057,555.2137266174677,472.5190279527848,45.70492887030346,1163.3828982768043,681.8420282934381,710.6915944177485,-63.09506468845622
0.0029263855293051,0.001834175362632,16006.694590629506,22177.823436464576,21564.811901251447,3203.0061183045664,1474.3487449744978,-132.78402639621922
326.656844629242,137.69180830548007,1984.7793816625565,-2856.073804780104,-2474.0320226885115,1331.4357591406824,-889.4091298595455,837.872872704262
-25.41383057870707,154.7139549094586,698.2278508504321,2813.713025794798,1779.2741974215548,-337.2423560097122,-387.949195734896,-1132.328016028497
9.084131398005338,18.591461127244653,33.49761419139094,27.86965172453096,27.97477737010057,28.0276544125333,29.673391551205647,17.988181820789205
52.71584040051675,72.25797853674275,82.99879367084546,49.40285783402249,37.102047491246765,62.5714613493207,84.21046160885723,33.84150074694608
644.9492700003677,517.3698622246003,511.77129244767485,673.7436233807914,582.0527130645081,606.186983224616,436.246184078666,474.4651735690396
-0.0661104252456903,0.9015248258993608,-0.53334947087493,0.4863869340695594,1.276674347838234,1.5401096198701167,3.880000715018472,1.2862129856454811
-170.96398667332724,-147.12630677459725,-297.58707025252136,701.2094347097596,1027.0540219889,1261.0885559671742,1440.8670959231474,61.79778187761163
-7.144773913077341e-05,0.0011910262684152,-3153.042949610537,6973.986385964226,15401.190537638577,11913.605833931968,4067.475743610027,4197.958945872807
-408.9843386915749,419.7230291453816,-774.8432545342035,1596.202350243445,1668.4771185428474,2814.323963900102,1751.0865642023575,2189.6006102524443
74.06939892433746,139.13384065945436,-70.80238375331122,1772.0276556560716,-1114.3909640530833,5551.399672344913,-1169.1962901093648,1175.4469188301878
30.120113225998125,23.8076809396024,45.39787769014801,27.40903847631587,27.355107659187333,19.344388610015702,28.241948170107488,14.002521366930136
85.01800297724894,61.221914197715456,33.26310010259574,38.11662202589915,47.41865065593717,62.24491349555598,84.89505115908972,66.24199449159286
568.0091815097726,489.4081184252976,455.51853559367504,734.1552510893871,783.8593636441702,403.43237930711706,230.7190452106683,555.0776573267669
1.3768950632718024,0.831545348351605,2.7492552852213024,0.1870854702762088,0.6871610686983616,2.91840886329128,-0.7229147662321604,2.0030400437732205
223.6480732678828,773.625130021804,131.21721257960246,-1094.6409625893352,1249.848237146687,81.78935353565308,-323.6805261860321,961.2152593736027
-0.0002687651324919,0.0004892528393579,-820.9132875701824,4381.79722712553,15538.860425804836,18216.768935624023,2060.1016078073703,-51.87590517473965
509.1043943317566,1149.796013387096,-48.40472784593055,-807.5048916949108,-1475.8912750364143,-1133.615321168489,-2975.7643758229783,767.114550892383
-172.62312188426466,-360.1513801049388,-255.14302939019623,5033.668401051225,-312.30861701856725,5214.805412485147,409.4970300325019,1233.350334466268
31.26988055080541,27.76743540441286,23.04257084385715,23.85922247758388,26.493781730244745,22.458349255481306,23.742332935135643,15.278714333719284
34.12649493937023,71.48406848359487,46.99628660711458,65.20144928327107,59.20682938590232,18.53989748734515,67.20545133859818,53.56897484803039
507.4595767519758,575.2144151063382,434.0419103614735,963.3901654627776,501.6854041392386,672.8963676835656,660.2345775310533,306.16940895624714
1.5129114313415104,0.4336627396711916,2.8573645621954578,2.4574554468091585,1.0264951900486363,-0.7716264913858331,-0.3355241475287485,4.151352315034845
-1.9557860553523057,555.2137266174677,472.5190279527848,45.70492887030346,1163.3828982768043,681.8420282934381,710.6915944177485,-63.09506468845622
0.0029263855293051,0.001834175362632,16006.694590629506,22177.823436464576,21564.811901251447,3203.0061183045664,1474.3487449744978,-132.78402639621922
326.656844629242,137.69180830548007,1984.7793816625565,-2856.073804780104,-2474.0320226885115,1331.4357591406824,-889.4091298595455,837.872872704262
-25.41383057870707,154.7139549094586,698.2278508504321,2813.713025794798,1779.2741974215548,-337.2423560097122,-387.949195734896,-1132.328016028497
9.084131398005338,18.591461127244653,33.49761419139094,27.86965172453096,27.97477737010057,28.0276544125333,29.673391551205647,17.988181820789205
52.71584040051675,72.25797853674275,82.99879367084546,49.40285783402249,37.102047491246765,62.5714613493207,84.21046160885723,33.84150074694608
644.9492700003677,517.3698622246003,511.77129244767485,673.7436233807914,582.0527130645081,606.186983224616,436.246184078666,474.4651735690396
-0.0661104252456903,0.9015248258993608,-0.53334947087493,0.4863869340695594,1.276674347838234,1.5401096198701167,3.880000715018472,1.2862129856454811
-170.96398667332724,-147.12630677459725,-297.58707025252136,701.2094347097596,1027.0540219889,1261.0885559671742,1440.8670959231474,61.79778187761163
-7.144773913077341e-05,0.0011910262684152,-3153.042949610537,6973.986385964226,15401.190537638577,11913.605833931968,4067.475743610027,4197.958945872807
-408.9843386915749,419.7230291453816,-774.8432545342035,1596.202350243445,1668.4771185428474,2814.323963900102,1751.0865642023575,2189.6006102524443
74.06939892433746,139.13384065945436,-70.80238375331122,1772.0276556560716,-1114.3909640530833,5551.399672344913,-1169.1962901093648,1175.4469188301878
30.120113225998125,23.8076809396024,45.39787769014801,27.40903847631587,27.355107659187333,19.344388610015702,28.241948170107488,14.002521366930136
85.01800297724894,61.221914197715456,33.26310010259574,38.11662202589915,47.41865065593717,62.24491349555598,84.89505115908972,66.24199449159286
568.0091815097726,489.4081184252976,455.51853559367504,734.1552510893871,783.8593636441702,403.43237930711706,230.7190452106683,555.0776573267669
1.3768950632718024,0.831545348351605,2.7492552852213024,0.1870854702762088,0.6871610686983616,2.91840886329128,-0.7229147662321604,2.0030400437732205
223.6480732678828,773.625130021804,131.21721257960246,-1094.6409625893352,1249.848237146687,81.78935353565308,-323.6805261860321,961.2152593736027
-0.0002687651324919,0.0004892528393579,-820.9132875701824,4381.79722712553,15538.860425804836,18216.768935624023,2060.1016078073703,-51.87590517473965
509.1043943317566,1149.796013387096,-48.40472784593055,-807.5048916949108,-1475.8912750364143,-1133.615321168489,-2975.7643758229783,767.114550892383
-172.62312188426466,-360.1513801049388,-255.14302939019623,5033.668401051225,-312.30861701856725,5214.805412485147,409.4970300325019,1233.350334466268
31.26988055080541,27.76743540441286,23.04257084385715,23.85922247758388,26.493781730244745,22.458349255481306,23.742332935135643,15.278714333719284
34.12649493937023,71.48406848359487,46.99628660711458,65.20144928327107,59.20682938590232,18.53989748734515,67.20545133859818,53.56897484803039
507.4595767519758,575.2144151063382,434.0419103614735,963.3901654627776,501.6854041392386,672.8963676835656,660.2345775310533,306.16940895624714
1.5129114313415104,0.4336627396711916,2.8573645621954578,2.4574554468091585,1.0264951900486363,-0.7716264913858331,-0.3355241475287485,4.151352315034845
-1.9557860553523057,555.2137266174677,472.5190279527848,45.70492887030346,1163.3828982768043,681.8420282934381,710.6915944177485,-63.09506468845622
0.0029263855293051,0.001834175362632,16006.694590629506,22177.823436464576,21564.811901251447,3203.0061183045664,1474.3487449744978,-132.78402639621922
326.656844629242,137.69180830548007,1984.7793816625565,-2856.073804780104,-2474.0320226885115,1331.4357591406824,-889.4091298595455,837.872872704262
-25.41383057870707,154.7139549094586,698.2278508504321,2813.713025794798,1779.2741974215548,-337.2423560097122,-387.949195734896,-1132.328016028497
9.084131398005338,18.591461127244653,33.49761419139094,27.86965172453096,27.97477737010057,28.0276544125333,29.673391551205647,17.988181820789205
52.71584040051675,72.25797853674275,82.99879367084546,49.40285783402249,37.102047491246765,62.5714613493207,84.21046160885723,33.84150074694608
644.9492700003677,517.3698622246003,511.77129244767485,673.7436233807914,582.0527130645081,606.186983224616,436.246184078666,474.4651735690396
-0.0661104252456903,0.9015248258993608,-0.53334947087493,0.4863869340695594,1.276674347838234,1.5401096198701167,3.880000715018472,1.2862129856454811
-170.96398667332724,-147.12630677459725,-297.58707025252136,701.2094347097596,1027.0540219889,1261.0885559671742,1440.8670959231474,61.79778187761163
-7.144773913077341e-05,0.0011910262684152,-3153.042949610537,6973.986385964226,15401.190537638577,11913.605833931968,4067.475743610027,4197.958945872807
-408.9843386915749,419.7230291453816,-774.8432545342035,1596.202350243445,1668.4771185428474,2814.323963900102,1751.0865642023575,2189.6006102524443
74.06939892433746,139.13384065945436,-70.80238375331122,1772.0276556560716,-1114.3909640530833,5551.399672344913,-1169.1962901093648,1175.4469188301878
30.120113225998125,23.8076809396024,45.39787769014801,27.40903847631587,27.355107659187333,19.344388610015702,28.241948170107488,14.002521366930136
85.01800297724894,61.221914197715456,33.26310010259574,38.11662202589915,47.41865065593717,62.24491349555598,84.89505115908972,66.24199449159286
568.0091815097726,489.4081184252976,455.51853559367504,734.1552510893871,783.8593636441702,403.43237930711706,230.7190452106683,555.0776573267669
1.3768950632718024,0.831545348351605,2.7492552852213024,0.1870854702762088,0.6871610686983616,2.91840886329128,-0.7229147662321604,2.0030400437732205
223.6480732678828,773.625130021804,131.21721257960246,-1094.6409625893352,1249.848237146687,81.78935353565308,-323.6805261860321,961.2152593736027
-0.0002687651324919,0.0004892528393579,-820.9132875701824,4381.79722712553,15538.860425804836,18216.768935624023,2060.1016078073703,-51.87590517473965
509.1043943317566,1149.796013387096,-48.40472784593055,-807.5048916949108,-1475.8912750364143,-1133.615321168489,-2975.7643758229783,767.114550892383
-172.62312188426466,-360.1513801049388,-255.14302939019623,5033.668401051225,-312.30861701856725,5214.805412485147,409.4970300325019,1233.350334466268
31.26988055080541,27.76743540441286,23.04257084385715,23.85922247758388,26.493781730244745,22.458349255481306,23.742332935135643,15.278714333719284
34.12649493937023,71.48406848359487,46.99628660711458,65.20144928327107,59.20682938590232,18.53989748734515,67.20545133859818,53.56897484803039
507.4595767519758,575.2144151063382,434.0419103614735,963.3901654627776,501.6854041392386,672.8963676835656,660.2345775310533,306.16940895624714
1.5129114313415104,0.4336627396711916,2.8573645621954578,2.4574554468091585,1.0264951900486363,-0.7716264913858331,-0.3355241475287485,4.151352315034845
-1.9557860553523057,555.2137266174677,472.5190279527848,45.70492887030346,1163.3828982768043,681.8420282934381,710.6915944177485,-63.09506468845622
0.0029263855293051,0.001834175362632,16006.694590629506,22177.823436464576,21564.811901251447,3203.0061183045664,1474.3487449744978,-132.78402639621922
326.656844629242,137.69180830548007,1984.7793816625565,-2856.073804780104,-2474.0320226885115,1331.4357591406824,-889.4091298595455,837.872872704262
-25.41383057870707,154.7139549094586,698.2278508504321,2813.713025794798,1779.2741974215548,-337.2423560097122,-387.949195734896,-1132.328016028497
9.084131398005338,18.591461127244653,33.49761419139094,27.86965172453096,27.97477737010057,28.0276544125333,29.673391551205647,17.988181820789205
52.71584040051675,72.25797853674275,82.99879367084546,49.40285783402249,37.102047491246765,62.5714613493207,84.21046160885723,33.84150074694608
644.9492700003677,517.3698622246003,511.77129244767485,673.7436233807914,582.0527130645081,606.186983224616,436.246184078666,474.4651735690396
-0.0661104252456903,0.9015248258993608,-0.53334947087493,0.4863869340695594,1.276674347838234,1.5401096198701167,3.880000715018472,1.2862129856454811
-170.96398667332724,-147.12630677459725,-297.58707025252136,701.2094347097596,1027.0540219889,1261.0885559671742,1440.8670959231474,61.79778187761163
-7.144773913077341e-05,0.0011910262684152,-3153.042949610537,6973.986385964226,15401.190537638577,11913.605833931968,4067.475743610027,4197.958945872807
-408.9843386915749,419.7230291453816,-774.8432545342035,1596.202350243445,1668.4771185428474,2814.323963900102,1751.0865642023575,2189.6006102524443
74.06939892433746,139.13384065945436,-70.80238375331122,1772.0276556560716,-1114.3909640530833,5551.399672344913,-1169.1962901093648,1175.4469188301878
30.120113225998125,23.8076809396024,45.39787769014801,27.40903847631587,27.355107659187333,19.344388610015702,28.241948170107488,14.002521366930136
85.01800297724894,61.221914197715456,33.26310010259574,38.11662202589915,47.41865065593717,62.24491349555598,84.89505115908972,66.24199449159286
568.0091815097726,489.4081184252976,455.51853559367504,734.1552510893871,783.8593636441702,403.43237930711706,230.7190452106683,555.0776573267669
1.3768950632718024,0.831545348351605,2.7492552852213024,0.1870854702762088,0.6871610686983616,2.91840886329128,-0.7229147662321604,2.0030400437732205
223.6480732678828,773.625130021804,131.21721257960246,-1094.6409625893352,1249.848237146687,81.78935353565308,-323.6805261860321,961.2152593736027
-0.0002687651324919,0.0004892528393579,-820.9132875701824,4381.79722712553,15538.860425804836,18216.768935624023,2060.1016078073703,-51.87590517473965
509.1043943317566,1149.796013387096,-48.40472784593055,-807.5048916949108,-1475.8912750364143,-1133.615321168489,-2975.7643758229783,767.114550892383
-172.62312188426466,-360.1513801049388,-255.14302939019623,5033.668401051225,-312.30861701856725,5214.805412485147,409.4970300325019,1233.350334466268
31.26988055080541,27.76743540441286,23.04257084385715,23.85922247758388,26.493781730244745,22.458349255481306,23.742332935135643,15.278714333719284
34.12649493937023,71.48406848359487,46.99628660711458,65.20144928327107,59.20682938590232,18.53989748734515,67.20545133859818,53.56897484803039
507.4595767519758,575.2144151063382,434.0419103614735,963.3901654627776,501.6854041392386,672.8963676835656,660.2345775310533,306.16940895624714
1.5129114313415104,0.4336627396711916,2.8573645621954578,2.4574554468091585,1.0264951900486363,-0.7716264913858331,-0.3355241475287485,4.151352315034845
-1.9557860553523057,555.2137266174677,472.5190279527848,45.70492887030346,1163.3828982768043,681.8420282934381,710.6915944177485,-63.09506468845622
0.0029263855293051,0.001834175362632,16006.694590629506,22177.823436464576,21564.811901251447,3203.0061183045664,1474.3487449744978,-132.78402639621922
326.656844629242,137.69180830548007,1984.7793816625565,-2856.073804780104,-2474.0320226885115,1331.4357591406824,-889.4091298595455,837.872872704262
-25.41383057870707,154.7139549094586,698.2278508504321,2813.713025794798,1779.2741974215548,-337.2423560097122,-387.949195734896,-1132.328016028497
9.084131398005338,18.591461127244653,33.49761419139094,27.86965172453096,27.97477737010057,28.0276544125333,29.673391551205647,17.988181820789205
52.71584040051675,72.25797853674275,82.99879367084546,49.40285783402249,37.102047491246765,62.5714613493207,84.21046160885723,33.84150074694608
644.9492700003677,517.3698622246003,511.77129244767485,673.7436233807914,582.0527130645081,606.186983224616,436.246184078666,474.4651735690396
-0.0661104252456903,0.9015248258993608,-0.53334947087493,0.4863869340695594,1.276674347838234,1.5401096198701167,3.880000715018472,1.2862129856454811
-170.96398667332724,-147.12630677459725,-297.58707025252136,701.2094347097596,1027.0540219889,1261.0885559671742,1440.8670959231474,61.79778187761163
-7.144773913077341e-05,0.0011910262684152,-3153.042949610537,6973.986385964226,15401.190537638577,11913.605833931968,4067.475743610027,4197.958945872807
-408.9843386915749,419.7230291453816,-774.8432545342035,1596.202350243445,1668.4771185428474,2814.323963900102,1751.0865642023575,2189.6006102524443
74.06939892433746,139.13384065945436,-70.80238375331122,1772.0276556560716,-1114.3909640530833,5551.399672344913,-1169.1962901093648,1175.4469188301878
30.120113225998125,23.8076809396024,45.39787769014801,27.40903847631587,27.355107659187333,19.344388610015702,28.241948170107488,14.002521366930136
85.01800297724894,61.221914197715456,33.26310010259574,38.11662202589915,47.41865065593717,62.24491349555598,84.89505115908972,66.24199449159286
568.0091815097726,489.4081184252976,455.51853559367504,734.1552510893871,783.8593636441702,403.43237930711706,230.7190452106683,555.0776573267669
1.3768950632718024,0.831545348351605,2.7492552852213024,0.1870854702762088,0.6871610686983616,2.91840886329128,-0.7229147662321604,2.0030400437732205
223.6480732678828,773.625130021804,131.21721257960246,-1094.6409625893352,1249.848237146687,81.78935353565308,-323.6805261860321,961.2152593736027
-0.0002687651324919,0.0004892528393579,-820.9132875701824,4381.79722712553,15538.860425804836,18216.768935624023,2060.1016078073703,-51.87590517473965
509.1043943317566,1149.796013387096,-48.40472784593055,-807.5048916949108,-1475.8912750364143,-1133.615321168489,-2975.7643758229783,767.114550892383
-172.62312188426466,-360.1513801049388,-255.14302939019623,5033.668401051225,-312.30861701856725,5214.805412485147,409.4970300325019,1233.350334466268
31.26988055080541,27.76743540441286,23.04257084385715,23.85922247758388,26.493781730244745,22.458349255481306,23.742332935135643,15.278714333719284
34.12649493937023,71.48406848359487,46.99628660711458,65.20144928327107,59.20682938590232,18.53989748734515,67.20545133859818,53.56897484803039
507.4595767519758,575.2144151063382,434.0419103614735,963.3901654627776,501.6854041392386,672.8963676835656,660.2345775310533,306.16940895624714
1.5129114313415104,0.4336627396711916,2.8573645621954578,2.4574554468091585,1.0264951900486363,-0.7716264913858331,-0.3355241475287485,4.151352315034845
-1.9557860553523057,555.2137266174677,472.5190279527848,45.70492887030346,1163.3828982768043,681.8420282934381,710.6915944177485,-63.09506468845622
0.0029263855293051,0.001834175362632,16006.694590629506,22177.823436464576,21564.811901251447,3203.0061183045664,1474.3487449744978,-132.78402639621922
326.656844629242,137.69180830548007,1984.7793816625565,-2856.073804780104,-2474.0320226885115,1331.4357591406824,-889.4091298595455,837.872872704262
-25.41383057870707,154.7139549094586,698.2278508504321,2813.713025794798,1779.2741974215548,-337.2423560097122,-387.949195734896,-1132.328016028497
9.084131398005338,18.591461127244653,33.49761419139094,27.86965172453096,27.97477737010057,28.0276544125333,29.673391551205647,17.988181820789205
52.71584040051675,72.25797853674275,82.99879367084546,49.40285783402249,37.102047491246765,62.5714613493207,84.21046160885723,33.84150074694608
644.9492700003677,517.3698622246003,511.77129244767485,673.7436233807914,582.0527130645081,606.186983224616,436.246184078666,474.4651735690396
-0.0661104252456903,0.9015248258993608,-0.53334947087493,0.4863869340695594,1.276674347838234,1.5401096198701167,3.880000715018472,1.2862129856454811
-170.96398667332724,-147.12630677459725,-297.58707025252136,701.2094347097596,1027.0540219889,1261.0885559671742,1440.8670959231474,61.79778187761163
-7.144773913077341e-05,0.0011910262684152,-3153.042949610537,6973.986385964226,15401.190537638577,11913.605833931968,4067.475743610027,4197.958945872807
-408.9843386915749,419.7230291453816,-774.8432545342035,1596.202350243445,1668.4771185428474,2814.323963900102,1751.0865642023575,2189.6006102524443
74.06939892433746,139.13384065945436,-70.80238375331122,1772.0276556560716,-1114.3909640530833,5551.399672344913,-1169.1962901093648,1175.4469188301878
30.120113225998125,23.8076809396024,45.39787769014801,27.40903847631587,27.355107659187333,19.344388610015702,28.241948170107488,14.002521366930136
85.01800297724894,61.221914197715456,33.26310010259574,38.11662202589915,47.41865065593717,62.24491349555598,84.89505115908972,66.24199449159286
568.0091815097726,489.4081184252976,455.51853559367504,734.1552510893871,783.8593636441702,403.43237930711706,230.7190452106683,555.0776573267669
1.3768950632718024,0.831545348351605,2.7492552852213024,0.1870854702762088,0.6871610686983616,2.91840886329128,-0.7229147662321604,2.0030400437732205
223.6480732678828,773.625130021804,131.21721257960246,-1094.6409625893352,1249.848237146687,81.78935353565308,-323.6805261860321,961.2152593736027
-0.0002687651324919,0.0004892528393579,-820.9132875701824,4381.79722712553,15538.860425804836,18216.768935624023,2060.1016078073703,-51.87590517473965
509.1043943317566,1149.796013387096,-48.40472784593055,-807.5048916949108,-1475.8912750364143,-1133.615321168489,-2975.7643758229783,767.114550892383
-172.62312188426466,-360.1513801049388,-255.14302939019623,5033.668401051225,-312.30861701856725,5214.805412485147,409.4970300325019,1233.350334466268
31.26988055080541,27.76743540441286,23.04257084385715,23.85922247758388,26.493781730244745,22.458349255481306,23.742332935135643,15.278714333719284
34.12649493937023,71.48406848359487,46.99628660711458,65.20144928327107,59.20682938590232,18.53989748734515,67.20545133859818,53.56897484803039
507.4595767519758,575.2144151063382,434.0419103614735,963.3901654627776,501.6854041392386,672.8963676835656,660.2345775310533,306.16940895624714
1.5129114313415104,0.4336627396711916,2.8573645621954578,2.4574554468091585,1.0264951900486363,-0.7716264913858331,-0.3355241475287485,4.151352315034845
-1.9557860553523057,555.2137266174677,472.5190279527848,45.70492887030346,1163.3828982768043,681.8420282934381,710.6915944177485,-63.09506468845622
0.0029263855293051,0.001834175362632,16006.694590629506,22177.823436464576,21564.811901251447,3203.0061183045664,1474.3487449744978,-132.78402639621922
326.656844629242,137.69180830548007,1984.7793816625565,-2856.073804780104,-2474.0320226885115,1331.4357591406824,-889.4091298595455,837.872872704262
-25.41383057870707,154.7139549094586,698.2278508504321,2813.713025794798,1779.2741974215548,-337.2423560097122,-387.949195734896,-1132.328016028497
