내부온도관측치,내부습도관측치,co2관측치,ec관측치,시간당분무량,시간당백색광량,시간당적색광량,시간당청색광량
16.37485643710368,19.515831313617376,32.21367892558911,29.29554138939025,28.21470648949497,31.57927240393268,25.955895425111493,28.713189106905475
32.635085187065634,61.63118100197579,83.45967304777324,89.56877458623941,38.68840242830191,53.34369181433582,56.97506960021767,55.44007978905379
689.7163198875187,579.0764439067506,326.87876495863577,531.1063869748921,702.5311213419337,573.4129004493174,609.029883125191,456.134449056806
1.6599880170664096,1.3534902696154485,1.845044367692318,2.4774237969410744,2.682528177474511,3.1688766950027087,-0.0107057661999587,-1.2960126683221669
347.0902182543251,-115.06126540863292,480.51793701462486,1672.3155716167412,-395.2719302520579,995.289902308686,259.7210379804659,238.30468623282272
0.0017594361991437,0.000958756502965,2326.7041158431857,15055.380697931923,11695.008146517484,13410.357923362972,5569.665388205924,447.9419956402312
43.00861434963906,551.1725846811945,-460.4716525815141,1396.02394536054,1890.3910818739464,878.8525388537687,-3433.369348180854,929.1048073440824
-325.01526298437153,-55.41957454490088,-2855.096632350651,552.3817004692135,249.5094004516095,169.9007020401315,-1578.8538067013878,47.0313342831342
39.70825888116032,12.655247893121471,44.27359357944704,28.236347449395154,23.54847582933454,21.95701406620493,27.591736975626542,31.94591292658865
68.52651930005501,60.61484326003433,31.155295741510688,69.35750079292046,45.867191580799656,69.4636251019686,62.69265258141751,50.29400332070264
363.0991716823584,623.0593768618742,449.8746639843847,711.638085151514,903.5599155900264,562.1527669205757,348.18353655253765,329.3911348357031
1.6794349126966148,1.6078690727629412,1.9062245951250243,2.585598146410796,1.785557391120688,4.174380671720801,0.0289828150723432,2.2606552227633374
67.44402523252285,1609.6946414888057,-52.51252937511117,-799.8750124771451,450.0919069735962,744.4762460576376,-206.4532668695569,75.23849983093561
0.0007738565061315,0.0010024136483959,-3135.369221638396,18352.1867072267,16080.839383784443,15984.535881688502,-1774.5957241454523,278.3353338170841
10256.963799974728,294.2130690304048,4936.095292705477,68.22321672601731,3473.589497883939,3231.687418130995,-126.90996500411674,1105.8524328854498
-207.09630204224536,-48.37854664183211,-219.3395017776511,3014.854684506376,542.1151733844945,-495.8077803294191,-434.8967598537524,9.358164516437894
12.278872568821456,31.4924271107548,18.820685776860323,26.162372911396712,20.368007907499447,38.20289306348332,22.75502966542584,12.63135138971752
53.95000171383335,62.05100882836142,67.92535612252804,36.8103809464805,47.99720145407217,37.47332274107833,67.33781152167231,52.16581678863142
276.9252135233177,403.2518270952788,476.9776239933151,669.4862124460917,378.5872541767527,700.4936239514282,597.8967390623629,588.3375641498571
0.3201038337227414,3.1372106928029586,2.901850770266188,0.7963406062663051,0.894167961776141,1.0420104777208428,2.6260693152688326,4.488720626989999
2460.856676850466,1350.2350077298836,2084.744270973697,391.06255072127806,1388.3034070253998,-223.6588955178049,784.1160865522871,-101.4599057110438
0.0009330628546557,-0.0007694686528983,-3638.1381975850713,14005.711642274264,19350.03403189709,14909.655701515214,6753.455672613239,-200.00954776186185
589.6850339915611,-124.8418205269276,14258.701569498442,-2087.81980872948,3034.843355080005,1819.5393347719569,913.3263097810994,1256.4720564299168
-2021.96438409084,-282.40402078430265,-1793.2836641868962,5934.327714472281,851.0071928466962,-1208.628629503745,1011.287739738877,448.18282479803526
16.37485643710368,19.515831313617376,32.21367892558911,29.29554138939025,28.21470648949497,31.57927240393268,25.955895425111493,28.713189106905475
32.635085187065634,61.63118100197579,83.45967304777324,89.56877458623941,38.68840242830191,53.34369181433582,56.97506960021767,55.44007978905379
689.7163198875187,579.0764439067506,326.87876495863577,531.1063869748921,702.5311213419337,573.4129004493174,609.029883125191,456.134449056806
1.6599880170664096,1.3534902696154485,1.845044367692318,2.4774237969410744,2.682528177474511,3.1688766950027087,-0.0107057661999587,-1.2960126683221669
347.0902182543251,-115.06126540863292,480.51793701462486,1672.3155716167412,-395.2719302520579,995.289902308686,259.7210379804659,238.30468623282272
0.0017594361991437,0.000958756502965,2326.7041158431857,15055.380697931923,11695.008146517484,13410.357923362972,5569.665388205924,447.9419956402312
43.00861434963906,551.1725846811945,-460.4716525815141,1396.02394536054,1890.3910818739464,878.8525388537687,-3433.369348180854,929.1048073440824
-325.01526298437153,-55.41957454490088,-2855.096632350651,552.3817004692135,249.5094004516095,169.9007020401315,-1578.8538067013878,47.0313342831342
39.70825888116032,12.655247893121471,44.27359357944704,28.236347449395154,23.54847582933454,21.95701406620493,27.591736975626542,31.94591292658865
68.52651930005501,60.61484326003433,31.155295741510688,69.35750079292046,45.867191580799656,69.4636251019686,62.69265258141751,50.29400332070264
363.0991716823584,623.0593768618742,449.8746639843847,711.638085151514,903.5599155900264,562.1527669205757,348.18353655253765,329.3911348357031
1.6794349126966148,1.6078690727629412,1.9062245951250243,2.585598146410796,1.785557391120688,4.174380671720801,0.0289828150723432,2.2606552227633374
67.44402523252285,1609.6946414888057,-52.51252937511117,-799.8750124771451,450.0919069735962,744.4762460576376,-206.4532668695569,75.23849983093561
0.0007738565061315,0.0010024136483959,-3135.369221638396,18352.1867072267,16080.839383784443,15984.535881688502,-1774.5957241454523,278.3353338170841
10256.963799974728,294.2130690304048,4936.095292705477,68.22321672601731,3473.589497883939,3231.687418130995,-126.90996500411674,1105.8524328854498
-207.09630204224536,-48.37854664183211,-219.3395017776511,3014.854684506376,542.1151733844945,-495.8077803294191,-434.8967598537524,9.358164516437894
12.278872568821456,31.4924271107548,18.820685776860323,26.162372911396712,20.368007907499447,38.20289306348332,22.75502966542584,12.63135138971752
53.95000171383335,62.05100882836142,67.92535612252804,36.8103809464805,47.99720145407217,37.47332274107833,67.33781152167231,52.16581678863142
276.9252135233177,403.2518270952788,476.9776239933151,669.4862124460917,378.5872541767527,700.4936239514282,597.8967390623629,588.3375641498571
0.3201038337227414,3.1372106928029586,2.901850770266188,0.7963406062663051,0.894167961776141,1.0420104777208428,2.6260693152688326,4.488720626989999
2460.856676850466,1350.2350077298836,2084.744270973697,391.06255072127806,1388.3034070253998,-223.6588955178049,784.1160865522871,-101.4599057110438
0.0009330628546557,-0.0007694686528983,-3638.1381975850713,14005.711642274264,19350.03403189709,14909.655701515214,6753.455672613239,-200.00954776186185
589.6850339915611,-124.8418205269276,14258.701569498442,-2087.81980872948,3034.843355080005,1819.5393347719569,913.3263097810994,1256.4720564299168
-2021.96438409084,-282.40402078430265,-1793.2836641868962,5934.327714472281,851.0071928466962,-1208.628629503745,1011.287739738877,448.18282479803526
16.37485643710368,19.515831313617376,32.21367892558911,29.29554138939025,28.21470648949497,31.57927240393268,25.955895425111493,28.713189106905475
32.635085187065634,61.63118100197579,83.45967304777324,89.56877458623941,38.68840242830191,53.34369181433582,56.97506960021767,55.44007978905379
689.7163198875187,579.0764439067506,326.87876495863577,531.1063869748921,702.5311213419337,573.4129004493174,609.029883125191,456.134449056806
1.6599880170664096,1.3534902696154485,1.845044367692318,2.4774237969410744,2.682528177474511,3.1688766950027087,-0.0107057661999587,-1.2960126683221669
347.0902182543251,-115.06126540863292,480.51793701462486,1672.3155716167412,-395.2719302520579,995.289902308686,259.7210379804659,238.30468623282272
0.0017594361991437,0.000958756502965,2326.7041158431857,15055.380697931923,11695.008146517484,13410.357923362972,5569.665388205924,447.9419956402312
43.00861434963906,551.1725846811945,-460.4716525815141,1396.02394536054,1890.3910818739464,878.8525388537687,-3433.369348180854,929.1048073440824
-325.01526298437153,-55.41957454490088,-2855.096632350651,552.3817004692135,249.5094004516095,169.9007020401315,-1578.8538067013878,47.0313342831342
39.70825888116032,12.655247893121471,44.27359357944704,28.236347449395154,23.54847582933454,21.95701406620493,27.591736975626542,31.94591292658865
68.52651930005501,60.61484326003433,31.155295741510688,69.35750079292046,45.867191580799656,69.4636251019686,62.69265258141751,50.29400332070264
363.0991716823584,623.0593768618742,449.8746639843847,711.638085151514,903.5599155900264,562.1527669205757,348.18353655253765,329.3911348357031
1.6794349126966148,1.6078690727629412,1.9062245951250243,2.585598146410796,1.785557391120688,4.174380671720801,0.0289828150723432,2.2606552227633374
67.44402523252285,1609.6946414888057,-52.51252937511117,-799.8750124771451,450.0919069735962,744.4762460576376,-206.4532668695569,75.23849983093561
0.0007738565061315,0.0010024136483959,-3135.369221638396,18352.1867072267,16080.839383784443,15984.535881688502,-1774.5957241454523,278.3353338170841
10256.963799974728,294.2130690304048,4936.095292705477,68.22321672601731,3473.589497883939,3231.687418130995,-126.90996500411674,1105.8524328854498
-207.09630204224536,-48.37854664183211,-219.3395017776511,3014.854684506376,542.1151733844945,-495.8077803294191,-434.8967598537524,9.358164516437894
12.278872568821456,31.4924271107548,18.820685776860323,26.162372911396712,20.368007907499447,38.20289306348332,22.75502966542584,12.63135138971752
53.95000171383335,62.05100882836142,67.92535612252804,36.8103809464805,47.99720145407217,37.47332274107833,67.33781152167231,52.16581678863142
276.9252135233177,403.2518270952788,476.9776239933151,669.4862124460917,378.5872541767527,700.4936239514282,597.8967390623629,588.3375641498571
0.3201038337227414,3.1372106928029586,2.901850770266188,0.7963406062663051,0.894167961776141,1.0420104777208428,2.6260693152688326,4.488720626989999
2460.856676850466,1350.2350077298836,2084.744270973697,391.06255072127806,1388.3034070253998,-223.6588955178049,784.1160865522871,-101.4599057110438
0.0009330628546557,-0.0007694686528983,-3638.1381975850713,14005.711642274264,19350.03403189709,14909.655701515214,6753.455672613239,-200.00954776186185
589.6850339915611,-124.8418205269276,14258.701569498442,-2087.81980872948,3034.843355080005,1819.5393347719569,913.3263097810994,1256.4720564299168
-2021.96438409084,-282.40402078430265,-1793.2836641868962,5934.327714472281,851.0071928466962,-1208.628629503745,1011.287739738877,448.18282479803526
16.37485643710368,19.515831313617376,32.21367892558911,29.29554138939025,28.21470648949497,31.57927240393268,25.955895425111493,28.713189106905475
32.635085187065634,61.63118100197579,83.45967304777324,89.56877458623941,38.68840242830191,53.34369181433582,56.97506960021767,55.44007978905379
689.7163198875187,579.0764439067506,326.87876495863577,531.1063869748921,702.5311213419337,573.4129004493174,609.029883125191,456.134449056806
1.6599880170664096,1.3534902696154485,1.845044367692318,2.4774237969410744,2.682528177474511,3.1688766950027087,-0.0107057661999587,-1.2960126683221669
347.0902182543251,-115.06126540863292,480.51793701462486,1672.3155716167412,-395.2719302520579,995.289902308686,259.7210379804659,238.30468623282272
0.0017594361991437,0.000958756502965,2326.7041158431857,15055.380697931923,11695.008146517484,13410.357923362972,5569.665388205924,447.9419956402312
43.00861434963906,551.1725846811945,-460.4716525815141,1396.02394536054,1890.3910818739464,878.8525388537687,-3433.369348180854,929.1048073440824
-325.01526298437153,-55.41957454490088,-2855.096632350651,552.3817004692135,249.5094004516095,169.9007020401315,-1578.8538067013878,47.0313342831342
39.70825888116032,12.655247893121471,44.27359357944704,28.236347449395154,23.54847582933454,21.95701406620493,27.591736975626542,31.94591292658865
68.52651930005501,60.61484326003433,31.155295741510688,69.35750079292046,45.867191580799656,69.4636251019686,62.69265258141751,50.29400332070264
363.0991716823584,623.0593768618742,449.8746639843847,711.638085151514,903.5599155900264,562.1527669205757,348.18353655253765,329.3911348357031
1.6794349126966148,1.6078690727629412,1.9062245951250243,2.585598146410796,1.785557391120688,4.174380671720801,0.0289828150723432,2.2606552227633374
67.44402523252285,1609.6946414888057,-52.51252937511117,-799.8750124771451,450.0919069735962,744.4762460576376,-206.4532668695569,75.23849983093561
0.0007738565061315,0.0010024136483959,-3135.369221638396,18352.1867072267,16080.839383784443,15984.535881688502,-1774.5957241454523,278.3353338170841
10256.963799974728,294.2130690304048,4936.095292705477,68.22321672601731,3473.589497883939,3231.687418130995,-126.90996500411674,1105.8524328854498
-207.09630204224536,-48.37854664183211,-219.3395017776511,3014.854684506376,542.1151733844945,-495.8077803294191,-434.8967598537524,9.358164516437894
12.278872568821456,31.4924271107548,18.820685776860323,26.162372911396712,20.368007907499447,38.20289306348332,22.75502966542584,12.63135138971752
53.95000171383335,62.05100882836142,67.92535612252804,36.8103809464805,47.99720145407217,37.47332274107833,67.33781152167231,52.16581678863142
276.9252135233177,403.2518270952788,476.9776239933151,669.4862124460917,378.5872541767527,700.4936239514282,597.8967390623629,588.3375641498571
0.3201038337227414,3.1372106928029586,2.901850770266188,0.7963406062663051,0.894167961776141,1.0420104777208428,2.6260693152688326,4.488720626989999
2460.856676850466,1350.2350077298836,2084.744270973697,391.06255072127806,1388.3034070253998,-223.6588955178049,784.1160865522871,-101.4599057110438
0.0009330628546557,-0.0007694686528983,-3638.1381975850713,14005.711642274264,19350.03403189709,14909.655701515214,6753.455672613239,-200.00954776186185
589.6850339915611,-124.8418205269276,14258.701569498442,-2087.81980872948,3034.843355080005,1819.5393347719569,913.3263097810994,1256.4720564299168
-2021.96438409084,-282.40402078430265,-1793.2836641868962,5934.327714472281,851.0071928466962,-1208.628629503745,1011.287739738877,448.18282479803526
16.37485643710368,19.515831313617376,32.21367892558911,29.29554138939025,28.21470648949497,31.57927240393268,25.955895425111493,28.713189106905475
32.635085187065634,61.63118100197579,83.45967304777324,89.56877458623941,38.68840242830191,53.34369181433582,56.97506960021767,55.44007978905379
689.7163198875187,579.0764439067506,326.87876495863577,531.1063869748921,702.5311213419337,573.4129004493174,609.029883125191,456.134449056806
1.6599880170664096,1.3534902696154485,1.845044367692318,2.4774237969410744,2.682528177474511,3.1688766950027087,-0.0107057661999587,-1.2960126683221669
347.0902182543251,-115.06126540863292,480.51793701462486,1672.3155716167412,-395.2719302520579,995.289902308686,259.7210379804659,238.30468623282272
0.0017594361991437,0.000958756502965,2326.7041158431857,15055.380697931923,11695.008146517484,13410.357923362972,5569.665388205924,447.9419956402312
43.00861434963906,551.1725846811945,-460.4716525815141,1396.02394536054,1890.3910818739464,878.8525388537687,-3433.369348180854,929.1048073440824
-325.01526298437153,-55.41957454490088,-2855.096632350651,552.3817004692135,249.5094004516095,169.9007020401315,-1578.8538067013878,47.0313342831342
39.70825888116032,12.655247893121471,44.27359357944704,28.236347449395154,23.54847582933454,21.95701406620493,27.591736975626542,31.94591292658865
68.52651930005501,60.61484326003433,31.155295741510688,69.35750079292046,45.867191580799656,69.4636251019686,62.69265258141751,50.29400332070264
363.0991716823584,623.0593768618742,449.8746639843847,711.638085151514,903.5599155900264,562.1527669205757,348.18353655253765,329.3911348357031
1.6794349126966148,1.6078690727629412,1.9062245951250243,2.585598146410796,1.785557391120688,4.174380671720801,0.0289828150723432,2.2606552227633374
67.44402523252285,1609.6946414888057,-52.51252937511117,-799.8750124771451,450.0919069735962,744.4762460576376,-206.4532668695569,75.23849983093561
0.0007738565061315,0.0010024136483959,-3135.369221638396,18352.1867072267,16080.839383784443,15984.535881688502,-1774.5957241454523,278.3353338170841
10256.963799974728,294.2130690304048,4936.095292705477,68.22321672601731,3473.589497883939,3231.687418130995,-126.90996500411674,1105.8524328854498
-207.09630204224536,-48.37854664183211,-219.3395017776511,3014.854684506376,542.1151733844945,-495.8077803294191,-434.8967598537524,9.358164516437894
12.278872568821456,31.4924271107548,18.820685776860323,26.162372911396712,20.368007907499447,38.20289306348332,22.75502966542584,12.63135138971752
53.95000171383335,62.05100882836142,67.92535612252804,36.8103809464805,47.99720145407217,37.47332274107833,67.33781152167231,52.16581678863142
276.9252135233177,403.2518270952788,476.9776239933151,669.4862124460917,378.5872541767527,700.4936239514282,597.8967390623629,588.3375641498571
0.3201038337227414,3.1372106928029586,2.901850770266188,0.7963406062663051,0.894167961776141,1.0420104777208428,2.6260693152688326,4.488720626989999
2460.856676850466,1350.2350077298836,2084.744270973697,391.06255072127806,1388.3034070253998,-223.6588955178049,784.1160865522871,-101.4599057110438
0.0009330628546557,-0.0007694686528983,-3638.1381975850713,14005.711642274264,19350.03403189709,14909.655701515214,6753.455672613239,-200.00954776186185
589.6850339915611,-124.8418205269276,14258.701569498442,-2087.81980872948,3034.843355080005,1819.5393347719569,913.3263097810994,1256.4720564299168
-2021.96438409084,-282.40402078430265,-1793.2836641868962,5934.327714472281,851.0071928466962,-1208.628629503745,1011.287739738877,448.18282479803526
16.37485643710368,19.515831313617376,32.21367892558911,29.29554138939025,28.21470648949497,31.57927240393268,25.955895425111493,28.713189106905475
32.635085187065634,61.63118100197579,83.45967304777324,89.56877458623941,38.68840242830191,53.34369181433582,56.97506960021767,55.44007978905379
689.7163198875187,579.0764439067506,326.87876495863577,531.1063869748921,702.5311213419337,573.4129004493174,609.029883125191,456.134449056806
1.6599880170664096,1.3534902696154485,1.845044367692318,2.4774237969410744,2.682528177474511,3.1688766950027087,-0.0107057661999587,-1.2960126683221669
347.0902182543251,-115.06126540863292,480.51793701462486,1672.3155716167412,-395.2719302520579,995.289902308686,259.7210379804659,238.30468623282272
0.0017594361991437,0.000958756502965,2326.7041158431857,15055.380697931923,11695.008146517484,13410.357923362972,5569.665388205924,447.9419956402312
43.00861434963906,551.1725846811945,-460.4716525815141,1396.02394536054,1890.3910818739464,878.8525388537687,-3433.369348180854,929.1048073440824
-325.01526298437153,-55.41957454490088,-2855.096632350651,552.3817004692135,249.5094004516095,169.9007020401315,-1578.8538067013878,47.0313342831342
39.70825888116032,12.655247893121471,44.27359357944704,28.236347449395154,23.54847582933454,21.95701406620493,27.591736975626542,31.94591292658865
68.52651930005501,60.61484326003433,31.155295741510688,69.35750079292046,45.867191580799656,69.4636251019686,62.69265258141751,50.29400332070264
363.0991716823584,623.0593768618742,449.8746639843847,711.638085151514,903.5599155900264,562.1527669205757,348.18353655253765,329.3911348357031
1.6794349126966148,1.6078690727629412,1.9062245951250243,2.585598146410796,1.785557391120688,4.174380671720801,0.0289828150723432,2.2606552227633374
67.44402523252285,1609.6946414888057,-52.51252937511117,-799.8750124771451,450.0919069735962,744.4762460576376,-206.4532668695569,75.23849983093561
0.0007738565061315,0.0010024136483959,-3135.369221638396,18352.1867072267,16080.839383784443,15984.535881688502,-1774.5957241454523,278.3353338170841
10256.963799974728,294.2130690304048,4936.095292705477,68.22321672601731,3473.589497883939,3231.687418130995,-126.90996500411674,1105.8524328854498
-207.09630204224536,-48.37854664183211,-219.3395017776511,3014.854684506376,542.1151733844945,-495.8077803294191,-434.8967598537524,9.358164516437894
12.278872568821456,31.4924271107548,18.820685776860323,26.162372911396712,20.368007907499447,38.20289306348332,22.75502966542584,12.63135138971752
53.95000171383335,62.05100882836142,67.92535612252804,36.8103809464805,47.99720145407217,37.47332274107833,67.33781152167231,52.16581678863142
276.9252135233177,403.2518270952788,476.9776239933151,669.4862124460917,378.5872541767527,700.4936239514282,597.8967390623629,588.3375641498571
0.3201038337227414,3.1372106928029586,2.901850770266188,0.7963406062663051,0.894167961776141,1.0420104777208428,2.6260693152688326,4.488720626989999
2460.856676850466,1350.2350077298836,2084.744270973697,391.06255072127806,1388.3034070253998,-223.6588955178049,784.1160865522871,-101.4599057110438
0.0009330628546557,-0.0007694686528983,-3638.1381975850713,14005.711642274264,19350.03403189709,14909.655701515214,6753.455672613239,-200.00954776186185
589.6850339915611,-124.8418205269276,14258.701569498442,-2087.81980872948,3034.843355080005,1819.5393347719569,913.3263097810994,1256.4720564299168
-2021.96438409084,-282.40402078430265,-1793.2836641868962,5934.327714472281,851.0071928466962,-1208.628629503745,1011.287739738877,448.18282479803526
16.37485643710368,19.515831313617376,32.21367892558911,29.29554138939025,28.21470648949497,31.57927240393268,25.955895425111493,28.713189106905475
32.635085187065634,61.63118100197579,83.45967304777324,89.56877458623941,38.68840242830191,53.34369181433582,56.97506960021767,55.44007978905379
689.7163198875187,579.0764439067506,326.87876495863577,531.1063869748921,702.5311213419337,573.4129004493174,609.029883125191,456.134449056806
1.6599880170664096,1.3534902696154485,1.845044367692318,2.4774237969410744,2.682528177474511,3.1688766950027087,-0.0107057661999587,-1.2960126683221669
347.0902182543251,-115.06126540863292,480.51793701462486,1672.3155716167412,-395.2719302520579,995.289902308686,259.7210379804659,238.30468623282272
0.0017594361991437,0.000958756502965,2326.7041158431857,15055.380697931923,11695.008146517484,13410.357923362972,5569.665388205924,447.9419956402312
43.00861434963906,551.1725846811945,-460.4716525815141,1396.02394536054,1890.3910818739464,878.8525388537687,-3433.369348180854,929.1048073440824
-325.01526298437153,-55.41957454490088,-2855.096632350651,552.3817004692135,249.5094004516095,169.9007020401315,-1578.8538067013878,47.0313342831342
39.70825888116032,12.655247893121471,44.27359357944704,28.236347449395154,23.54847582933454,21.95701406620493,27.591736975626542,31.94591292658865
68.52651930005501,60.61484326003433,31.155295741510688,69.35750079292046,45.867191580799656,69.4636251019686,62.69265258141751,50.29400332070264
363.0991716823584,623.0593768618742,449.8746639843847,711.638085151514,903.5599155900264,562.1527669205757,348.18353655253765,329.3911348357031
1.6794349126966148,1.6078690727629412,1.9062245951250243,2.585598146410796,1.785557391120688,4.174380671720801,0.0289828150723432,2.2606552227633374
67.44402523252285,1609.6946414888057,-52.51252937511117,-799.8750124771451,450.0919069735962,744.4762460576376,-206.4532668695569,75.23849983093561
0.0007738565061315,0.0010024136483959,-3135.369221638396,18352.1867072267,16080.839383784443,15984.535881688502,-1774.5957241454523,278.3353338170841
10256.963799974728,294.2130690304048,4936.095292705477,68.22321672601731,3473.589497883939,3231.687418130995,-126.90996500411674,1105.8524328854498
-207.09630204224536,-48.37854664183211,-219.3395017776511,3014.854684506376,542.1151733844945,-495.8077803294191,-434.8967598537524,9.358164516437894
12.278872568821456,31.4924271107548,18.820685776860323,26.162372911396712,20.368007907499447,38.20289306348332,22.75502966542584,12.63135138971752
53.95000171383335,62.05100882836142,67.92535612252804,36.8103809464805,47.99720145407217,37.47332274107833,67.33781152167231,52.16581678863142
276.9252135233177,403.2518270952788,476.9776239933151,669.4862124460917,378.5872541767527,700.4936239514282,597.8967390623629,588.3375641498571
0.3201038337227414,3.1372106928029586,2.901850770266188,0.7963406062663051,0.894167961776141,1.0420104777208428,2.6260693152688326,4.488720626989999
2460.856676850466,1350.2350077298836,2084.744270973697,391.06255072127806,1388.3034070253998,-223.6588955178049,784.1160865522871,-101.4599057110438
0.0009330628546557,-0.0007694686528983,-3638.1381975850713,14005.711642274264,19350.03403189709,14909.655701515214,6753.455672613239,-200.00954776186185
589.6850339915611,-124.8418205269276,14258.701569498442,-2087.81980872948,3034.843355080005,1819.5393347719569,913.3263097810994,1256.4720564299168
-2021.96438409084,-282.40402078430265,-1793.2836641868962,5934.327714472281,851.0071928466962,-1208.628629503745,1011.287739738877,448.18282479803526
16.37485643710368,19.515831313617376,32.21367892558911,29.29554138939025,28.21470648949497,31.57927240393268,25.955895425111493,28.713189106905475
32.635085187065634,61.63118100197579,83.45967304777324,89.56877458623941,38.68840242830191,53.34369181433582,56.97506960021767,55.44007978905379
689.7163198875187,579.0764439067506,326.87876495863577,531.1063869748921,702.5311213419337,573.4129004493174,609.029883125191,456.134449056806
1.6599880170664096,1.3534902696154485,1.845044367692318,2.4774237969410744,2.682528177474511,3.1688766950027087,-0.0107057661999587,-1.2960126683221669
347.0902182543251,-115.06126540863292,480.51793701462486,1672.3155716167412,-395.2719302520579,995.289902308686,259.7210379804659,238.30468623282272
0.0017594361991437,0.000958756502965,2326.7041158431857,15055.380697931923,11695.008146517484,13410.357923362972,5569.665388205924,447.9419956402312
43.00861434963906,551.1725846811945,-460.4716525815141,1396.02394536054,1890.3910818739464,878.8525388537687,-3433.369348180854,929.1048073440824
-325.01526298437153,-55.41957454490088,-2855.096632350651,552.3817004692135,249.5094004516095,169.9007020401315,-1578.8538067013878,47.0313342831342
39.70825888116032,12.655247893121471,44.27359357944704,28.236347449395154,23.54847582933454,21.95701406620493,27.591736975626542,31.94591292658865
68.52651930005501,60.61484326003433,31.155295741510688,69.35750079292046,45.867191580799656,69.4636251019686,62.69265258141751,50.29400332070264
363.0991716823584,623.0593768618742,449.8746639843847,711.638085151514,903.5599155900264,562.1527669205757,348.18353655253765,329.3911348357031
1.6794349126966148,1.6078690727629412,1.9062245951250243,2.585598146410796,1.785557391120688,4.174380671720801,0.0289828150723432,2.2606552227633374
67.44402523252285,1609.6946414888057,-52.51252937511117,-799.8750124771451,450.0919069735962,744.4762460576376,-206.4532668695569,75.23849983093561
0.0007738565061315,0.0010024136483959,-3135.369221638396,18352.1867072267,16080.839383784443,15984.535881688502,-1774.5957241454523,278.3353338170841
10256.963799974728,294.2130690304048,4936.095292705477,68.22321672601731,3473.589497883939,3231.687418130995,-126.90996500411674,1105.8524328854498
-207.09630204224536,-48.37854664183211,-219.3395017776511,3014.854684506376,542.1151733844945,-495.8077803294191,-434.8967598537524,9.358164516437894
12.278872568821456,31.4924271107548,18.820685776860323,26.162372911396712,20.368007907499447,38.20289306348332,22.75502966542584,12.63135138971752
53.95000171383335,62.05100882836142,67.92535612252804,36.8103809464805,47.99720145407217,37.47332274107833,67.33781152167231,52.16581678863142
276.9252135233177,403.2518270952788,476.9776239933151,669.4862124460917,378.5872541767527,700.4936239514282,597.8967390623629,588.3375641498571
0.3201038337227414,3.1372106928029586,2.901850770266188,0.7963406062663051,0.894167961776141,1.0420104777208428,2.6260693152688326,4.488720626989999
2460.856676850466,1350.2350077298836,2084.744270973697,391.06255072127806,1388.3034070253998,-223.6588955178049,784.1160865522871,-101.4599057110438
0.0009330628546557,-0.0007694686528983,-3638.1381975850713,14005.711642274264,19350.03403189709,14909.655701515214,6753.455672613239,-200.00954776186185
589.6850339915611,-124.8418205269276,14258.701569498442,-2087.81980872948,3034.843355080005,1819.5393347719569,913.3263097810994,1256.4720564299168
-2021.96438409084,-282.40402078430265,-1793.2836641868962,5934.327714472281,851.0071928466962,-1208.628629503745,1011.287739738877,448.18282479803526
16.37485643710368,19.515831313617376,32.21367892558911,29.29554138939025,28.21470648949497,31.57927240393268,25.955895425111493,28.713189106905475
32.635085187065634,61.63118100197579,83.45967304777324,89.56877458623941,38.68840242830191,53.34369181433582,56.97506960021767,55.44007978905379
689.7163198875187,579.0764439067506,326.87876495863577,531.1063869748921,702.5311213419337,573.4129004493174,609.029883125191,456.134449056806
1.6599880170664096,1.3534902696154485,1.845044367692318,2.4774237969410744,2.682528177474511,3.1688766950027087,-0.0107057661999587,-1.2960126683221669
347.0902182543251,-115.06126540863292,480.51793701462486,1672.3155716167412,-395.2719302520579,995.289902308686,259.7210379804659,238.30468623282272
0.0017594361991437,0.000958756502965,2326.7041158431857,15055.380697931923,11695.008146517484,13410.357923362972,5569.665388205924,447.9419956402312
43.00861434963906,551.1725846811945,-460.4716525815141,1396.02394536054,1890.3910818739464,878.8525388537687,-3433.369348180854,929.1048073440824
-325.01526298437153,-55.41957454490088,-2855.096632350651,552.3817004692135,249.5094004516095,169.9007020401315,-1578.8538067013878,47.0313342831342
39.70825888116032,12.655247893121471,44.27359357944704,28.236347449395154,23.54847582933454,21.95701406620493,27.591736975626542,31.94591292658865
68.52651930005501,60.61484326003433,31.155295741510688,69.35750079292046,45.867191580799656,69.4636251019686,62.69265258141751,50.29400332070264
363.0991716823584,623.0593768618742,449.8746639843847,711.638085151514,903.5599155900264,562.1527669205757,348.18353655253765,329.3911348357031
1.6794349126966148,1.6078690727629412,1.9062245951250243,2.585598146410796,1.785557391120688,4.174380671720801,0.0289828150723432,2.2606552227633374
67.44402523252285,1609.6946414888057,-52.51252937511117,-799.8750124771451,450.0919069735962,744.4762460576376,-206.4532668695569,75.23849983093561
0.0007738565061315,0.0010024136483959,-3135.369221638396,18352.1867072267,16080.839383784443,15984.535881688502,-1774.5957241454523,278.3353338170841
10256.963799974728,294.2130690304048,4936.095292705477,68.22321672601731,3473.589497883939,3231.687418130995,-126.90996500411674,1105.8524328854498
-207.09630204224536,-48.37854664183211,-219.3395017776511,3014.854684506376,542.1151733844945,-495.8077803294191,-434.8967598537524,9.358164516437894
12.278872568821456,31.4924271107548,18.820685776860323,26.162372911396712,20.368007907499447,38.20289306348332,22.75502966542584,12.63135138971752
53.95000171383335,62.05100882836142,67.92535612252804,36.8103809464805,47.99720145407217,37.47332274107833,67.33781152167231,52.16581678863142
276.9252135233177,403.2518270952788,476.9776239933151,669.4862124460917,378.5872541767527,700.4936239514282,597.8967390623629,588.3375641498571
0.3201038337227414,3.1372106928029586,2.901850770266188,0.7963406062663051,0.894167961776141,1.0420104777208428,2.6260693152688326,4.488720626989999
2460.856676850466,1350.2350077298836,2084.744270973697,391.06255072127806,1388.3034070253998,-223.6588955178049,784.1160865522871,-101.4599057110438
0.0009330628546557,-0.0007694686528983,-3638.1381975850713,14005.711642274264,19350.03403189709,14909.655701515214,6753.455672613239,-200.00954776186185
589.6850339915611,-124.8418205269276,14258.701569498442,-2087.81980872948,3034.843355080005,1819.5393347719569,913.3263097810994,1256.4720564299168
-2021.96438409084,-282.40402078430265,-1793.2836641868962,5934.327714472281,851.0071928466962,-1208.628629503745,1011.287739738877,448.18282479803526
16.37485643710368,19.515831313617376,32.21367892558911,29.29554138939025,28.21470648949497,31.57927240393268,25.955895425111493,28.713189106905475
32.635085187065634,61.63118100197579,83.45967304777324,89.56877458623941,38.68840242830191,53.34369181433582,56.97506960021767,55.44007978905379
689.7163198875187,579.0764439067506,326.87876495863577,531.1063869748921,702.5311213419337,573.4129004493174,609.029883125191,456.134449056806
1.6599880170664096,1.3534902696154485,1.845044367692318,2.4774237969410744,2.682528177474511,3.1688766950027087,-0.0107057661999587,-1.2960126683221669
347.0902182543251,-115.06126540863292,480.51793701462486,1672.3155716167412,-395.2719302520579,995.289902308686,259.7210379804659,238.30468623282272
0.0017594361991437,0.000958756502965,2326.7041158431857,15055.380697931923,11695.008146517484,13410.357923362972,5569.665388205924,447.9419956402312
43.00861434963906,551.1725846811945,-460.4716525815141,1396.02394536054,1890.3910818739464,878.8525388537687,-3433.369348180854,929.1048073440824
-325.01526298437153,-55.41957454490088,-2855.096632350651,552.3817004692135,249.5094004516095,169.9007020401315,-1578.8538067013878,47.0313342831342
39.70825888116032,12.655247893121471,44.27359357944704,28.236347449395154,23.54847582933454,21.95701406620493,27.591736975626542,31.94591292658865
68.52651930005501,60.61484326003433,31.155295741510688,69.35750079292046,45.867191580799656,69.4636251019686,62.69265258141751,50.29400332070264
363.0991716823584,623.0593768618742,449.8746639843847,711.638085151514,903.5599155900264,562.1527669205757,348.18353655253765,329.3911348357031
1.6794349126966148,1.6078690727629412,1.9062245951250243,2.585598146410796,1.785557391120688,4.174380671720801,0.0289828150723432,2.2606552227633374
67.44402523252285,1609.6946414888057,-52.51252937511117,-799.8750124771451,450.0919069735962,744.4762460576376,-206.4532668695569,75.23849983093561
0.0007738565061315,0.0010024136483959,-3135.369221638396,18352.1867072267,16080.839383784443,15984.535881688502,-1774.5957241454523,278.3353338170841
10256.963799974728,294.2130690304048,4936.095292705477,68.22321672601731,3473.589497883939,3231.687418130995,-126.90996500411674,1105.8524328854498
-207.09630204224536,-48.37854664183211,-219.3395017776511,3014.854684506376,542.1151733844945,-495.8077803294191,-434.8967598537524,9.358164516437894
12.278872568821456,31.4924271107548,18.820685776860323,26.162372911396712,20.368007907499447,38.20289306348332,22.75502966542584,12.63135138971752
53.95000171383335,62.05100882836142,67.92535612252804,36.8103809464805,47.99720145407217,37.47332274107833,67.33781152167231,52.16581678863142
276.9252135233177,403.2518270952788,476.9776239933151,669.4862124460917,378.5872541767527,700.4936239514282,597.8967390623629,588.3375641498571
0.3201038337227414,3.1372106928029586,2.901850770266188,0.7963406062663051,0.894167961776141,1.0420104777208428,2.6260693152688326,4.488720626989999
2460.856676850466,1350.2350077298836,2084.744270973697,391.06255072127806,1388.3034070253998,-223.6588955178049,784.1160865522871,-101.4599057110438
0.0009330628546557,-0.0007694686528983,-3638.1381975850713,14005.711642274264,19350.03403189709,14909.655701515214,6753.455672613239,-200.00954776186185
589.6850339915611,-124.8418205269276,14258.701569498442,-2087.81980872948,3034.843355080005,1819.5393347719569,913.3263097810994,1256.4720564299168
-2021.96438409084,-282.40402078430265,-1793.2836641868962,5934.327714472281,851.0071928466962,-1208.628629503745,1011.287739738877,448.18282479803526
16.37485643710368,19.515831313617376,32.21367892558911,29.29554138939025,28.21470648949497,31.57927240393268,25.955895425111493,28.713189106905475
32.635085187065634,61.63118100197579,83.45967304777324,89.56877458623941,38.68840242830191,53.34369181433582,56.97506960021767,55.44007978905379
689.7163198875187,579.0764439067506,326.87876495863577,531.1063869748921,702.5311213419337,573.4129004493174,609.029883125191,456.134449056806
1.6599880170664096,1.3534902696154485,1.845044367692318,2.4774237969410744,2.682528177474511,3.1688766950027087,-0.0107057661999587,-1.2960126683221669
347.0902182543251,-115.06126540863292,480.51793701462486,1672.3155716167412,-395.2719302520579,995.289902308686,259.7210379804659,238.30468623282272
0.0017594361991437,0.000958756502965,2326.7041158431857,15055.380697931923,11695.008146517484,13410.357923362972,5569.665388205924,447.9419956402312
43.00861434963906,551.1725846811945,-460.4716525815141,1396.02394536054,1890.3910818739464,878.8525388537687,-3433.369348180854,929.1048073440824
-325.01526298437153,-55.41957454490088,-2855.096632350651,552.3817004692135,249.5094004516095,169.9007020401315,-1578.8538067013878,47.0313342831342
39.70825888116032,12.655247893121471,44.27359357944704,28.236347449395154,23.54847582933454,21.95701406620493,27.591736975626542,31.94591292658865
68.52651930005501,60.61484326003433,31.155295741510688,69.35750079292046,45.867191580799656,69.4636251019686,62.69265258141751,50.29400332070264
363.0991716823584,623.0593768618742,449.8746639843847,711.638085151514,903.5599155900264,562.1527669205757,348.18353655253765,329.3911348357031
1.6794349126966148,1.6078690727629412,1.9062245951250243,2.585598146410796,1.785557391120688,4.174380671720801,0.0289828150723432,2.2606552227633374
67.44402523252285,1609.6946414888057,-52.51252937511117,-799.8750124771451,450.0919069735962,744.4762460576376,-206.4532668695569,75.23849983093561
0.0007738565061315,0.0010024136483959,-3135.369221638396,18352.1867072267,16080.839383784443,15984.535881688502,-1774.5957241454523,278.3353338170841
10256.963799974728,294.2130690304048,4936.095292705477,68.22321672601731,3473.589497883939,3231.687418130995,-126.90996500411674,1105.8524328854498
-207.09630204224536,-48.37854664183211,-219.3395017776511,3014.854684506376,542.1151733844945,-495.8077803294191,-434.8967598537524,9.358164516437894
12.278872568821456,31.4924271107548,18.820685776860323,26.162372911396712,20.368007907499447,38.20289306348332,22.75502966542584,12.63135138971752
53.95000171383335,62.05100882836142,67.92535612252804,36.8103809464805,47.99720145407217,37.47332274107833,67.33781152167231,52.16581678863142
276.9252135233177,403.2518270952788,476.9776239933151,669.4862124460917,378.5872541767527,700.4936239514282,597.8967390623629,588.3375641498571
0.3201038337227414,3.1372106928029586,2.901850770266188,0.7963406062663051,0.894167961776141,1.0420104777208428,2.6260693152688326,4.488720626989999
2460.856676850466,1350.2350077298836,2084.744270973697,391.06255072127806,1388.3034070253998,-223.6588955178049,784.1160865522871,-101.4599057110438
0.0009330628546557,-0.0007694686528983,-3638.1381975850713,14005.711642274264,19350.03403189709,14909.655701515214,6753.455672613239,-200.00954776186185
589.6850339915611,-124.8418205269276,14258.701569498442,-2087.81980872948,3034.843355080005,1819.5393347719569,913.3263097810994,1256.4720564299168
-2021.96438409084,-282.40402078430265,-1793.2836641868962,5934.327714472281,851.0071928466962,-1208.628629503745,1011.287739738877,448.18282479803526
16.37485643710368,19.515831313617376,32.21367892558911,29.29554138939025,28.21470648949497,31.57927240393268,25.955895425111493,28.713189106905475
32.635085187065634,61.63118100197579,83.45967304777324,89.56877458623941,38.68840242830191,53.34369181433582,56.97506960021767,55.44007978905379
689.7163198875187,579.0764439067506,326.87876495863577,531.1063869748921,702.5311213419337,573.4129004493174,609.029883125191,456.134449056806
1.6599880170664096,1.3534902696154485,1.845044367692318,2.4774237969410744,2.682528177474511,3.1688766950027087,-0.0107057661999587,-1.2960126683221669
347.0902182543251,-115.06126540863292,480.51793701462486,1672.3155716167412,-395.2719302520579,995.289902308686,259.7210379804659,238.30468623282272
0.0017594361991437,0.000958756502965,2326.7041158431857,15055.380697931923,11695.008146517484,13410.357923362972,5569.665388205924,447.9419956402312
43.00861434963906,551.1725846811945,-460.4716525815141,1396.02394536054,1890.3910818739464,878.8525388537687,-3433.369348180854,929.1048073440824
-325.01526298437153,-55.41957454490088,-2855.096632350651,552.3817004692135,249.5094004516095,169.9007020401315,-1578.8538067013878,47.0313342831342
39.70825888116032,12.655247893121471,44.27359357944704,28.236347449395154,23.54847582933454,21.95701406620493,27.591736975626542,31.94591292658865
68.52651930005501,60.61484326003433,31.155295741510688,69.35750079292046,45.867191580799656,69.4636251019686,62.69265258141751,50.29400332070264
363.0991716823584,623.0593768618742,449.8746639843847,711.638085151514,903.5599155900264,562.1527669205757,348.18353655253765,329.3911348357031
1.6794349126966148,1.6078690727629412,1.9062245951250243,2.585598146410796,1.785557391120688,4.174380671720801,0.0289828150723432,2.2606552227633374
67.44402523252285,1609.6946414888057,-52.51252937511117,-799.8750124771451,450.0919069735962,744.4762460576376,-206.4532668695569,75.23849983093561
0.0007738565061315,0.0010024136483959,-3135.369221638396,18352.1867072267,16080.839383784443,15984.535881688502,-1774.5957241454523,278.3353338170841
10256.963799974728,294.2130690304048,4936.095292705477,68.22321672601731,3473.589497883939,3231.687418130995,-126.90996500411674,1105.8524328854498
-207.09630204224536,-48.37854664183211,-219.3395017776511,3014.854684506376,542.1151733844945,-495.8077803294191,-434.8967598537524,9.358164516437894
12.278872568821456,31.4924271107548,18.820685776860323,26.162372911396712,20.368007907499447,38.20289306348332,22.75502966542584,12.63135138971752
53.95000171383335,62.05100882836142,67.92535612252804,36.8103809464805,47.99720145407217,37.47332274107833,67.33781152167231,52.16581678863142
276.9252135233177,403.2518270952788,476.9776239933151,669.4862124460917,378.5872541767527,700.4936239514282,597.8967390623629,588.3375641498571
0.3201038337227414,3.1372106928029586,2.901850770266188,0.7963406062663051,0.894167961776141,1.0420104777208428,2.6260693152688326,4.488720626989999
2460.856676850466,1350.2350077298836,2084.744270973697,391.06255072127806,1388.3034070253998,-223.6588955178049,784.1160865522871,-101.4599057110438
0.0009330628546557,-0.0007694686528983,-3638.1381975850713,14005.711642274264,19350.03403189709,14909.655701515214,6753.455672613239,-200.00954776186185
589.6850339915611,-124.8418205269276,14258.701569498442,-2087.81980872948,3034.843355080005,1819.5393347719569,913.3263097810994,1256.4720564299168
-2021.96438409084,-282.40402078430265,-1793.2836641868962,5934.327714472281,851.0071928466962,-1208.628629503745,1011.287739738877,448.18282479803526
16.37485643710368,19.515831313617376,32.21367892558911,29.29554138939025,28.21470648949497,31.57927240393268,25.955895425111493,28.713189106905475
32.635085187065634,61.63118100197579,83.45967304777324,89.56877458623941,38.68840242830191,53.34369181433582,56.97506960021767,55.44007978905379
689.7163198875187,579.0764439067506,326.87876495863577,531.1063869748921,702.5311213419337,573.4129004493174,609.029883125191,456.134449056806
1.6599880170664096,1.3534902696154485,1.845044367692318,2.4774237969410744,2.682528177474511,3.1688766950027087,-0.0107057661999587,-1.2960126683221669
347.0902182543251,-115.06126540863292,480.51793701462486,1672.3155716167412,-395.2719302520579,995.289902308686,259.7210379804659,238.30468623282272
0.0017594361991437,0.000958756502965,2326.7041158431857,15055.380697931923,11695.008146517484,13410.357923362972,5569.665388205924,447.9419956402312
43.00861434963906,551.1725846811945,-460.4716525815141,1396.02394536054,1890.3910818739464,878.8525388537687,-3433.369348180854,929.1048073440824
-325.01526298437153,-55.41957454490088,-2855.096632350651,552.3817004692135,249.5094004516095,169.9007020401315,-1578.8538067013878,47.0313342831342
39.70825888116032,12.655247893121471,44.27359357944704,28.236347449395154,23.54847582933454,21.95701406620493,27.591736975626542,31.94591292658865
68.52651930005501,60.61484326003433,31.155295741510688,69.35750079292046,45.867191580799656,69.4636251019686,62.69265258141751,50.29400332070264
363.0991716823584,623.0593768618742,449.8746639843847,711.638085151514,903.5599155900264,562.1527669205757,348.18353655253765,329.3911348357031
1.6794349126966148,1.6078690727629412,1.9062245951250243,2.585598146410796,1.785557391120688,4.174380671720801,0.0289828150723432,2.2606552227633374
67.44402523252285,1609.6946414888057,-52.51252937511117,-799.8750124771451,450.0919069735962,744.4762460576376,-206.4532668695569,75.23849983093561
0.0007738565061315,0.0010024136483959,-3135.369221638396,18352.1867072267,16080.839383784443,15984.535881688502,-1774.5957241454523,278.3353338170841
10256.963799974728,294.2130690304048,4936.095292705477,68.22321672601731,3473.589497883939,3231.687418130995,-126.90996500411674,1105.8524328854498
-207.09630204224536,-48.37854664183211,-219.3395017776511,3014.854684506376,542.1151733844945,-495.8077803294191,-434.8967598537524,9.358164516437894
12.278872568821456,31.4924271107548,18.820685776860323,26.162372911396712,20.368007907499447,38.20289306348332,22.75502966542584,12.63135138971752
53.95000171383335,62.05100882836142,67.92535612252804,36.8103809464805,47.99720145407217,37.47332274107833,67.33781152167231,52.16581678863142
276.9252135233177,403.2518270952788,476.9776239933151,669.4862124460917,378.5872541767527,700.4936239514282,597.8967390623629,588.3375641498571
0.3201038337227414,3.1372106928029586,2.901850770266188,0.7963406062663051,0.894167961776141,1.0420104777208428,2.6260693152688326,4.488720626989999
2460.856676850466,1350.2350077298836,2084.744270973697,391.06255072127806,1388.3034070253998,-223.6588955178049,784.1160865522871,-101.4599057110438
0.0009330628546557,-0.0007694686528983,-3638.1381975850713,14005.711642274264,19350.03403189709,14909.655701515214,6753.455672613239,-200.00954776186185
589.6850339915611,-124.8418205269276,14258.701569498442,-2087.81980872948,3034.843355080005,1819.5393347719569,913.3263097810994,1256.4720564299168
-2021.96438409084,-282.40402078430265,-1793.2836641868962,5934.327714472281,851.0071928466962,-1208.628629503745,1011.287739738877,448.18282479803526
16.37485643710368,19.515831313617376,32.21367892558911,29.29554138939025,28.21470648949497,31.57927240393268,25.955895425111493,28.713189106905475
32.635085187065634,61.63118100197579,83.45967304777324,89.56877458623941,38.68840242830191,53.34369181433582,56.97506960021767,55.44007978905379
689.7163198875187,579.0764439067506,326.87876495863577,531.1063869748921,702.5311213419337,573.4129004493174,609.029883125191,456.134449056806
1.6599880170664096,1.3534902696154485,1.845044367692318,2.4774237969410744,2.682528177474511,3.1688766950027087,-0.0107057661999587,-1.2960126683221669
347.0902182543251,-115.06126540863292,480.51793701462486,1672.3155716167412,-395.2719302520579,995.289902308686,259.7210379804659,238.30468623282272
0.0017594361991437,0.000958756502965,2326.7041158431857,15055.380697931923,11695.008146517484,13410.357923362972,5569.665388205924,447.9419956402312
43.00861434963906,551.1725846811945,-460.4716525815141,1396.02394536054,1890.3910818739464,878.8525388537687,-3433.369348180854,929.1048073440824
-325.01526298437153,-55.41957454490088,-2855.096632350651,552.3817004692135,249.5094004516095,169.9007020401315,-1578.8538067013878,47.0313342831342
39.70825888116032,12.655247893121471,44.27359357944704,28.236347449395154,23.54847582933454,21.95701406620493,27.591736975626542,31.94591292658865
68.52651930005501,60.61484326003433,31.155295741510688,69.35750079292046,45.867191580799656,69.4636251019686,62.69265258141751,50.29400332070264
363.0991716823584,623.0593768618742,449.8746639843847,711.638085151514,903.5599155900264,562.1527669205757,348.18353655253765,329.3911348357031
1.6794349126966148,1.6078690727629412,1.9062245951250243,2.585598146410796,1.785557391120688,4.174380671720801,0.0289828150723432,2.2606552227633374
67.44402523252285,1609.6946414888057,-52.51252937511117,-799.8750124771451,450.0919069735962,744.4762460576376,-206.4532668695569,75.23849983093561
0.0007738565061315,0.0010024136483959,-3135.369221638396,18352.1867072267,16080.839383784443,15984.535881688502,-1774.5957241454523,278.3353338170841
10256.963799974728,294.2130690304048,4936.095292705477,68.22321672601731,3473.589497883939,3231.687418130995,-126.90996500411674,1105.8524328854498
-207.09630204224536,-48.37854664183211,-219.3395017776511,3014.854684506376,542.1151733844945,-495.8077803294191,-434.8967598537524,9.358164516437894
12.278872568821456,31.4924271107548,18.820685776860323,26.162372911396712,20.368007907499447,38.20289306348332,22.75502966542584,12.63135138971752
53.95000171383335,62.05100882836142,67.92535612252804,36.8103809464805,47.99720145407217,37.47332274107833,67.33781152167231,52.16581678863142
276.9252135233177,403.2518270952788,476.9776239933151,669.4862124460917,378.5872541767527,700.4936239514282,597.8967390623629,588.3375641498571
0.3201038337227414,3.1372106928029586,2.901850770266188,0.7963406062663051,0.894167961776141,1.0420104777208428,2.6260693152688326,4.488720626989999
2460.856676850466,1350.2350077298836,2084.744270973697,391.06255072127806,1388.3034070253998,-223.6588955178049,784.1160865522871,-101.4599057110438
0.0009330628546557,-0.0007694686528983,-3638.1381975850713,14005.711642274264,19350.03403189709,14909.655701515214,6753.455672613239,-200.00954776186185
589.6850339915611,-124.8418205269276,14258.701569498442,-2087.81980872948,3034.843355080005,1819.5393347719569,913.3263097810994,1256.4720564299168
-2021.96438409084,-282.40402078430265,-1793.2836641868962,5934.327714472281,851.0071928466962,-1208.628629503745,1011.287739738877,448.18282479803526
16.37485643710368,19.515831313617376,32.21367892558911,29.29554138939025,28.21470648949497,31.57927240393268,25.955895425111493,28.713189106905475
32.635085187065634,61.63118100197579,83.45967304777324,89.56877458623941,38.68840242830191,53.34369181433582,56.97506960021767,55.44007978905379
689.7163198875187,579.0764439067506,326.87876495863577,531.1063869748921,702.5311213419337,573.4129004493174,609.029883125191,456.134449056806
1.6599880170664096,1.3534902696154485,1.845044367692318,2.4774237969410744,2.682528177474511,3.1688766950027087,-0.0107057661999587,-1.2960126683221669
347.0902182543251,-115.06126540863292,480.51793701462486,1672.3155716167412,-395.2719302520579,995.289902308686,259.7210379804659,238.30468623282272
0.0017594361991437,0.000958756502965,2326.7041158431857,15055.380697931923,11695.008146517484,13410.357923362972,5569.665388205924,447.9419956402312
43.00861434963906,551.1725846811945,-460.4716525815141,1396.02394536054,1890.3910818739464,878.8525388537687,-3433.369348180854,929.1048073440824
-325.01526298437153,-55.41957454490088,-2855.096632350651,552.3817004692135,249.5094004516095,169.9007020401315,-1578.8538067013878,47.0313342831342
39.70825888116032,12.655247893121471,44.27359357944704,28.236347449395154,23.54847582933454,21.95701406620493,27.591736975626542,31.94591292658865
68.52651930005501,60.61484326003433,31.155295741510688,69.35750079292046,45.867191580799656,69.4636251019686,62.69265258141751,50.29400332070264
363.0991716823584,623.0593768618742,449.8746639843847,711.638085151514,903.5599155900264,562.1527669205757,348.18353655253765,329.3911348357031
1.6794349126966148,1.6078690727629412,1.9062245951250243,2.585598146410796,1.785557391120688,4.174380671720801,0.0289828150723432,2.2606552227633374
67.44402523252285,1609.6946414888057,-52.51252937511117,-799.8750124771451,450.0919069735962,744.4762460576376,-206.4532668695569,75.23849983093561
0.0007738565061315,0.0010024136483959,-3135.369221638396,18352.1867072267,16080.839383784443,15984.535881688502,-1774.5957241454523,278.3353338170841
10256.963799974728,294.2130690304048,4936.095292705477,68.22321672601731,3473.589497883939,3231.687418130995,-126.90996500411674,1105.8524328854498
-207.09630204224536,-48.37854664183211,-219.3395017776511,3014.854684506376,542.1151733844945,-495.8077803294191,-434.8967598537524,9.358164516437894
12.278872568821456,31.4924271107548,18.820685776860323,26.162372911396712,20.368007907499447,38.20289306348332,22.75502966542584,12.63135138971752
53.95000171383335,62.05100882836142,67.92535612252804,36.8103809464805,47.99720145407217,37.47332274107833,67.33781152167231,52.16581678863142
276.9252135233177,403.2518270952788,476.9776239933151,669.4862124460917,378.5872541767527,700.4936239514282,597.8967390623629,588.3375641498571
0.3201038337227414,3.1372106928029586,2.901850770266188,0.7963406062663051,0.894167961776141,1.0420104777208428,2.6260693152688326,4.488720626989999
2460.856676850466,1350.2350077298836,2084.744270973697,391.06255072127806,1388.3034070253998,-223.6588955178049,784.1160865522871,-101.4599057110438
0.0009330628546557,-0.0007694686528983,-3638.1381975850713,14005.711642274264,19350.03403189709,14909.655701515214,6753.455672613239,-200.00954776186185
589.6850339915611,-124.8418205269276,14258.701569498442,-2087.81980872948,3034.843355080005,1819.5393347719569,913.3263097810994,1256.4720564299168
-2021.96438409084,-282.40402078430265,-1793.2836641868962,5934.327714472281,851.0071928466962,-1208.628629503745,1011.287739738877,448.18282479803526
16.37485643710368,19.515831313617376,32.21367892558911,29.29554138939025,28.21470648949497,31.57927240393268,25.955895425111493,28.713189106905475
32.635085187065634,61.63118100197579,83.45967304777324,89.56877458623941,38.68840242830191,53.34369181433582,56.97506960021767,55.44007978905379
689.7163198875187,579.0764439067506,326.87876495863577,531.1063869748921,702.5311213419337,573.4129004493174,609.029883125191,456.134449056806
1.6599880170664096,1.3534902696154485,1.845044367692318,2.4774237969410744,2.682528177474511,3.1688766950027087,-0.0107057661999587,-1.2960126683221669
347.0902182543251,-115.06126540863292,480.51793701462486,1672.3155716167412,-395.2719302520579,995.289902308686,259.7210379804659,238.30468623282272
0.0017594361991437,0.000958756502965,2326.7041158431857,15055.380697931923,11695.008146517484,13410.357923362972,5569.665388205924,447.9419956402312
43.00861434963906,551.1725846811945,-460.4716525815141,1396.02394536054,1890.3910818739464,878.8525388537687,-3433.369348180854,929.1048073440824
-325.01526298437153,-55.41957454490088,-2855.096632350651,552.3817004692135,249.5094004516095,169.9007020401315,-1578.8538067013878,47.0313342831342
39.70825888116032,12.655247893121471,44.27359357944704,28.236347449395154,23.54847582933454,21.95701406620493,27.591736975626542,31.94591292658865
68.52651930005501,60.61484326003433,31.155295741510688,69.35750079292046,45.867191580799656,69.4636251019686,62.69265258141751,50.29400332070264
363.0991716823584,623.0593768618742,449.8746639843847,711.638085151514,903.5599155900264,562.1527669205757,348.18353655253765,329.3911348357031
1.6794349126966148,1.6078690727629412,1.9062245951250243,2.585598146410796,1.785557391120688,4.174380671720801,0.0289828150723432,2.2606552227633374
67.44402523252285,1609.6946414888057,-52.51252937511117,-799.8750124771451,450.0919069735962,744.4762460576376,-206.4532668695569,75.23849983093561
0.0007738565061315,0.0010024136483959,-3135.369221638396,18352.1867072267,16080.839383784443,15984.535881688502,-1774.5957241454523,278.3353338170841
10256.963799974728,294.2130690304048,4936.095292705477,68.22321672601731,3473.589497883939,3231.687418130995,-126.90996500411674,1105.8524328854498
-207.09630204224536,-48.37854664183211,-219.3395017776511,3014.854684506376,542.1151733844945,-495.8077803294191,-434.8967598537524,9.358164516437894
12.278872568821456,31.4924271107548,18.820685776860323,26.162372911396712,20.368007907499447,38.20289306348332,22.75502966542584,12.63135138971752
53.95000171383335,62.05100882836142,67.92535612252804,36.8103809464805,47.99720145407217,37.47332274107833,67.33781152167231,52.16581678863142
276.9252135233177,403.2518270952788,476.9776239933151,669.4862124460917,378.5872541767527,700.4936239514282,597.8967390623629,588.3375641498571
0.3201038337227414,3.1372106928029586,2.901850770266188,0.7963406062663051,0.894167961776141,1.0420104777208428,2.6260693152688326,4.488720626989999
2460.856676850466,1350.2350077298836,2084.744270973697,391.06255072127806,1388.3034070253998,-223.6588955178049,784.1160865522871,-101.4599057110438
0.0009330628546557,-0.0007694686528983,-3638.1381975850713,14005.711642274264,19350.03403189709,14909.655701515214,6753.455672613239,-200.00954776186185
589.6850339915611,-124.8418205269276,14258.701569498442,-2087.81980872948,3034.843355080005,1819.5393347719569,913.3263097810994,1256.4720564299168
-2021.96438409084,-282.40402078430265,-1793.2836641868962,5934.327714472281,851.0071928466962,-1208.628629503745,1011.287739738877,448.18282479803526
16.37485643710368,19.515831313617376,32.21367892558911,29.29554138939025,28.21470648949497,31.57927240393268,25.955895425111493,28.713189106905475
32.635085187065634,61.63118100197579,83.45967304777324,89.56877458623941,38.68840242830191,53.34369181433582,56.97506960021767,55.44007978905379
689.7163198875187,579.0764439067506,326.87876495863577,531.1063869748921,702.5311213419337,573.4129004493174,609.029883125191,456.134449056806
1.6599880170664096,1.3534902696154485,1.845044367692318,2.4774237969410744,2.682528177474511,3.1688766950027087,-0.0107057661999587,-1.2960126683221669
347.0902182543251,-115.06126540863292,480.51793701462486,1672.3155716167412,-395.2719302520579,995.289902308686,259.7210379804659,238.30468623282272
0.0017594361991437,0.000958756502965,2326.7041158431857,15055.380697931923,11695.008146517484,13410.357923362972,5569.665388205924,447.9419956402312
43.00861434963906,551.1725846811945,-460.4716525815141,1396.02394536054,1890.3910818739464,878.8525388537687,-3433.369348180854,929.1048073440824
-325.01526298437153,-55.41957454490088,-2855.096632350651,552.3817004692135,249.5094004516095,169.9007020401315,-1578.8538067013878,47.0313342831342
39.70825888116032,12.655247893121471,44.27359357944704,28.236347449395154,23.54847582933454,21.95701406620493,27.591736975626542,31.94591292658865
68.52651930005501,60.61484326003433,31.155295741510688,69.35750079292046,45.867191580799656,69.4636251019686,62.69265258141751,50.29400332070264
363.0991716823584,623.0593768618742,449.8746639843847,711.638085151514,903.5599155900264,562.1527669205757,348.18353655253765,329.3911348357031
1.6794349126966148,1.6078690727629412,1.9062245951250243,2.585598146410796,1.785557391120688,4.174380671720801,0.0289828150723432,2.2606552227633374
67.44402523252285,1609.6946414888057,-52.51252937511117,-799.8750124771451,450.0919069735962,744.4762460576376,-206.4532668695569,75.23849983093561
0.0007738565061315,0.0010024136483959,-3135.369221638396,18352.1867072267,16080.839383784443,15984.535881688502,-1774.5957241454523,278.3353338170841
10256.963799974728,294.2130690304048,4936.095292705477,68.22321672601731,3473.589497883939,3231.687418130995,-126.90996500411674,1105.8524328854498
-207.09630204224536,-48.37854664183211,-219.3395017776511,3014.854684506376,542.1151733844945,-495.8077803294191,-434.8967598537524,9.358164516437894
12.278872568821456,31.4924271107548,18.820685776860323,26.162372911396712,20.368007907499447,38.20289306348332,22.75502966542584,12.63135138971752
53.95000171383335,62.05100882836142,67.92535612252804,36.8103809464805,47.99720145407217,37.47332274107833,67.33781152167231,52.16581678863142
276.9252135233177,403.2518270952788,476.9776239933151,669.4862124460917,378.5872541767527,700.4936239514282,597.8967390623629,588.3375641498571
0.3201038337227414,3.1372106928029586,2.901850770266188,0.7963406062663051,0.894167961776141,1.0420104777208428,2.6260693152688326,4.488720626989999
2460.856676850466,1350.2350077298836,2084.744270973697,391.06255072127806,1388.3034070253998,-223.6588955178049,784.1160865522871,-101.4599057110438
0.0009330628546557,-0.0007694686528983,-3638.1381975850713,14005.711642274264,19350.03403189709,14909.655701515214,6753.455672613239,-200.00954776186185
589.6850339915611,-124.8418205269276,14258.701569498442,-2087.81980872948,3034.843355080005,1819.5393347719569,913.3263097810994,1256.4720564299168
-2021.96438409084,-282.40402078430265,-1793.2836641868962,5934.327714472281,851.0071928466962,-1208.628629503745,1011.287739738877,448.18282479803526
16.37485643710368,19.515831313617376,32.21367892558911,29.29554138939025,28.21470648949497,31.57927240393268,25.955895425111493,28.713189106905475
32.635085187065634,61.63118100197579,83.45967304777324,89.56877458623941,38.68840242830191,53.34369181433582,56.97506960021767,55.44007978905379
689.7163198875187,579.0764439067506,326.87876495863577,531.1063869748921,702.5311213419337,573.4129004493174,609.029883125191,456.134449056806
1.6599880170664096,1.3534902696154485,1.845044367692318,2.4774237969410744,2.682528177474511,3.1688766950027087,-0.0107057661999587,-1.2960126683221669
347.0902182543251,-115.06126540863292,480.51793701462486,1672.3155716167412,-395.2719302520579,995.289902308686,259.7210379804659,238.30468623282272
0.0017594361991437,0.000958756502965,2326.7041158431857,15055.380697931923,11695.008146517484,13410.357923362972,5569.665388205924,447.9419956402312
43.00861434963906,551.1725846811945,-460.4716525815141,1396.02394536054,1890.3910818739464,878.8525388537687,-3433.369348180854,929.1048073440824
-325.01526298437153,-55.41957454490088,-2855.096632350651,552.3817004692135,249.5094004516095,169.9007020401315,-1578.8538067013878,47.0313342831342
39.70825888116032,12.655247893121471,44.27359357944704,28.236347449395154,23.54847582933454,21.95701406620493,27.591736975626542,31.94591292658865
68.52651930005501,60.61484326003433,31.155295741510688,69.35750079292046,45.867191580799656,69.4636251019686,62.69265258141751,50.29400332070264
363.0991716823584,623.0593768618742,449.8746639843847,711.638085151514,903.5599155900264,562.1527669205757,348.18353655253765,329.3911348357031
1.6794349126966148,1.6078690727629412,1.9062245951250243,2.585598146410796,1.785557391120688,4.174380671720801,0.0289828150723432,2.2606552227633374
67.44402523252285,1609.6946414888057,-52.51252937511117,-799.8750124771451,450.0919069735962,744.4762460576376,-206.4532668695569,75.23849983093561
0.0007738565061315,0.0010024136483959,-3135.369221638396,18352.1867072267,16080.839383784443,15984.535881688502,-1774.5957241454523,278.3353338170841
10256.963799974728,294.2130690304048,4936.095292705477,68.22321672601731,3473.589497883939,3231.687418130995,-126.90996500411674,1105.8524328854498
-207.09630204224536,-48.37854664183211,-219.3395017776511,3014.854684506376,542.1151733844945,-495.8077803294191,-434.8967598537524,9.358164516437894
12.278872568821456,31.4924271107548,18.820685776860323,26.162372911396712,20.368007907499447,38.20289306348332,22.75502966542584,12.63135138971752
53.95000171383335,62.05100882836142,67.92535612252804,36.8103809464805,47.99720145407217,37.47332274107833,67.33781152167231,52.16581678863142
276.9252135233177,403.2518270952788,476.9776239933151,669.4862124460917,378.5872541767527,700.4936239514282,597.8967390623629,588.3375641498571
0.3201038337227414,3.1372106928029586,2.901850770266188,0.7963406062663051,0.894167961776141,1.0420104777208428,2.6260693152688326,4.488720626989999
2460.856676850466,1350.2350077298836,2084.744270973697,391.06255072127806,1388.3034070253998,-223.6588955178049,784.1160865522871,-101.4599057110438
0.0009330628546557,-0.0007694686528983,-3638.1381975850713,14005.711642274264,19350.03403189709,14909.655701515214,6753.455672613239,-200.00954776186185
589.6850339915611,-124.8418205269276,14258.701569498442,-2087.81980872948,3034.843355080005,1819.5393347719569,913.3263097810994,1256.4720564299168
-2021.96438409084,-282.40402078430265,-1793.2836641868962,5934.327714472281,851.0071928466962,-1208.628629503745,1011.287739738877,448.18282479803526
16.37485643710368,19.515831313617376,32.21367892558911,29.29554138939025,28.21470648949497,31.57927240393268,25.955895425111493,28.713189106905475
32.635085187065634,61.63118100197579,83.45967304777324,89.56877458623941,38.68840242830191,53.34369181433582,56.97506960021767,55.44007978905379
689.7163198875187,579.0764439067506,326.87876495863577,531.1063869748921,702.5311213419337,573.4129004493174,609.029883125191,456.134449056806
1.6599880170664096,1.3534902696154485,1.845044367692318,2.4774237969410744,2.682528177474511,3.1688766950027087,-0.0107057661999587,-1.2960126683221669
347.0902182543251,-115.06126540863292,480.51793701462486,1672.3155716167412,-395.2719302520579,995.289902308686,259.7210379804659,238.30468623282272
0.0017594361991437,0.000958756502965,2326.7041158431857,15055.380697931923,11695.008146517484,13410.357923362972,5569.665388205924,447.9419956402312
43.00861434963906,551.1725846811945,-460.4716525815141,1396.02394536054,1890.3910818739464,878.8525388537687,-3433.369348180854,929.1048073440824
-325.01526298437153,-55.41957454490088,-2855.096632350651,552.3817004692135,249.5094004516095,169.9007020401315,-1578.8538067013878,47.0313342831342
39.70825888116032,12.655247893121471,44.27359357944704,28.236347449395154,23.54847582933454,21.95701406620493,27.591736975626542,31.94591292658865
68.52651930005501,60.61484326003433,31.155295741510688,69.35750079292046,45.867191580799656,69.4636251019686,62.69265258141751,50.29400332070264
363.0991716823584,623.0593768618742,449.8746639843847,711.638085151514,903.5599155900264,562.1527669205757,348.18353655253765,329.3911348357031
1.6794349126966148,1.6078690727629412,1.9062245951250243,2.585598146410796,1.785557391120688,4.174380671720801,0.0289828150723432,2.2606552227633374
67.44402523252285,1609.6946414888057,-52.51252937511117,-799.8750124771451,450.0919069735962,744.4762460576376,-206.4532668695569,75.23849983093561
0.0007738565061315,0.0010024136483959,-3135.369221638396,18352.1867072267,16080.839383784443,15984.535881688502,-1774.5957241454523,278.3353338170841
10256.963799974728,294.2130690304048,4936.095292705477,68.22321672601731,3473.589497883939,3231.687418130995,-126.90996500411674,1105.8524328854498
-207.09630204224536,-48.37854664183211,-219.3395017776511,3014.854684506376,542.1151733844945,-495.8077803294191,-434.8967598537524,9.358164516437894
12.278872568821456,31.4924271107548,18.820685776860323,26.162372911396712,20.368007907499447,38.20289306348332,22.75502966542584,12.63135138971752
53.95000171383335,62.05100882836142,67.92535612252804,36.8103809464805,47.99720145407217,37.47332274107833,67.33781152167231,52.16581678863142
276.9252135233177,403.2518270952788,476.9776239933151,669.4862124460917,378.5872541767527,700.4936239514282,597.8967390623629,588.3375641498571
0.3201038337227414,3.1372106928029586,2.901850770266188,0.7963406062663051,0.894167961776141,1.0420104777208428,2.6260693152688326,4.488720626989999
2460.856676850466,1350.2350077298836,2084.744270973697,391.06255072127806,1388.3034070253998,-223.6588955178049,784.1160865522871,-101.4599057110438
0.0009330628546557,-0.0007694686528983,-3638.1381975850713,14005.711642274264,19350.03403189709,14909.655701515214,6753.455672613239,-200.00954776186185
589.6850339915611,-124.8418205269276,14258.701569498442,-2087.81980872948,3034.843355080005,1819.5393347719569,913.3263097810994,1256.4720564299168
-2021.96438409084,-282.40402078430265,-1793.2836641868962,5934.327714472281,851.0071928466962,-1208.628629503745,1011.287739738877,448.18282479803526
16.37485643710368,19.515831313617376,32.21367892558911,29.29554138939025,28.21470648949497,31.57927240393268,25.955895425111493,28.713189106905475
32.635085187065634,61.63118100197579,83.45967304777324,89.56877458623941,38.68840242830191,53.34369181433582,56.97506960021767,55.44007978905379
689.7163198875187,579.0764439067506,326.87876495863577,531.1063869748921,702.5311213419337,573.4129004493174,609.029883125191,456.134449056806
1.6599880170664096,1.3534902696154485,1.845044367692318,2.4774237969410744,2.682528177474511,3.1688766950027087,-0.0107057661999587,-1.2960126683221669
347.0902182543251,-115.06126540863292,480.51793701462486,1672.3155716167412,-395.2719302520579,995.289902308686,259.7210379804659,238.30468623282272
0.0017594361991437,0.000958756502965,2326.7041158431857,15055.380697931923,11695.008146517484,13410.357923362972,5569.665388205924,447.9419956402312
43.00861434963906,551.1725846811945,-460.4716525815141,1396.02394536054,1890.3910818739464,878.8525388537687,-3433.369348180854,929.1048073440824
-325.01526298437153,-55.41957454490088,-2855.096632350651,552.3817004692135,249.5094004516095,169.9007020401315,-1578.8538067013878,47.0313342831342
39.70825888116032,12.655247893121471,44.27359357944704,28.236347449395154,23.54847582933454,21.95701406620493,27.591736975626542,31.94591292658865
68.52651930005501,60.61484326003433,31.155295741510688,69.35750079292046,45.867191580799656,69.4636251019686,62.69265258141751,50.29400332070264
363.0991716823584,623.0593768618742,449.8746639843847,711.638085151514,903.5599155900264,562.1527669205757,348.18353655253765,329.3911348357031
1.6794349126966148,1.6078690727629412,1.9062245951250243,2.585598146410796,1.785557391120688,4.174380671720801,0.0289828150723432,2.2606552227633374
67.44402523252285,1609.6946414888057,-52.51252937511117,-799.8750124771451,450.0919069735962,744.4762460576376,-206.4532668695569,75.23849983093561
0.0007738565061315,0.0010024136483959,-3135.369221638396,18352.1867072267,16080.839383784443,15984.535881688502,-1774.5957241454523,278.3353338170841
10256.963799974728,294.2130690304048,4936.095292705477,68.22321672601731,3473.589497883939,3231.687418130995,-126.90996500411674,1105.8524328854498
-207.09630204224536,-48.37854664183211,-219.3395017776511,3014.854684506376,542.1151733844945,-495.8077803294191,-434.8967598537524,9.358164516437894
12.278872568821456,31.4924271107548,18.820685776860323,26.162372911396712,20.368007907499447,38.20289306348332,22.75502966542584,12.63135138971752
53.95000171383335,62.05100882836142,67.92535612252804,36.8103809464805,47.99720145407217,37.47332274107833,67.33781152167231,52.16581678863142
276.9252135233177,403.2518270952788,476.9776239933151,669.4862124460917,378.5872541767527,700.4936239514282,597.8967390623629,588.3375641498571
0.3201038337227414,3.1372106928029586,2.901850770266188,0.7963406062663051,0.894167961776141,1.0420104777208428,2.6260693152688326,4.488720626989999
2460.856676850466,1350.2350077298836,2084.744270973697,391.06255072127806,1388.3034070253998,-223.6588955178049,784.1160865522871,-101.4599057110438
0.0009330628546557,-0.0007694686528983,-3638.1381975850713,14005.711642274264,19350.03403189709,14909.655701515214,6753.455672613239,-200.00954776186185
589.6850339915611,-124.8418205269276,14258.701569498442,-2087.81980872948,3034.843355080005,1819.5393347719569,913.3263097810994,1256.4720564299168
-2021.96438409084,-282.40402078430265,-1793.2836641868962,5934.327714472281,851.0071928466962,-1208.628629503745,1011.287739738877,448.18282479803526
16.37485643710368,19.515831313617376,32.21367892558911,29.29554138939025,28.21470648949497,31.57927240393268,25.955895425111493,28.713189106905475
32.635085187065634,61.63118100197579,83.45967304777324,89.56877458623941,38.68840242830191,53.34369181433582,56.97506960021767,55.44007978905379
689.7163198875187,579.0764439067506,326.87876495863577,531.1063869748921,702.5311213419337,573.4129004493174,609.029883125191,456.134449056806
1.6599880170664096,1.3534902696154485,1.845044367692318,2.4774237969410744,2.682528177474511,3.1688766950027087,-0.0107057661999587,-1.2960126683221669
347.0902182543251,-115.06126540863292,480.51793701462486,1672.3155716167412,-395.2719302520579,995.289902308686,259.7210379804659,238.30468623282272
0.0017594361991437,0.000958756502965,2326.7041158431857,15055.380697931923,11695.008146517484,13410.357923362972,5569.665388205924,447.9419956402312
43.00861434963906,551.1725846811945,-460.4716525815141,1396.02394536054,1890.3910818739464,878.8525388537687,-3433.369348180854,929.1048073440824
-325.01526298437153,-55.41957454490088,-2855.096632350651,552.3817004692135,249.5094004516095,169.9007020401315,-1578.8538067013878,47.0313342831342
39.70825888116032,12.655247893121471,44.27359357944704,28.236347449395154,23.54847582933454,21.95701406620493,27.591736975626542,31.94591292658865
68.52651930005501,60.61484326003433,31.155295741510688,69.35750079292046,45.867191580799656,69.4636251019686,62.69265258141751,50.29400332070264
363.0991716823584,623.0593768618742,449.8746639843847,711.638085151514,903.5599155900264,562.1527669205757,348.18353655253765,329.3911348357031
1.6794349126966148,1.6078690727629412,1.9062245951250243,2.585598146410796,1.785557391120688,4.174380671720801,0.0289828150723432,2.2606552227633374
67.44402523252285,1609.6946414888057,-52.51252937511117,-799.8750124771451,450.0919069735962,744.4762460576376,-206.4532668695569,75.23849983093561
0.0007738565061315,0.0010024136483959,-3135.369221638396,18352.1867072267,16080.839383784443,15984.535881688502,-1774.5957241454523,278.3353338170841
10256.963799974728,294.2130690304048,4936.095292705477,68.22321672601731,3473.589497883939,3231.687418130995,-126.90996500411674,1105.8524328854498
-207.09630204224536,-48.37854664183211,-219.3395017776511,3014.854684506376,542.1151733844945,-495.8077803294191,-434.8967598537524,9.358164516437894
12.278872568821456,31.4924271107548,18.820685776860323,26.162372911396712,20.368007907499447,38.20289306348332,22.75502966542584,12.63135138971752
53.95000171383335,62.05100882836142,67.92535612252804,36.8103809464805,47.99720145407217,37.47332274107833,67.33781152167231,52.16581678863142
276.9252135233177,403.2518270952788,476.9776239933151,669.4862124460917,378.5872541767527,700.4936239514282,597.8967390623629,588.3375641498571
0.3201038337227414,3.1372106928029586,2.901850770266188,0.7963406062663051,0.894167961776141,1.0420104777208428,2.6260693152688326,4.488720626989999
2460.856676850466,1350.2350077298836,2084.744270973697,391.06255072127806,1388.3034070253998,-223.6588955178049,784.1160865522871,-101.4599057110438
0.0009330628546557,-0.0007694686528983,-3638.1381975850713,14005.711642274264,19350.03403189709,14909.655701515214,6753.455672613239,-200.00954776186185
589.6850339915611,-124.8418205269276,14258.701569498442,-2087.81980872948,3034.843355080005,1819.5393347719569,913.3263097810994,1256.4720564299168
-2021.96438409084,-282.40402078430265,-1793.2836641868962,5934.327714472281,851.0071928466962,-1208.628629503745,1011.287739738877,448.18282479803526
16.37485643710368,19.515831313617376,32.21367892558911,29.29554138939025,28.21470648949497,31.57927240393268,25.955895425111493,28.713189106905475
32.635085187065634,61.63118100197579,83.45967304777324,89.56877458623941,38.68840242830191,53.34369181433582,56.97506960021767,55.44007978905379
689.7163198875187,579.0764439067506,326.87876495863577,531.1063869748921,702.5311213419337,573.4129004493174,609.029883125191,456.134449056806
1.6599880170664096,1.3534902696154485,1.845044367692318,2.4774237969410744,2.682528177474511,3.1688766950027087,-0.0107057661999587,-1.2960126683221669
347.0902182543251,-115.06126540863292,480.51793701462486,1672.3155716167412,-395.2719302520579,995.289902308686,259.7210379804659,238.30468623282272
0.0017594361991437,0.000958756502965,2326.7041158431857,15055.380697931923,11695.008146517484,13410.357923362972,5569.665388205924,447.9419956402312
43.00861434963906,551.1725846811945,-460.4716525815141,1396.02394536054,1890.3910818739464,878.8525388537687,-3433.369348180854,929.1048073440824
-325.01526298437153,-55.41957454490088,-2855.096632350651,552.3817004692135,249.5094004516095,169.9007020401315,-1578.8538067013878,47.0313342831342
39.70825888116032,12.655247893121471,44.27359357944704,28.236347449395154,23.54847582933454,21.95701406620493,27.591736975626542,31.94591292658865
68.52651930005501,60.61484326003433,31.155295741510688,69.35750079292046,45.867191580799656,69.4636251019686,62.69265258141751,50.29400332070264
363.0991716823584,623.0593768618742,449.8746639843847,711.638085151514,903.5599155900264,562.1527669205757,348.18353655253765,329.3911348357031
1.6794349126966148,1.6078690727629412,1.9062245951250243,2.585598146410796,1.785557391120688,4.174380671720801,0.0289828150723432,2.2606552227633374
67.44402523252285,1609.6946414888057,-52.51252937511117,-799.8750124771451,450.0919069735962,744.4762460576376,-206.4532668695569,75.23849983093561
0.0007738565061315,0.0010024136483959,-3135.369221638396,18352.1867072267,16080.839383784443,15984.535881688502,-1774.5957241454523,278.3353338170841
10256.963799974728,294.2130690304048,4936.095292705477,68.22321672601731,3473.589497883939,3231.687418130995,-126.90996500411674,1105.8524328854498
-207.09630204224536,-48.37854664183211,-219.3395017776511,3014.854684506376,542.1151733844945,-495.8077803294191,-434.8967598537524,9.358164516437894
12.278872568821456,31.4924271107548,18.820685776860323,26.162372911396712,20.368007907499447,38.20289306348332,22.75502966542584,12.63135138971752
53.95000171383335,62.05100882836142,67.92535612252804,36.8103809464805,47.99720145407217,37.47332274107833,67.33781152167231,52.16581678863142
276.9252135233177,403.2518270952788,476.9776239933151,669.4862124460917,378.5872541767527,700.4936239514282,597.8967390623629,588.3375641498571
0.3201038337227414,3.1372106928029586,2.901850770266188,0.7963406062663051,0.894167961776141,1.0420104777208428,2.6260693152688326,4.488720626989999
2460.856676850466,1350.2350077298836,2084.744270973697,391.06255072127806,1388.3034070253998,-223.6588955178049,784.1160865522871,-101.4599057110438
0.0009330628546557,-0.0007694686528983,-3638.1381975850713,14005.711642274264,19350.03403189709,14909.655701515214,6753.455672613239,-200.00954776186185
589.6850339915611,-124.8418205269276,14258.701569498442,-2087.81980872948,3034.843355080005,1819.5393347719569,913.3263097810994,1256.4720564299168
-2021.96438409084,-282.40402078430265,-1793.2836641868962,5934.327714472281,851.0071928466962,-1208.628629503745,1011.287739738877,448.18282479803526
16.37485643710368,19.515831313617376,32.21367892558911,29.29554138939025,28.21470648949497,31.57927240393268,25.955895425111493,28.713189106905475
32.635085187065634,61.63118100197579,83.45967304777324,89.56877458623941,38.68840242830191,53.34369181433582,56.97506960021767,55.44007978905379
689.7163198875187,579.0764439067506,326.87876495863577,531.1063869748921,702.5311213419337,573.4129004493174,609.029883125191,456.134449056806
1.6599880170664096,1.3534902696154485,1.845044367692318,2.4774237969410744,2.682528177474511,3.1688766950027087,-0.0107057661999587,-1.2960126683221669
347.0902182543251,-115.06126540863292,480.51793701462486,1672.3155716167412,-395.2719302520579,995.289902308686,259.7210379804659,238.30468623282272
0.0017594361991437,0.000958756502965,2326.7041158431857,15055.380697931923,11695.008146517484,13410.357923362972,5569.665388205924,447.9419956402312
43.00861434963906,551.1725846811945,-460.4716525815141,1396.02394536054,1890.3910818739464,878.8525388537687,-3433.369348180854,929.1048073440824
-325.01526298437153,-55.41957454490088,-2855.096632350651,552.3817004692135,249.5094004516095,169.9007020401315,-1578.8538067013878,47.0313342831342
39.70825888116032,12.655247893121471,44.27359357944704,28.236347449395154,23.54847582933454,21.95701406620493,27.591736975626542,31.94591292658865
68.52651930005501,60.61484326003433,31.155295741510688,69.35750079292046,45.867191580799656,69.4636251019686,62.69265258141751,50.29400332070264
363.0991716823584,623.0593768618742,449.8746639843847,711.638085151514,903.5599155900264,562.1527669205757,348.18353655253765,329.3911348357031
1.6794349126966148,1.6078690727629412,1.9062245951250243,2.585598146410796,1.785557391120688,4.174380671720801,0.0289828150723432,2.2606552227633374
67.44402523252285,1609.6946414888057,-52.51252937511117,-799.8750124771451,450.0919069735962,744.4762460576376,-206.4532668695569,75.23849983093561
0.0007738565061315,0.0010024136483959,-3135.369221638396,18352.1867072267,16080.839383784443,15984.535881688502,-1774.5957241454523,278.3353338170841
10256.963799974728,294.2130690304048,4936.095292705477,68.22321672601731,3473.589497883939,3231.687418130995,-126.90996500411674,1105.8524328854498
-207.09630204224536,-48.37854664183211,-219.3395017776511,3014.854684506376,542.1151733844945,-495.8077803294191,-434.8967598537524,9.358164516437894
12.278872568821456,31.4924271107548,18.820685776860323,26.162372911396712,20.368007907499447,38.20289306348332,22.75502966542584,12.63135138971752
53.95000171383335,62.05100882836142,67.92535612252804,36.8103809464805,47.99720145407217,37.47332274107833,67.33781152167231,52.16581678863142
276.9252135233177,403.2518270952788,476.9776239933151,669.4862124460917,378.5872541767527,700.4936239514282,597.8967390623629,588.3375641498571
0.3201038337227414,3.1372106928029586,2.901850770266188,0.7963406062663051,0.894167961776141,1.0420104777208428,2.6260693152688326,4.488720626989999
2460.856676850466,1350.2350077298836,2084.744270973697,391.06255072127806,1388.3034070253998,-223.6588955178049,784.1160865522871,-101.4599057110438
0.0009330628546557,-0.0007694686528983,-3638.1381975850713,14005.711642274264,19350.03403189709,14909.655701515214,6753.455672613239,-200.00954776186185
589.6850339915611,-124.8418205269276,14258.701569498442,-2087.81980872948,3034.843355080005,1819.5393347719569,913.3263097810994,1256.4720564299168
-2021.96438409084,-282.40402078430265,-1793.2836641868962,5934.327714472281,851.0071928466962,-1208.628629503745,1011.287739738877,448.18282479803526
16.37485643710368,19.515831313617376,32.21367892558911,29.29554138939025,28.21470648949497,31.57927240393268,25.955895425111493,28.713189106905475
32.635085187065634,61.63118100197579,83.45967304777324,89.56877458623941,38.68840242830191,53.34369181433582,56.97506960021767,55.44007978905379
689.7163198875187,579.0764439067506,326.87876495863577,531.1063869748921,702.5311213419337,573.4129004493174,609.029883125191,456.134449056806
1.6599880170664096,1.3534902696154485,1.845044367692318,2.4774237969410744,2.682528177474511,3.1688766950027087,-0.0107057661999587,-1.2960126683221669
347.0902182543251,-115.06126540863292,480.51793701462486,1672.3155716167412,-395.2719302520579,995.289902308686,259.7210379804659,238.30468623282272
0.0017594361991437,0.000958756502965,2326.7041158431857,15055.380697931923,11695.008146517484,13410.357923362972,5569.665388205924,447.9419956402312
43.00861434963906,551.1725846811945,-460.4716525815141,1396.02394536054,1890.3910818739464,878.8525388537687,-3433.369348180854,929.1048073440824
-325.01526298437153,-55.41957454490088,-2855.096632350651,552.3817004692135,249.5094004516095,169.9007020401315,-1578.8538067013878,47.0313342831342
39.70825888116032,12.655247893121471,44.27359357944704,28.236347449395154,23.54847582933454,21.95701406620493,27.591736975626542,31.94591292658865
68.52651930005501,60.61484326003433,31.155295741510688,69.35750079292046,45.867191580799656,69.4636251019686,62.69265258141751,50.29400332070264
363.0991716823584,623.0593768618742,449.8746639843847,711.638085151514,903.5599155900264,562.1527669205757,348.18353655253765,329.3911348357031
1.6794349126966148,1.6078690727629412,1.9062245951250243,2.585598146410796,1.785557391120688,4.174380671720801,0.0289828150723432,2.2606552227633374
67.44402523252285,1609.6946414888057,-52.51252937511117,-799.8750124771451,450.0919069735962,744.4762460576376,-206.4532668695569,75.23849983093561
0.0007738565061315,0.0010024136483959,-3135.369221638396,18352.1867072267,16080.839383784443,15984.535881688502,-1774.5957241454523,278.3353338170841
10256.963799974728,294.2130690304048,4936.095292705477,68.22321672601731,3473.589497883939,3231.687418130995,-126.90996500411674,1105.8524328854498
-207.09630204224536,-48.37854664183211,-219.3395017776511,3014.854684506376,542.1151733844945,-495.8077803294191,-434.8967598537524,9.358164516437894
12.278872568821456,31.4924271107548,18.820685776860323,26.162372911396712,20.368007907499447,38.20289306348332,22.75502966542584,12.63135138971752
53.95000171383335,62.05100882836142,67.92535612252804,36.8103809464805,47.99720145407217,37.47332274107833,67.33781152167231,52.16581678863142
276.9252135233177,403.2518270952788,476.9776239933151,669.4862124460917,378.5872541767527,700.4936239514282,597.8967390623629,588.3375641498571
0.3201038337227414,3.1372106928029586,2.901850770266188,0.7963406062663051,0.894167961776141,1.0420104777208428,2.6260693152688326,4.488720626989999
2460.856676850466,1350.2350077298836,2084.744270973697,391.06255072127806,1388.3034070253998,-223.6588955178049,784.1160865522871,-101.4599057110438
0.0009330628546557,-0.0007694686528983,-3638.1381975850713,14005.711642274264,19350.03403189709,14909.655701515214,6753.455672613239,-200.00954776186185
589.6850339915611,-124.8418205269276,14258.701569498442,-2087.81980872948,3034.843355080005,1819.5393347719569,913.3263097810994,1256.4720564299168
-2021.96438409084,-282.40402078430265,-1793.2836641868962,5934.327714472281,851.0071928466962,-1208.628629503745,1011.287739738877,448.18282479803526
16.37485643710368,19.515831313617376,32.21367892558911,29.29554138939025,28.21470648949497,31.57927240393268,25.955895425111493,28.713189106905475
32.635085187065634,61.63118100197579,83.45967304777324,89.56877458623941,38.68840242830191,53.34369181433582,56.97506960021767,55.44007978905379
689.7163198875187,579.0764439067506,326.87876495863577,531.1063869748921,702.5311213419337,573.4129004493174,609.029883125191,456.134449056806
1.6599880170664096,1.3534902696154485,1.845044367692318,2.4774237969410744,2.682528177474511,3.1688766950027087,-0.0107057661999587,-1.2960126683221669
347.0902182543251,-115.06126540863292,480.51793701462486,1672.3155716167412,-395.2719302520579,995.289902308686,259.7210379804659,238.30468623282272
0.0017594361991437,0.000958756502965,2326.7041158431857,15055.380697931923,11695.008146517484,13410.357923362972,5569.665388205924,447.9419956402312
43.00861434963906,551.1725846811945,-460.4716525815141,1396.02394536054,1890.3910818739464,878.8525388537687,-3433.369348180854,929.1048073440824
-325.01526298437153,-55.41957454490088,-2855.096632350651,552.3817004692135,249.5094004516095,169.9007020401315,-1578.8538067013878,47.0313342831342
39.70825888116032,12.655247893121471,44.27359357944704,28.236347449395154,23.54847582933454,21.95701406620493,27.591736975626542,31.94591292658865
68.52651930005501,60.61484326003433,31.155295741510688,69.35750079292046,45.867191580799656,69.4636251019686,62.69265258141751,50.29400332070264
363.0991716823584,623.0593768618742,449.8746639843847,711.638085151514,903.5599155900264,562.1527669205757,348.18353655253765,329.3911348357031
1.6794349126966148,1.6078690727629412,1.9062245951250243,2.585598146410796,1.785557391120688,4.174380671720801,0.0289828150723432,2.2606552227633374
67.44402523252285,1609.6946414888057,-52.51252937511117,-799.8750124771451,450.0919069735962,744.4762460576376,-206.4532668695569,75.23849983093561
0.0007738565061315,0.0010024136483959,-3135.369221638396,18352.1867072267,16080.839383784443,15984.535881688502,-1774.5957241454523,278.3353338170841
10256.963799974728,294.2130690304048,4936.095292705477,68.22321672601731,3473.589497883939,3231.687418130995,-126.90996500411674,1105.8524328854498
-207.09630204224536,-48.37854664183211,-219.3395017776511,3014.854684506376,542.1151733844945,-495.8077803294191,-434.8967598537524,9.358164516437894
12.278872568821456,31.4924271107548,18.820685776860323,26.162372911396712,20.368007907499447,38.20289306348332,22.75502966542584,12.63135138971752
53.95000171383335,62.05100882836142,67.92535612252804,36.8103809464805,47.99720145407217,37.47332274107833,67.33781152167231,52.16581678863142
276.9252135233177,403.2518270952788,476.9776239933151,669.4862124460917,378.5872541767527,700.4936239514282,597.8967390623629,588.3375641498571
0.3201038337227414,3.1372106928029586,2.901850770266188,0.7963406062663051,0.894167961776141,1.0420104777208428,2.6260693152688326,4.488720626989999
2460.856676850466,1350.2350077298836,2084.744270973697,391.06255072127806,1388.3034070253998,-223.6588955178049,784.1160865522871,-101.4599057110438
0.0009330628546557,-0.0007694686528983,-3638.1381975850713,14005.711642274264,19350.03403189709,14909.655701515214,6753.455672613239,-200.00954776186185
589.6850339915611,-124.8418205269276,14258.701569498442,-2087.81980872948,3034.843355080005,1819.5393347719569,913.3263097810994,1256.4720564299168
-2021.96438409084,-282.40402078430265,-1793.2836641868962,5934.327714472281,851.0071928466962,-1208.628629503745,1011.287739738877,448.18282479803526
16.37485643710368,19.515831313617376,32.21367892558911,29.29554138939025,28.21470648949497,31.57927240393268,25.955895425111493,28.713189106905475
32.635085187065634,61.63118100197579,83.45967304777324,89.56877458623941,38.68840242830191,53.34369181433582,56.97506960021767,55.44007978905379
689.7163198875187,579.0764439067506,326.87876495863577,531.1063869748921,702.5311213419337,573.4129004493174,609.029883125191,456.134449056806
1.6599880170664096,1.3534902696154485,1.845044367692318,2.4774237969410744,2.682528177474511,3.1688766950027087,-0.0107057661999587,-1.2960126683221669
347.0902182543251,-115.06126540863292,480.51793701462486,1672.3155716167412,-395.2719302520579,995.289902308686,259.7210379804659,238.30468623282272
0.0017594361991437,0.000958756502965,2326.7041158431857,15055.380697931923,11695.008146517484,13410.357923362972,5569.665388205924,447.9419956402312
43.00861434963906,551.1725846811945,-460.4716525815141,1396.02394536054,1890.3910818739464,878.8525388537687,-3433.369348180854,929.1048073440824
-325.01526298437153,-55.41957454490088,-2855.096632350651,552.3817004692135,249.5094004516095,169.9007020401315,-1578.8538067013878,47.0313342831342
39.70825888116032,12.655247893121471,44.27359357944704,28.236347449395154,23.54847582933454,21.95701406620493,27.591736975626542,31.94591292658865
68.52651930005501,60.61484326003433,31.155295741510688,69.35750079292046,45.867191580799656,69.4636251019686,62.69265258141751,50.29400332070264
363.0991716823584,623.0593768618742,449.8746639843847,711.638085151514,903.5599155900264,562.1527669205757,348.18353655253765,329.3911348357031
1.6794349126966148,1.6078690727629412,1.9062245951250243,2.585598146410796,1.785557391120688,4.174380671720801,0.0289828150723432,2.2606552227633374
67.44402523252285,1609.6946414888057,-52.51252937511117,-799.8750124771451,450.0919069735962,744.4762460576376,-206.4532668695569,75.23849983093561
0.0007738565061315,0.0010024136483959,-3135.369221638396,18352.1867072267,16080.839383784443,15984.535881688502,-1774.5957241454523,278.3353338170841
10256.963799974728,294.2130690304048,4936.095292705477,68.22321672601731,3473.589497883939,3231.687418130995,-126.90996500411674,1105.8524328854498
-207.09630204224536,-48.37854664183211,-219.3395017776511,3014.854684506376,542.1151733844945,-495.8077803294191,-434.8967598537524,9.358164516437894
12.278872568821456,31.4924271107548,18.820685776860323,26.162372911396712,20.368007907499447,38.20289306348332,22.75502966542584,12.63135138971752
53.95000171383335,62.05100882836142,67.92535612252804,36.8103809464805,47.99720145407217,37.47332274107833,67.33781152167231,52.16581678863142
276.9252135233177,403.2518270952788,476.9776239933151,669.4862124460917,378.5872541767527,700.4936239514282,597.8967390623629,588.3375641498571
0.3201038337227414,3.1372106928029586,2.901850770266188,0.7963406062663051,0.894167961776141,1.0420104777208428,2.6260693152688326,4.488720626989999
2460.856676850466,1350.2350077298836,2084.744270973697,391.06255072127806,1388.3034070253998,-223.6588955178049,784.1160865522871,-101.4599057110438
0.0009330628546557,-0.0007694686528983,-3638.1381975850713,14005.711642274264,19350.03403189709,14909.655701515214,6753.455672613239,-200.00954776186185
589.6850339915611,-124.8418205269276,14258.701569498442,-2087.81980872948,3034.843355080005,1819.5393347719569,913.3263097810994,1256.4720564299168
-2021.96438409084,-282.40402078430265,-1793.2836641868962,5934.327714472281,851.0071928466962,-1208.628629503745,1011.287739738877,448.18282479803526
16.37485643710368,19.515831313617376,32.21367892558911,29.29554138939025,28.21470648949497,31.57927240393268,25.955895425111493,28.713189106905475
32.635085187065634,61.63118100197579,83.45967304777324,89.56877458623941,38.68840242830191,53.34369181433582,56.97506960021767,55.44007978905379
689.7163198875187,579.0764439067506,326.87876495863577,531.1063869748921,702.5311213419337,573.4129004493174,609.029883125191,456.134449056806
1.6599880170664096,1.3534902696154485,1.845044367692318,2.4774237969410744,2.682528177474511,3.1688766950027087,-0.0107057661999587,-1.2960126683221669
347.0902182543251,-115.06126540863292,480.51793701462486,1672.3155716167412,-395.2719302520579,995.289902308686,259.7210379804659,238.30468623282272
0.0017594361991437,0.000958756502965,2326.7041158431857,15055.380697931923,11695.008146517484,13410.357923362972,5569.665388205924,447.9419956402312
43.00861434963906,551.1725846811945,-460.4716525815141,1396.02394536054,1890.3910818739464,878.8525388537687,-3433.369348180854,929.1048073440824
-325.01526298437153,-55.41957454490088,-2855.096632350651,552.3817004692135,249.5094004516095,169.9007020401315,-1578.8538067013878,47.0313342831342
39.70825888116032,12.655247893121471,44.27359357944704,28.236347449395154,23.54847582933454,21.95701406620493,27.591736975626542,31.94591292658865
68.52651930005501,60.61484326003433,31.155295741510688,69.35750079292046,45.867191580799656,69.4636251019686,62.69265258141751,50.29400332070264
363.0991716823584,623.0593768618742,449.8746639843847,711.638085151514,903.5599155900264,562.1527669205757,348.18353655253765,329.3911348357031
1.6794349126966148,1.6078690727629412,1.9062245951250243,2.585598146410796,1.785557391120688,4.174380671720801,0.0289828150723432,2.2606552227633374
67.44402523252285,1609.6946414888057,-52.51252937511117,-799.8750124771451,450.0919069735962,744.4762460576376,-206.4532668695569,75.23849983093561
0.0007738565061315,0.0010024136483959,-3135.369221638396,18352.1867072267,16080.839383784443,15984.535881688502,-1774.5957241454523,278.3353338170841
10256.963799974728,294.2130690304048,4936.095292705477,68.22321672601731,3473.589497883939,3231.687418130995,-126.90996500411674,1105.8524328854498
-207.09630204224536,-48.37854664183211,-219.3395017776511,3014.854684506376,542.1151733844945,-495.8077803294191,-434.8967598537524,9.358164516437894
12.278872568821456,31.4924271107548,18.820685776860323,26.162372911396712,20.368007907499447,38.20289306348332,22.75502966542584,12.63135138971752
53.95000171383335,62.05100882836142,67.92535612252804,36.8103809464805,47.99720145407217,37.47332274107833,67.33781152167231,52.16581678863142
276.9252135233177,403.2518270952788,476.9776239933151,669.4862124460917,378.5872541767527,700.4936239514282,597.8967390623629,588.3375641498571
0.3201038337227414,3.1372106928029586,2.901850770266188,0.7963406062663051,0.894167961776141,1.0420104777208428,2.6260693152688326,4.488720626989999
2460.856676850466,1350.2350077298836,2084.744270973697,391.06255072127806,1388.3034070253998,-223.6588955178049,784.1160865522871,-101.4599057110438
0.0009330628546557,-0.0007694686528983,-3638.1381975850713,14005.711642274264,19350.03403189709,14909.655701515214,6753.455672613239,-200.00954776186185
589.6850339915611,-124.8418205269276,14258.701569498442,-2087.81980872948,3034.843355080005,1819.5393347719569,913.3263097810994,1256.4720564299168
-2021.96438409084,-282.40402078430265,-1793.2836641868962,5934.327714472281,851.0071928466962,-1208.628629503745,1011.287739738877,448.18282479803526
16.37485643710368,19.515831313617376,32.21367892558911,29.29554138939025,28.21470648949497,31.57927240393268,25.955895425111493,28.713189106905475
32.635085187065634,61.63118100197579,83.45967304777324,89.56877458623941,38.68840242830191,53.34369181433582,56.97506960021767,55.44007978905379
689.7163198875187,579.0764439067506,326.87876495863577,531.1063869748921,702.5311213419337,573.4129004493174,609.029883125191,456.134449056806
1.6599880170664096,1.3534902696154485,1.845044367692318,2.4774237969410744,2.682528177474511,3.1688766950027087,-0.0107057661999587,-1.2960126683221669
347.0902182543251,-115.06126540863292,480.51793701462486,1672.3155716167412,-395.2719302520579,995.289902308686,259.7210379804659,238.30468623282272
0.0017594361991437,0.000958756502965,2326.7041158431857,15055.380697931923,11695.008146517484,13410.357923362972,5569.665388205924,447.9419956402312
43.00861434963906,551.1725846811945,-460.4716525815141,1396.02394536054,1890.3910818739464,878.8525388537687,-3433.369348180854,929.1048073440824
-325.01526298437153,-55.41957454490088,-2855.096632350651,552.3817004692135,249.5094004516095,169.9007020401315,-1578.8538067013878,47.0313342831342
39.70825888116032,12.655247893121471,44.27359357944704,28.236347449395154,23.54847582933454,21.95701406620493,27.591736975626542,31.94591292658865
68.52651930005501,60.61484326003433,31.155295741510688,69.35750079292046,45.867191580799656,69.4636251019686,62.69265258141751,50.29400332070264
363.0991716823584,623.0593768618742,449.8746639843847,711.638085151514,903.5599155900264,562.1527669205757,348.18353655253765,329.3911348357031
1.6794349126966148,1.6078690727629412,1.9062245951250243,2.585598146410796,1.785557391120688,4.174380671720801,0.0289828150723432,2.2606552227633374
67.44402523252285,1609.6946414888057,-52.51252937511117,-799.8750124771451,450.0919069735962,744.4762460576376,-206.4532668695569,75.23849983093561
0.0007738565061315,0.0010024136483959,-3135.369221638396,18352.1867072267,16080.839383784443,15984.535881688502,-1774.5957241454523,278.3353338170841
10256.963799974728,294.2130690304048,4936.095292705477,68.22321672601731,3473.589497883939,3231.687418130995,-126.90996500411674,1105.8524328854498
-207.09630204224536,-48.37854664183211,-219.3395017776511,3014.854684506376,542.1151733844945,-495.8077803294191,-434.8967598537524,9.358164516437894
12.278872568821456,31.4924271107548,18.820685776860323,26.162372911396712,20.368007907499447,38.20289306348332,22.75502966542584,12.63135138971752
53.95000171383335,62.05100882836142,67.92535612252804,36.8103809464805,47.99720145407217,37.47332274107833,67.33781152167231,52.16581678863142
276.9252135233177,403.2518270952788,476.9776239933151,669.4862124460917,378.5872541767527,700.4936239514282,597.8967390623629,588.3375641498571
0.3201038337227414,3.1372106928029586,2.901850770266188,0.7963406062663051,0.894167961776141,1.0420104777208428,2.6260693152688326,4.488720626989999
2460.856676850466,1350.2350077298836,2084.744270973697,391.06255072127806,1388.3034070253998,-223.6588955178049,784.1160865522871,-101.4599057110438
0.0009330628546557,-0.0007694686528983,-3638.1381975850713,14005.711642274264,19350.03403189709,14909.655701515214,6753.455672613239,-200.00954776186185
589.6850339915611,-124.8418205269276,14258.701569498442,-2087.81980872948,3034.843355080005,1819.5393347719569,913.3263097810994,1256.4720564299168
-2021.96438409084,-282.40402078430265,-1793.2836641868962,5934.327714472281,851.0071928466962,-1208.628629503745,1011.287739738877,448.18282479803526
