내부온도관측치,내부습도관측치,co2관측치,ec관측치,시간당분무량,시간당백색광량,시간당적색광량,시간당청색광량
22.07488510688733,27.73355097240289,13.386447559090058,29.505141216780743,25.96050858698526,40.00416621143125,27.47094871117125,15.453727503816074
67.17264612451804,45.66140433117879,61.26333883345036,73.9433571807928,36.12668424440892,80.77707440756946,43.5295894540361,60.94357925263192
591.734340840988,629.6552130530067,458.2850815065184,497.030562099426,613.9107616439759,287.8445563173039,368.7655859413192,407.08981404732094
-0.80308199207789,-1.5683391988979916,-0.5827573803027581,2.4197798422967693,1.8371982742574504,-1.1908320305391698,0.6035225908723099,1.5429775140730793
223.65592509971705,-218.0192192926741,-820.5157913749351,1118.36097168578,-14.09370592226594,-122.7402898737572,1630.4660604029566,1223.6862133715215
0.0029469763852548,0.0016614796408292,2096.838403268669,17981.919591911294,-8357.914251013874,13937.603413014329,7750.518321979628,-154.3431335177736
-37.34053696080611,410.0318805449938,1293.3825515725748,1482.5566349477772,-1750.1174465868082,1076.9319459118783,-2418.957939502221,1569.505642273353
-340.99491338009256,-51.80821821155703,-357.390628706984,-360.3914295929438,-1006.6858888188744,4289.809654922291,-3087.371918319309,559.5136486366494
30.892603370294218,35.618735899027726,21.83389685764723,24.84275823064097,26.953805978231543,20.210359162840803,30.61008477605824,18.395304064860284
78.01660065635159,68.8789659390897,48.54496736806616,60.08843179872476,51.37873616921319,55.6514387297345,66.93326363937975,86.47831054626818
560.7735872412529,489.5715337323469,481.9507003413145,408.8160730782988,700.9178578149736,396.90568607586096,482.7682477617231,526.5154408308466
1.770848130025113,-0.2565438715613954,-0.064858918734574,0.8212408944098897,3.340097195193571,0.4369953519398364,-1.1254776945446805,2.392778673841232
117.81449951348569,297.40989918428204,19.79359923234076,767.5956773612039,85.53198919714191,8.116358101643641,857.5159617220056,-53.69139277131202
-0.0029351676782474,0.0023667342031977,8390.099006531706,18230.29670247757,16364.864776190858,14966.034016217309,1475.1806384175145,15552.850596336591
6632.994090031005,13654.403237070735,2100.9642950956863,-1691.6997618802698,-2381.748847823995,-1211.7472483376282,-375.6856638956601,1658.0461736433165
-217.50995712235263,-160.64394191265862,-1100.8342046540558,2890.334467764599,785.8792564085479,7536.885412010202,-1394.413556176101,1165.7665410428
11.00889648675738,34.64918823544727,14.76271826991979,24.79113705848601,26.55325752260975,25.56605541914008,23.010389622561657,25.12043179946736
42.05706075210891,74.64387658618125,21.9855803950209,30.587547803241705,83.79171902190856,24.172276256864496,51.46945688578914,50.325615570675
267.267058563534,449.174616708358,741.4468881111509,714.7830655610259,384.6470379331088,650.310911167986,672.5015242787259,336.14415364157946
0.7845744244403219,-0.8506713619541963,2.981306368273694,-0.5009223348689955,-0.5254425099313351,0.8275763537313541,1.2905894403378064,1.920999670511173
-290.274048757065,1095.9342335664062,-506.6482661621708,1382.537433714985,111.29702402291645,656.1157034441921,577.5312735041066,850.674558102948
-0.0009623457234523,0.003179370080515,11286.423197985225,21797.0077716708,21357.390898090787,7604.675471256837,1112.8724553210411,-116.75552167553325
973.5137579250302,-786.5929933444407,2667.2219433186265,2695.486945219809,2644.425525166571,3851.539126449711,2103.8890246843234,123.68640967903522
172.65030447367465,322.7700409020384,-1828.237418211352,2395.593163084393,188.3361065647955,-377.5695497898555,-861.0967064778225,430.9475046590832
22.07488510688733,27.73355097240289,13.386447559090058,29.505141216780743,25.96050858698526,40.00416621143125,27.47094871117125,15.453727503816074
67.17264612451804,45.66140433117879,61.26333883345036,73.9433571807928,36.12668424440892,80.77707440756946,43.5295894540361,60.94357925263192
591.734340840988,629.6552130530067,458.2850815065184,497.030562099426,613.9107616439759,287.8445563173039,368.7655859413192,407.08981404732094
-0.80308199207789,-1.5683391988979916,-0.5827573803027581,2.4197798422967693,1.8371982742574504,-1.1908320305391698,0.6035225908723099,1.5429775140730793
223.65592509971705,-218.0192192926741,-820.5157913749351,1118.36097168578,-14.09370592226594,-122.7402898737572,1630.4660604029566,1223.6862133715215
0.0029469763852548,0.0016614796408292,2096.838403268669,17981.919591911294,-8357.914251013874,13937.603413014329,7750.518321979628,-154.3431335177736
-37.34053696080611,410.0318805449938,1293.3825515725748,1482.5566349477772,-1750.1174465868082,1076.9319459118783,-2418.957939502221,1569.505642273353
-340.99491338009256,-51.80821821155703,-357.390628706984,-360.3914295929438,-1006.6858888188744,4289.809654922291,-3087.371918319309,559.5136486366494
30.892603370294218,35.618735899027726,21.83389685764723,24.84275823064097,26.953805978231543,20.210359162840803,30.61008477605824,18.395304064860284
78.01660065635159,68.8789659390897,48.54496736806616,60.08843179872476,51.37873616921319,55.6514387297345,66.93326363937975,86.47831054626818
560.7735872412529,489.5715337323469,481.9507003413145,408.8160730782988,700.9178578149736,396.90568607586096,482.7682477617231,526.5154408308466
1.770848130025113,-0.2565438715613954,-0.064858918734574,0.8212408944098897,3.340097195193571,0.4369953519398364,-1.1254776945446805,2.392778673841232
117.81449951348569,297.40989918428204,19.79359923234076,767.5956773612039,85.53198919714191,8.116358101643641,857.5159617220056,-53.69139277131202
-0.0029351676782474,0.0023667342031977,8390.099006531706,18230.29670247757,16364.864776190858,14966.034016217309,1475.1806384175145,15552.850596336591
6632.994090031005,13654.403237070735,2100.9642950956863,-1691.6997618802698,-2381.748847823995,-1211.7472483376282,-375.6856638956601,1658.0461736433165
-217.50995712235263,-160.64394191265862,-1100.8342046540558,2890.334467764599,785.8792564085479,7536.885412010202,-1394.413556176101,1165.7665410428
11.00889648675738,34.64918823544727,14.76271826991979,24.79113705848601,26.55325752260975,25.56605541914008,23.010389622561657,25.12043179946736
42.05706075210891,74.64387658618125,21.9855803950209,30.587547803241705,83.79171902190856,24.172276256864496,51.46945688578914,50.325615570675
267.267058563534,449.174616708358,741.4468881111509,714.7830655610259,384.6470379331088,650.310911167986,672.5015242787259,336.14415364157946
0.7845744244403219,-0.8506713619541963,2.981306368273694,-0.5009223348689955,-0.5254425099313351,0.8275763537313541,1.2905894403378064,1.920999670511173
-290.274048757065,1095.9342335664062,-506.6482661621708,1382.537433714985,111.29702402291645,656.1157034441921,577.5312735041066,850.674558102948
-0.0009623457234523,0.003179370080515,11286.423197985225,21797.0077716708,21357.390898090787,7604.675471256837,1112.8724553210411,-116.75552167553325
973.5137579250302,-786.5929933444407,2667.2219433186265,2695.486945219809,2644.425525166571,3851.539126449711,2103.8890246843234,123.68640967903522
172.65030447367465,322.7700409020384,-1828.237418211352,2395.593163084393,188.3361065647955,-377.5695497898555,-861.0967064778225,430.9475046590832
22.07488510688733,27.73355097240289,13.386447559090058,29.505141216780743,25.96050858698526,40.00416621143125,27.47094871117125,15.453727503816074
67.17264612451804,45.66140433117879,61.26333883345036,73.9433571807928,36.12668424440892,80.77707440756946,43.5295894540361,60.94357925263192
591.734340840988,629.6552130530067,458.2850815065184,497.030562099426,613.9107616439759,287.8445563173039,368.7655859413192,407.08981404732094
-0.80308199207789,-1.5683391988979916,-0.5827573803027581,2.4197798422967693,1.8371982742574504,-1.1908320305391698,0.6035225908723099,1.5429775140730793
223.65592509971705,-218.0192192926741,-820.5157913749351,1118.36097168578,-14.09370592226594,-122.7402898737572,1630.4660604029566,1223.6862133715215
0.0029469763852548,0.0016614796408292,2096.838403268669,17981.919591911294,-8357.914251013874,13937.603413014329,7750.518321979628,-154.3431335177736
-37.34053696080611,410.0318805449938,1293.3825515725748,1482.5566349477772,-1750.1174465868082,1076.9319459118783,-2418.957939502221,1569.505642273353
-340.99491338009256,-51.80821821155703,-357.390628706984,-360.3914295929438,-1006.6858888188744,4289.809654922291,-3087.371918319309,559.5136486366494
30.892603370294218,35.618735899027726,21.83389685764723,24.84275823064097,26.953805978231543,20.210359162840803,30.61008477605824,18.395304064860284
78.01660065635159,68.8789659390897,48.54496736806616,60.08843179872476,51.37873616921319,55.6514387297345,66.93326363937975,86.47831054626818
560.7735872412529,489.5715337323469,481.9507003413145,408.8160730782988,700.9178578149736,396.90568607586096,482.7682477617231,526.5154408308466
1.770848130025113,-0.2565438715613954,-0.064858918734574,0.8212408944098897,3.340097195193571,0.4369953519398364,-1.1254776945446805,2.392778673841232
117.81449951348569,297.40989918428204,19.79359923234076,767.5956773612039,85.53198919714191,8.116358101643641,857.5159617220056,-53.69139277131202
-0.0029351676782474,0.0023667342031977,8390.099006531706,18230.29670247757,16364.864776190858,14966.034016217309,1475.1806384175145,15552.850596336591
6632.994090031005,13654.403237070735,2100.9642950956863,-1691.6997618802698,-2381.748847823995,-1211.7472483376282,-375.6856638956601,1658.0461736433165
-217.50995712235263,-160.64394191265862,-1100.8342046540558,2890.334467764599,785.8792564085479,7536.885412010202,-1394.413556176101,1165.7665410428
11.00889648675738,34.64918823544727,14.76271826991979,24.79113705848601,26.55325752260975,25.56605541914008,23.010389622561657,25.12043179946736
42.05706075210891,74.64387658618125,21.9855803950209,30.587547803241705,83.79171902190856,24.172276256864496,51.46945688578914,50.325615570675
267.267058563534,449.174616708358,741.4468881111509,714.7830655610259,384.6470379331088,650.310911167986,672.5015242787259,336.14415364157946
0.7845744244403219,-0.8506713619541963,2.981306368273694,-0.5009223348689955,-0.5254425099313351,0.8275763537313541,1.2905894403378064,1.920999670511173
-290.274048757065,1095.9342335664062,-506.6482661621708,1382.537433714985,111.29702402291645,656.1157034441921,577.5312735041066,850.674558102948
-0.0009623457234523,0.003179370080515,11286.423197985225,21797.0077716708,21357.390898090787,7604.675471256837,1112.8724553210411,-116.75552167553325
973.5137579250302,-786.5929933444407,2667.2219433186265,2695.486945219809,2644.425525166571,3851.539126449711,2103.8890246843234,123.68640967903522
172.65030447367465,322.7700409020384,-1828.237418211352,2395.593163084393,188.3361065647955,-377.5695497898555,-861.0967064778225,430.9475046590832
22.07488510688733,27.73355097240289,13.386447559090058,29.505141216780743,25.96050858698526,40.00416621143125,27.47094871117125,15.453727503816074
67.17264612451804,45.66140433117879,61.26333883345036,73.9433571807928,36.12668424440892,80.77707440756946,43.5295894540361,60.94357925263192
591.734340840988,629.6552130530067,458.2850815065184,497.030562099426,613.9107616439759,287.8445563173039,368.7655859413192,407.08981404732094
-0.80308199207789,-1.5683391988979916,-0.5827573803027581,2.4197798422967693,1.8371982742574504,-1.1908320305391698,0.6035225908723099,1.5429775140730793
223.65592509971705,-218.0192192926741,-820.5157913749351,1118.36097168578,-14.09370592226594,-122.7402898737572,1630.4660604029566,1223.6862133715215
0.0029469763852548,0.0016614796408292,2096.838403268669,17981.919591911294,-8357.914251013874,13937.603413014329,7750.518321979628,-154.3431335177736
-37.34053696080611,410.0318805449938,1293.3825515725748,1482.5566349477772,-1750.1174465868082,1076.9319459118783,-2418.957939502221,1569.505642273353
-340.99491338009256,-51.80821821155703,-357.390628706984,-360.3914295929438,-1006.6858888188744,4289.809654922291,-3087.371918319309,559.5136486366494
30.892603370294218,35.618735899027726,21.83389685764723,24.84275823064097,26.953805978231543,20.210359162840803,30.61008477605824,18.395304064860284
78.01660065635159,68.8789659390897,48.54496736806616,60.08843179872476,51.37873616921319,55.6514387297345,66.93326363937975,86.47831054626818
560.7735872412529,489.5715337323469,481.9507003413145,408.8160730782988,700.9178578149736,396.90568607586096,482.7682477617231,526.5154408308466
1.770848130025113,-0.2565438715613954,-0.064858918734574,0.8212408944098897,3.340097195193571,0.4369953519398364,-1.1254776945446805,2.392778673841232
117.81449951348569,297.40989918428204,19.79359923234076,767.5956773612039,85.53198919714191,8.116358101643641,857.5159617220056,-53.69139277131202
-0.0029351676782474,0.0023667342031977,8390.099006531706,18230.29670247757,16364.864776190858,14966.034016217309,1475.1806384175145,15552.850596336591
6632.994090031005,13654.403237070735,2100.9642950956863,-1691.6997618802698,-2381.748847823995,-1211.7472483376282,-375.6856638956601,1658.0461736433165
-217.50995712235263,-160.64394191265862,-1100.8342046540558,2890.334467764599,785.8792564085479,7536.885412010202,-1394.413556176101,1165.7665410428
11.00889648675738,34.64918823544727,14.76271826991979,24.79113705848601,26.55325752260975,25.56605541914008,23.010389622561657,25.12043179946736
42.05706075210891,74.64387658618125,21.9855803950209,30.587547803241705,83.79171902190856,24.172276256864496,51.46945688578914,50.325615570675
267.267058563534,449.174616708358,741.4468881111509,714.7830655610259,384.6470379331088,650.310911167986,672.5015242787259,336.14415364157946
0.7845744244403219,-0.8506713619541963,2.981306368273694,-0.5009223348689955,-0.5254425099313351,0.8275763537313541,1.2905894403378064,1.920999670511173
-290.274048757065,1095.9342335664062,-506.6482661621708,1382.537433714985,111.29702402291645,656.1157034441921,577.5312735041066,850.674558102948
-0.0009623457234523,0.003179370080515,11286.423197985225,21797.0077716708,21357.390898090787,7604.675471256837,1112.8724553210411,-116.75552167553325
973.5137579250302,-786.5929933444407,2667.2219433186265,2695.486945219809,2644.425525166571,3851.539126449711,2103.8890246843234,123.68640967903522
172.65030447367465,322.7700409020384,-1828.237418211352,2395.593163084393,188.3361065647955,-377.5695497898555,-861.0967064778225,430.9475046590832
22.07488510688733,27.73355097240289,13.386447559090058,29.505141216780743,25.96050858698526,40.00416621143125,27.47094871117125,15.453727503816074
67.17264612451804,45.66140433117879,61.26333883345036,73.9433571807928,36.12668424440892,80.77707440756946,43.5295894540361,60.94357925263192
591.734340840988,629.6552130530067,458.2850815065184,497.030562099426,613.9107616439759,287.8445563173039,368.7655859413192,407.08981404732094
-0.80308199207789,-1.5683391988979916,-0.5827573803027581,2.4197798422967693,1.8371982742574504,-1.1908320305391698,0.6035225908723099,1.5429775140730793
223.65592509971705,-218.0192192926741,-820.5157913749351,1118.36097168578,-14.09370592226594,-122.7402898737572,1630.4660604029566,1223.6862133715215
0.0029469763852548,0.0016614796408292,2096.838403268669,17981.919591911294,-8357.914251013874,13937.603413014329,7750.518321979628,-154.3431335177736
-37.34053696080611,410.0318805449938,1293.3825515725748,1482.5566349477772,-1750.1174465868082,1076.9319459118783,-2418.957939502221,1569.505642273353
-340.99491338009256,-51.80821821155703,-357.390628706984,-360.3914295929438,-1006.6858888188744,4289.809654922291,-3087.371918319309,559.5136486366494
30.892603370294218,35.618735899027726,21.83389685764723,24.84275823064097,26.953805978231543,20.210359162840803,30.61008477605824,18.395304064860284
78.01660065635159,68.8789659390897,48.54496736806616,60.08843179872476,51.37873616921319,55.6514387297345,66.93326363937975,86.47831054626818
560.7735872412529,489.5715337323469,481.9507003413145,408.8160730782988,700.9178578149736,396.90568607586096,482.7682477617231,526.5154408308466
1.770848130025113,-0.2565438715613954,-0.064858918734574,0.8212408944098897,3.340097195193571,0.4369953519398364,-1.1254776945446805,2.392778673841232
117.81449951348569,297.40989918428204,19.79359923234076,767.5956773612039,85.53198919714191,8.116358101643641,857.5159617220056,-53.69139277131202
-0.0029351676782474,0.0023667342031977,8390.099006531706,18230.29670247757,16364.864776190858,14966.034016217309,1475.1806384175145,15552.850596336591
6632.994090031005,13654.403237070735,2100.9642950956863,-1691.6997618802698,-2381.748847823995,-1211.7472483376282,-375.6856638956601,1658.0461736433165
-217.50995712235263,-160.64394191265862,-1100.8342046540558,2890.334467764599,785.8792564085479,7536.885412010202,-1394.413556176101,1165.7665410428
11.00889648675738,34.64918823544727,14.76271826991979,24.79113705848601,26.55325752260975,25.56605541914008,23.010389622561657,25.12043179946736
42.05706075210891,74.64387658618125,21.9855803950209,30.587547803241705,83.79171902190856,24.172276256864496,51.46945688578914,50.325615570675
267.267058563534,449.174616708358,741.4468881111509,714.7830655610259,384.6470379331088,650.310911167986,672.5015242787259,336.14415364157946
0.7845744244403219,-0.8506713619541963,2.981306368273694,-0.5009223348689955,-0.5254425099313351,0.8275763537313541,1.2905894403378064,1.920999670511173
-290.274048757065,1095.9342335664062,-506.6482661621708,1382.537433714985,111.29702402291645,656.1157034441921,577.5312735041066,850.674558102948
-0.0009623457234523,0.003179370080515,11286.423197985225,21797.0077716708,21357.390898090787,7604.675471256837,1112.8724553210411,-116.75552167553325
973.5137579250302,-786.5929933444407,2667.2219433186265,2695.486945219809,2644.425525166571,3851.539126449711,2103.8890246843234,123.68640967903522
172.65030447367465,322.7700409020384,-1828.237418211352,2395.593163084393,188.3361065647955,-377.5695497898555,-861.0967064778225,430.9475046590832
22.07488510688733,27.73355097240289,13.386447559090058,29.505141216780743,25.96050858698526,40.00416621143125,27.47094871117125,15.453727503816074
67.17264612451804,45.66140433117879,61.26333883345036,73.9433571807928,36.12668424440892,80.77707440756946,43.5295894540361,60.94357925263192
591.734340840988,629.6552130530067,458.2850815065184,497.030562099426,613.9107616439759,287.8445563173039,368.7655859413192,407.08981404732094
-0.80308199207789,-1.5683391988979916,-0.5827573803027581,2.4197798422967693,1.8371982742574504,-1.1908320305391698,0.6035225908723099,1.5429775140730793
223.65592509971705,-218.0192192926741,-820.5157913749351,1118.36097168578,-14.09370592226594,-122.7402898737572,1630.4660604029566,1223.6862133715215
0.0029469763852548,0.0016614796408292,2096.838403268669,17981.919591911294,-8357.914251013874,13937.603413014329,7750.518321979628,-154.3431335177736
-37.34053696080611,410.0318805449938,1293.3825515725748,1482.5566349477772,-1750.1174465868082,1076.9319459118783,-2418.957939502221,1569.505642273353
-340.99491338009256,-51.80821821155703,-357.390628706984,-360.3914295929438,-1006.6858888188744,4289.809654922291,-3087.371918319309,559.5136486366494
30.892603370294218,35.618735899027726,21.83389685764723,24.84275823064097,26.953805978231543,20.210359162840803,30.61008477605824,18.395304064860284
78.01660065635159,68.8789659390897,48.54496736806616,60.08843179872476,51.37873616921319,55.6514387297345,66.93326363937975,86.47831054626818
560.7735872412529,489.5715337323469,481.9507003413145,408.8160730782988,700.9178578149736,396.90568607586096,482.7682477617231,526.5154408308466
1.770848130025113,-0.2565438715613954,-0.064858918734574,0.8212408944098897,3.340097195193571,0.4369953519398364,-1.1254776945446805,2.392778673841232
117.81449951348569,297.40989918428204,19.79359923234076,767.5956773612039,85.53198919714191,8.116358101643641,857.5159617220056,-53.69139277131202
-0.0029351676782474,0.0023667342031977,8390.099006531706,18230.29670247757,16364.864776190858,14966.034016217309,1475.1806384175145,15552.850596336591
6632.994090031005,13654.403237070735,2100.9642950956863,-1691.6997618802698,-2381.748847823995,-1211.7472483376282,-375.6856638956601,1658.0461736433165
-217.50995712235263,-160.64394191265862,-1100.8342046540558,2890.334467764599,785.8792564085479,7536.885412010202,-1394.413556176101,1165.7665410428
11.00889648675738,34.64918823544727,14.76271826991979,24.79113705848601,26.55325752260975,25.56605541914008,23.010389622561657,25.12043179946736
42.05706075210891,74.64387658618125,21.9855803950209,30.587547803241705,83.79171902190856,24.172276256864496,51.46945688578914,50.325615570675
267.267058563534,449.174616708358,741.4468881111509,714.7830655610259,384.6470379331088,650.310911167986,672.5015242787259,336.14415364157946
0.7845744244403219,-0.8506713619541963,2.981306368273694,-0.5009223348689955,-0.5254425099313351,0.8275763537313541,1.2905894403378064,1.920999670511173
-290.274048757065,1095.9342335664062,-506.6482661621708,1382.537433714985,111.29702402291645,656.1157034441921,577.5312735041066,850.674558102948
-0.0009623457234523,0.003179370080515,11286.423197985225,21797.0077716708,21357.390898090787,7604.675471256837,1112.8724553210411,-116.75552167553325
973.5137579250302,-786.5929933444407,2667.2219433186265,2695.486945219809,2644.425525166571,3851.539126449711,2103.8890246843234,123.68640967903522
172.65030447367465,322.7700409020384,-1828.237418211352,2395.593163084393,188.3361065647955,-377.5695497898555,-861.0967064778225,430.9475046590832
22.07488510688733,27.73355097240289,13.386447559090058,29.505141216780743,25.96050858698526,40.00416621143125,27.47094871117125,15.453727503816074
67.17264612451804,45.66140433117879,61.26333883345036,73.9433571807928,36.12668424440892,80.77707440756946,43.5295894540361,60.94357925263192
591.734340840988,629.6552130530067,458.2850815065184,497.030562099426,613.9107616439759,287.8445563173039,368.7655859413192,407.08981404732094
-0.80308199207789,-1.5683391988979916,-0.5827573803027581,2.4197798422967693,1.8371982742574504,-1.1908320305391698,0.6035225908723099,1.5429775140730793
223.65592509971705,-218.0192192926741,-820.5157913749351,1118.36097168578,-14.09370592226594,-122.7402898737572,1630.4660604029566,1223.6862133715215
0.0029469763852548,0.0016614796408292,2096.838403268669,17981.919591911294,-8357.914251013874,13937.603413014329,7750.518321979628,-154.3431335177736
-37.34053696080611,410.0318805449938,1293.3825515725748,1482.5566349477772,-1750.1174465868082,1076.9319459118783,-2418.957939502221,1569.505642273353
-340.99491338009256,-51.80821821155703,-357.390628706984,-360.3914295929438,-1006.6858888188744,4289.809654922291,-3087.371918319309,559.5136486366494
30.892603370294218,35.618735899027726,21.83389685764723,24.84275823064097,26.953805978231543,20.210359162840803,30.61008477605824,18.395304064860284
78.01660065635159,68.8789659390897,48.54496736806616,60.08843179872476,51.37873616921319,55.6514387297345,66.93326363937975,86.47831054626818
560.7735872412529,489.5715337323469,481.9507003413145,408.8160730782988,700.9178578149736,396.90568607586096,482.7682477617231,526.5154408308466
1.770848130025113,-0.2565438715613954,-0.064858918734574,0.8212408944098897,3.340097195193571,0.4369953519398364,-1.1254776945446805,2.392778673841232
117.81449951348569,297.40989918428204,19.79359923234076,767.5956773612039,85.53198919714191,8.116358101643641,857.5159617220056,-53.69139277131202
-0.0029351676782474,0.0023667342031977,8390.099006531706,18230.29670247757,16364.864776190858,14966.034016217309,1475.1806384175145,15552.850596336591
6632.994090031005,13654.403237070735,2100.9642950956863,-1691.6997618802698,-2381.748847823995,-1211.7472483376282,-375.6856638956601,1658.0461736433165
-217.50995712235263,-160.64394191265862,-1100.8342046540558,2890.334467764599,785.8792564085479,7536.885412010202,-1394.413556176101,1165.7665410428
11.00889648675738,34.64918823544727,14.76271826991979,24.79113705848601,26.55325752260975,25.56605541914008,23.010389622561657,25.12043179946736
42.05706075210891,74.64387658618125,21.9855803950209,30.587547803241705,83.79171902190856,24.172276256864496,51.46945688578914,50.325615570675
267.267058563534,449.174616708358,741.4468881111509,714.7830655610259,384.6470379331088,650.310911167986,672.5015242787259,336.14415364157946
0.7845744244403219,-0.8506713619541963,2.981306368273694,-0.5009223348689955,-0.5254425099313351,0.8275763537313541,1.2905894403378064,1.920999670511173
-290.274048757065,1095.9342335664062,-506.6482661621708,1382.537433714985,111.29702402291645,656.1157034441921,577.5312735041066,850.674558102948
-0.0009623457234523,0.003179370080515,11286.423197985225,21797.0077716708,21357.390898090787,7604.675471256837,1112.8724553210411,-116.75552167553325
973.5137579250302,-786.5929933444407,2667.2219433186265,2695.486945219809,2644.425525166571,3851.539126449711,2103.8890246843234,123.68640967903522
172.65030447367465,322.7700409020384,-1828.237418211352,2395.593163084393,188.3361065647955,-377.5695497898555,-861.0967064778225,430.9475046590832
22.07488510688733,27.73355097240289,13.386447559090058,29.505141216780743,25.96050858698526,40.00416621143125,27.47094871117125,15.453727503816074
67.17264612451804,45.66140433117879,61.26333883345036,73.9433571807928,36.12668424440892,80.77707440756946,43.5295894540361,60.94357925263192
591.734340840988,629.6552130530067,458.2850815065184,497.030562099426,613.9107616439759,287.8445563173039,368.7655859413192,407.08981404732094
-0.80308199207789,-1.5683391988979916,-0.5827573803027581,2.4197798422967693,1.8371982742574504,-1.1908320305391698,0.6035225908723099,1.5429775140730793
223.65592509971705,-218.0192192926741,-820.5157913749351,1118.36097168578,-14.09370592226594,-122.7402898737572,1630.4660604029566,1223.6862133715215
0.0029469763852548,0.0016614796408292,2096.838403268669,17981.919591911294,-8357.914251013874,13937.603413014329,7750.518321979628,-154.3431335177736
-37.34053696080611,410.0318805449938,1293.3825515725748,1482.5566349477772,-1750.1174465868082,1076.9319459118783,-2418.957939502221,1569.505642273353
-340.99491338009256,-51.80821821155703,-357.390628706984,-360.3914295929438,-1006.6858888188744,4289.809654922291,-3087.371918319309,559.5136486366494
30.892603370294218,35.618735899027726,21.83389685764723,24.84275823064097,26.953805978231543,20.210359162840803,30.61008477605824,18.395304064860284
78.01660065635159,68.8789659390897,48.54496736806616,60.08843179872476,51.37873616921319,55.6514387297345,66.93326363937975,86.47831054626818
560.7735872412529,489.5715337323469,481.9507003413145,408.8160730782988,700.9178578149736,396.90568607586096,482.7682477617231,526.5154408308466
1.770848130025113,-0.2565438715613954,-0.064858918734574,0.8212408944098897,3.340097195193571,0.4369953519398364,-1.1254776945446805,2.392778673841232
117.81449951348569,297.40989918428204,19.79359923234076,767.5956773612039,85.53198919714191,8.116358101643641,857.5159617220056,-53.69139277131202
-0.0029351676782474,0.0023667342031977,8390.099006531706,18230.29670247757,16364.864776190858,14966.034016217309,1475.1806384175145,15552.850596336591
6632.994090031005,13654.403237070735,2100.9642950956863,-1691.6997618802698,-2381.748847823995,-1211.7472483376282,-375.6856638956601,1658.0461736433165
-217.50995712235263,-160.64394191265862,-1100.8342046540558,2890.334467764599,785.8792564085479,7536.885412010202,-1394.413556176101,1165.7665410428
11.00889648675738,34.64918823544727,14.76271826991979,24.79113705848601,26.55325752260975,25.56605541914008,23.010389622561657,25.12043179946736
42.05706075210891,74.64387658618125,21.9855803950209,30.587547803241705,83.79171902190856,24.172276256864496,51.46945688578914,50.325615570675
267.267058563534,449.174616708358,741.4468881111509,714.7830655610259,384.6470379331088,650.310911167986,672.5015242787259,336.14415364157946
0.7845744244403219,-0.8506713619541963,2.981306368273694,-0.5009223348689955,-0.5254425099313351,0.8275763537313541,1.2905894403378064,1.920999670511173
-290.274048757065,1095.9342335664062,-506.6482661621708,1382.537433714985,111.29702402291645,656.1157034441921,577.5312735041066,850.674558102948
-0.0009623457234523,0.003179370080515,11286.423197985225,21797.0077716708,21357.390898090787,7604.675471256837,1112.8724553210411,-116.75552167553325
973.5137579250302,-786.5929933444407,2667.2219433186265,2695.486945219809,2644.425525166571,3851.539126449711,2103.8890246843234,123.68640967903522
172.65030447367465,322.7700409020384,-1828.237418211352,2395.593163084393,188.3361065647955,-377.5695497898555,-861.0967064778225,430.9475046590832
22.07488510688733,27.73355097240289,13.386447559090058,29.505141216780743,25.96050858698526,40.00416621143125,27.47094871117125,15.453727503816074
67.17264612451804,45.66140433117879,61.26333883345036,73.9433571807928,36.12668424440892,80.77707440756946,43.5295894540361,60.94357925263192
591.734340840988,629.6552130530067,458.2850815065184,497.030562099426,613.9107616439759,287.8445563173039,368.7655859413192,407.08981404732094
-0.80308199207789,-1.5683391988979916,-0.5827573803027581,2.4197798422967693,1.8371982742574504,-1.1908320305391698,0.6035225908723099,1.5429775140730793
223.65592509971705,-218.0192192926741,-820.5157913749351,1118.36097168578,-14.09370592226594,-122.7402898737572,1630.4660604029566,1223.6862133715215
0.0029469763852548,0.0016614796408292,2096.838403268669,17981.919591911294,-8357.914251013874,13937.603413014329,7750.518321979628,-154.3431335177736
-37.34053696080611,410.0318805449938,1293.3825515725748,1482.5566349477772,-1750.1174465868082,1076.9319459118783,-2418.957939502221,1569.505642273353
-340.99491338009256,-51.80821821155703,-357.390628706984,-360.3914295929438,-1006.6858888188744,4289.809654922291,-3087.371918319309,559.5136486366494
30.892603370294218,35.618735899027726,21.83389685764723,24.84275823064097,26.953805978231543,20.210359162840803,30.61008477605824,18.395304064860284
78.01660065635159,68.8789659390897,48.54496736806616,60.08843179872476,51.37873616921319,55.6514387297345,66.93326363937975,86.47831054626818
560.7735872412529,489.5715337323469,481.9507003413145,408.8160730782988,700.9178578149736,396.90568607586096,482.7682477617231,526.5154408308466
1.770848130025113,-0.2565438715613954,-0.064858918734574,0.8212408944098897,3.340097195193571,0.4369953519398364,-1.1254776945446805,2.392778673841232
117.81449951348569,297.40989918428204,19.79359923234076,767.5956773612039,85.53198919714191,8.116358101643641,857.5159617220056,-53.69139277131202
-0.0029351676782474,0.0023667342031977,8390.099006531706,18230.29670247757,16364.864776190858,14966.034016217309,1475.1806384175145,15552.850596336591
6632.994090031005,13654.403237070735,2100.9642950956863,-1691.6997618802698,-2381.748847823995,-1211.7472483376282,-375.6856638956601,1658.0461736433165
-217.50995712235263,-160.64394191265862,-1100.8342046540558,2890.334467764599,785.8792564085479,7536.885412010202,-1394.413556176101,1165.7665410428
11.00889648675738,34.64918823544727,14.76271826991979,24.79113705848601,26.55325752260975,25.56605541914008,23.010389622561657,25.12043179946736
42.05706075210891,74.64387658618125,21.9855803950209,30.587547803241705,83.79171902190856,24.172276256864496,51.46945688578914,50.325615570675
267.267058563534,449.174616708358,741.4468881111509,714.7830655610259,384.6470379331088,650.310911167986,672.5015242787259,336.14415364157946
0.7845744244403219,-0.8506713619541963,2.981306368273694,-0.5009223348689955,-0.5254425099313351,0.8275763537313541,1.2905894403378064,1.920999670511173
-290.274048757065,1095.9342335664062,-506.6482661621708,1382.537433714985,111.29702402291645,656.1157034441921,577.5312735041066,850.674558102948
-0.0009623457234523,0.003179370080515,11286.423197985225,21797.0077716708,21357.390898090787,7604.675471256837,1112.8724553210411,-116.75552167553325
973.5137579250302,-786.5929933444407,2667.2219433186265,2695.486945219809,2644.425525166571,3851.539126449711,2103.8890246843234,123.68640967903522
172.65030447367465,322.7700409020384,-1828.237418211352,2395.593163084393,188.3361065647955,-377.5695497898555,-861.0967064778225,430.9475046590832
22.07488510688733,27.73355097240289,13.386447559090058,29.505141216780743,25.96050858698526,40.00416621143125,27.47094871117125,15.453727503816074
67.17264612451804,45.66140433117879,61.26333883345036,73.9433571807928,36.12668424440892,80.77707440756946,43.5295894540361,60.94357925263192
591.734340840988,629.6552130530067,458.2850815065184,497.030562099426,613.9107616439759,287.8445563173039,368.7655859413192,407.08981404732094
-0.80308199207789,-1.5683391988979916,-0.5827573803027581,2.4197798422967693,1.8371982742574504,-1.1908320305391698,0.6035225908723099,1.5429775140730793
223.65592509971705,-218.0192192926741,-820.5157913749351,1118.36097168578,-14.09370592226594,-122.7402898737572,1630.4660604029566,1223.6862133715215
0.0029469763852548,0.0016614796408292,2096.838403268669,17981.919591911294,-8357.914251013874,13937.603413014329,7750.518321979628,-154.3431335177736
-37.34053696080611,410.0318805449938,1293.3825515725748,1482.5566349477772,-1750.1174465868082,1076.9319459118783,-2418.957939502221,1569.505642273353
-340.99491338009256,-51.80821821155703,-357.390628706984,-360.3914295929438,-1006.6858888188744,4289.809654922291,-3087.371918319309,559.5136486366494
30.892603370294218,35.618735899027726,21.83389685764723,24.84275823064097,26.953805978231543,20.210359162840803,30.61008477605824,18.395304064860284
78.01660065635159,68.8789659390897,48.54496736806616,60.08843179872476,51.37873616921319,55.6514387297345,66.93326363937975,86.47831054626818
560.7735872412529,489.5715337323469,481.9507003413145,408.8160730782988,700.9178578149736,396.90568607586096,482.7682477617231,526.5154408308466
1.770848130025113,-0.2565438715613954,-0.064858918734574,0.8212408944098897,3.340097195193571,0.4369953519398364,-1.1254776945446805,2.392778673841232
117.81449951348569,297.40989918428204,19.79359923234076,767.5956773612039,85.53198919714191,8.116358101643641,857.5159617220056,-53.69139277131202
-0.0029351676782474,0.0023667342031977,8390.099006531706,18230.29670247757,16364.864776190858,14966.034016217309,1475.1806384175145,15552.850596336591
6632.994090031005,13654.403237070735,2100.9642950956863,-1691.6997618802698,-2381.748847823995,-1211.7472483376282,-375.6856638956601,1658.0461736433165
-217.50995712235263,-160.64394191265862,-1100.8342046540558,2890.334467764599,785.8792564085479,7536.885412010202,-1394.413556176101,1165.7665410428
11.00889648675738,34.64918823544727,14.76271826991979,24.79113705848601,26.55325752260975,25.56605541914008,23.010389622561657,25.12043179946736
42.05706075210891,74.64387658618125,21.9855803950209,30.587547803241705,83.79171902190856,24.172276256864496,51.46945688578914,50.325615570675
267.267058563534,449.174616708358,741.4468881111509,714.7830655610259,384.6470379331088,650.310911167986,672.5015242787259,336.14415364157946
0.7845744244403219,-0.8506713619541963,2.981306368273694,-0.5009223348689955,-0.5254425099313351,0.8275763537313541,1.2905894403378064,1.920999670511173
-290.274048757065,1095.9342335664062,-506.6482661621708,1382.537433714985,111.29702402291645,656.1157034441921,577.5312735041066,850.674558102948
-0.0009623457234523,0.003179370080515,11286.423197985225,21797.0077716708,21357.390898090787,7604.675471256837,1112.8724553210411,-116.75552167553325
973.5137579250302,-786.5929933444407,2667.2219433186265,2695.486945219809,2644.425525166571,3851.539126449711,2103.8890246843234,123.68640967903522
172.65030447367465,322.7700409020384,-1828.237418211352,2395.593163084393,188.3361065647955,-377.5695497898555,-861.0967064778225,430.9475046590832
22.07488510688733,27.73355097240289,13.386447559090058,29.505141216780743,25.96050858698526,40.00416621143125,27.47094871117125,15.453727503816074
67.17264612451804,45.66140433117879,61.26333883345036,73.9433571807928,36.12668424440892,80.77707440756946,43.5295894540361,60.94357925263192
591.734340840988,629.6552130530067,458.2850815065184,497.030562099426,613.9107616439759,287.8445563173039,368.7655859413192,407.08981404732094
-0.80308199207789,-1.5683391988979916,-0.5827573803027581,2.4197798422967693,1.8371982742574504,-1.1908320305391698,0.6035225908723099,1.5429775140730793
223.65592509971705,-218.0192192926741,-820.5157913749351,1118.36097168578,-14.09370592226594,-122.7402898737572,1630.4660604029566,1223.6862133715215
0.0029469763852548,0.0016614796408292,2096.838403268669,17981.919591911294,-8357.914251013874,13937.603413014329,7750.518321979628,-154.3431335177736
-37.34053696080611,410.0318805449938,1293.3825515725748,1482.5566349477772,-1750.1174465868082,1076.9319459118783,-2418.957939502221,1569.505642273353
-340.99491338009256,-51.80821821155703,-357.390628706984,-360.3914295929438,-1006.6858888188744,4289.809654922291,-3087.371918319309,559.5136486366494
30.892603370294218,35.618735899027726,21.83389685764723,24.84275823064097,26.953805978231543,20.210359162840803,30.61008477605824,18.395304064860284
78.01660065635159,68.8789659390897,48.54496736806616,60.08843179872476,51.37873616921319,55.6514387297345,66.93326363937975,86.47831054626818
560.7735872412529,489.5715337323469,481.9507003413145,408.8160730782988,700.9178578149736,396.90568607586096,482.7682477617231,526.5154408308466
1.770848130025113,-0.2565438715613954,-0.064858918734574,0.8212408944098897,3.340097195193571,0.4369953519398364,-1.1254776945446805,2.392778673841232
117.81449951348569,297.40989918428204,19.79359923234076,767.5956773612039,85.53198919714191,8.116358101643641,857.5159617220056,-53.69139277131202
-0.0029351676782474,0.0023667342031977,8390.099006531706,18230.29670247757,16364.864776190858,14966.034016217309,1475.1806384175145,15552.850596336591
6632.994090031005,13654.403237070735,2100.9642950956863,-1691.6997618802698,-2381.748847823995,-1211.7472483376282,-375.6856638956601,1658.0461736433165
-217.50995712235263,-160.64394191265862,-1100.8342046540558,2890.334467764599,785.8792564085479,7536.885412010202,-1394.413556176101,1165.7665410428
11.00889648675738,34.64918823544727,14.76271826991979,24.79113705848601,26.55325752260975,25.56605541914008,23.010389622561657,25.12043179946736
42.05706075210891,74.64387658618125,21.9855803950209,30.587547803241705,83.79171902190856,24.172276256864496,51.46945688578914,50.325615570675
267.267058563534,449.174616708358,741.4468881111509,714.7830655610259,384.6470379331088,650.310911167986,672.5015242787259,336.14415364157946
0.7845744244403219,-0.8506713619541963,2.981306368273694,-0.5009223348689955,-0.5254425099313351,0.8275763537313541,1.2905894403378064,1.920999670511173
-290.274048757065,1095.9342335664062,-506.6482661621708,1382.537433714985,111.29702402291645,656.1157034441921,577.5312735041066,850.674558102948
-0.0009623457234523,0.003179370080515,11286.423197985225,21797.0077716708,21357.390898090787,7604.675471256837,1112.8724553210411,-116.75552167553325
973.5137579250302,-786.5929933444407,2667.2219433186265,2695.486945219809,2644.425525166571,3851.539126449711,2103.8890246843234,123.68640967903522
172.65030447367465,322.7700409020384,-1828.237418211352,2395.593163084393,188.3361065647955,-377.5695497898555,-861.0967064778225,430.9475046590832
22.07488510688733,27.73355097240289,13.386447559090058,29.505141216780743,25.96050858698526,40.00416621143125,27.47094871117125,15.453727503816074
67.17264612451804,45.66140433117879,61.26333883345036,73.9433571807928,36.12668424440892,80.77707440756946,43.5295894540361,60.94357925263192
591.734340840988,629.6552130530067,458.2850815065184,497.030562099426,613.9107616439759,287.8445563173039,368.7655859413192,407.08981404732094
-0.80308199207789,-1.5683391988979916,-0.5827573803027581,2.4197798422967693,1.8371982742574504,-1.1908320305391698,0.6035225908723099,1.5429775140730793
223.65592509971705,-218.0192192926741,-820.5157913749351,1118.36097168578,-14.09370592226594,-122.7402898737572,1630.4660604029566,1223.6862133715215
0.0029469763852548,0.0016614796408292,2096.838403268669,17981.919591911294,-8357.914251013874,13937.603413014329,7750.518321979628,-154.3431335177736
-37.34053696080611,410.0318805449938,1293.3825515725748,1482.5566349477772,-1750.1174465868082,1076.9319459118783,-2418.957939502221,1569.505642273353
-340.99491338009256,-51.80821821155703,-357.390628706984,-360.3914295929438,-1006.6858888188744,4289.809654922291,-3087.371918319309,559.5136486366494
30.892603370294218,35.618735899027726,21.83389685764723,24.84275823064097,26.953805978231543,20.210359162840803,30.61008477605824,18.395304064860284
78.01660065635159,68.8789659390897,48.54496736806616,60.08843179872476,51.37873616921319,55.6514387297345,66.93326363937975,86.47831054626818
560.7735872412529,489.5715337323469,481.9507003413145,408.8160730782988,700.9178578149736,396.90568607586096,482.7682477617231,526.5154408308466
1.770848130025113,-0.2565438715613954,-0.064858918734574,0.8212408944098897,3.340097195193571,0.4369953519398364,-1.1254776945446805,2.392778673841232
117.81449951348569,297.40989918428204,19.79359923234076,767.5956773612039,85.53198919714191,8.116358101643641,857.5159617220056,-53.69139277131202
-0.0029351676782474,0.0023667342031977,8390.099006531706,18230.29670247757,16364.864776190858,14966.034016217309,1475.1806384175145,15552.850596336591
6632.994090031005,13654.403237070735,2100.9642950956863,-1691.6997618802698,-2381.748847823995,-1211.7472483376282,-375.6856638956601,1658.0461736433165
-217.50995712235263,-160.64394191265862,-1100.8342046540558,2890.334467764599,785.8792564085479,7536.885412010202,-1394.413556176101,1165.7665410428
11.00889648675738,34.64918823544727,14.76271826991979,24.79113705848601,26.55325752260975,25.56605541914008,23.010389622561657,25.12043179946736
42.05706075210891,74.64387658618125,21.9855803950209,30.587547803241705,83.79171902190856,24.172276256864496,51.46945688578914,50.325615570675
267.267058563534,449.174616708358,741.4468881111509,714.7830655610259,384.6470379331088,650.310911167986,672.5015242787259,336.14415364157946
0.7845744244403219,-0.8506713619541963,2.981306368273694,-0.5009223348689955,-0.5254425099313351,0.8275763537313541,1.2905894403378064,1.920999670511173
-290.274048757065,1095.9342335664062,-506.6482661621708,1382.537433714985,111.29702402291645,656.1157034441921,577.5312735041066,850.674558102948
-0.0009623457234523,0.003179370080515,11286.423197985225,21797.0077716708,21357.390898090787,7604.675471256837,1112.8724553210411,-116.75552167553325
973.5137579250302,-786.5929933444407,2667.2219433186265,2695.486945219809,2644.425525166571,3851.539126449711,2103.8890246843234,123.68640967903522
172.65030447367465,322.7700409020384,-1828.237418211352,2395.593163084393,188.3361065647955,-377.5695497898555,-861.0967064778225,430.9475046590832
22.07488510688733,27.73355097240289,13.386447559090058,29.505141216780743,25.96050858698526,40.00416621143125,27.47094871117125,15.453727503816074
67.17264612451804,45.66140433117879,61.26333883345036,73.9433571807928,36.12668424440892,80.77707440756946,43.5295894540361,60.94357925263192
591.734340840988,629.6552130530067,458.2850815065184,497.030562099426,613.9107616439759,287.8445563173039,368.7655859413192,407.08981404732094
-0.80308199207789,-1.5683391988979916,-0.5827573803027581,2.4197798422967693,1.8371982742574504,-1.1908320305391698,0.6035225908723099,1.5429775140730793
223.65592509971705,-218.0192192926741,-820.5157913749351,1118.36097168578,-14.09370592226594,-122.7402898737572,1630.4660604029566,1223.6862133715215
0.0029469763852548,0.0016614796408292,2096.838403268669,17981.919591911294,-8357.914251013874,13937.603413014329,7750.518321979628,-154.3431335177736
-37.34053696080611,410.0318805449938,1293.3825515725748,1482.5566349477772,-1750.1174465868082,1076.9319459118783,-2418.957939502221,1569.505642273353
-340.99491338009256,-51.80821821155703,-357.390628706984,-360.3914295929438,-1006.6858888188744,4289.809654922291,-3087.371918319309,559.5136486366494
30.892603370294218,35.618735899027726,21.83389685764723,24.84275823064097,26.953805978231543,20.210359162840803,30.61008477605824,18.395304064860284
78.01660065635159,68.8789659390897,48.54496736806616,60.08843179872476,51.37873616921319,55.6514387297345,66.93326363937975,86.47831054626818
560.7735872412529,489.5715337323469,481.9507003413145,408.8160730782988,700.9178578149736,396.90568607586096,482.7682477617231,526.5154408308466
1.770848130025113,-0.2565438715613954,-0.064858918734574,0.8212408944098897,3.340097195193571,0.4369953519398364,-1.1254776945446805,2.392778673841232
117.81449951348569,297.40989918428204,19.79359923234076,767.5956773612039,85.53198919714191,8.116358101643641,857.5159617220056,-53.69139277131202
-0.0029351676782474,0.0023667342031977,8390.099006531706,18230.29670247757,16364.864776190858,14966.034016217309,1475.1806384175145,15552.850596336591
6632.994090031005,13654.403237070735,2100.9642950956863,-1691.6997618802698,-2381.748847823995,-1211.7472483376282,-375.6856638956601,1658.0461736433165
-217.50995712235263,-160.64394191265862,-1100.8342046540558,2890.334467764599,785.8792564085479,7536.885412010202,-1394.413556176101,1165.7665410428
11.00889648675738,34.64918823544727,14.76271826991979,24.79113705848601,26.55325752260975,25.56605541914008,23.010389622561657,25.12043179946736
42.05706075210891,74.64387658618125,21.9855803950209,30.587547803241705,83.79171902190856,24.172276256864496,51.46945688578914,50.325615570675
267.267058563534,449.174616708358,741.4468881111509,714.7830655610259,384.6470379331088,650.310911167986,672.5015242787259,336.14415364157946
0.7845744244403219,-0.8506713619541963,2.981306368273694,-0.5009223348689955,-0.5254425099313351,0.8275763537313541,1.2905894403378064,1.920999670511173
-290.274048757065,1095.9342335664062,-506.6482661621708,1382.537433714985,111.29702402291645,656.1157034441921,577.5312735041066,850.674558102948
-0.0009623457234523,0.003179370080515,11286.423197985225,21797.0077716708,21357.390898090787,7604.675471256837,1112.8724553210411,-116.75552167553325
973.5137579250302,-786.5929933444407,2667.2219433186265,2695.486945219809,2644.425525166571,3851.539126449711,2103.8890246843234,123.68640967903522
172.65030447367465,322.7700409020384,-1828.237418211352,2395.593163084393,188.3361065647955,-377.5695497898555,-861.0967064778225,430.9475046590832
22.07488510688733,27.73355097240289,13.386447559090058,29.505141216780743,25.96050858698526,40.00416621143125,27.47094871117125,15.453727503816074
67.17264612451804,45.66140433117879,61.26333883345036,73.9433571807928,36.12668424440892,80.77707440756946,43.5295894540361,60.94357925263192
591.734340840988,629.6552130530067,458.2850815065184,497.030562099426,613.9107616439759,287.8445563173039,368.7655859413192,407.08981404732094
-0.80308199207789,-1.5683391988979916,-0.5827573803027581,2.4197798422967693,1.8371982742574504,-1.1908320305391698,0.6035225908723099,1.5429775140730793
223.65592509971705,-218.0192192926741,-820.5157913749351,1118.36097168578,-14.09370592226594,-122.7402898737572,1630.4660604029566,1223.6862133715215
0.0029469763852548,0.0016614796408292,2096.838403268669,17981.919591911294,-8357.914251013874,13937.603413014329,7750.518321979628,-154.3431335177736
-37.34053696080611,410.0318805449938,1293.3825515725748,1482.5566349477772,-1750.1174465868082,1076.9319459118783,-2418.957939502221,1569.505642273353
-340.99491338009256,-51.80821821155703,-357.390628706984,-360.3914295929438,-1006.6858888188744,4289.809654922291,-3087.371918319309,559.5136486366494
30.892603370294218,35.618735899027726,21.83389685764723,24.84275823064097,26.953805978231543,20.210359162840803,30.61008477605824,18.395304064860284
78.01660065635159,68.8789659390897,48.54496736806616,60.08843179872476,51.37873616921319,55.6514387297345,66.93326363937975,86.47831054626818
560.7735872412529,489.5715337323469,481.9507003413145,408.8160730782988,700.9178578149736,396.90568607586096,482.7682477617231,526.5154408308466
1.770848130025113,-0.2565438715613954,-0.064858918734574,0.8212408944098897,3.340097195193571,0.4369953519398364,-1.1254776945446805,2.392778673841232
117.81449951348569,297.40989918428204,19.79359923234076,767.5956773612039,85.53198919714191,8.116358101643641,857.5159617220056,-53.69139277131202
-0.0029351676782474,0.0023667342031977,8390.099006531706,18230.29670247757,16364.864776190858,14966.034016217309,1475.1806384175145,15552.850596336591
6632.994090031005,13654.403237070735,2100.9642950956863,-1691.6997618802698,-2381.748847823995,-1211.7472483376282,-375.6856638956601,1658.0461736433165
-217.50995712235263,-160.64394191265862,-1100.8342046540558,2890.334467764599,785.8792564085479,7536.885412010202,-1394.413556176101,1165.7665410428
11.00889648675738,34.64918823544727,14.76271826991979,24.79113705848601,26.55325752260975,25.56605541914008,23.010389622561657,25.12043179946736
42.05706075210891,74.64387658618125,21.9855803950209,30.587547803241705,83.79171902190856,24.172276256864496,51.46945688578914,50.325615570675
267.267058563534,449.174616708358,741.4468881111509,714.7830655610259,384.6470379331088,650.310911167986,672.5015242787259,336.14415364157946
0.7845744244403219,-0.8506713619541963,2.981306368273694,-0.5009223348689955,-0.5254425099313351,0.8275763537313541,1.2905894403378064,1.920999670511173
-290.274048757065,1095.9342335664062,-506.6482661621708,1382.537433714985,111.29702402291645,656.1157034441921,577.5312735041066,850.674558102948
-0.0009623457234523,0.003179370080515,11286.423197985225,21797.0077716708,21357.390898090787,7604.675471256837,1112.8724553210411,-116.75552167553325
973.5137579250302,-786.5929933444407,2667.2219433186265,2695.486945219809,2644.425525166571,3851.539126449711,2103.8890246843234,123.68640967903522
172.65030447367465,322.7700409020384,-1828.237418211352,2395.593163084393,188.3361065647955,-377.5695497898555,-861.0967064778225,430.9475046590832
22.07488510688733,27.73355097240289,13.386447559090058,29.505141216780743,25.96050858698526,40.00416621143125,27.47094871117125,15.453727503816074
67.17264612451804,45.66140433117879,61.26333883345036,73.9433571807928,36.12668424440892,80.77707440756946,43.5295894540361,60.94357925263192
591.734340840988,629.6552130530067,458.2850815065184,497.030562099426,613.9107616439759,287.8445563173039,368.7655859413192,407.08981404732094
-0.80308199207789,-1.5683391988979916,-0.5827573803027581,2.4197798422967693,1.8371982742574504,-1.1908320305391698,0.6035225908723099,1.5429775140730793
223.65592509971705,-218.0192192926741,-820.5157913749351,1118.36097168578,-14.09370592226594,-122.7402898737572,1630.4660604029566,1223.6862133715215
0.0029469763852548,0.0016614796408292,2096.838403268669,17981.919591911294,-8357.914251013874,13937.603413014329,7750.518321979628,-154.3431335177736
-37.34053696080611,410.0318805449938,1293.3825515725748,1482.5566349477772,-1750.1174465868082,1076.9319459118783,-2418.957939502221,1569.505642273353
-340.99491338009256,-51.80821821155703,-357.390628706984,-360.3914295929438,-1006.6858888188744,4289.809654922291,-3087.371918319309,559.5136486366494
30.892603370294218,35.618735899027726,21.83389685764723,24.84275823064097,26.953805978231543,20.210359162840803,30.61008477605824,18.395304064860284
78.01660065635159,68.8789659390897,48.54496736806616,60.08843179872476,51.37873616921319,55.6514387297345,66.93326363937975,86.47831054626818
560.7735872412529,489.5715337323469,481.9507003413145,408.8160730782988,700.9178578149736,396.90568607586096,482.7682477617231,526.5154408308466
1.770848130025113,-0.2565438715613954,-0.064858918734574,0.8212408944098897,3.340097195193571,0.4369953519398364,-1.1254776945446805,2.392778673841232
117.81449951348569,297.40989918428204,19.79359923234076,767.5956773612039,85.53198919714191,8.116358101643641,857.5159617220056,-53.69139277131202
-0.0029351676782474,0.0023667342031977,8390.099006531706,18230.29670247757,16364.864776190858,14966.034016217309,1475.1806384175145,15552.850596336591
6632.994090031005,13654.403237070735,2100.9642950956863,-1691.6997618802698,-2381.748847823995,-1211.7472483376282,-375.6856638956601,1658.0461736433165
-217.50995712235263,-160.64394191265862,-1100.8342046540558,2890.334467764599,785.8792564085479,7536.885412010202,-1394.413556176101,1165.7665410428
11.00889648675738,34.64918823544727,14.76271826991979,24.79113705848601,26.55325752260975,25.56605541914008,23.010389622561657,25.12043179946736
42.05706075210891,74.64387658618125,21.9855803950209,30.587547803241705,83.79171902190856,24.172276256864496,51.46945688578914,50.325615570675
267.267058563534,449.174616708358,741.4468881111509,714.7830655610259,384.6470379331088,650.310911167986,672.5015242787259,336.14415364157946
0.7845744244403219,-0.8506713619541963,2.981306368273694,-0.5009223348689955,-0.5254425099313351,0.8275763537313541,1.2905894403378064,1.920999670511173
-290.274048757065,1095.9342335664062,-506.6482661621708,1382.537433714985,111.29702402291645,656.1157034441921,577.5312735041066,850.674558102948
-0.0009623457234523,0.003179370080515,11286.423197985225,21797.0077716708,21357.390898090787,7604.675471256837,1112.8724553210411,-116.75552167553325
973.5137579250302,-786.5929933444407,2667.2219433186265,2695.486945219809,2644.425525166571,3851.539126449711,2103.8890246843234,123.68640967903522
172.65030447367465,322.7700409020384,-1828.237418211352,2395.593163084393,188.3361065647955,-377.5695497898555,-861.0967064778225,430.9475046590832
22.07488510688733,27.73355097240289,13.386447559090058,29.505141216780743,25.96050858698526,40.00416621143125,27.47094871117125,15.453727503816074
67.17264612451804,45.66140433117879,61.26333883345036,73.9433571807928,36.12668424440892,80.77707440756946,43.5295894540361,60.94357925263192
591.734340840988,629.6552130530067,458.2850815065184,497.030562099426,613.9107616439759,287.8445563173039,368.7655859413192,407.08981404732094
-0.80308199207789,-1.5683391988979916,-0.5827573803027581,2.4197798422967693,1.8371982742574504,-1.1908320305391698,0.6035225908723099,1.5429775140730793
223.65592509971705,-218.0192192926741,-820.5157913749351,1118.36097168578,-14.09370592226594,-122.7402898737572,1630.4660604029566,1223.6862133715215
0.0029469763852548,0.0016614796408292,2096.838403268669,17981.919591911294,-8357.914251013874,13937.603413014329,7750.518321979628,-154.3431335177736
-37.34053696080611,410.0318805449938,1293.3825515725748,1482.5566349477772,-1750.1174465868082,1076.9319459118783,-2418.957939502221,1569.505642273353
-340.99491338009256,-51.80821821155703,-357.390628706984,-360.3914295929438,-1006.6858888188744,4289.809654922291,-3087.371918319309,559.5136486366494
30.892603370294218,35.618735899027726,21.83389685764723,24.84275823064097,26.953805978231543,20.210359162840803,30.61008477605824,18.395304064860284
78.01660065635159,68.8789659390897,48.54496736806616,60.08843179872476,51.37873616921319,55.6514387297345,66.93326363937975,86.47831054626818
560.7735872412529,489.5715337323469,481.9507003413145,408.8160730782988,700.9178578149736,396.90568607586096,482.7682477617231,526.5154408308466
1.770848130025113,-0.2565438715613954,-0.064858918734574,0.8212408944098897,3.340097195193571,0.4369953519398364,-1.1254776945446805,2.392778673841232
117.81449951348569,297.40989918428204,19.79359923234076,767.5956773612039,85.53198919714191,8.116358101643641,857.5159617220056,-53.69139277131202
-0.0029351676782474,0.0023667342031977,8390.099006531706,18230.29670247757,16364.864776190858,14966.034016217309,1475.1806384175145,15552.850596336591
6632.994090031005,13654.403237070735,2100.9642950956863,-1691.6997618802698,-2381.748847823995,-1211.7472483376282,-375.6856638956601,1658.0461736433165
-217.50995712235263,-160.64394191265862,-1100.8342046540558,2890.334467764599,785.8792564085479,7536.885412010202,-1394.413556176101,1165.7665410428
11.00889648675738,34.64918823544727,14.76271826991979,24.79113705848601,26.55325752260975,25.56605541914008,23.010389622561657,25.12043179946736
42.05706075210891,74.64387658618125,21.9855803950209,30.587547803241705,83.79171902190856,24.172276256864496,51.46945688578914,50.325615570675
267.267058563534,449.174616708358,741.4468881111509,714.7830655610259,384.6470379331088,650.310911167986,672.5015242787259,336.14415364157946
0.7845744244403219,-0.8506713619541963,2.981306368273694,-0.5009223348689955,-0.5254425099313351,0.8275763537313541,1.2905894403378064,1.920999670511173
-290.274048757065,1095.9342335664062,-506.6482661621708,1382.537433714985,111.29702402291645,656.1157034441921,577.5312735041066,850.674558102948
-0.0009623457234523,0.003179370080515,11286.423197985225,21797.0077716708,21357.390898090787,7604.675471256837,1112.8724553210411,-116.75552167553325
973.5137579250302,-786.5929933444407,2667.2219433186265,2695.486945219809,2644.425525166571,3851.539126449711,2103.8890246843234,123.68640967903522
172.65030447367465,322.7700409020384,-1828.237418211352,2395.593163084393,188.3361065647955,-377.5695497898555,-861.0967064778225,430.9475046590832
22.07488510688733,27.73355097240289,13.386447559090058,29.505141216780743,25.96050858698526,40.00416621143125,27.47094871117125,15.453727503816074
67.17264612451804,45.66140433117879,61.26333883345036,73.9433571807928,36.12668424440892,80.77707440756946,43.5295894540361,60.94357925263192
591.734340840988,629.6552130530067,458.2850815065184,497.030562099426,613.9107616439759,287.8445563173039,368.7655859413192,407.08981404732094
-0.80308199207789,-1.5683391988979916,-0.5827573803027581,2.4197798422967693,1.8371982742574504,-1.1908320305391698,0.6035225908723099,1.5429775140730793
223.65592509971705,-218.0192192926741,-820.5157913749351,1118.36097168578,-14.09370592226594,-122.7402898737572,1630.4660604029566,1223.6862133715215
0.0029469763852548,0.0016614796408292,2096.838403268669,17981.919591911294,-8357.914251013874,13937.603413014329,7750.518321979628,-154.3431335177736
-37.34053696080611,410.0318805449938,1293.3825515725748,1482.5566349477772,-1750.1174465868082,1076.9319459118783,-2418.957939502221,1569.505642273353
-340.99491338009256,-51.80821821155703,-357.390628706984,-360.3914295929438,-1006.6858888188744,4289.809654922291,-3087.371918319309,559.5136486366494
30.892603370294218,35.618735899027726,21.83389685764723,24.84275823064097,26.953805978231543,20.210359162840803,30.61008477605824,18.395304064860284
78.01660065635159,68.8789659390897,48.54496736806616,60.08843179872476,51.37873616921319,55.6514387297345,66.93326363937975,86.47831054626818
560.7735872412529,489.5715337323469,481.9507003413145,408.8160730782988,700.9178578149736,396.90568607586096,482.7682477617231,526.5154408308466
1.770848130025113,-0.2565438715613954,-0.064858918734574,0.8212408944098897,3.340097195193571,0.4369953519398364,-1.1254776945446805,2.392778673841232
117.81449951348569,297.40989918428204,19.79359923234076,767.5956773612039,85.53198919714191,8.116358101643641,857.5159617220056,-53.69139277131202
-0.0029351676782474,0.0023667342031977,8390.099006531706,18230.29670247757,16364.864776190858,14966.034016217309,1475.1806384175145,15552.850596336591
6632.994090031005,13654.403237070735,2100.9642950956863,-1691.6997618802698,-2381.748847823995,-1211.7472483376282,-375.6856638956601,1658.0461736433165
-217.50995712235263,-160.64394191265862,-1100.8342046540558,2890.334467764599,785.8792564085479,7536.885412010202,-1394.413556176101,1165.7665410428
11.00889648675738,34.64918823544727,14.76271826991979,24.79113705848601,26.55325752260975,25.56605541914008,23.010389622561657,25.12043179946736
42.05706075210891,74.64387658618125,21.9855803950209,30.587547803241705,83.79171902190856,24.172276256864496,51.46945688578914,50.325615570675
267.267058563534,449.174616708358,741.4468881111509,714.7830655610259,384.6470379331088,650.310911167986,672.5015242787259,336.14415364157946
0.7845744244403219,-0.8506713619541963,2.981306368273694,-0.5009223348689955,-0.5254425099313351,0.8275763537313541,1.2905894403378064,1.920999670511173
-290.274048757065,1095.9342335664062,-506.6482661621708,1382.537433714985,111.29702402291645,656.1157034441921,577.5312735041066,850.674558102948
-0.0009623457234523,0.003179370080515,11286.423197985225,21797.0077716708,21357.390898090787,7604.675471256837,1112.8724553210411,-116.75552167553325
973.5137579250302,-786.5929933444407,2667.2219433186265,2695.486945219809,2644.425525166571,3851.539126449711,2103.8890246843234,123.68640967903522
172.65030447367465,322.7700409020384,-1828.237418211352,2395.593163084393,188.3361065647955,-377.5695497898555,-861.0967064778225,430.9475046590832
22.07488510688733,27.73355097240289,13.386447559090058,29.505141216780743,25.96050858698526,40.00416621143125,27.47094871117125,15.453727503816074
67.17264612451804,45.66140433117879,61.26333883345036,73.9433571807928,36.12668424440892,80.77707440756946,43.5295894540361,60.94357925263192
591.734340840988,629.6552130530067,458.2850815065184,497.030562099426,613.9107616439759,287.8445563173039,368.7655859413192,407.08981404732094
-0.80308199207789,-1.5683391988979916,-0.5827573803027581,2.4197798422967693,1.8371982742574504,-1.1908320305391698,0.6035225908723099,1.5429775140730793
223.65592509971705,-218.0192192926741,-820.5157913749351,1118.36097168578,-14.09370592226594,-122.7402898737572,1630.4660604029566,1223.6862133715215
0.0029469763852548,0.0016614796408292,2096.838403268669,17981.919591911294,-8357.914251013874,13937.603413014329,7750.518321979628,-154.3431335177736
-37.34053696080611,410.0318805449938,1293.3825515725748,1482.5566349477772,-1750.1174465868082,1076.9319459118783,-2418.957939502221,1569.505642273353
-340.99491338009256,-51.80821821155703,-357.390628706984,-360.3914295929438,-1006.6858888188744,4289.809654922291,-3087.371918319309,559.5136486366494
30.892603370294218,35.618735899027726,21.83389685764723,24.84275823064097,26.953805978231543,20.210359162840803,30.61008477605824,18.395304064860284
78.01660065635159,68.8789659390897,48.54496736806616,60.08843179872476,51.37873616921319,55.6514387297345,66.93326363937975,86.47831054626818
560.7735872412529,489.5715337323469,481.9507003413145,408.8160730782988,700.9178578149736,396.90568607586096,482.7682477617231,526.5154408308466
1.770848130025113,-0.2565438715613954,-0.064858918734574,0.8212408944098897,3.340097195193571,0.4369953519398364,-1.1254776945446805,2.392778673841232
117.81449951348569,297.40989918428204,19.79359923234076,767.5956773612039,85.53198919714191,8.116358101643641,857.5159617220056,-53.69139277131202
-0.0029351676782474,0.0023667342031977,8390.099006531706,18230.29670247757,16364.864776190858,14966.034016217309,1475.1806384175145,15552.850596336591
6632.994090031005,13654.403237070735,2100.9642950956863,-1691.6997618802698,-2381.748847823995,-1211.7472483376282,-375.6856638956601,1658.0461736433165
-217.50995712235263,-160.64394191265862,-1100.8342046540558,2890.334467764599,785.8792564085479,7536.885412010202,-1394.413556176101,1165.7665410428
11.00889648675738,34.64918823544727,14.76271826991979,24.79113705848601,26.55325752260975,25.56605541914008,23.010389622561657,25.12043179946736
42.05706075210891,74.64387658618125,21.9855803950209,30.587547803241705,83.79171902190856,24.172276256864496,51.46945688578914,50.325615570675
267.267058563534,449.174616708358,741.4468881111509,714.7830655610259,384.6470379331088,650.310911167986,672.5015242787259,336.14415364157946
0.7845744244403219,-0.8506713619541963,2.981306368273694,-0.5009223348689955,-0.5254425099313351,0.8275763537313541,1.2905894403378064,1.920999670511173
-290.274048757065,1095.9342335664062,-506.6482661621708,1382.537433714985,111.29702402291645,656.1157034441921,577.5312735041066,850.674558102948
-0.0009623457234523,0.003179370080515,11286.423197985225,21797.0077716708,21357.390898090787,7604.675471256837,1112.8724553210411,-116.75552167553325
973.5137579250302,-786.5929933444407,2667.2219433186265,2695.486945219809,2644.425525166571,3851.539126449711,2103.8890246843234,123.68640967903522
172.65030447367465,322.7700409020384,-1828.237418211352,2395.593163084393,188.3361065647955,-377.5695497898555,-861.0967064778225,430.9475046590832
22.07488510688733,27.73355097240289,13.386447559090058,29.505141216780743,25.96050858698526,40.00416621143125,27.47094871117125,15.453727503816074
67.17264612451804,45.66140433117879,61.26333883345036,73.9433571807928,36.12668424440892,80.77707440756946,43.5295894540361,60.94357925263192
591.734340840988,629.6552130530067,458.2850815065184,497.030562099426,613.9107616439759,287.8445563173039,368.7655859413192,407.08981404732094
-0.80308199207789,-1.5683391988979916,-0.5827573803027581,2.4197798422967693,1.8371982742574504,-1.1908320305391698,0.6035225908723099,1.5429775140730793
223.65592509971705,-218.0192192926741,-820.5157913749351,1118.36097168578,-14.09370592226594,-122.7402898737572,1630.4660604029566,1223.6862133715215
0.0029469763852548,0.0016614796408292,2096.838403268669,17981.919591911294,-8357.914251013874,13937.603413014329,7750.518321979628,-154.3431335177736
-37.34053696080611,410.0318805449938,1293.3825515725748,1482.5566349477772,-1750.1174465868082,1076.9319459118783,-2418.957939502221,1569.505642273353
-340.99491338009256,-51.80821821155703,-357.390628706984,-360.3914295929438,-1006.6858888188744,4289.809654922291,-3087.371918319309,559.5136486366494
30.892603370294218,35.618735899027726,21.83389685764723,24.84275823064097,26.953805978231543,20.210359162840803,30.61008477605824,18.395304064860284
78.01660065635159,68.8789659390897,48.54496736806616,60.08843179872476,51.37873616921319,55.6514387297345,66.93326363937975,86.47831054626818
560.7735872412529,489.5715337323469,481.9507003413145,408.8160730782988,700.9178578149736,396.90568607586096,482.7682477617231,526.5154408308466
1.770848130025113,-0.2565438715613954,-0.064858918734574,0.8212408944098897,3.340097195193571,0.4369953519398364,-1.1254776945446805,2.392778673841232
117.81449951348569,297.40989918428204,19.79359923234076,767.5956773612039,85.53198919714191,8.116358101643641,857.5159617220056,-53.69139277131202
-0.0029351676782474,0.0023667342031977,8390.099006531706,18230.29670247757,16364.864776190858,14966.034016217309,1475.1806384175145,15552.850596336591
6632.994090031005,13654.403237070735,2100.9642950956863,-1691.6997618802698,-2381.748847823995,-1211.7472483376282,-375.6856638956601,1658.0461736433165
-217.50995712235263,-160.64394191265862,-1100.8342046540558,2890.334467764599,785.8792564085479,7536.885412010202,-1394.413556176101,1165.7665410428
11.00889648675738,34.64918823544727,14.76271826991979,24.79113705848601,26.55325752260975,25.56605541914008,23.010389622561657,25.12043179946736
42.05706075210891,74.64387658618125,21.9855803950209,30.587547803241705,83.79171902190856,24.172276256864496,51.46945688578914,50.325615570675
267.267058563534,449.174616708358,741.4468881111509,714.7830655610259,384.6470379331088,650.310911167986,672.5015242787259,336.14415364157946
0.7845744244403219,-0.8506713619541963,2.981306368273694,-0.5009223348689955,-0.5254425099313351,0.8275763537313541,1.2905894403378064,1.920999670511173
-290.274048757065,1095.9342335664062,-506.6482661621708,1382.537433714985,111.29702402291645,656.1157034441921,577.5312735041066,850.674558102948
-0.0009623457234523,0.003179370080515,11286.423197985225,21797.0077716708,21357.390898090787,7604.675471256837,1112.8724553210411,-116.75552167553325
973.5137579250302,-786.5929933444407,2667.2219433186265,2695.486945219809,2644.425525166571,3851.539126449711,2103.8890246843234,123.68640967903522
172.65030447367465,322.7700409020384,-1828.237418211352,2395.593163084393,188.3361065647955,-377.5695497898555,-861.0967064778225,430.9475046590832
22.07488510688733,27.73355097240289,13.386447559090058,29.505141216780743,25.96050858698526,40.00416621143125,27.47094871117125,15.453727503816074
67.17264612451804,45.66140433117879,61.26333883345036,73.9433571807928,36.12668424440892,80.77707440756946,43.5295894540361,60.94357925263192
591.734340840988,629.6552130530067,458.2850815065184,497.030562099426,613.9107616439759,287.8445563173039,368.7655859413192,407.08981404732094
-0.80308199207789,-1.5683391988979916,-0.5827573803027581,2.4197798422967693,1.8371982742574504,-1.1908320305391698,0.6035225908723099,1.5429775140730793
223.65592509971705,-218.0192192926741,-820.5157913749351,1118.36097168578,-14.09370592226594,-122.7402898737572,1630.4660604029566,1223.6862133715215
0.0029469763852548,0.0016614796408292,2096.838403268669,17981.919591911294,-8357.914251013874,13937.603413014329,7750.518321979628,-154.3431335177736
-37.34053696080611,410.0318805449938,1293.3825515725748,1482.5566349477772,-1750.1174465868082,1076.9319459118783,-2418.957939502221,1569.505642273353
-340.99491338009256,-51.80821821155703,-357.390628706984,-360.3914295929438,-1006.6858888188744,4289.809654922291,-3087.371918319309,559.5136486366494
30.892603370294218,35.618735899027726,21.83389685764723,24.84275823064097,26.953805978231543,20.210359162840803,30.61008477605824,18.395304064860284
78.01660065635159,68.8789659390897,48.54496736806616,60.08843179872476,51.37873616921319,55.6514387297345,66.93326363937975,86.47831054626818
560.7735872412529,489.5715337323469,481.9507003413145,408.8160730782988,700.9178578149736,396.90568607586096,482.7682477617231,526.5154408308466
1.770848130025113,-0.2565438715613954,-0.064858918734574,0.8212408944098897,3.340097195193571,0.4369953519398364,-1.1254776945446805,2.392778673841232
117.81449951348569,297.40989918428204,19.79359923234076,767.5956773612039,85.53198919714191,8.116358101643641,857.5159617220056,-53.69139277131202
-0.0029351676782474,0.0023667342031977,8390.099006531706,18230.29670247757,16364.864776190858,14966.034016217309,1475.1806384175145,15552.850596336591
6632.994090031005,13654.403237070735,2100.9642950956863,-1691.6997618802698,-2381.748847823995,-1211.7472483376282,-375.6856638956601,1658.0461736433165
-217.50995712235263,-160.64394191265862,-1100.8342046540558,2890.334467764599,785.8792564085479,7536.885412010202,-1394.413556176101,1165.7665410428
11.00889648675738,34.64918823544727,14.76271826991979,24.79113705848601,26.55325752260975,25.56605541914008,23.010389622561657,25.12043179946736
42.05706075210891,74.64387658618125,21.9855803950209,30.587547803241705,83.79171902190856,24.172276256864496,51.46945688578914,50.325615570675
267.267058563534,449.174616708358,741.4468881111509,714.7830655610259,384.6470379331088,650.310911167986,672.5015242787259,336.14415364157946
0.7845744244403219,-0.8506713619541963,2.981306368273694,-0.5009223348689955,-0.5254425099313351,0.8275763537313541,1.2905894403378064,1.920999670511173
-290.274048757065,1095.9342335664062,-506.6482661621708,1382.537433714985,111.29702402291645,656.1157034441921,577.5312735041066,850.674558102948
-0.0009623457234523,0.003179370080515,11286.423197985225,21797.0077716708,21357.390898090787,7604.675471256837,1112.8724553210411,-116.75552167553325
973.5137579250302,-786.5929933444407,2667.2219433186265,2695.486945219809,2644.425525166571,3851.539126449711,2103.8890246843234,123.68640967903522
172.65030447367465,322.7700409020384,-1828.237418211352,2395.593163084393,188.3361065647955,-377.5695497898555,-861.0967064778225,430.9475046590832
22.07488510688733,27.73355097240289,13.386447559090058,29.505141216780743,25.96050858698526,40.00416621143125,27.47094871117125,15.453727503816074
67.17264612451804,45.66140433117879,61.26333883345036,73.9433571807928,36.12668424440892,80.77707440756946,43.5295894540361,60.94357925263192
591.734340840988,629.6552130530067,458.2850815065184,497.030562099426,613.9107616439759,287.8445563173039,368.7655859413192,407.08981404732094
-0.80308199207789,-1.5683391988979916,-0.5827573803027581,2.4197798422967693,1.8371982742574504,-1.1908320305391698,0.6035225908723099,1.5429775140730793
223.65592509971705,-218.0192192926741,-820.5157913749351,1118.36097168578,-14.09370592226594,-122.7402898737572,1630.4660604029566,1223.6862133715215
0.0029469763852548,0.0016614796408292,2096.838403268669,17981.919591911294,-8357.914251013874,13937.603413014329,7750.518321979628,-154.3431335177736
-37.34053696080611,410.0318805449938,1293.3825515725748,1482.5566349477772,-1750.1174465868082,1076.9319459118783,-2418.957939502221,1569.505642273353
-340.99491338009256,-51.80821821155703,-357.390628706984,-360.3914295929438,-1006.6858888188744,4289.809654922291,-3087.371918319309,559.5136486366494
30.892603370294218,35.618735899027726,21.83389685764723,24.84275823064097,26.953805978231543,20.210359162840803,30.61008477605824,18.395304064860284
78.01660065635159,68.8789659390897,48.54496736806616,60.08843179872476,51.37873616921319,55.6514387297345,66.93326363937975,86.47831054626818
560.7735872412529,489.5715337323469,481.9507003413145,408.8160730782988,700.9178578149736,396.90568607586096,482.7682477617231,526.5154408308466
1.770848130025113,-0.2565438715613954,-0.064858918734574,0.8212408944098897,3.340097195193571,0.4369953519398364,-1.1254776945446805,2.392778673841232
117.81449951348569,297.40989918428204,19.79359923234076,767.5956773612039,85.53198919714191,8.116358101643641,857.5159617220056,-53.69139277131202
-0.0029351676782474,0.0023667342031977,8390.099006531706,18230.29670247757,16364.864776190858,14966.034016217309,1475.1806384175145,15552.850596336591
6632.994090031005,13654.403237070735,2100.9642950956863,-1691.6997618802698,-2381.748847823995,-1211.7472483376282,-375.6856638956601,1658.0461736433165
-217.50995712235263,-160.64394191265862,-1100.8342046540558,2890.334467764599,785.8792564085479,7536.885412010202,-1394.413556176101,1165.7665410428
11.00889648675738,34.64918823544727,14.76271826991979,24.79113705848601,26.55325752260975,25.56605541914008,23.010389622561657,25.12043179946736
42.05706075210891,74.64387658618125,21.9855803950209,30.587547803241705,83.79171902190856,24.172276256864496,51.46945688578914,50.325615570675
267.267058563534,449.174616708358,741.4468881111509,714.7830655610259,384.6470379331088,650.310911167986,672.5015242787259,336.14415364157946
0.7845744244403219,-0.8506713619541963,2.981306368273694,-0.5009223348689955,-0.5254425099313351,0.8275763537313541,1.2905894403378064,1.920999670511173
-290.274048757065,1095.9342335664062,-506.6482661621708,1382.537433714985,111.29702402291645,656.1157034441921,577.5312735041066,850.674558102948
-0.0009623457234523,0.003179370080515,11286.423197985225,21797.0077716708,21357.390898090787,7604.675471256837,1112.8724553210411,-116.75552167553325
973.5137579250302,-786.5929933444407,2667.2219433186265,2695.486945219809,2644.425525166571,3851.539126449711,2103.8890246843234,123.68640967903522
172.65030447367465,322.7700409020384,-1828.237418211352,2395.593163084393,188.3361065647955,-377.5695497898555,-861.0967064778225,430.9475046590832
22.07488510688733,27.73355097240289,13.386447559090058,29.505141216780743,25.96050858698526,40.00416621143125,27.47094871117125,15.453727503816074
67.17264612451804,45.66140433117879,61.26333883345036,73.9433571807928,36.12668424440892,80.77707440756946,43.5295894540361,60.94357925263192
591.734340840988,629.6552130530067,458.2850815065184,497.030562099426,613.9107616439759,287.8445563173039,368.7655859413192,407.08981404732094
-0.80308199207789,-1.5683391988979916,-0.5827573803027581,2.4197798422967693,1.8371982742574504,-1.1908320305391698,0.6035225908723099,1.5429775140730793
223.65592509971705,-218.0192192926741,-820.5157913749351,1118.36097168578,-14.09370592226594,-122.7402898737572,1630.4660604029566,1223.6862133715215
0.0029469763852548,0.0016614796408292,2096.838403268669,17981.919591911294,-8357.914251013874,13937.603413014329,7750.518321979628,-154.3431335177736
-37.34053696080611,410.0318805449938,1293.3825515725748,1482.5566349477772,-1750.1174465868082,1076.9319459118783,-2418.957939502221,1569.505642273353
-340.99491338009256,-51.80821821155703,-357.390628706984,-360.3914295929438,-1006.6858888188744,4289.809654922291,-3087.371918319309,559.5136486366494
30.892603370294218,35.618735899027726,21.83389685764723,24.84275823064097,26.953805978231543,20.210359162840803,30.61008477605824,18.395304064860284
78.01660065635159,68.8789659390897,48.54496736806616,60.08843179872476,51.37873616921319,55.6514387297345,66.93326363937975,86.47831054626818
560.7735872412529,489.5715337323469,481.9507003413145,408.8160730782988,700.9178578149736,396.90568607586096,482.7682477617231,526.5154408308466
1.770848130025113,-0.2565438715613954,-0.064858918734574,0.8212408944098897,3.340097195193571,0.4369953519398364,-1.1254776945446805,2.392778673841232
117.81449951348569,297.40989918428204,19.79359923234076,767.5956773612039,85.53198919714191,8.116358101643641,857.5159617220056,-53.69139277131202
-0.0029351676782474,0.0023667342031977,8390.099006531706,18230.29670247757,16364.864776190858,14966.034016217309,1475.1806384175145,15552.850596336591
6632.994090031005,13654.403237070735,2100.9642950956863,-1691.6997618802698,-2381.748847823995,-1211.7472483376282,-375.6856638956601,1658.0461736433165
-217.50995712235263,-160.64394191265862,-1100.8342046540558,2890.334467764599,785.8792564085479,7536.885412010202,-1394.413556176101,1165.7665410428
11.00889648675738,34.64918823544727,14.76271826991979,24.79113705848601,26.55325752260975,25.56605541914008,23.010389622561657,25.12043179946736
42.05706075210891,74.64387658618125,21.9855803950209,30.587547803241705,83.79171902190856,24.172276256864496,51.46945688578914,50.325615570675
267.267058563534,449.174616708358,741.4468881111509,714.7830655610259,384.6470379331088,650.310911167986,672.5015242787259,336.14415364157946
0.7845744244403219,-0.8506713619541963,2.981306368273694,-0.5009223348689955,-0.5254425099313351,0.8275763537313541,1.2905894403378064,1.920999670511173
-290.274048757065,1095.9342335664062,-506.6482661621708,1382.537433714985,111.29702402291645,656.1157034441921,577.5312735041066,850.674558102948
-0.0009623457234523,0.003179370080515,11286.423197985225,21797.0077716708,21357.390898090787,7604.675471256837,1112.8724553210411,-116.75552167553325
973.5137579250302,-786.5929933444407,2667.2219433186265,2695.486945219809,2644.425525166571,3851.539126449711,2103.8890246843234,123.68640967903522
172.65030447367465,322.7700409020384,-1828.237418211352,2395.593163084393,188.3361065647955,-377.5695497898555,-861.0967064778225,430.9475046590832
22.07488510688733,27.73355097240289,13.386447559090058,29.505141216780743,25.96050858698526,40.00416621143125,27.47094871117125,15.453727503816074
67.17264612451804,45.66140433117879,61.26333883345036,73.9433571807928,36.12668424440892,80.77707440756946,43.5295894540361,60.94357925263192
591.734340840988,629.6552130530067,458.2850815065184,497.030562099426,613.9107616439759,287.8445563173039,368.7655859413192,407.08981404732094
-0.80308199207789,-1.5683391988979916,-0.5827573803027581,2.4197798422967693,1.8371982742574504,-1.1908320305391698,0.6035225908723099,1.5429775140730793
223.65592509971705,-218.0192192926741,-820.5157913749351,1118.36097168578,-14.09370592226594,-122.7402898737572,1630.4660604029566,1223.6862133715215
0.0029469763852548,0.0016614796408292,2096.838403268669,17981.919591911294,-8357.914251013874,13937.603413014329,7750.518321979628,-154.3431335177736
-37.34053696080611,410.0318805449938,1293.3825515725748,1482.5566349477772,-1750.1174465868082,1076.9319459118783,-2418.957939502221,1569.505642273353
-340.99491338009256,-51.80821821155703,-357.390628706984,-360.3914295929438,-1006.6858888188744,4289.809654922291,-3087.371918319309,559.5136486366494
30.892603370294218,35.618735899027726,21.83389685764723,24.84275823064097,26.953805978231543,20.210359162840803,30.61008477605824,18.395304064860284
78.01660065635159,68.8789659390897,48.54496736806616,60.08843179872476,51.37873616921319,55.6514387297345,66.93326363937975,86.47831054626818
560.7735872412529,489.5715337323469,481.9507003413145,408.8160730782988,700.9178578149736,396.90568607586096,482.7682477617231,526.5154408308466
1.770848130025113,-0.2565438715613954,-0.064858918734574,0.8212408944098897,3.340097195193571,0.4369953519398364,-1.1254776945446805,2.392778673841232
117.81449951348569,297.40989918428204,19.79359923234076,767.5956773612039,85.53198919714191,8.116358101643641,857.5159617220056,-53.69139277131202
-0.0029351676782474,0.0023667342031977,8390.099006531706,18230.29670247757,16364.864776190858,14966.034016217309,1475.1806384175145,15552.850596336591
6632.994090031005,13654.403237070735,2100.9642950956863,-1691.6997618802698,-2381.748847823995,-1211.7472483376282,-375.6856638956601,1658.0461736433165
-217.50995712235263,-160.64394191265862,-1100.8342046540558,2890.334467764599,785.8792564085479,7536.885412010202,-1394.413556176101,1165.7665410428
11.00889648675738,34.64918823544727,14.76271826991979,24.79113705848601,26.55325752260975,25.56605541914008,23.010389622561657,25.12043179946736
42.05706075210891,74.64387658618125,21.9855803950209,30.587547803241705,83.79171902190856,24.172276256864496,51.46945688578914,50.325615570675
267.267058563534,449.174616708358,741.4468881111509,714.7830655610259,384.6470379331088,650.310911167986,672.5015242787259,336.14415364157946
0.7845744244403219,-0.8506713619541963,2.981306368273694,-0.5009223348689955,-0.5254425099313351,0.8275763537313541,1.2905894403378064,1.920999670511173
-290.274048757065,1095.9342335664062,-506.6482661621708,1382.537433714985,111.29702402291645,656.1157034441921,577.5312735041066,850.674558102948
-0.0009623457234523,0.003179370080515,11286.423197985225,21797.0077716708,21357.390898090787,7604.675471256837,1112.8724553210411,-116.75552167553325
973.5137579250302,-786.5929933444407,2667.2219433186265,2695.486945219809,2644.425525166571,3851.539126449711,2103.8890246843234,123.68640967903522
172.65030447367465,322.7700409020384,-1828.237418211352,2395.593163084393,188.3361065647955,-377.5695497898555,-861.0967064778225,430.9475046590832
22.07488510688733,27.73355097240289,13.386447559090058,29.505141216780743,25.96050858698526,40.00416621143125,27.47094871117125,15.453727503816074
67.17264612451804,45.66140433117879,61.26333883345036,73.9433571807928,36.12668424440892,80.77707440756946,43.5295894540361,60.94357925263192
591.734340840988,629.6552130530067,458.2850815065184,497.030562099426,613.9107616439759,287.8445563173039,368.7655859413192,407.08981404732094
-0.80308199207789,-1.5683391988979916,-0.5827573803027581,2.4197798422967693,1.8371982742574504,-1.1908320305391698,0.6035225908723099,1.5429775140730793
223.65592509971705,-218.0192192926741,-820.5157913749351,1118.36097168578,-14.09370592226594,-122.7402898737572,1630.4660604029566,1223.6862133715215
0.0029469763852548,0.0016614796408292,2096.838403268669,17981.919591911294,-8357.914251013874,13937.603413014329,7750.518321979628,-154.3431335177736
-37.34053696080611,410.0318805449938,1293.3825515725748,1482.5566349477772,-1750.1174465868082,1076.9319459118783,-2418.957939502221,1569.505642273353
-340.99491338009256,-51.80821821155703,-357.390628706984,-360.3914295929438,-1006.6858888188744,4289.809654922291,-3087.371918319309,559.5136486366494
30.892603370294218,35.618735899027726,21.83389685764723,24.84275823064097,26.953805978231543,20.210359162840803,30.61008477605824,18.395304064860284
78.01660065635159,68.8789659390897,48.54496736806616,60.08843179872476,51.37873616921319,55.6514387297345,66.93326363937975,86.47831054626818
560.7735872412529,489.5715337323469,481.9507003413145,408.8160730782988,700.9178578149736,396.90568607586096,482.7682477617231,526.5154408308466
1.770848130025113,-0.2565438715613954,-0.064858918734574,0.8212408944098897,3.340097195193571,0.4369953519398364,-1.1254776945446805,2.392778673841232
117.81449951348569,297.40989918428204,19.79359923234076,767.5956773612039,85.53198919714191,8.116358101643641,857.5159617220056,-53.69139277131202
-0.0029351676782474,0.0023667342031977,8390.099006531706,18230.29670247757,16364.864776190858,14966.034016217309,1475.1806384175145,15552.850596336591
6632.994090031005,13654.403237070735,2100.9642950956863,-1691.6997618802698,-2381.748847823995,-1211.7472483376282,-375.6856638956601,1658.0461736433165
-217.50995712235263,-160.64394191265862,-1100.8342046540558,2890.334467764599,785.8792564085479,7536.885412010202,-1394.413556176101,1165.7665410428
11.00889648675738,34.64918823544727,14.76271826991979,24.79113705848601,26.55325752260975,25.56605541914008,23.010389622561657,25.12043179946736
42.05706075210891,74.64387658618125,21.9855803950209,30.587547803241705,83.79171902190856,24.172276256864496,51.46945688578914,50.325615570675
267.267058563534,449.174616708358,741.4468881111509,714.7830655610259,384.6470379331088,650.310911167986,672.5015242787259,336.14415364157946
0.7845744244403219,-0.8506713619541963,2.981306368273694,-0.5009223348689955,-0.5254425099313351,0.8275763537313541,1.2905894403378064,1.920999670511173
-290.274048757065,1095.9342335664062,-506.6482661621708,1382.537433714985,111.29702402291645,656.1157034441921,577.5312735041066,850.674558102948
-0.0009623457234523,0.003179370080515,11286.423197985225,21797.0077716708,21357.390898090787,7604.675471256837,1112.8724553210411,-116.75552167553325
973.5137579250302,-786.5929933444407,2667.2219433186265,2695.486945219809,2644.425525166571,3851.539126449711,2103.8890246843234,123.68640967903522
172.65030447367465,322.7700409020384,-1828.237418211352,2395.593163084393,188.3361065647955,-377.5695497898555,-861.0967064778225,430.9475046590832
22.07488510688733,27.73355097240289,13.386447559090058,29.505141216780743,25.96050858698526,40.00416621143125,27.47094871117125,15.453727503816074
67.17264612451804,45.66140433117879,61.26333883345036,73.9433571807928,36.12668424440892,80.77707440756946,43.5295894540361,60.94357925263192
591.734340840988,629.6552130530067,458.2850815065184,497.030562099426,613.9107616439759,287.8445563173039,368.7655859413192,407.08981404732094
-0.80308199207789,-1.5683391988979916,-0.5827573803027581,2.4197798422967693,1.8371982742574504,-1.1908320305391698,0.6035225908723099,1.5429775140730793
223.65592509971705,-218.0192192926741,-820.5157913749351,1118.36097168578,-14.09370592226594,-122.7402898737572,1630.4660604029566,1223.6862133715215
0.0029469763852548,0.0016614796408292,2096.838403268669,17981.919591911294,-8357.914251013874,13937.603413014329,7750.518321979628,-154.3431335177736
-37.34053696080611,410.0318805449938,1293.3825515725748,1482.5566349477772,-1750.1174465868082,1076.9319459118783,-2418.957939502221,1569.505642273353
-340.99491338009256,-51.80821821155703,-357.390628706984,-360.3914295929438,-1006.6858888188744,4289.809654922291,-3087.371918319309,559.5136486366494
30.892603370294218,35.618735899027726,21.83389685764723,24.84275823064097,26.953805978231543,20.210359162840803,30.61008477605824,18.395304064860284
78.01660065635159,68.8789659390897,48.54496736806616,60.08843179872476,51.37873616921319,55.6514387297345,66.93326363937975,86.47831054626818
560.7735872412529,489.5715337323469,481.9507003413145,408.8160730782988,700.9178578149736,396.90568607586096,482.7682477617231,526.5154408308466
1.770848130025113,-0.2565438715613954,-0.064858918734574,0.8212408944098897,3.340097195193571,0.4369953519398364,-1.1254776945446805,2.392778673841232
117.81449951348569,297.40989918428204,19.79359923234076,767.5956773612039,85.53198919714191,8.116358101643641,857.5159617220056,-53.69139277131202
-0.0029351676782474,0.0023667342031977,8390.099006531706,18230.29670247757,16364.864776190858,14966.034016217309,1475.1806384175145,15552.850596336591
6632.994090031005,13654.403237070735,2100.9642950956863,-1691.6997618802698,-2381.748847823995,-1211.7472483376282,-375.6856638956601,1658.0461736433165
-217.50995712235263,-160.64394191265862,-1100.8342046540558,2890.334467764599,785.8792564085479,7536.885412010202,-1394.413556176101,1165.7665410428
11.00889648675738,34.64918823544727,14.76271826991979,24.79113705848601,26.55325752260975,25.56605541914008,23.010389622561657,25.12043179946736
42.05706075210891,74.64387658618125,21.9855803950209,30.587547803241705,83.79171902190856,24.172276256864496,51.46945688578914,50.325615570675
267.267058563534,449.174616708358,741.4468881111509,714.7830655610259,384.6470379331088,650.310911167986,672.5015242787259,336.14415364157946
0.7845744244403219,-0.8506713619541963,2.981306368273694,-0.5009223348689955,-0.5254425099313351,0.8275763537313541,1.2905894403378064,1.920999670511173
-290.274048757065,1095.9342335664062,-506.6482661621708,1382.537433714985,111.29702402291645,656.1157034441921,577.5312735041066,850.674558102948
-0.0009623457234523,0.003179370080515,11286.423197985225,21797.0077716708,21357.390898090787,7604.675471256837,1112.8724553210411,-116.75552167553325
973.5137579250302,-786.5929933444407,2667.2219433186265,2695.486945219809,2644.425525166571,3851.539126449711,2103.8890246843234,123.68640967903522
172.65030447367465,322.7700409020384,-1828.237418211352,2395.593163084393,188.3361065647955,-377.5695497898555,-861.0967064778225,430.9475046590832
22.07488510688733,27.73355097240289,13.386447559090058,29.505141216780743,25.96050858698526,40.00416621143125,27.47094871117125,15.453727503816074
67.17264612451804,45.66140433117879,61.26333883345036,73.9433571807928,36.12668424440892,80.77707440756946,43.5295894540361,60.94357925263192
591.734340840988,629.6552130530067,458.2850815065184,497.030562099426,613.9107616439759,287.8445563173039,368.7655859413192,407.08981404732094
-0.80308199207789,-1.5683391988979916,-0.5827573803027581,2.4197798422967693,1.8371982742574504,-1.1908320305391698,0.6035225908723099,1.5429775140730793
223.65592509971705,-218.0192192926741,-820.5157913749351,1118.36097168578,-14.09370592226594,-122.7402898737572,1630.4660604029566,1223.6862133715215
0.0029469763852548,0.0016614796408292,2096.838403268669,17981.919591911294,-8357.914251013874,13937.603413014329,7750.518321979628,-154.3431335177736
-37.34053696080611,410.0318805449938,1293.3825515725748,1482.5566349477772,-1750.1174465868082,1076.9319459118783,-2418.957939502221,1569.505642273353
-340.99491338009256,-51.80821821155703,-357.390628706984,-360.3914295929438,-1006.6858888188744,4289.809654922291,-3087.371918319309,559.5136486366494
30.892603370294218,35.618735899027726,21.83389685764723,24.84275823064097,26.953805978231543,20.210359162840803,30.61008477605824,18.395304064860284
78.01660065635159,68.8789659390897,48.54496736806616,60.08843179872476,51.37873616921319,55.6514387297345,66.93326363937975,86.47831054626818
560.7735872412529,489.5715337323469,481.9507003413145,408.8160730782988,700.9178578149736,396.90568607586096,482.7682477617231,526.5154408308466
1.770848130025113,-0.2565438715613954,-0.064858918734574,0.8212408944098897,3.340097195193571,0.4369953519398364,-1.1254776945446805,2.392778673841232
117.81449951348569,297.40989918428204,19.79359923234076,767.5956773612039,85.53198919714191,8.116358101643641,857.5159617220056,-53.69139277131202
-0.0029351676782474,0.0023667342031977,8390.099006531706,18230.29670247757,16364.864776190858,14966.034016217309,1475.1806384175145,15552.850596336591
6632.994090031005,13654.403237070735,2100.9642950956863,-1691.6997618802698,-2381.748847823995,-1211.7472483376282,-375.6856638956601,1658.0461736433165
-217.50995712235263,-160.64394191265862,-1100.8342046540558,2890.334467764599,785.8792564085479,7536.885412010202,-1394.413556176101,1165.7665410428
11.00889648675738,34.64918823544727,14.76271826991979,24.79113705848601,26.55325752260975,25.56605541914008,23.010389622561657,25.12043179946736
42.05706075210891,74.64387658618125,21.9855803950209,30.587547803241705,83.79171902190856,24.172276256864496,51.46945688578914,50.325615570675
267.267058563534,449.174616708358,741.4468881111509,714.7830655610259,384.6470379331088,650.310911167986,672.5015242787259,336.14415364157946
0.7845744244403219,-0.8506713619541963,2.981306368273694,-0.5009223348689955,-0.5254425099313351,0.8275763537313541,1.2905894403378064,1.920999670511173
-290.274048757065,1095.9342335664062,-506.6482661621708,1382.537433714985,111.29702402291645,656.1157034441921,577.5312735041066,850.674558102948
-0.0009623457234523,0.003179370080515,11286.423197985225,21797.0077716708,21357.390898090787,7604.675471256837,1112.8724553210411,-116.75552167553325
973.5137579250302,-786.5929933444407,2667.2219433186265,2695.486945219809,2644.425525166571,3851.539126449711,2103.8890246843234,123.68640967903522
172.65030447367465,322.7700409020384,-1828.237418211352,2395.593163084393,188.3361065647955,-377.5695497898555,-861.0967064778225,430.9475046590832
22.07488510688733,27.73355097240289,13.386447559090058,29.505141216780743,25.96050858698526,40.00416621143125,27.47094871117125,15.453727503816074
67.17264612451804,45.66140433117879,61.26333883345036,73.9433571807928,36.12668424440892,80.77707440756946,43.5295894540361,60.94357925263192
591.734340840988,629.6552130530067,458.2850815065184,497.030562099426,613.9107616439759,287.8445563173039,368.7655859413192,407.08981404732094
-0.80308199207789,-1.5683391988979916,-0.5827573803027581,2.4197798422967693,1.8371982742574504,-1.1908320305391698,0.6035225908723099,1.5429775140730793
223.65592509971705,-218.0192192926741,-820.5157913749351,1118.36097168578,-14.09370592226594,-122.7402898737572,1630.4660604029566,1223.6862133715215
0.0029469763852548,0.0016614796408292,2096.838403268669,17981.919591911294,-8357.914251013874,13937.603413014329,7750.518321979628,-154.3431335177736
-37.34053696080611,410.0318805449938,1293.3825515725748,1482.5566349477772,-1750.1174465868082,1076.9319459118783,-2418.957939502221,1569.505642273353
-340.99491338009256,-51.80821821155703,-357.390628706984,-360.3914295929438,-1006.6858888188744,4289.809654922291,-3087.371918319309,559.5136486366494
30.892603370294218,35.618735899027726,21.83389685764723,24.84275823064097,26.953805978231543,20.210359162840803,30.61008477605824,18.395304064860284
78.01660065635159,68.8789659390897,48.54496736806616,60.08843179872476,51.37873616921319,55.6514387297345,66.93326363937975,86.47831054626818
560.7735872412529,489.5715337323469,481.9507003413145,408.8160730782988,700.9178578149736,396.90568607586096,482.7682477617231,526.5154408308466
1.770848130025113,-0.2565438715613954,-0.064858918734574,0.8212408944098897,3.340097195193571,0.4369953519398364,-1.1254776945446805,2.392778673841232
117.81449951348569,297.40989918428204,19.79359923234076,767.5956773612039,85.53198919714191,8.116358101643641,857.5159617220056,-53.69139277131202
-0.0029351676782474,0.0023667342031977,8390.099006531706,18230.29670247757,16364.864776190858,14966.034016217309,1475.1806384175145,15552.850596336591
6632.994090031005,13654.403237070735,2100.9642950956863,-1691.6997618802698,-2381.748847823995,-1211.7472483376282,-375.6856638956601,1658.0461736433165
-217.50995712235263,-160.64394191265862,-1100.8342046540558,2890.334467764599,785.8792564085479,7536.885412010202,-1394.413556176101,1165.7665410428
11.00889648675738,34.64918823544727,14.76271826991979,24.79113705848601,26.55325752260975,25.56605541914008,23.010389622561657,25.12043179946736
42.05706075210891,74.64387658618125,21.9855803950209,30.587547803241705,83.79171902190856,24.172276256864496,51.46945688578914,50.325615570675
267.267058563534,449.174616708358,741.4468881111509,714.7830655610259,384.6470379331088,650.310911167986,672.5015242787259,336.14415364157946
0.7845744244403219,-0.8506713619541963,2.981306368273694,-0.5009223348689955,-0.5254425099313351,0.8275763537313541,1.2905894403378064,1.920999670511173
-290.274048757065,1095.9342335664062,-506.6482661621708,1382.537433714985,111.29702402291645,656.1157034441921,577.5312735041066,850.674558102948
-0.0009623457234523,0.003179370080515,11286.423197985225,21797.0077716708,21357.390898090787,7604.675471256837,1112.8724553210411,-116.75552167553325
973.5137579250302,-786.5929933444407,2667.2219433186265,2695.486945219809,2644.425525166571,3851.539126449711,2103.8890246843234,123.68640967903522
172.65030447367465,322.7700409020384,-1828.237418211352,2395.593163084393,188.3361065647955,-377.5695497898555,-861.0967064778225,430.9475046590832
22.07488510688733,27.73355097240289,13.386447559090058,29.505141216780743,25.96050858698526,40.00416621143125,27.47094871117125,15.453727503816074
67.17264612451804,45.66140433117879,61.26333883345036,73.9433571807928,36.12668424440892,80.77707440756946,43.5295894540361,60.94357925263192
591.734340840988,629.6552130530067,458.2850815065184,497.030562099426,613.9107616439759,287.8445563173039,368.7655859413192,407.08981404732094
-0.80308199207789,-1.5683391988979916,-0.5827573803027581,2.4197798422967693,1.8371982742574504,-1.1908320305391698,0.6035225908723099,1.5429775140730793
223.65592509971705,-218.0192192926741,-820.5157913749351,1118.36097168578,-14.09370592226594,-122.7402898737572,1630.4660604029566,1223.6862133715215
0.0029469763852548,0.0016614796408292,2096.838403268669,17981.919591911294,-8357.914251013874,13937.603413014329,7750.518321979628,-154.3431335177736
-37.34053696080611,410.0318805449938,1293.3825515725748,1482.5566349477772,-1750.1174465868082,1076.9319459118783,-2418.957939502221,1569.505642273353
-340.99491338009256,-51.80821821155703,-357.390628706984,-360.3914295929438,-1006.6858888188744,4289.809654922291,-3087.371918319309,559.5136486366494
30.892603370294218,35.618735899027726,21.83389685764723,24.84275823064097,26.953805978231543,20.210359162840803,30.61008477605824,18.395304064860284
78.01660065635159,68.8789659390897,48.54496736806616,60.08843179872476,51.37873616921319,55.6514387297345,66.93326363937975,86.47831054626818
560.7735872412529,489.5715337323469,481.9507003413145,408.8160730782988,700.9178578149736,396.90568607586096,482.7682477617231,526.5154408308466
1.770848130025113,-0.2565438715613954,-0.064858918734574,0.8212408944098897,3.340097195193571,0.4369953519398364,-1.1254776945446805,2.392778673841232
117.81449951348569,297.40989918428204,19.79359923234076,767.5956773612039,85.53198919714191,8.116358101643641,857.5159617220056,-53.69139277131202
-0.0029351676782474,0.0023667342031977,8390.099006531706,18230.29670247757,16364.864776190858,14966.034016217309,1475.1806384175145,15552.850596336591
6632.994090031005,13654.403237070735,2100.9642950956863,-1691.6997618802698,-2381.748847823995,-1211.7472483376282,-375.6856638956601,1658.0461736433165
-217.50995712235263,-160.64394191265862,-1100.8342046540558,2890.334467764599,785.8792564085479,7536.885412010202,-1394.413556176101,1165.7665410428
11.00889648675738,34.64918823544727,14.76271826991979,24.79113705848601,26.55325752260975,25.56605541914008,23.010389622561657,25.12043179946736
42.05706075210891,74.64387658618125,21.9855803950209,30.587547803241705,83.79171902190856,24.172276256864496,51.46945688578914,50.325615570675
267.267058563534,449.174616708358,741.4468881111509,714.7830655610259,384.6470379331088,650.310911167986,672.5015242787259,336.14415364157946
0.7845744244403219,-0.8506713619541963,2.981306368273694,-0.5009223348689955,-0.5254425099313351,0.8275763537313541,1.2905894403378064,1.920999670511173
-290.274048757065,1095.9342335664062,-506.6482661621708,1382.537433714985,111.29702402291645,656.1157034441921,577.5312735041066,850.674558102948
-0.0009623457234523,0.003179370080515,11286.423197985225,21797.0077716708,21357.390898090787,7604.675471256837,1112.8724553210411,-116.75552167553325
973.5137579250302,-786.5929933444407,2667.2219433186265,2695.486945219809,2644.425525166571,3851.539126449711,2103.8890246843234,123.68640967903522
172.65030447367465,322.7700409020384,-1828.237418211352,2395.593163084393,188.3361065647955,-377.5695497898555,-861.0967064778225,430.9475046590832
