내부온도관측치,내부습도관측치,co2관측치,ec관측치,시간당분무량,시간당백색광량,시간당적색광량,시간당청색광량
26.45593691434902,28.591762278915898,38.54382385052371,36.57986639062344,28.62310530385972,38.36588534314068,26.199890459919907,29.73813263629082
49.83965863801739,62.75263128294485,73.35766742200721,32.17915147735852,48.27398707136883,37.73703836881304,34.29189371463337,35.05136078219667
689.3320407669427,492.3108119267683,436.025800316108,377.5848055415681,461.31582906262304,445.7360571157736,580.8255640869553,513.0136198441111
0.84679532827588,2.367738313743196,1.0386992211413772,0.6459271829550264,2.839725863905926,2.7737800780642607,2.003576755933858,-0.4781902066120642
44.74294139203647,3.452722968832038,195.9885750179011,1117.3163806721332,1949.4883691916632,48.81710228648774,432.6813000459216,-13.483448066818475
0.0030191859984135,0.0010152415550985,1233.2185507808651,10414.728938346332,19293.16551396459,-4208.914606193608,5803.987699017591,1336.6892523857132
-189.58897205262608,818.4476062099958,3724.4570675268,1153.5155238072314,487.46107286900127,2671.122644666643,-2439.4389266125063,1665.8352827130636
228.70650020746004,-167.429351578539,-81.00707751190431,374.12434666893887,3343.554466177726,14908.783083764332,-967.6737136716658,860.6149902281945
25.53321062635466,17.926626799651157,40.249771377121945,27.373920057554304,25.76319681543803,27.777512616473977,24.600240696939142,21.17598366421729
45.55725875848971,66.70458185333652,15.006527714235894,12.894711895243333,39.72936339058953,75.13088485944766,84.44843474264175,52.60390828911534
476.0364949684088,484.85205830977753,546.3502607122372,732.3230124905201,866.9154014424828,271.116022860566,305.9234839704821,509.7965467086849
0.6384871453183318,1.3660418722469152,-0.1986073210486707,0.4634073113439526,3.2741222994274493,2.65843735287795,-0.0321483573693806,1.2948500609761613
-92.01311653543532,-156.5707253210195,-254.1767110555521,-824.0926360682225,1660.3832998651037,175.89950987944897,-117.1764018904661,1620.8203740907074
-0.0002453941431822,-0.0020435517312282,-1759.6165853751968,15456.019625712594,19274.73597513428,15493.257381263267,-1583.5131654763202,747.4051738886154
582.8117508435945,1174.2726735862225,11049.383201647,-1104.991535909332,822.1606272533709,-2288.2803962346725,-2706.018205360889,159.0796079104711
187.23995464655027,-301.7241989690527,2652.810355202347,-69.84842183721184,-824.3008912377029,8677.791209056533,389.9382095758973,-285.4482789768308
13.18235932374878,27.73581715788822,15.956273850077723,23.32533532320073,27.6275025379928,25.523579730322822,27.67155919567657,13.975631224982202
59.94014351897729,50.38323602668371,32.41414712549892,24.124718374805628,77.20148040732315,42.42342904038623,74.44436538060513,33.4208959769893
283.024312065863,339.1939877184718,636.3543702038448,885.6698905736457,367.3331998854462,597.1759446082657,586.4344338461157,498.78983652055854
2.309092988333549,0.7436124346991669,1.604112984689765,1.9228636585847776,-0.3803265536658236,1.2224361063460765,2.4876656905975345,4.132843793361471
216.1383553103958,-154.54452364173395,805.0918559104568,287.708890026739,-278.4569529269198,645.0480375136935,232.9941160702633,-1276.9686045878684
-0.0009233186683503,0.0019456488211679,-3812.043457822997,21265.30167065784,21244.58641446849,11786.04729958056,2977.524538563886,-196.08402868931648
982.7059597347896,-466.4708884536305,3145.9089026801867,-1856.8182605151185,2837.819324425204,14327.845612392632,9603.333112294064,-91.22755957649908
-53.81556110255,-340.0961592894771,-2328.2146226474906,6189.10649428559,967.1664602690944,3694.9076206767822,-1309.6084991080395,-966.3348019709252
26.45593691434902,28.591762278915898,38.54382385052371,36.57986639062344,28.62310530385972,38.36588534314068,26.199890459919907,29.73813263629082
49.83965863801739,62.75263128294485,73.35766742200721,32.17915147735852,48.27398707136883,37.73703836881304,34.29189371463337,35.05136078219667
689.3320407669427,492.3108119267683,436.025800316108,377.5848055415681,461.31582906262304,445.7360571157736,580.8255640869553,513.0136198441111
0.84679532827588,2.367738313743196,1.0386992211413772,0.6459271829550264,2.839725863905926,2.7737800780642607,2.003576755933858,-0.4781902066120642
44.74294139203647,3.452722968832038,195.9885750179011,1117.3163806721332,1949.4883691916632,48.81710228648774,432.6813000459216,-13.483448066818475
0.0030191859984135,0.0010152415550985,1233.2185507808651,10414.728938346332,19293.16551396459,-4208.914606193608,5803.987699017591,1336.6892523857132
-189.58897205262608,818.4476062099958,3724.4570675268,1153.5155238072314,487.46107286900127,2671.122644666643,-2439.4389266125063,1665.8352827130636
228.70650020746004,-167.429351578539,-81.00707751190431,374.12434666893887,3343.554466177726,14908.783083764332,-967.6737136716658,860.6149902281945
25.53321062635466,17.926626799651157,40.249771377121945,27.373920057554304,25.76319681543803,27.777512616473977,24.600240696939142,21.17598366421729
45.55725875848971,66.70458185333652,15.006527714235894,12.894711895243333,39.72936339058953,75.13088485944766,84.44843474264175,52.60390828911534
476.0364949684088,484.85205830977753,546.3502607122372,732.3230124905201,866.9154014424828,271.116022860566,305.9234839704821,509.7965467086849
0.6384871453183318,1.3660418722469152,-0.1986073210486707,0.4634073113439526,3.2741222994274493,2.65843735287795,-0.0321483573693806,1.2948500609761613
-92.01311653543532,-156.5707253210195,-254.1767110555521,-824.0926360682225,1660.3832998651037,175.89950987944897,-117.1764018904661,1620.8203740907074
-0.0002453941431822,-0.0020435517312282,-1759.6165853751968,15456.019625712594,19274.73597513428,15493.257381263267,-1583.5131654763202,747.4051738886154
582.8117508435945,1174.2726735862225,11049.383201647,-1104.991535909332,822.1606272533709,-2288.2803962346725,-2706.018205360889,159.0796079104711
187.23995464655027,-301.7241989690527,2652.810355202347,-69.84842183721184,-824.3008912377029,8677.791209056533,389.9382095758973,-285.4482789768308
13.18235932374878,27.73581715788822,15.956273850077723,23.32533532320073,27.6275025379928,25.523579730322822,27.67155919567657,13.975631224982202
59.94014351897729,50.38323602668371,32.41414712549892,24.124718374805628,77.20148040732315,42.42342904038623,74.44436538060513,33.4208959769893
283.024312065863,339.1939877184718,636.3543702038448,885.6698905736457,367.3331998854462,597.1759446082657,586.4344338461157,498.78983652055854
2.309092988333549,0.7436124346991669,1.604112984689765,1.9228636585847776,-0.3803265536658236,1.2224361063460765,2.4876656905975345,4.132843793361471
216.1383553103958,-154.54452364173395,805.0918559104568,287.708890026739,-278.4569529269198,645.0480375136935,232.9941160702633,-1276.9686045878684
-0.0009233186683503,0.0019456488211679,-3812.043457822997,21265.30167065784,21244.58641446849,11786.04729958056,2977.524538563886,-196.08402868931648
982.7059597347896,-466.4708884536305,3145.9089026801867,-1856.8182605151185,2837.819324425204,14327.845612392632,9603.333112294064,-91.22755957649908
-53.81556110255,-340.0961592894771,-2328.2146226474906,6189.10649428559,967.1664602690944,3694.9076206767822,-1309.6084991080395,-966.3348019709252
26.45593691434902,28.591762278915898,38.54382385052371,36.57986639062344,28.62310530385972,38.36588534314068,26.199890459919907,29.73813263629082
49.83965863801739,62.75263128294485,73.35766742200721,32.17915147735852,48.27398707136883,37.73703836881304,34.29189371463337,35.05136078219667
689.3320407669427,492.3108119267683,436.025800316108,377.5848055415681,461.31582906262304,445.7360571157736,580.8255640869553,513.0136198441111
0.84679532827588,2.367738313743196,1.0386992211413772,0.6459271829550264,2.839725863905926,2.7737800780642607,2.003576755933858,-0.4781902066120642
44.74294139203647,3.452722968832038,195.9885750179011,1117.3163806721332,1949.4883691916632,48.81710228648774,432.6813000459216,-13.483448066818475
0.0030191859984135,0.0010152415550985,1233.2185507808651,10414.728938346332,19293.16551396459,-4208.914606193608,5803.987699017591,1336.6892523857132
-189.58897205262608,818.4476062099958,3724.4570675268,1153.5155238072314,487.46107286900127,2671.122644666643,-2439.4389266125063,1665.8352827130636
228.70650020746004,-167.429351578539,-81.00707751190431,374.12434666893887,3343.554466177726,14908.783083764332,-967.6737136716658,860.6149902281945
25.53321062635466,17.926626799651157,40.249771377121945,27.373920057554304,25.76319681543803,27.777512616473977,24.600240696939142,21.17598366421729
45.55725875848971,66.70458185333652,15.006527714235894,12.894711895243333,39.72936339058953,75.13088485944766,84.44843474264175,52.60390828911534
476.0364949684088,484.85205830977753,546.3502607122372,732.3230124905201,866.9154014424828,271.116022860566,305.9234839704821,509.7965467086849
0.6384871453183318,1.3660418722469152,-0.1986073210486707,0.4634073113439526,3.2741222994274493,2.65843735287795,-0.0321483573693806,1.2948500609761613
-92.01311653543532,-156.5707253210195,-254.1767110555521,-824.0926360682225,1660.3832998651037,175.89950987944897,-117.1764018904661,1620.8203740907074
-0.0002453941431822,-0.0020435517312282,-1759.6165853751968,15456.019625712594,19274.73597513428,15493.257381263267,-1583.5131654763202,747.4051738886154
582.8117508435945,1174.2726735862225,11049.383201647,-1104.991535909332,822.1606272533709,-2288.2803962346725,-2706.018205360889,159.0796079104711
187.23995464655027,-301.7241989690527,2652.810355202347,-69.84842183721184,-824.3008912377029,8677.791209056533,389.9382095758973,-285.4482789768308
13.18235932374878,27.73581715788822,15.956273850077723,23.32533532320073,27.6275025379928,25.523579730322822,27.67155919567657,13.975631224982202
59.94014351897729,50.38323602668371,32.41414712549892,24.124718374805628,77.20148040732315,42.42342904038623,74.44436538060513,33.4208959769893
283.024312065863,339.1939877184718,636.3543702038448,885.6698905736457,367.3331998854462,597.1759446082657,586.4344338461157,498.78983652055854
2.309092988333549,0.7436124346991669,1.604112984689765,1.9228636585847776,-0.3803265536658236,1.2224361063460765,2.4876656905975345,4.132843793361471
216.1383553103958,-154.54452364173395,805.0918559104568,287.708890026739,-278.4569529269198,645.0480375136935,232.9941160702633,-1276.9686045878684
-0.0009233186683503,0.0019456488211679,-3812.043457822997,21265.30167065784,21244.58641446849,11786.04729958056,2977.524538563886,-196.08402868931648
982.7059597347896,-466.4708884536305,3145.9089026801867,-1856.8182605151185,2837.819324425204,14327.845612392632,9603.333112294064,-91.22755957649908
-53.81556110255,-340.0961592894771,-2328.2146226474906,6189.10649428559,967.1664602690944,3694.9076206767822,-1309.6084991080395,-966.3348019709252
26.45593691434902,28.591762278915898,38.54382385052371,36.57986639062344,28.62310530385972,38.36588534314068,26.199890459919907,29.73813263629082
49.83965863801739,62.75263128294485,73.35766742200721,32.17915147735852,48.27398707136883,37.73703836881304,34.29189371463337,35.05136078219667
689.3320407669427,492.3108119267683,436.025800316108,377.5848055415681,461.31582906262304,445.7360571157736,580.8255640869553,513.0136198441111
0.84679532827588,2.367738313743196,1.0386992211413772,0.6459271829550264,2.839725863905926,2.7737800780642607,2.003576755933858,-0.4781902066120642
44.74294139203647,3.452722968832038,195.9885750179011,1117.3163806721332,1949.4883691916632,48.81710228648774,432.6813000459216,-13.483448066818475
0.0030191859984135,0.0010152415550985,1233.2185507808651,10414.728938346332,19293.16551396459,-4208.914606193608,5803.987699017591,1336.6892523857132
-189.58897205262608,818.4476062099958,3724.4570675268,1153.5155238072314,487.46107286900127,2671.122644666643,-2439.4389266125063,1665.8352827130636
228.70650020746004,-167.429351578539,-81.00707751190431,374.12434666893887,3343.554466177726,14908.783083764332,-967.6737136716658,860.6149902281945
25.53321062635466,17.926626799651157,40.249771377121945,27.373920057554304,25.76319681543803,27.777512616473977,24.600240696939142,21.17598366421729
45.55725875848971,66.70458185333652,15.006527714235894,12.894711895243333,39.72936339058953,75.13088485944766,84.44843474264175,52.60390828911534
476.0364949684088,484.85205830977753,546.3502607122372,732.3230124905201,866.9154014424828,271.116022860566,305.9234839704821,509.7965467086849
0.6384871453183318,1.3660418722469152,-0.1986073210486707,0.4634073113439526,3.2741222994274493,2.65843735287795,-0.0321483573693806,1.2948500609761613
-92.01311653543532,-156.5707253210195,-254.1767110555521,-824.0926360682225,1660.3832998651037,175.89950987944897,-117.1764018904661,1620.8203740907074
-0.0002453941431822,-0.0020435517312282,-1759.6165853751968,15456.019625712594,19274.73597513428,15493.257381263267,-1583.5131654763202,747.4051738886154
582.8117508435945,1174.2726735862225,11049.383201647,-1104.991535909332,822.1606272533709,-2288.2803962346725,-2706.018205360889,159.0796079104711
187.23995464655027,-301.7241989690527,2652.810355202347,-69.84842183721184,-824.3008912377029,8677.791209056533,389.9382095758973,-285.4482789768308
13.18235932374878,27.73581715788822,15.956273850077723,23.32533532320073,27.6275025379928,25.523579730322822,27.67155919567657,13.975631224982202
59.94014351897729,50.38323602668371,32.41414712549892,24.124718374805628,77.20148040732315,42.42342904038623,74.44436538060513,33.4208959769893
283.024312065863,339.1939877184718,636.3543702038448,885.6698905736457,367.3331998854462,597.1759446082657,586.4344338461157,498.78983652055854
2.309092988333549,0.7436124346991669,1.604112984689765,1.9228636585847776,-0.3803265536658236,1.2224361063460765,2.4876656905975345,4.132843793361471
216.1383553103958,-154.54452364173395,805.0918559104568,287.708890026739,-278.4569529269198,645.0480375136935,232.9941160702633,-1276.9686045878684
-0.0009233186683503,0.0019456488211679,-3812.043457822997,21265.30167065784,21244.58641446849,11786.04729958056,2977.524538563886,-196.08402868931648
982.7059597347896,-466.4708884536305,3145.9089026801867,-1856.8182605151185,2837.819324425204,14327.845612392632,9603.333112294064,-91.22755957649908
-53.81556110255,-340.0961592894771,-2328.2146226474906,6189.10649428559,967.1664602690944,3694.9076206767822,-1309.6084991080395,-966.3348019709252
26.45593691434902,28.591762278915898,38.54382385052371,36.57986639062344,28.62310530385972,38.36588534314068,26.199890459919907,29.73813263629082
49.83965863801739,62.75263128294485,73.35766742200721,32.17915147735852,48.27398707136883,37.73703836881304,34.29189371463337,35.05136078219667
689.3320407669427,492.3108119267683,436.025800316108,377.5848055415681,461.31582906262304,445.7360571157736,580.8255640869553,513.0136198441111
0.84679532827588,2.367738313743196,1.0386992211413772,0.6459271829550264,2.839725863905926,2.7737800780642607,2.003576755933858,-0.4781902066120642
44.74294139203647,3.452722968832038,195.9885750179011,1117.3163806721332,1949.4883691916632,48.81710228648774,432.6813000459216,-13.483448066818475
0.0030191859984135,0.0010152415550985,1233.2185507808651,10414.728938346332,19293.16551396459,-4208.914606193608,5803.987699017591,1336.6892523857132
-189.58897205262608,818.4476062099958,3724.4570675268,1153.5155238072314,487.46107286900127,2671.122644666643,-2439.4389266125063,1665.8352827130636
228.70650020746004,-167.429351578539,-81.00707751190431,374.12434666893887,3343.554466177726,14908.783083764332,-967.6737136716658,860.6149902281945
25.53321062635466,17.926626799651157,40.249771377121945,27.373920057554304,25.76319681543803,27.777512616473977,24.600240696939142,21.17598366421729
45.55725875848971,66.70458185333652,15.006527714235894,12.894711895243333,39.72936339058953,75.13088485944766,84.44843474264175,52.60390828911534
476.0364949684088,484.85205830977753,546.3502607122372,732.3230124905201,866.9154014424828,271.116022860566,305.9234839704821,509.7965467086849
0.6384871453183318,1.3660418722469152,-0.1986073210486707,0.4634073113439526,3.2741222994274493,2.65843735287795,-0.0321483573693806,1.2948500609761613
-92.01311653543532,-156.5707253210195,-254.1767110555521,-824.0926360682225,1660.3832998651037,175.89950987944897,-117.1764018904661,1620.8203740907074
-0.0002453941431822,-0.0020435517312282,-1759.6165853751968,15456.019625712594,19274.73597513428,15493.257381263267,-1583.5131654763202,747.4051738886154
582.8117508435945,1174.2726735862225,11049.383201647,-1104.991535909332,822.1606272533709,-2288.2803962346725,-2706.018205360889,159.0796079104711
187.23995464655027,-301.7241989690527,2652.810355202347,-69.84842183721184,-824.3008912377029,8677.791209056533,389.9382095758973,-285.4482789768308
13.18235932374878,27.73581715788822,15.956273850077723,23.32533532320073,27.6275025379928,25.523579730322822,27.67155919567657,13.975631224982202
59.94014351897729,50.38323602668371,32.41414712549892,24.124718374805628,77.20148040732315,42.42342904038623,74.44436538060513,33.4208959769893
283.024312065863,339.1939877184718,636.3543702038448,885.6698905736457,367.3331998854462,597.1759446082657,586.4344338461157,498.78983652055854
2.309092988333549,0.7436124346991669,1.604112984689765,1.9228636585847776,-0.3803265536658236,1.2224361063460765,2.4876656905975345,4.132843793361471
216.1383553103958,-154.54452364173395,805.0918559104568,287.708890026739,-278.4569529269198,645.0480375136935,232.9941160702633,-1276.9686045878684
-0.0009233186683503,0.0019456488211679,-3812.043457822997,21265.30167065784,21244.58641446849,11786.04729958056,2977.524538563886,-196.08402868931648
982.7059597347896,-466.4708884536305,3145.9089026801867,-1856.8182605151185,2837.819324425204,14327.845612392632,9603.333112294064,-91.22755957649908
-53.81556110255,-340.0961592894771,-2328.2146226474906,6189.10649428559,967.1664602690944,3694.9076206767822,-1309.6084991080395,-966.3348019709252
26.45593691434902,28.591762278915898,38.54382385052371,36.57986639062344,28.62310530385972,38.36588534314068,26.199890459919907,29.73813263629082
49.83965863801739,62.75263128294485,73.35766742200721,32.17915147735852,48.27398707136883,37.73703836881304,34.29189371463337,35.05136078219667
689.3320407669427,492.3108119267683,436.025800316108,377.5848055415681,461.31582906262304,445.7360571157736,580.8255640869553,513.0136198441111
0.84679532827588,2.367738313743196,1.0386992211413772,0.6459271829550264,2.839725863905926,2.7737800780642607,2.003576755933858,-0.4781902066120642
44.74294139203647,3.452722968832038,195.9885750179011,1117.3163806721332,1949.4883691916632,48.81710228648774,432.6813000459216,-13.483448066818475
0.0030191859984135,0.0010152415550985,1233.2185507808651,10414.728938346332,19293.16551396459,-4208.914606193608,5803.987699017591,1336.6892523857132
-189.58897205262608,818.4476062099958,3724.4570675268,1153.5155238072314,487.46107286900127,2671.122644666643,-2439.4389266125063,1665.8352827130636
228.70650020746004,-167.429351578539,-81.00707751190431,374.12434666893887,3343.554466177726,14908.783083764332,-967.6737136716658,860.6149902281945
25.53321062635466,17.926626799651157,40.249771377121945,27.373920057554304,25.76319681543803,27.777512616473977,24.600240696939142,21.17598366421729
45.55725875848971,66.70458185333652,15.006527714235894,12.894711895243333,39.72936339058953,75.13088485944766,84.44843474264175,52.60390828911534
476.0364949684088,484.85205830977753,546.3502607122372,732.3230124905201,866.9154014424828,271.116022860566,305.9234839704821,509.7965467086849
0.6384871453183318,1.3660418722469152,-0.1986073210486707,0.4634073113439526,3.2741222994274493,2.65843735287795,-0.0321483573693806,1.2948500609761613
-92.01311653543532,-156.5707253210195,-254.1767110555521,-824.0926360682225,1660.3832998651037,175.89950987944897,-117.1764018904661,1620.8203740907074
-0.0002453941431822,-0.0020435517312282,-1759.6165853751968,15456.019625712594,19274.73597513428,15493.257381263267,-1583.5131654763202,747.4051738886154
582.8117508435945,1174.2726735862225,11049.383201647,-1104.991535909332,822.1606272533709,-2288.2803962346725,-2706.018205360889,159.0796079104711
187.23995464655027,-301.7241989690527,2652.810355202347,-69.84842183721184,-824.3008912377029,8677.791209056533,389.9382095758973,-285.4482789768308
13.18235932374878,27.73581715788822,15.956273850077723,23.32533532320073,27.6275025379928,25.523579730322822,27.67155919567657,13.975631224982202
59.94014351897729,50.38323602668371,32.41414712549892,24.124718374805628,77.20148040732315,42.42342904038623,74.44436538060513,33.4208959769893
283.024312065863,339.1939877184718,636.3543702038448,885.6698905736457,367.3331998854462,597.1759446082657,586.4344338461157,498.78983652055854
2.309092988333549,0.7436124346991669,1.604112984689765,1.9228636585847776,-0.3803265536658236,1.2224361063460765,2.4876656905975345,4.132843793361471
216.1383553103958,-154.54452364173395,805.0918559104568,287.708890026739,-278.4569529269198,645.0480375136935,232.9941160702633,-1276.9686045878684
-0.0009233186683503,0.0019456488211679,-3812.043457822997,21265.30167065784,21244.58641446849,11786.04729958056,2977.524538563886,-196.08402868931648
982.7059597347896,-466.4708884536305,3145.9089026801867,-1856.8182605151185,2837.819324425204,14327.845612392632,9603.333112294064,-91.22755957649908
-53.81556110255,-340.0961592894771,-2328.2146226474906,6189.10649428559,967.1664602690944,3694.9076206767822,-1309.6084991080395,-966.3348019709252
26.45593691434902,28.591762278915898,38.54382385052371,36.57986639062344,28.62310530385972,38.36588534314068,26.199890459919907,29.73813263629082
49.83965863801739,62.75263128294485,73.35766742200721,32.17915147735852,48.27398707136883,37.73703836881304,34.29189371463337,35.05136078219667
689.3320407669427,492.3108119267683,436.025800316108,377.5848055415681,461.31582906262304,445.7360571157736,580.8255640869553,513.0136198441111
0.84679532827588,2.367738313743196,1.0386992211413772,0.6459271829550264,2.839725863905926,2.7737800780642607,2.003576755933858,-0.4781902066120642
44.74294139203647,3.452722968832038,195.9885750179011,1117.3163806721332,1949.4883691916632,48.81710228648774,432.6813000459216,-13.483448066818475
0.0030191859984135,0.0010152415550985,1233.2185507808651,10414.728938346332,19293.16551396459,-4208.914606193608,5803.987699017591,1336.6892523857132
-189.58897205262608,818.4476062099958,3724.4570675268,1153.5155238072314,487.46107286900127,2671.122644666643,-2439.4389266125063,1665.8352827130636
228.70650020746004,-167.429351578539,-81.00707751190431,374.12434666893887,3343.554466177726,14908.783083764332,-967.6737136716658,860.6149902281945
25.53321062635466,17.926626799651157,40.249771377121945,27.373920057554304,25.76319681543803,27.777512616473977,24.600240696939142,21.17598366421729
45.55725875848971,66.70458185333652,15.006527714235894,12.894711895243333,39.72936339058953,75.13088485944766,84.44843474264175,52.60390828911534
476.0364949684088,484.85205830977753,546.3502607122372,732.3230124905201,866.9154014424828,271.116022860566,305.9234839704821,509.7965467086849
0.6384871453183318,1.3660418722469152,-0.1986073210486707,0.4634073113439526,3.2741222994274493,2.65843735287795,-0.0321483573693806,1.2948500609761613
-92.01311653543532,-156.5707253210195,-254.1767110555521,-824.0926360682225,1660.3832998651037,175.89950987944897,-117.1764018904661,1620.8203740907074
-0.0002453941431822,-0.0020435517312282,-1759.6165853751968,15456.019625712594,19274.73597513428,15493.257381263267,-1583.5131654763202,747.4051738886154
582.8117508435945,1174.2726735862225,11049.383201647,-1104.991535909332,822.1606272533709,-2288.2803962346725,-2706.018205360889,159.0796079104711
187.23995464655027,-301.7241989690527,2652.810355202347,-69.84842183721184,-824.3008912377029,8677.791209056533,389.9382095758973,-285.4482789768308
13.18235932374878,27.73581715788822,15.956273850077723,23.32533532320073,27.6275025379928,25.523579730322822,27.67155919567657,13.975631224982202
59.94014351897729,50.38323602668371,32.41414712549892,24.124718374805628,77.20148040732315,42.42342904038623,74.44436538060513,33.4208959769893
283.024312065863,339.1939877184718,636.3543702038448,885.6698905736457,367.3331998854462,597.1759446082657,586.4344338461157,498.78983652055854
2.309092988333549,0.7436124346991669,1.604112984689765,1.9228636585847776,-0.3803265536658236,1.2224361063460765,2.4876656905975345,4.132843793361471
216.1383553103958,-154.54452364173395,805.0918559104568,287.708890026739,-278.4569529269198,645.0480375136935,232.9941160702633,-1276.9686045878684
-0.0009233186683503,0.0019456488211679,-3812.043457822997,21265.30167065784,21244.58641446849,11786.04729958056,2977.524538563886,-196.08402868931648
982.7059597347896,-466.4708884536305,3145.9089026801867,-1856.8182605151185,2837.819324425204,14327.845612392632,9603.333112294064,-91.22755957649908
-53.81556110255,-340.0961592894771,-2328.2146226474906,6189.10649428559,967.1664602690944,3694.9076206767822,-1309.6084991080395,-966.3348019709252
26.45593691434902,28.591762278915898,38.54382385052371,36.57986639062344,28.62310530385972,38.36588534314068,26.199890459919907,29.73813263629082
49.83965863801739,62.75263128294485,73.35766742200721,32.17915147735852,48.27398707136883,37.73703836881304,34.29189371463337,35.05136078219667
689.3320407669427,492.3108119267683,436.025800316108,377.5848055415681,461.31582906262304,445.7360571157736,580.8255640869553,513.0136198441111
0.84679532827588,2.367738313743196,1.0386992211413772,0.6459271829550264,2.839725863905926,2.7737800780642607,2.003576755933858,-0.4781902066120642
44.74294139203647,3.452722968832038,195.9885750179011,1117.3163806721332,1949.4883691916632,48.81710228648774,432.6813000459216,-13.483448066818475
0.0030191859984135,0.0010152415550985,1233.2185507808651,10414.728938346332,19293.16551396459,-4208.914606193608,5803.987699017591,1336.6892523857132
-189.58897205262608,818.4476062099958,3724.4570675268,1153.5155238072314,487.46107286900127,2671.122644666643,-2439.4389266125063,1665.8352827130636
228.70650020746004,-167.429351578539,-81.00707751190431,374.12434666893887,3343.554466177726,14908.783083764332,-967.6737136716658,860.6149902281945
25.53321062635466,17.926626799651157,40.249771377121945,27.373920057554304,25.76319681543803,27.777512616473977,24.600240696939142,21.17598366421729
45.55725875848971,66.70458185333652,15.006527714235894,12.894711895243333,39.72936339058953,75.13088485944766,84.44843474264175,52.60390828911534
476.0364949684088,484.85205830977753,546.3502607122372,732.3230124905201,866.9154014424828,271.116022860566,305.9234839704821,509.7965467086849
0.6384871453183318,1.3660418722469152,-0.1986073210486707,0.4634073113439526,3.2741222994274493,2.65843735287795,-0.0321483573693806,1.2948500609761613
-92.01311653543532,-156.5707253210195,-254.1767110555521,-824.0926360682225,1660.3832998651037,175.89950987944897,-117.1764018904661,1620.8203740907074
-0.0002453941431822,-0.0020435517312282,-1759.6165853751968,15456.019625712594,19274.73597513428,15493.257381263267,-1583.5131654763202,747.4051738886154
582.8117508435945,1174.2726735862225,11049.383201647,-1104.991535909332,822.1606272533709,-2288.2803962346725,-2706.018205360889,159.0796079104711
187.23995464655027,-301.7241989690527,2652.810355202347,-69.84842183721184,-824.3008912377029,8677.791209056533,389.9382095758973,-285.4482789768308
13.18235932374878,27.73581715788822,15.956273850077723,23.32533532320073,27.6275025379928,25.523579730322822,27.67155919567657,13.975631224982202
59.94014351897729,50.38323602668371,32.41414712549892,24.124718374805628,77.20148040732315,42.42342904038623,74.44436538060513,33.4208959769893
283.024312065863,339.1939877184718,636.3543702038448,885.6698905736457,367.3331998854462,597.1759446082657,586.4344338461157,498.78983652055854
2.309092988333549,0.7436124346991669,1.604112984689765,1.9228636585847776,-0.3803265536658236,1.2224361063460765,2.4876656905975345,4.132843793361471
216.1383553103958,-154.54452364173395,805.0918559104568,287.708890026739,-278.4569529269198,645.0480375136935,232.9941160702633,-1276.9686045878684
-0.0009233186683503,0.0019456488211679,-3812.043457822997,21265.30167065784,21244.58641446849,11786.04729958056,2977.524538563886,-196.08402868931648
982.7059597347896,-466.4708884536305,3145.9089026801867,-1856.8182605151185,2837.819324425204,14327.845612392632,9603.333112294064,-91.22755957649908
-53.81556110255,-340.0961592894771,-2328.2146226474906,6189.10649428559,967.1664602690944,3694.9076206767822,-1309.6084991080395,-966.3348019709252
26.45593691434902,28.591762278915898,38.54382385052371,36.57986639062344,28.62310530385972,38.36588534314068,26.199890459919907,29.73813263629082
49.83965863801739,62.75263128294485,73.35766742200721,32.17915147735852,48.27398707136883,37.73703836881304,34.29189371463337,35.05136078219667
689.3320407669427,492.3108119267683,436.025800316108,377.5848055415681,461.31582906262304,445.7360571157736,580.8255640869553,513.0136198441111
0.84679532827588,2.367738313743196,1.0386992211413772,0.6459271829550264,2.839725863905926,2.7737800780642607,2.003576755933858,-0.4781902066120642
44.74294139203647,3.452722968832038,195.9885750179011,1117.3163806721332,1949.4883691916632,48.81710228648774,432.6813000459216,-13.483448066818475
0.0030191859984135,0.0010152415550985,1233.2185507808651,10414.728938346332,19293.16551396459,-4208.914606193608,5803.987699017591,1336.6892523857132
-189.58897205262608,818.4476062099958,3724.4570675268,1153.5155238072314,487.46107286900127,2671.122644666643,-2439.4389266125063,1665.8352827130636
228.70650020746004,-167.429351578539,-81.00707751190431,374.12434666893887,3343.554466177726,14908.783083764332,-967.6737136716658,860.6149902281945
25.53321062635466,17.926626799651157,40.249771377121945,27.373920057554304,25.76319681543803,27.777512616473977,24.600240696939142,21.17598366421729
45.55725875848971,66.70458185333652,15.006527714235894,12.894711895243333,39.72936339058953,75.13088485944766,84.44843474264175,52.60390828911534
476.0364949684088,484.85205830977753,546.3502607122372,732.3230124905201,866.9154014424828,271.116022860566,305.9234839704821,509.7965467086849
0.6384871453183318,1.3660418722469152,-0.1986073210486707,0.4634073113439526,3.2741222994274493,2.65843735287795,-0.0321483573693806,1.2948500609761613
-92.01311653543532,-156.5707253210195,-254.1767110555521,-824.0926360682225,1660.3832998651037,175.89950987944897,-117.1764018904661,1620.8203740907074
-0.0002453941431822,-0.0020435517312282,-1759.6165853751968,15456.019625712594,19274.73597513428,15493.257381263267,-1583.5131654763202,747.4051738886154
582.8117508435945,1174.2726735862225,11049.383201647,-1104.991535909332,822.1606272533709,-2288.2803962346725,-2706.018205360889,159.0796079104711
187.23995464655027,-301.7241989690527,2652.810355202347,-69.84842183721184,-824.3008912377029,8677.791209056533,389.9382095758973,-285.4482789768308
13.18235932374878,27.73581715788822,15.956273850077723,23.32533532320073,27.6275025379928,25.523579730322822,27.67155919567657,13.975631224982202
59.94014351897729,50.38323602668371,32.41414712549892,24.124718374805628,77.20148040732315,42.42342904038623,74.44436538060513,33.4208959769893
283.024312065863,339.1939877184718,636.3543702038448,885.6698905736457,367.3331998854462,597.1759446082657,586.4344338461157,498.78983652055854
2.309092988333549,0.7436124346991669,1.604112984689765,1.9228636585847776,-0.3803265536658236,1.2224361063460765,2.4876656905975345,4.132843793361471
216.1383553103958,-154.54452364173395,805.0918559104568,287.708890026739,-278.4569529269198,645.0480375136935,232.9941160702633,-1276.9686045878684
-0.0009233186683503,0.0019456488211679,-3812.043457822997,21265.30167065784,21244.58641446849,11786.04729958056,2977.524538563886,-196.08402868931648
982.7059597347896,-466.4708884536305,3145.9089026801867,-1856.8182605151185,2837.819324425204,14327.845612392632,9603.333112294064,-91.22755957649908
-53.81556110255,-340.0961592894771,-2328.2146226474906,6189.10649428559,967.1664602690944,3694.9076206767822,-1309.6084991080395,-966.3348019709252
26.45593691434902,28.591762278915898,38.54382385052371,36.57986639062344,28.62310530385972,38.36588534314068,26.199890459919907,29.73813263629082
49.83965863801739,62.75263128294485,73.35766742200721,32.17915147735852,48.27398707136883,37.73703836881304,34.29189371463337,35.05136078219667
689.3320407669427,492.3108119267683,436.025800316108,377.5848055415681,461.31582906262304,445.7360571157736,580.8255640869553,513.0136198441111
0.84679532827588,2.367738313743196,1.0386992211413772,0.6459271829550264,2.839725863905926,2.7737800780642607,2.003576755933858,-0.4781902066120642
44.74294139203647,3.452722968832038,195.9885750179011,1117.3163806721332,1949.4883691916632,48.81710228648774,432.6813000459216,-13.483448066818475
0.0030191859984135,0.0010152415550985,1233.2185507808651,10414.728938346332,19293.16551396459,-4208.914606193608,5803.987699017591,1336.6892523857132
-189.58897205262608,818.4476062099958,3724.4570675268,1153.5155238072314,487.46107286900127,2671.122644666643,-2439.4389266125063,1665.8352827130636
228.70650020746004,-167.429351578539,-81.00707751190431,374.12434666893887,3343.554466177726,14908.783083764332,-967.6737136716658,860.6149902281945
25.53321062635466,17.926626799651157,40.249771377121945,27.373920057554304,25.76319681543803,27.777512616473977,24.600240696939142,21.17598366421729
45.55725875848971,66.70458185333652,15.006527714235894,12.894711895243333,39.72936339058953,75.13088485944766,84.44843474264175,52.60390828911534
476.0364949684088,484.85205830977753,546.3502607122372,732.3230124905201,866.9154014424828,271.116022860566,305.9234839704821,509.7965467086849
0.6384871453183318,1.3660418722469152,-0.1986073210486707,0.4634073113439526,3.2741222994274493,2.65843735287795,-0.0321483573693806,1.2948500609761613
-92.01311653543532,-156.5707253210195,-254.1767110555521,-824.0926360682225,1660.3832998651037,175.89950987944897,-117.1764018904661,1620.8203740907074
-0.0002453941431822,-0.0020435517312282,-1759.6165853751968,15456.019625712594,19274.73597513428,15493.257381263267,-1583.5131654763202,747.4051738886154
582.8117508435945,1174.2726735862225,11049.383201647,-1104.991535909332,822.1606272533709,-2288.2803962346725,-2706.018205360889,159.0796079104711
187.23995464655027,-301.7241989690527,2652.810355202347,-69.84842183721184,-824.3008912377029,8677.791209056533,389.9382095758973,-285.4482789768308
13.18235932374878,27.73581715788822,15.956273850077723,23.32533532320073,27.6275025379928,25.523579730322822,27.67155919567657,13.975631224982202
59.94014351897729,50.38323602668371,32.41414712549892,24.124718374805628,77.20148040732315,42.42342904038623,74.44436538060513,33.4208959769893
283.024312065863,339.1939877184718,636.3543702038448,885.6698905736457,367.3331998854462,597.1759446082657,586.4344338461157,498.78983652055854
2.309092988333549,0.7436124346991669,1.604112984689765,1.9228636585847776,-0.3803265536658236,1.2224361063460765,2.4876656905975345,4.132843793361471
216.1383553103958,-154.54452364173395,805.0918559104568,287.708890026739,-278.4569529269198,645.0480375136935,232.9941160702633,-1276.9686045878684
-0.0009233186683503,0.0019456488211679,-3812.043457822997,21265.30167065784,21244.58641446849,11786.04729958056,2977.524538563886,-196.08402868931648
982.7059597347896,-466.4708884536305,3145.9089026801867,-1856.8182605151185,2837.819324425204,14327.845612392632,9603.333112294064,-91.22755957649908
-53.81556110255,-340.0961592894771,-2328.2146226474906,6189.10649428559,967.1664602690944,3694.9076206767822,-1309.6084991080395,-966.3348019709252
26.45593691434902,28.591762278915898,38.54382385052371,36.57986639062344,28.62310530385972,38.36588534314068,26.199890459919907,29.73813263629082
49.83965863801739,62.75263128294485,73.35766742200721,32.17915147735852,48.27398707136883,37.73703836881304,34.29189371463337,35.05136078219667
689.3320407669427,492.3108119267683,436.025800316108,377.5848055415681,461.31582906262304,445.7360571157736,580.8255640869553,513.0136198441111
0.84679532827588,2.367738313743196,1.0386992211413772,0.6459271829550264,2.839725863905926,2.7737800780642607,2.003576755933858,-0.4781902066120642
44.74294139203647,3.452722968832038,195.9885750179011,1117.3163806721332,1949.4883691916632,48.81710228648774,432.6813000459216,-13.483448066818475
0.0030191859984135,0.0010152415550985,1233.2185507808651,10414.728938346332,19293.16551396459,-4208.914606193608,5803.987699017591,1336.6892523857132
-189.58897205262608,818.4476062099958,3724.4570675268,1153.5155238072314,487.46107286900127,2671.122644666643,-2439.4389266125063,1665.8352827130636
228.70650020746004,-167.429351578539,-81.00707751190431,374.12434666893887,3343.554466177726,14908.783083764332,-967.6737136716658,860.6149902281945
25.53321062635466,17.926626799651157,40.249771377121945,27.373920057554304,25.76319681543803,27.777512616473977,24.600240696939142,21.17598366421729
45.55725875848971,66.70458185333652,15.006527714235894,12.894711895243333,39.72936339058953,75.13088485944766,84.44843474264175,52.60390828911534
476.0364949684088,484.85205830977753,546.3502607122372,732.3230124905201,866.9154014424828,271.116022860566,305.9234839704821,509.7965467086849
0.6384871453183318,1.3660418722469152,-0.1986073210486707,0.4634073113439526,3.2741222994274493,2.65843735287795,-0.0321483573693806,1.2948500609761613
-92.01311653543532,-156.5707253210195,-254.1767110555521,-824.0926360682225,1660.3832998651037,175.89950987944897,-117.1764018904661,1620.8203740907074
-0.0002453941431822,-0.0020435517312282,-1759.6165853751968,15456.019625712594,19274.73597513428,15493.257381263267,-1583.5131654763202,747.4051738886154
582.8117508435945,1174.2726735862225,11049.383201647,-1104.991535909332,822.1606272533709,-2288.2803962346725,-2706.018205360889,159.0796079104711
187.23995464655027,-301.7241989690527,2652.810355202347,-69.84842183721184,-824.3008912377029,8677.791209056533,389.9382095758973,-285.4482789768308
13.18235932374878,27.73581715788822,15.956273850077723,23.32533532320073,27.6275025379928,25.523579730322822,27.67155919567657,13.975631224982202
59.94014351897729,50.38323602668371,32.41414712549892,24.124718374805628,77.20148040732315,42.42342904038623,74.44436538060513,33.4208959769893
283.024312065863,339.1939877184718,636.3543702038448,885.6698905736457,367.3331998854462,597.1759446082657,586.4344338461157,498.78983652055854
2.309092988333549,0.7436124346991669,1.604112984689765,1.9228636585847776,-0.3803265536658236,1.2224361063460765,2.4876656905975345,4.132843793361471
216.1383553103958,-154.54452364173395,805.0918559104568,287.708890026739,-278.4569529269198,645.0480375136935,232.9941160702633,-1276.9686045878684
-0.0009233186683503,0.0019456488211679,-3812.043457822997,21265.30167065784,21244.58641446849,11786.04729958056,2977.524538563886,-196.08402868931648
982.7059597347896,-466.4708884536305,3145.9089026801867,-1856.8182605151185,2837.819324425204,14327.845612392632,9603.333112294064,-91.22755957649908
-53.81556110255,-340.0961592894771,-2328.2146226474906,6189.10649428559,967.1664602690944,3694.9076206767822,-1309.6084991080395,-966.3348019709252
26.45593691434902,28.591762278915898,38.54382385052371,36.57986639062344,28.62310530385972,38.36588534314068,26.199890459919907,29.73813263629082
49.83965863801739,62.75263128294485,73.35766742200721,32.17915147735852,48.27398707136883,37.73703836881304,34.29189371463337,35.05136078219667
689.3320407669427,492.3108119267683,436.025800316108,377.5848055415681,461.31582906262304,445.7360571157736,580.8255640869553,513.0136198441111
0.84679532827588,2.367738313743196,1.0386992211413772,0.6459271829550264,2.839725863905926,2.7737800780642607,2.003576755933858,-0.4781902066120642
44.74294139203647,3.452722968832038,195.9885750179011,1117.3163806721332,1949.4883691916632,48.81710228648774,432.6813000459216,-13.483448066818475
0.0030191859984135,0.0010152415550985,1233.2185507808651,10414.728938346332,19293.16551396459,-4208.914606193608,5803.987699017591,1336.6892523857132
-189.58897205262608,818.4476062099958,3724.4570675268,1153.5155238072314,487.46107286900127,2671.122644666643,-2439.4389266125063,1665.8352827130636
228.70650020746004,-167.429351578539,-81.00707751190431,374.12434666893887,3343.554466177726,14908.783083764332,-967.6737136716658,860.6149902281945
25.53321062635466,17.926626799651157,40.249771377121945,27.373920057554304,25.76319681543803,27.777512616473977,24.600240696939142,21.17598366421729
45.55725875848971,66.70458185333652,15.006527714235894,12.894711895243333,39.72936339058953,75.13088485944766,84.44843474264175,52.60390828911534
476.0364949684088,484.85205830977753,546.3502607122372,732.3230124905201,866.9154014424828,271.116022860566,305.9234839704821,509.7965467086849
0.6384871453183318,1.3660418722469152,-0.1986073210486707,0.4634073113439526,3.2741222994274493,2.65843735287795,-0.0321483573693806,1.2948500609761613
-92.01311653543532,-156.5707253210195,-254.1767110555521,-824.0926360682225,1660.3832998651037,175.89950987944897,-117.1764018904661,1620.8203740907074
-0.0002453941431822,-0.0020435517312282,-1759.6165853751968,15456.019625712594,19274.73597513428,15493.257381263267,-1583.5131654763202,747.4051738886154
582.8117508435945,1174.2726735862225,11049.383201647,-1104.991535909332,822.1606272533709,-2288.2803962346725,-2706.018205360889,159.0796079104711
187.23995464655027,-301.7241989690527,2652.810355202347,-69.84842183721184,-824.3008912377029,8677.791209056533,389.9382095758973,-285.4482789768308
13.18235932374878,27.73581715788822,15.956273850077723,23.32533532320073,27.6275025379928,25.523579730322822,27.67155919567657,13.975631224982202
59.94014351897729,50.38323602668371,32.41414712549892,24.124718374805628,77.20148040732315,42.42342904038623,74.44436538060513,33.4208959769893
283.024312065863,339.1939877184718,636.3543702038448,885.6698905736457,367.3331998854462,597.1759446082657,586.4344338461157,498.78983652055854
2.309092988333549,0.7436124346991669,1.604112984689765,1.9228636585847776,-0.3803265536658236,1.2224361063460765,2.4876656905975345,4.132843793361471
216.1383553103958,-154.54452364173395,805.0918559104568,287.708890026739,-278.4569529269198,645.0480375136935,232.9941160702633,-1276.9686045878684
-0.0009233186683503,0.0019456488211679,-3812.043457822997,21265.30167065784,21244.58641446849,11786.04729958056,2977.524538563886,-196.08402868931648
982.7059597347896,-466.4708884536305,3145.9089026801867,-1856.8182605151185,2837.819324425204,14327.845612392632,9603.333112294064,-91.22755957649908
-53.81556110255,-340.0961592894771,-2328.2146226474906,6189.10649428559,967.1664602690944,3694.9076206767822,-1309.6084991080395,-966.3348019709252
26.45593691434902,28.591762278915898,38.54382385052371,36.57986639062344,28.62310530385972,38.36588534314068,26.199890459919907,29.73813263629082
49.83965863801739,62.75263128294485,73.35766742200721,32.17915147735852,48.27398707136883,37.73703836881304,34.29189371463337,35.05136078219667
689.3320407669427,492.3108119267683,436.025800316108,377.5848055415681,461.31582906262304,445.7360571157736,580.8255640869553,513.0136198441111
0.84679532827588,2.367738313743196,1.0386992211413772,0.6459271829550264,2.839725863905926,2.7737800780642607,2.003576755933858,-0.4781902066120642
44.74294139203647,3.452722968832038,195.9885750179011,1117.3163806721332,1949.4883691916632,48.81710228648774,432.6813000459216,-13.483448066818475
0.0030191859984135,0.0010152415550985,1233.2185507808651,10414.728938346332,19293.16551396459,-4208.914606193608,5803.987699017591,1336.6892523857132
-189.58897205262608,818.4476062099958,3724.4570675268,1153.5155238072314,487.46107286900127,2671.122644666643,-2439.4389266125063,1665.8352827130636
228.70650020746004,-167.429351578539,-81.00707751190431,374.12434666893887,3343.554466177726,14908.783083764332,-967.6737136716658,860.6149902281945
25.53321062635466,17.926626799651157,40.249771377121945,27.373920057554304,25.76319681543803,27.777512616473977,24.600240696939142,21.17598366421729
45.55725875848971,66.70458185333652,15.006527714235894,12.894711895243333,39.72936339058953,75.13088485944766,84.44843474264175,52.60390828911534
476.0364949684088,484.85205830977753,546.3502607122372,732.3230124905201,866.9154014424828,271.116022860566,305.9234839704821,509.7965467086849
0.6384871453183318,1.3660418722469152,-0.1986073210486707,0.4634073113439526,3.2741222994274493,2.65843735287795,-0.0321483573693806,1.2948500609761613
-92.01311653543532,-156.5707253210195,-254.1767110555521,-824.0926360682225,1660.3832998651037,175.89950987944897,-117.1764018904661,1620.8203740907074
-0.0002453941431822,-0.0020435517312282,-1759.6165853751968,15456.019625712594,19274.73597513428,15493.257381263267,-1583.5131654763202,747.4051738886154
582.8117508435945,1174.2726735862225,11049.383201647,-1104.991535909332,822.1606272533709,-2288.2803962346725,-2706.018205360889,159.0796079104711
187.23995464655027,-301.7241989690527,2652.810355202347,-69.84842183721184,-824.3008912377029,8677.791209056533,389.9382095758973,-285.4482789768308
13.18235932374878,27.73581715788822,15.956273850077723,23.32533532320073,27.6275025379928,25.523579730322822,27.67155919567657,13.975631224982202
59.94014351897729,50.38323602668371,32.41414712549892,24.124718374805628,77.20148040732315,42.42342904038623,74.44436538060513,33.4208959769893
283.024312065863,339.1939877184718,636.3543702038448,885.6698905736457,367.3331998854462,597.1759446082657,586.4344338461157,498.78983652055854
2.309092988333549,0.7436124346991669,1.604112984689765,1.9228636585847776,-0.3803265536658236,1.2224361063460765,2.4876656905975345,4.132843793361471
216.1383553103958,-154.54452364173395,805.0918559104568,287.708890026739,-278.4569529269198,645.0480375136935,232.9941160702633,-1276.9686045878684
-0.0009233186683503,0.0019456488211679,-3812.043457822997,21265.30167065784,21244.58641446849,11786.04729958056,2977.524538563886,-196.08402868931648
982.7059597347896,-466.4708884536305,3145.9089026801867,-1856.8182605151185,2837.819324425204,14327.845612392632,9603.333112294064,-91.22755957649908
-53.81556110255,-340.0961592894771,-2328.2146226474906,6189.10649428559,967.1664602690944,3694.9076206767822,-1309.6084991080395,-966.3348019709252
26.45593691434902,28.591762278915898,38.54382385052371,36.57986639062344,28.62310530385972,38.36588534314068,26.199890459919907,29.73813263629082
49.83965863801739,62.75263128294485,73.35766742200721,32.17915147735852,48.27398707136883,37.73703836881304,34.29189371463337,35.05136078219667
689.3320407669427,492.3108119267683,436.025800316108,377.5848055415681,461.31582906262304,445.7360571157736,580.8255640869553,513.0136198441111
0.84679532827588,2.367738313743196,1.0386992211413772,0.6459271829550264,2.839725863905926,2.7737800780642607,2.003576755933858,-0.4781902066120642
44.74294139203647,3.452722968832038,195.9885750179011,1117.3163806721332,1949.4883691916632,48.81710228648774,432.6813000459216,-13.483448066818475
0.0030191859984135,0.0010152415550985,1233.2185507808651,10414.728938346332,19293.16551396459,-4208.914606193608,5803.987699017591,1336.6892523857132
-189.58897205262608,818.4476062099958,3724.4570675268,1153.5155238072314,487.46107286900127,2671.122644666643,-2439.4389266125063,1665.8352827130636
228.70650020746004,-167.429351578539,-81.00707751190431,374.12434666893887,3343.554466177726,14908.783083764332,-967.6737136716658,860.6149902281945
25.53321062635466,17.926626799651157,40.249771377121945,27.373920057554304,25.76319681543803,27.777512616473977,24.600240696939142,21.17598366421729
45.55725875848971,66.70458185333652,15.006527714235894,12.894711895243333,39.72936339058953,75.13088485944766,84.44843474264175,52.60390828911534
476.0364949684088,484.85205830977753,546.3502607122372,732.3230124905201,866.9154014424828,271.116022860566,305.9234839704821,509.7965467086849
0.6384871453183318,1.3660418722469152,-0.1986073210486707,0.4634073113439526,3.2741222994274493,2.65843735287795,-0.0321483573693806,1.2948500609761613
-92.01311653543532,-156.5707253210195,-254.1767110555521,-824.0926360682225,1660.3832998651037,175.89950987944897,-117.1764018904661,1620.8203740907074
-0.0002453941431822,-0.0020435517312282,-1759.6165853751968,15456.019625712594,19274.73597513428,15493.257381263267,-1583.5131654763202,747.4051738886154
582.8117508435945,1174.2726735862225,11049.383201647,-1104.991535909332,822.1606272533709,-2288.2803962346725,-2706.018205360889,159.0796079104711
187.23995464655027,-301.7241989690527,2652.810355202347,-69.84842183721184,-824.3008912377029,8677.791209056533,389.9382095758973,-285.4482789768308
13.18235932374878,27.73581715788822,15.956273850077723,23.32533532320073,27.6275025379928,25.523579730322822,27.67155919567657,13.975631224982202
59.94014351897729,50.38323602668371,32.41414712549892,24.124718374805628,77.20148040732315,42.42342904038623,74.44436538060513,33.4208959769893
283.024312065863,339.1939877184718,636.3543702038448,885.6698905736457,367.3331998854462,597.1759446082657,586.4344338461157,498.78983652055854
2.309092988333549,0.7436124346991669,1.604112984689765,1.9228636585847776,-0.3803265536658236,1.2224361063460765,2.4876656905975345,4.132843793361471
216.1383553103958,-154.54452364173395,805.0918559104568,287.708890026739,-278.4569529269198,645.0480375136935,232.9941160702633,-1276.9686045878684
-0.0009233186683503,0.0019456488211679,-3812.043457822997,21265.30167065784,21244.58641446849,11786.04729958056,2977.524538563886,-196.08402868931648
982.7059597347896,-466.4708884536305,3145.9089026801867,-1856.8182605151185,2837.819324425204,14327.845612392632,9603.333112294064,-91.22755957649908
-53.81556110255,-340.0961592894771,-2328.2146226474906,6189.10649428559,967.1664602690944,3694.9076206767822,-1309.6084991080395,-966.3348019709252
26.45593691434902,28.591762278915898,38.54382385052371,36.57986639062344,28.62310530385972,38.36588534314068,26.199890459919907,29.73813263629082
49.83965863801739,62.75263128294485,73.35766742200721,32.17915147735852,48.27398707136883,37.73703836881304,34.29189371463337,35.05136078219667
689.3320407669427,492.3108119267683,436.025800316108,377.5848055415681,461.31582906262304,445.7360571157736,580.8255640869553,513.0136198441111
0.84679532827588,2.367738313743196,1.0386992211413772,0.6459271829550264,2.839725863905926,2.7737800780642607,2.003576755933858,-0.4781902066120642
44.74294139203647,3.452722968832038,195.9885750179011,1117.3163806721332,1949.4883691916632,48.81710228648774,432.6813000459216,-13.483448066818475
0.0030191859984135,0.0010152415550985,1233.2185507808651,10414.728938346332,19293.16551396459,-4208.914606193608,5803.987699017591,1336.6892523857132
-189.58897205262608,818.4476062099958,3724.4570675268,1153.5155238072314,487.46107286900127,2671.122644666643,-2439.4389266125063,1665.8352827130636
228.70650020746004,-167.429351578539,-81.00707751190431,374.12434666893887,3343.554466177726,14908.783083764332,-967.6737136716658,860.6149902281945
25.53321062635466,17.926626799651157,40.249771377121945,27.373920057554304,25.76319681543803,27.777512616473977,24.600240696939142,21.17598366421729
45.55725875848971,66.70458185333652,15.006527714235894,12.894711895243333,39.72936339058953,75.13088485944766,84.44843474264175,52.60390828911534
476.0364949684088,484.85205830977753,546.3502607122372,732.3230124905201,866.9154014424828,271.116022860566,305.9234839704821,509.7965467086849
0.6384871453183318,1.3660418722469152,-0.1986073210486707,0.4634073113439526,3.2741222994274493,2.65843735287795,-0.0321483573693806,1.2948500609761613
-92.01311653543532,-156.5707253210195,-254.1767110555521,-824.0926360682225,1660.3832998651037,175.89950987944897,-117.1764018904661,1620.8203740907074
-0.0002453941431822,-0.0020435517312282,-1759.6165853751968,15456.019625712594,19274.73597513428,15493.257381263267,-1583.5131654763202,747.4051738886154
582.8117508435945,1174.2726735862225,11049.383201647,-1104.991535909332,822.1606272533709,-2288.2803962346725,-2706.018205360889,159.0796079104711
187.23995464655027,-301.7241989690527,2652.810355202347,-69.84842183721184,-824.3008912377029,8677.791209056533,389.9382095758973,-285.4482789768308
13.18235932374878,27.73581715788822,15.956273850077723,23.32533532320073,27.6275025379928,25.523579730322822,27.67155919567657,13.975631224982202
59.94014351897729,50.38323602668371,32.41414712549892,24.124718374805628,77.20148040732315,42.42342904038623,74.44436538060513,33.4208959769893
283.024312065863,339.1939877184718,636.3543702038448,885.6698905736457,367.3331998854462,597.1759446082657,586.4344338461157,498.78983652055854
2.309092988333549,0.7436124346991669,1.604112984689765,1.9228636585847776,-0.3803265536658236,1.2224361063460765,2.4876656905975345,4.132843793361471
216.1383553103958,-154.54452364173395,805.0918559104568,287.708890026739,-278.4569529269198,645.0480375136935,232.9941160702633,-1276.9686045878684
-0.0009233186683503,0.0019456488211679,-3812.043457822997,21265.30167065784,21244.58641446849,11786.04729958056,2977.524538563886,-196.08402868931648
982.7059597347896,-466.4708884536305,3145.9089026801867,-1856.8182605151185,2837.819324425204,14327.845612392632,9603.333112294064,-91.22755957649908
-53.81556110255,-340.0961592894771,-2328.2146226474906,6189.10649428559,967.1664602690944,3694.9076206767822,-1309.6084991080395,-966.3348019709252
26.45593691434902,28.591762278915898,38.54382385052371,36.57986639062344,28.62310530385972,38.36588534314068,26.199890459919907,29.73813263629082
49.83965863801739,62.75263128294485,73.35766742200721,32.17915147735852,48.27398707136883,37.73703836881304,34.29189371463337,35.05136078219667
689.3320407669427,492.3108119267683,436.025800316108,377.5848055415681,461.31582906262304,445.7360571157736,580.8255640869553,513.0136198441111
0.84679532827588,2.367738313743196,1.0386992211413772,0.6459271829550264,2.839725863905926,2.7737800780642607,2.003576755933858,-0.4781902066120642
44.74294139203647,3.452722968832038,195.9885750179011,1117.3163806721332,1949.4883691916632,48.81710228648774,432.6813000459216,-13.483448066818475
0.0030191859984135,0.0010152415550985,1233.2185507808651,10414.728938346332,19293.16551396459,-4208.914606193608,5803.987699017591,1336.6892523857132
-189.58897205262608,818.4476062099958,3724.4570675268,1153.5155238072314,487.46107286900127,2671.122644666643,-2439.4389266125063,1665.8352827130636
228.70650020746004,-167.429351578539,-81.00707751190431,374.12434666893887,3343.554466177726,14908.783083764332,-967.6737136716658,860.6149902281945
25.53321062635466,17.926626799651157,40.249771377121945,27.373920057554304,25.76319681543803,27.777512616473977,24.600240696939142,21.17598366421729
45.55725875848971,66.70458185333652,15.006527714235894,12.894711895243333,39.72936339058953,75.13088485944766,84.44843474264175,52.60390828911534
476.0364949684088,484.85205830977753,546.3502607122372,732.3230124905201,866.9154014424828,271.116022860566,305.9234839704821,509.7965467086849
0.6384871453183318,1.3660418722469152,-0.1986073210486707,0.4634073113439526,3.2741222994274493,2.65843735287795,-0.0321483573693806,1.2948500609761613
-92.01311653543532,-156.5707253210195,-254.1767110555521,-824.0926360682225,1660.3832998651037,175.89950987944897,-117.1764018904661,1620.8203740907074
-0.0002453941431822,-0.0020435517312282,-1759.6165853751968,15456.019625712594,19274.73597513428,15493.257381263267,-1583.5131654763202,747.4051738886154
582.8117508435945,1174.2726735862225,11049.383201647,-1104.991535909332,822.1606272533709,-2288.2803962346725,-2706.018205360889,159.0796079104711
187.23995464655027,-301.7241989690527,2652.810355202347,-69.84842183721184,-824.3008912377029,8677.791209056533,389.9382095758973,-285.4482789768308
13.18235932374878,27.73581715788822,15.956273850077723,23.32533532320073,27.6275025379928,25.523579730322822,27.67155919567657,13.975631224982202
59.94014351897729,50.38323602668371,32.41414712549892,24.124718374805628,77.20148040732315,42.42342904038623,74.44436538060513,33.4208959769893
283.024312065863,339.1939877184718,636.3543702038448,885.6698905736457,367.3331998854462,597.1759446082657,586.4344338461157,498.78983652055854
2.309092988333549,0.7436124346991669,1.604112984689765,1.9228636585847776,-0.3803265536658236,1.2224361063460765,2.4876656905975345,4.132843793361471
216.1383553103958,-154.54452364173395,805.0918559104568,287.708890026739,-278.4569529269198,645.0480375136935,232.9941160702633,-1276.9686045878684
-0.0009233186683503,0.0019456488211679,-3812.043457822997,21265.30167065784,21244.58641446849,11786.04729958056,2977.524538563886,-196.08402868931648
982.7059597347896,-466.4708884536305,3145.9089026801867,-1856.8182605151185,2837.819324425204,14327.845612392632,9603.333112294064,-91.22755957649908
-53.81556110255,-340.0961592894771,-2328.2146226474906,6189.10649428559,967.1664602690944,3694.9076206767822,-1309.6084991080395,-966.3348019709252
26.45593691434902,28.591762278915898,38.54382385052371,36.57986639062344,28.62310530385972,38.36588534314068,26.199890459919907,29.73813263629082
49.83965863801739,62.75263128294485,73.35766742200721,32.17915147735852,48.27398707136883,37.73703836881304,34.29189371463337,35.05136078219667
689.3320407669427,492.3108119267683,436.025800316108,377.5848055415681,461.31582906262304,445.7360571157736,580.8255640869553,513.0136198441111
0.84679532827588,2.367738313743196,1.0386992211413772,0.6459271829550264,2.839725863905926,2.7737800780642607,2.003576755933858,-0.4781902066120642
44.74294139203647,3.452722968832038,195.9885750179011,1117.3163806721332,1949.4883691916632,48.81710228648774,432.6813000459216,-13.483448066818475
0.0030191859984135,0.0010152415550985,1233.2185507808651,10414.728938346332,19293.16551396459,-4208.914606193608,5803.987699017591,1336.6892523857132
-189.58897205262608,818.4476062099958,3724.4570675268,1153.5155238072314,487.46107286900127,2671.122644666643,-2439.4389266125063,1665.8352827130636
228.70650020746004,-167.429351578539,-81.00707751190431,374.12434666893887,3343.554466177726,14908.783083764332,-967.6737136716658,860.6149902281945
25.53321062635466,17.926626799651157,40.249771377121945,27.373920057554304,25.76319681543803,27.777512616473977,24.600240696939142,21.17598366421729
45.55725875848971,66.70458185333652,15.006527714235894,12.894711895243333,39.72936339058953,75.13088485944766,84.44843474264175,52.60390828911534
476.0364949684088,484.85205830977753,546.3502607122372,732.3230124905201,866.9154014424828,271.116022860566,305.9234839704821,509.7965467086849
0.6384871453183318,1.3660418722469152,-0.1986073210486707,0.4634073113439526,3.2741222994274493,2.65843735287795,-0.0321483573693806,1.2948500609761613
-92.01311653543532,-156.5707253210195,-254.1767110555521,-824.0926360682225,1660.3832998651037,175.89950987944897,-117.1764018904661,1620.8203740907074
-0.0002453941431822,-0.0020435517312282,-1759.6165853751968,15456.019625712594,19274.73597513428,15493.257381263267,-1583.5131654763202,747.4051738886154
582.8117508435945,1174.2726735862225,11049.383201647,-1104.991535909332,822.1606272533709,-2288.2803962346725,-2706.018205360889,159.0796079104711
187.23995464655027,-301.7241989690527,2652.810355202347,-69.84842183721184,-824.3008912377029,8677.791209056533,389.9382095758973,-285.4482789768308
13.18235932374878,27.73581715788822,15.956273850077723,23.32533532320073,27.6275025379928,25.523579730322822,27.67155919567657,13.975631224982202
59.94014351897729,50.38323602668371,32.41414712549892,24.124718374805628,77.20148040732315,42.42342904038623,74.44436538060513,33.4208959769893
283.024312065863,339.1939877184718,636.3543702038448,885.6698905736457,367.3331998854462,597.1759446082657,586.4344338461157,498.78983652055854
2.309092988333549,0.7436124346991669,1.604112984689765,1.9228636585847776,-0.3803265536658236,1.2224361063460765,2.4876656905975345,4.132843793361471
216.1383553103958,-154.54452364173395,805.0918559104568,287.708890026739,-278.4569529269198,645.0480375136935,232.9941160702633,-1276.9686045878684
-0.0009233186683503,0.0019456488211679,-3812.043457822997,21265.30167065784,21244.58641446849,11786.04729958056,2977.524538563886,-196.08402868931648
982.7059597347896,-466.4708884536305,3145.9089026801867,-1856.8182605151185,2837.819324425204,14327.845612392632,9603.333112294064,-91.22755957649908
-53.81556110255,-340.0961592894771,-2328.2146226474906,6189.10649428559,967.1664602690944,3694.9076206767822,-1309.6084991080395,-966.3348019709252
26.45593691434902,28.591762278915898,38.54382385052371,36.57986639062344,28.62310530385972,38.36588534314068,26.199890459919907,29.73813263629082
49.83965863801739,62.75263128294485,73.35766742200721,32.17915147735852,48.27398707136883,37.73703836881304,34.29189371463337,35.05136078219667
689.3320407669427,492.3108119267683,436.025800316108,377.5848055415681,461.31582906262304,445.7360571157736,580.8255640869553,513.0136198441111
0.84679532827588,2.367738313743196,1.0386992211413772,0.6459271829550264,2.839725863905926,2.7737800780642607,2.003576755933858,-0.4781902066120642
44.74294139203647,3.452722968832038,195.9885750179011,1117.3163806721332,1949.4883691916632,48.81710228648774,432.6813000459216,-13.483448066818475
0.0030191859984135,0.0010152415550985,1233.2185507808651,10414.728938346332,19293.16551396459,-4208.914606193608,5803.987699017591,1336.6892523857132
-189.58897205262608,818.4476062099958,3724.4570675268,1153.5155238072314,487.46107286900127,2671.122644666643,-2439.4389266125063,1665.8352827130636
228.70650020746004,-167.429351578539,-81.00707751190431,374.12434666893887,3343.554466177726,14908.783083764332,-967.6737136716658,860.6149902281945
25.53321062635466,17.926626799651157,40.249771377121945,27.373920057554304,25.76319681543803,27.777512616473977,24.600240696939142,21.17598366421729
45.55725875848971,66.70458185333652,15.006527714235894,12.894711895243333,39.72936339058953,75.13088485944766,84.44843474264175,52.60390828911534
476.0364949684088,484.85205830977753,546.3502607122372,732.3230124905201,866.9154014424828,271.116022860566,305.9234839704821,509.7965467086849
0.6384871453183318,1.3660418722469152,-0.1986073210486707,0.4634073113439526,3.2741222994274493,2.65843735287795,-0.0321483573693806,1.2948500609761613
-92.01311653543532,-156.5707253210195,-254.1767110555521,-824.0926360682225,1660.3832998651037,175.89950987944897,-117.1764018904661,1620.8203740907074
-0.0002453941431822,-0.0020435517312282,-1759.6165853751968,15456.019625712594,19274.73597513428,15493.257381263267,-1583.5131654763202,747.4051738886154
582.8117508435945,1174.2726735862225,11049.383201647,-1104.991535909332,822.1606272533709,-2288.2803962346725,-2706.018205360889,159.0796079104711
187.23995464655027,-301.7241989690527,2652.810355202347,-69.84842183721184,-824.3008912377029,8677.791209056533,389.9382095758973,-285.4482789768308
13.18235932374878,27.73581715788822,15.956273850077723,23.32533532320073,27.6275025379928,25.523579730322822,27.67155919567657,13.975631224982202
59.94014351897729,50.38323602668371,32.41414712549892,24.124718374805628,77.20148040732315,42.42342904038623,74.44436538060513,33.4208959769893
283.024312065863,339.1939877184718,636.3543702038448,885.6698905736457,367.3331998854462,597.1759446082657,586.4344338461157,498.78983652055854
2.309092988333549,0.7436124346991669,1.604112984689765,1.9228636585847776,-0.3803265536658236,1.2224361063460765,2.4876656905975345,4.132843793361471
216.1383553103958,-154.54452364173395,805.0918559104568,287.708890026739,-278.4569529269198,645.0480375136935,232.9941160702633,-1276.9686045878684
-0.0009233186683503,0.0019456488211679,-3812.043457822997,21265.30167065784,21244.58641446849,11786.04729958056,2977.524538563886,-196.08402868931648
982.7059597347896,-466.4708884536305,3145.9089026801867,-1856.8182605151185,2837.819324425204,14327.845612392632,9603.333112294064,-91.22755957649908
-53.81556110255,-340.0961592894771,-2328.2146226474906,6189.10649428559,967.1664602690944,3694.9076206767822,-1309.6084991080395,-966.3348019709252
26.45593691434902,28.591762278915898,38.54382385052371,36.57986639062344,28.62310530385972,38.36588534314068,26.199890459919907,29.73813263629082
49.83965863801739,62.75263128294485,73.35766742200721,32.17915147735852,48.27398707136883,37.73703836881304,34.29189371463337,35.05136078219667
689.3320407669427,492.3108119267683,436.025800316108,377.5848055415681,461.31582906262304,445.7360571157736,580.8255640869553,513.0136198441111
0.84679532827588,2.367738313743196,1.0386992211413772,0.6459271829550264,2.839725863905926,2.7737800780642607,2.003576755933858,-0.4781902066120642
44.74294139203647,3.452722968832038,195.9885750179011,1117.3163806721332,1949.4883691916632,48.81710228648774,432.6813000459216,-13.483448066818475
0.0030191859984135,0.0010152415550985,1233.2185507808651,10414.728938346332,19293.16551396459,-4208.914606193608,5803.987699017591,1336.6892523857132
-189.58897205262608,818.4476062099958,3724.4570675268,1153.5155238072314,487.46107286900127,2671.122644666643,-2439.4389266125063,1665.8352827130636
228.70650020746004,-167.429351578539,-81.00707751190431,374.12434666893887,3343.554466177726,14908.783083764332,-967.6737136716658,860.6149902281945
25.53321062635466,17.926626799651157,40.249771377121945,27.373920057554304,25.76319681543803,27.777512616473977,24.600240696939142,21.17598366421729
45.55725875848971,66.70458185333652,15.006527714235894,12.894711895243333,39.72936339058953,75.13088485944766,84.44843474264175,52.60390828911534
476.0364949684088,484.85205830977753,546.3502607122372,732.3230124905201,866.9154014424828,271.116022860566,305.9234839704821,509.7965467086849
0.6384871453183318,1.3660418722469152,-0.1986073210486707,0.4634073113439526,3.2741222994274493,2.65843735287795,-0.0321483573693806,1.2948500609761613
-92.01311653543532,-156.5707253210195,-254.1767110555521,-824.0926360682225,1660.3832998651037,175.89950987944897,-117.1764018904661,1620.8203740907074
-0.0002453941431822,-0.0020435517312282,-1759.6165853751968,15456.019625712594,19274.73597513428,15493.257381263267,-1583.5131654763202,747.4051738886154
582.8117508435945,1174.2726735862225,11049.383201647,-1104.991535909332,822.1606272533709,-2288.2803962346725,-2706.018205360889,159.0796079104711
187.23995464655027,-301.7241989690527,2652.810355202347,-69.84842183721184,-824.3008912377029,8677.791209056533,389.9382095758973,-285.4482789768308
13.18235932374878,27.73581715788822,15.956273850077723,23.32533532320073,27.6275025379928,25.523579730322822,27.67155919567657,13.975631224982202
59.94014351897729,50.38323602668371,32.41414712549892,24.124718374805628,77.20148040732315,42.42342904038623,74.44436538060513,33.4208959769893
283.024312065863,339.1939877184718,636.3543702038448,885.6698905736457,367.3331998854462,597.1759446082657,586.4344338461157,498.78983652055854
2.309092988333549,0.7436124346991669,1.604112984689765,1.9228636585847776,-0.3803265536658236,1.2224361063460765,2.4876656905975345,4.132843793361471
216.1383553103958,-154.54452364173395,805.0918559104568,287.708890026739,-278.4569529269198,645.0480375136935,232.9941160702633,-1276.9686045878684
-0.0009233186683503,0.0019456488211679,-3812.043457822997,21265.30167065784,21244.58641446849,11786.04729958056,2977.524538563886,-196.08402868931648
982.7059597347896,-466.4708884536305,3145.9089026801867,-1856.8182605151185,2837.819324425204,14327.845612392632,9603.333112294064,-91.22755957649908
-53.81556110255,-340.0961592894771,-2328.2146226474906,6189.10649428559,967.1664602690944,3694.9076206767822,-1309.6084991080395,-966.3348019709252
26.45593691434902,28.591762278915898,38.54382385052371,36.57986639062344,28.62310530385972,38.36588534314068,26.199890459919907,29.73813263629082
49.83965863801739,62.75263128294485,73.35766742200721,32.17915147735852,48.27398707136883,37.73703836881304,34.29189371463337,35.05136078219667
689.3320407669427,492.3108119267683,436.025800316108,377.5848055415681,461.31582906262304,445.7360571157736,580.8255640869553,513.0136198441111
0.84679532827588,2.367738313743196,1.0386992211413772,0.6459271829550264,2.839725863905926,2.7737800780642607,2.003576755933858,-0.4781902066120642
44.74294139203647,3.452722968832038,195.9885750179011,1117.3163806721332,1949.4883691916632,48.81710228648774,432.6813000459216,-13.483448066818475
0.0030191859984135,0.0010152415550985,1233.2185507808651,10414.728938346332,19293.16551396459,-4208.914606193608,5803.987699017591,1336.6892523857132
-189.58897205262608,818.4476062099958,3724.4570675268,1153.5155238072314,487.46107286900127,2671.122644666643,-2439.4389266125063,1665.8352827130636
228.70650020746004,-167.429351578539,-81.00707751190431,374.12434666893887,3343.554466177726,14908.783083764332,-967.6737136716658,860.6149902281945
25.53321062635466,17.926626799651157,40.249771377121945,27.373920057554304,25.76319681543803,27.777512616473977,24.600240696939142,21.17598366421729
45.55725875848971,66.70458185333652,15.006527714235894,12.894711895243333,39.72936339058953,75.13088485944766,84.44843474264175,52.60390828911534
476.0364949684088,484.85205830977753,546.3502607122372,732.3230124905201,866.9154014424828,271.116022860566,305.9234839704821,509.7965467086849
0.6384871453183318,1.3660418722469152,-0.1986073210486707,0.4634073113439526,3.2741222994274493,2.65843735287795,-0.0321483573693806,1.2948500609761613
-92.01311653543532,-156.5707253210195,-254.1767110555521,-824.0926360682225,1660.3832998651037,175.89950987944897,-117.1764018904661,1620.8203740907074
-0.0002453941431822,-0.0020435517312282,-1759.6165853751968,15456.019625712594,19274.73597513428,15493.257381263267,-1583.5131654763202,747.4051738886154
582.8117508435945,1174.2726735862225,11049.383201647,-1104.991535909332,822.1606272533709,-2288.2803962346725,-2706.018205360889,159.0796079104711
187.23995464655027,-301.7241989690527,2652.810355202347,-69.84842183721184,-824.3008912377029,8677.791209056533,389.9382095758973,-285.4482789768308
13.18235932374878,27.73581715788822,15.956273850077723,23.32533532320073,27.6275025379928,25.523579730322822,27.67155919567657,13.975631224982202
59.94014351897729,50.38323602668371,32.41414712549892,24.124718374805628,77.20148040732315,42.42342904038623,74.44436538060513,33.4208959769893
283.024312065863,339.1939877184718,636.3543702038448,885.6698905736457,367.3331998854462,597.1759446082657,586.4344338461157,498.78983652055854
2.309092988333549,0.7436124346991669,1.604112984689765,1.9228636585847776,-0.3803265536658236,1.2224361063460765,2.4876656905975345,4.132843793361471
216.1383553103958,-154.54452364173395,805.0918559104568,287.708890026739,-278.4569529269198,645.0480375136935,232.9941160702633,-1276.9686045878684
-0.0009233186683503,0.0019456488211679,-3812.043457822997,21265.30167065784,21244.58641446849,11786.04729958056,2977.524538563886,-196.08402868931648
982.7059597347896,-466.4708884536305,3145.9089026801867,-1856.8182605151185,2837.819324425204,14327.845612392632,9603.333112294064,-91.22755957649908
-53.81556110255,-340.0961592894771,-2328.2146226474906,6189.10649428559,967.1664602690944,3694.9076206767822,-1309.6084991080395,-966.3348019709252
26.45593691434902,28.591762278915898,38.54382385052371,36.57986639062344,28.62310530385972,38.36588534314068,26.199890459919907,29.73813263629082
49.83965863801739,62.75263128294485,73.35766742200721,32.17915147735852,48.27398707136883,37.73703836881304,34.29189371463337,35.05136078219667
689.3320407669427,492.3108119267683,436.025800316108,377.5848055415681,461.31582906262304,445.7360571157736,580.8255640869553,513.0136198441111
0.84679532827588,2.367738313743196,1.0386992211413772,0.6459271829550264,2.839725863905926,2.7737800780642607,2.003576755933858,-0.4781902066120642
44.74294139203647,3.452722968832038,195.9885750179011,1117.3163806721332,1949.4883691916632,48.81710228648774,432.6813000459216,-13.483448066818475
0.0030191859984135,0.0010152415550985,1233.2185507808651,10414.728938346332,19293.16551396459,-4208.914606193608,5803.987699017591,1336.6892523857132
-189.58897205262608,818.4476062099958,3724.4570675268,1153.5155238072314,487.46107286900127,2671.122644666643,-2439.4389266125063,1665.8352827130636
228.70650020746004,-167.429351578539,-81.00707751190431,374.12434666893887,3343.554466177726,14908.783083764332,-967.6737136716658,860.6149902281945
25.53321062635466,17.926626799651157,40.249771377121945,27.373920057554304,25.76319681543803,27.777512616473977,24.600240696939142,21.17598366421729
45.55725875848971,66.70458185333652,15.006527714235894,12.894711895243333,39.72936339058953,75.13088485944766,84.44843474264175,52.60390828911534
476.0364949684088,484.85205830977753,546.3502607122372,732.3230124905201,866.9154014424828,271.116022860566,305.9234839704821,509.7965467086849
0.6384871453183318,1.3660418722469152,-0.1986073210486707,0.4634073113439526,3.2741222994274493,2.65843735287795,-0.0321483573693806,1.2948500609761613
-92.01311653543532,-156.5707253210195,-254.1767110555521,-824.0926360682225,1660.3832998651037,175.89950987944897,-117.1764018904661,1620.8203740907074
-0.0002453941431822,-0.0020435517312282,-1759.6165853751968,15456.019625712594,19274.73597513428,15493.257381263267,-1583.5131654763202,747.4051738886154
582.8117508435945,1174.2726735862225,11049.383201647,-1104.991535909332,822.1606272533709,-2288.2803962346725,-2706.018205360889,159.0796079104711
187.23995464655027,-301.7241989690527,2652.810355202347,-69.84842183721184,-824.3008912377029,8677.791209056533,389.9382095758973,-285.4482789768308
13.18235932374878,27.73581715788822,15.956273850077723,23.32533532320073,27.6275025379928,25.523579730322822,27.67155919567657,13.975631224982202
59.94014351897729,50.38323602668371,32.41414712549892,24.124718374805628,77.20148040732315,42.42342904038623,74.44436538060513,33.4208959769893
283.024312065863,339.1939877184718,636.3543702038448,885.6698905736457,367.3331998854462,597.1759446082657,586.4344338461157,498.78983652055854
2.309092988333549,0.7436124346991669,1.604112984689765,1.9228636585847776,-0.3803265536658236,1.2224361063460765,2.4876656905975345,4.132843793361471
216.1383553103958,-154.54452364173395,805.0918559104568,287.708890026739,-278.4569529269198,645.0480375136935,232.9941160702633,-1276.9686045878684
-0.0009233186683503,0.0019456488211679,-3812.043457822997,21265.30167065784,21244.58641446849,11786.04729958056,2977.524538563886,-196.08402868931648
982.7059597347896,-466.4708884536305,3145.9089026801867,-1856.8182605151185,2837.819324425204,14327.845612392632,9603.333112294064,-91.22755957649908
-53.81556110255,-340.0961592894771,-2328.2146226474906,6189.10649428559,967.1664602690944,3694.9076206767822,-1309.6084991080395,-966.3348019709252
26.45593691434902,28.591762278915898,38.54382385052371,36.57986639062344,28.62310530385972,38.36588534314068,26.199890459919907,29.73813263629082
49.83965863801739,62.75263128294485,73.35766742200721,32.17915147735852,48.27398707136883,37.73703836881304,34.29189371463337,35.05136078219667
689.3320407669427,492.3108119267683,436.025800316108,377.5848055415681,461.31582906262304,445.7360571157736,580.8255640869553,513.0136198441111
0.84679532827588,2.367738313743196,1.0386992211413772,0.6459271829550264,2.839725863905926,2.7737800780642607,2.003576755933858,-0.4781902066120642
44.74294139203647,3.452722968832038,195.9885750179011,1117.3163806721332,1949.4883691916632,48.81710228648774,432.6813000459216,-13.483448066818475
0.0030191859984135,0.0010152415550985,1233.2185507808651,10414.728938346332,19293.16551396459,-4208.914606193608,5803.987699017591,1336.6892523857132
-189.58897205262608,818.4476062099958,3724.4570675268,1153.5155238072314,487.46107286900127,2671.122644666643,-2439.4389266125063,1665.8352827130636
228.70650020746004,-167.429351578539,-81.00707751190431,374.12434666893887,3343.554466177726,14908.783083764332,-967.6737136716658,860.6149902281945
25.53321062635466,17.926626799651157,40.249771377121945,27.373920057554304,25.76319681543803,27.777512616473977,24.600240696939142,21.17598366421729
45.55725875848971,66.70458185333652,15.006527714235894,12.894711895243333,39.72936339058953,75.13088485944766,84.44843474264175,52.60390828911534
476.0364949684088,484.85205830977753,546.3502607122372,732.3230124905201,866.9154014424828,271.116022860566,305.9234839704821,509.7965467086849
0.6384871453183318,1.3660418722469152,-0.1986073210486707,0.4634073113439526,3.2741222994274493,2.65843735287795,-0.0321483573693806,1.2948500609761613
-92.01311653543532,-156.5707253210195,-254.1767110555521,-824.0926360682225,1660.3832998651037,175.89950987944897,-117.1764018904661,1620.8203740907074
-0.0002453941431822,-0.0020435517312282,-1759.6165853751968,15456.019625712594,19274.73597513428,15493.257381263267,-1583.5131654763202,747.4051738886154
582.8117508435945,1174.2726735862225,11049.383201647,-1104.991535909332,822.1606272533709,-2288.2803962346725,-2706.018205360889,159.0796079104711
187.23995464655027,-301.7241989690527,2652.810355202347,-69.84842183721184,-824.3008912377029,8677.791209056533,389.9382095758973,-285.4482789768308
13.18235932374878,27.73581715788822,15.956273850077723,23.32533532320073,27.6275025379928,25.523579730322822,27.67155919567657,13.975631224982202
59.94014351897729,50.38323602668371,32.41414712549892,24.124718374805628,77.20148040732315,42.42342904038623,74.44436538060513,33.4208959769893
283.024312065863,339.1939877184718,636.3543702038448,885.6698905736457,367.3331998854462,597.1759446082657,586.4344338461157,498.78983652055854
2.309092988333549,0.7436124346991669,1.604112984689765,1.9228636585847776,-0.3803265536658236,1.2224361063460765,2.4876656905975345,4.132843793361471
216.1383553103958,-154.54452364173395,805.0918559104568,287.708890026739,-278.4569529269198,645.0480375136935,232.9941160702633,-1276.9686045878684
-0.0009233186683503,0.0019456488211679,-3812.043457822997,21265.30167065784,21244.58641446849,11786.04729958056,2977.524538563886,-196.08402868931648
982.7059597347896,-466.4708884536305,3145.9089026801867,-1856.8182605151185,2837.819324425204,14327.845612392632,9603.333112294064,-91.22755957649908
-53.81556110255,-340.0961592894771,-2328.2146226474906,6189.10649428559,967.1664602690944,3694.9076206767822,-1309.6084991080395,-966.3348019709252
26.45593691434902,28.591762278915898,38.54382385052371,36.57986639062344,28.62310530385972,38.36588534314068,26.199890459919907,29.73813263629082
49.83965863801739,62.75263128294485,73.35766742200721,32.17915147735852,48.27398707136883,37.73703836881304,34.29189371463337,35.05136078219667
689.3320407669427,492.3108119267683,436.025800316108,377.5848055415681,461.31582906262304,445.7360571157736,580.8255640869553,513.0136198441111
0.84679532827588,2.367738313743196,1.0386992211413772,0.6459271829550264,2.839725863905926,2.7737800780642607,2.003576755933858,-0.4781902066120642
44.74294139203647,3.452722968832038,195.9885750179011,1117.3163806721332,1949.4883691916632,48.81710228648774,432.6813000459216,-13.483448066818475
0.0030191859984135,0.0010152415550985,1233.2185507808651,10414.728938346332,19293.16551396459,-4208.914606193608,5803.987699017591,1336.6892523857132
-189.58897205262608,818.4476062099958,3724.4570675268,1153.5155238072314,487.46107286900127,2671.122644666643,-2439.4389266125063,1665.8352827130636
228.70650020746004,-167.429351578539,-81.00707751190431,374.12434666893887,3343.554466177726,14908.783083764332,-967.6737136716658,860.6149902281945
25.53321062635466,17.926626799651157,40.249771377121945,27.373920057554304,25.76319681543803,27.777512616473977,24.600240696939142,21.17598366421729
45.55725875848971,66.70458185333652,15.006527714235894,12.894711895243333,39.72936339058953,75.13088485944766,84.44843474264175,52.60390828911534
476.0364949684088,484.85205830977753,546.3502607122372,732.3230124905201,866.9154014424828,271.116022860566,305.9234839704821,509.7965467086849
0.6384871453183318,1.3660418722469152,-0.1986073210486707,0.4634073113439526,3.2741222994274493,2.65843735287795,-0.0321483573693806,1.2948500609761613
-92.01311653543532,-156.5707253210195,-254.1767110555521,-824.0926360682225,1660.3832998651037,175.89950987944897,-117.1764018904661,1620.8203740907074
-0.0002453941431822,-0.0020435517312282,-1759.6165853751968,15456.019625712594,19274.73597513428,15493.257381263267,-1583.5131654763202,747.4051738886154
582.8117508435945,1174.2726735862225,11049.383201647,-1104.991535909332,822.1606272533709,-2288.2803962346725,-2706.018205360889,159.0796079104711
187.23995464655027,-301.7241989690527,2652.810355202347,-69.84842183721184,-824.3008912377029,8677.791209056533,389.9382095758973,-285.4482789768308
13.18235932374878,27.73581715788822,15.956273850077723,23.32533532320073,27.6275025379928,25.523579730322822,27.67155919567657,13.975631224982202
59.94014351897729,50.38323602668371,32.41414712549892,24.124718374805628,77.20148040732315,42.42342904038623,74.44436538060513,33.4208959769893
283.024312065863,339.1939877184718,636.3543702038448,885.6698905736457,367.3331998854462,597.1759446082657,586.4344338461157,498.78983652055854
2.309092988333549,0.7436124346991669,1.604112984689765,1.9228636585847776,-0.3803265536658236,1.2224361063460765,2.4876656905975345,4.132843793361471
216.1383553103958,-154.54452364173395,805.0918559104568,287.708890026739,-278.4569529269198,645.0480375136935,232.9941160702633,-1276.9686045878684
-0.0009233186683503,0.0019456488211679,-3812.043457822997,21265.30167065784,21244.58641446849,11786.04729958056,2977.524538563886,-196.08402868931648
982.7059597347896,-466.4708884536305,3145.9089026801867,-1856.8182605151185,2837.819324425204,14327.845612392632,9603.333112294064,-91.22755957649908
-53.81556110255,-340.0961592894771,-2328.2146226474906,6189.10649428559,967.1664602690944,3694.9076206767822,-1309.6084991080395,-966.3348019709252
26.45593691434902,28.591762278915898,38.54382385052371,36.57986639062344,28.62310530385972,38.36588534314068,26.199890459919907,29.73813263629082
49.83965863801739,62.75263128294485,73.35766742200721,32.17915147735852,48.27398707136883,37.73703836881304,34.29189371463337,35.05136078219667
689.3320407669427,492.3108119267683,436.025800316108,377.5848055415681,461.31582906262304,445.7360571157736,580.8255640869553,513.0136198441111
0.84679532827588,2.367738313743196,1.0386992211413772,0.6459271829550264,2.839725863905926,2.7737800780642607,2.003576755933858,-0.4781902066120642
44.74294139203647,3.452722968832038,195.9885750179011,1117.3163806721332,1949.4883691916632,48.81710228648774,432.6813000459216,-13.483448066818475
0.0030191859984135,0.0010152415550985,1233.2185507808651,10414.728938346332,19293.16551396459,-4208.914606193608,5803.987699017591,1336.6892523857132
-189.58897205262608,818.4476062099958,3724.4570675268,1153.5155238072314,487.46107286900127,2671.122644666643,-2439.4389266125063,1665.8352827130636
228.70650020746004,-167.429351578539,-81.00707751190431,374.12434666893887,3343.554466177726,14908.783083764332,-967.6737136716658,860.6149902281945
25.53321062635466,17.926626799651157,40.249771377121945,27.373920057554304,25.76319681543803,27.777512616473977,24.600240696939142,21.17598366421729
45.55725875848971,66.70458185333652,15.006527714235894,12.894711895243333,39.72936339058953,75.13088485944766,84.44843474264175,52.60390828911534
476.0364949684088,484.85205830977753,546.3502607122372,732.3230124905201,866.9154014424828,271.116022860566,305.9234839704821,509.7965467086849
0.6384871453183318,1.3660418722469152,-0.1986073210486707,0.4634073113439526,3.2741222994274493,2.65843735287795,-0.0321483573693806,1.2948500609761613
-92.01311653543532,-156.5707253210195,-254.1767110555521,-824.0926360682225,1660.3832998651037,175.89950987944897,-117.1764018904661,1620.8203740907074
-0.0002453941431822,-0.0020435517312282,-1759.6165853751968,15456.019625712594,19274.73597513428,15493.257381263267,-1583.5131654763202,747.4051738886154
582.8117508435945,1174.2726735862225,11049.383201647,-1104.991535909332,822.1606272533709,-2288.2803962346725,-2706.018205360889,159.0796079104711
187.23995464655027,-301.7241989690527,2652.810355202347,-69.84842183721184,-824.3008912377029,8677.791209056533,389.9382095758973,-285.4482789768308
13.18235932374878,27.73581715788822,15.956273850077723,23.32533532320073,27.6275025379928,25.523579730322822,27.67155919567657,13.975631224982202
59.94014351897729,50.38323602668371,32.41414712549892,24.124718374805628,77.20148040732315,42.42342904038623,74.44436538060513,33.4208959769893
283.024312065863,339.1939877184718,636.3543702038448,885.6698905736457,367.3331998854462,597.1759446082657,586.4344338461157,498.78983652055854
2.309092988333549,0.7436124346991669,1.604112984689765,1.9228636585847776,-0.3803265536658236,1.2224361063460765,2.4876656905975345,4.132843793361471
216.1383553103958,-154.54452364173395,805.0918559104568,287.708890026739,-278.4569529269198,645.0480375136935,232.9941160702633,-1276.9686045878684
-0.0009233186683503,0.0019456488211679,-3812.043457822997,21265.30167065784,21244.58641446849,11786.04729958056,2977.524538563886,-196.08402868931648
982.7059597347896,-466.4708884536305,3145.9089026801867,-1856.8182605151185,2837.819324425204,14327.845612392632,9603.333112294064,-91.22755957649908
-53.81556110255,-340.0961592894771,-2328.2146226474906,6189.10649428559,967.1664602690944,3694.9076206767822,-1309.6084991080395,-966.3348019709252
26.45593691434902,28.591762278915898,38.54382385052371,36.57986639062344,28.62310530385972,38.36588534314068,26.199890459919907,29.73813263629082
49.83965863801739,62.75263128294485,73.35766742200721,32.17915147735852,48.27398707136883,37.73703836881304,34.29189371463337,35.05136078219667
689.3320407669427,492.3108119267683,436.025800316108,377.5848055415681,461.31582906262304,445.7360571157736,580.8255640869553,513.0136198441111
0.84679532827588,2.367738313743196,1.0386992211413772,0.6459271829550264,2.839725863905926,2.7737800780642607,2.003576755933858,-0.4781902066120642
44.74294139203647,3.452722968832038,195.9885750179011,1117.3163806721332,1949.4883691916632,48.81710228648774,432.6813000459216,-13.483448066818475
0.0030191859984135,0.0010152415550985,1233.2185507808651,10414.728938346332,19293.16551396459,-4208.914606193608,5803.987699017591,1336.6892523857132
-189.58897205262608,818.4476062099958,3724.4570675268,1153.5155238072314,487.46107286900127,2671.122644666643,-2439.4389266125063,1665.8352827130636
228.70650020746004,-167.429351578539,-81.00707751190431,374.12434666893887,3343.554466177726,14908.783083764332,-967.6737136716658,860.6149902281945
25.53321062635466,17.926626799651157,40.249771377121945,27.373920057554304,25.76319681543803,27.777512616473977,24.600240696939142,21.17598366421729
45.55725875848971,66.70458185333652,15.006527714235894,12.894711895243333,39.72936339058953,75.13088485944766,84.44843474264175,52.60390828911534
476.0364949684088,484.85205830977753,546.3502607122372,732.3230124905201,866.9154014424828,271.116022860566,305.9234839704821,509.7965467086849
0.6384871453183318,1.3660418722469152,-0.1986073210486707,0.4634073113439526,3.2741222994274493,2.65843735287795,-0.0321483573693806,1.2948500609761613
-92.01311653543532,-156.5707253210195,-254.1767110555521,-824.0926360682225,1660.3832998651037,175.89950987944897,-117.1764018904661,1620.8203740907074
-0.0002453941431822,-0.0020435517312282,-1759.6165853751968,15456.019625712594,19274.73597513428,15493.257381263267,-1583.5131654763202,747.4051738886154
582.8117508435945,1174.2726735862225,11049.383201647,-1104.991535909332,822.1606272533709,-2288.2803962346725,-2706.018205360889,159.0796079104711
187.23995464655027,-301.7241989690527,2652.810355202347,-69.84842183721184,-824.3008912377029,8677.791209056533,389.9382095758973,-285.4482789768308
13.18235932374878,27.73581715788822,15.956273850077723,23.32533532320073,27.6275025379928,25.523579730322822,27.67155919567657,13.975631224982202
59.94014351897729,50.38323602668371,32.41414712549892,24.124718374805628,77.20148040732315,42.42342904038623,74.44436538060513,33.4208959769893
283.024312065863,339.1939877184718,636.3543702038448,885.6698905736457,367.3331998854462,597.1759446082657,586.4344338461157,498.78983652055854
2.309092988333549,0.7436124346991669,1.604112984689765,1.9228636585847776,-0.3803265536658236,1.2224361063460765,2.4876656905975345,4.132843793361471
216.1383553103958,-154.54452364173395,805.0918559104568,287.708890026739,-278.4569529269198,645.0480375136935,232.9941160702633,-1276.9686045878684
-0.0009233186683503,0.0019456488211679,-3812.043457822997,21265.30167065784,21244.58641446849,11786.04729958056,2977.524538563886,-196.08402868931648
982.7059597347896,-466.4708884536305,3145.9089026801867,-1856.8182605151185,2837.819324425204,14327.845612392632,9603.333112294064,-91.22755957649908
-53.81556110255,-340.0961592894771,-2328.2146226474906,6189.10649428559,967.1664602690944,3694.9076206767822,-1309.6084991080395,-966.3348019709252
26.45593691434902,28.591762278915898,38.54382385052371,36.57986639062344,28.62310530385972,38.36588534314068,26.199890459919907,29.73813263629082
49.83965863801739,62.75263128294485,73.35766742200721,32.17915147735852,48.27398707136883,37.73703836881304,34.29189371463337,35.05136078219667
689.3320407669427,492.3108119267683,436.025800316108,377.5848055415681,461.31582906262304,445.7360571157736,580.8255640869553,513.0136198441111
0.84679532827588,2.367738313743196,1.0386992211413772,0.6459271829550264,2.839725863905926,2.7737800780642607,2.003576755933858,-0.4781902066120642
44.74294139203647,3.452722968832038,195.9885750179011,1117.3163806721332,1949.4883691916632,48.81710228648774,432.6813000459216,-13.483448066818475
0.0030191859984135,0.0010152415550985,1233.2185507808651,10414.728938346332,19293.16551396459,-4208.914606193608,5803.987699017591,1336.6892523857132
-189.58897205262608,818.4476062099958,3724.4570675268,1153.5155238072314,487.46107286900127,2671.122644666643,-2439.4389266125063,1665.8352827130636
228.70650020746004,-167.429351578539,-81.00707751190431,374.12434666893887,3343.554466177726,14908.783083764332,-967.6737136716658,860.6149902281945
25.53321062635466,17.926626799651157,40.249771377121945,27.373920057554304,25.76319681543803,27.777512616473977,24.600240696939142,21.17598366421729
45.55725875848971,66.70458185333652,15.006527714235894,12.894711895243333,39.72936339058953,75.13088485944766,84.44843474264175,52.60390828911534
476.0364949684088,484.85205830977753,546.3502607122372,732.3230124905201,866.9154014424828,271.116022860566,305.9234839704821,509.7965467086849
0.6384871453183318,1.3660418722469152,-0.1986073210486707,0.4634073113439526,3.2741222994274493,2.65843735287795,-0.0321483573693806,1.2948500609761613
-92.01311653543532,-156.5707253210195,-254.1767110555521,-824.0926360682225,1660.3832998651037,175.89950987944897,-117.1764018904661,1620.8203740907074
-0.0002453941431822,-0.0020435517312282,-1759.6165853751968,15456.019625712594,19274.73597513428,15493.257381263267,-1583.5131654763202,747.4051738886154
582.8117508435945,1174.2726735862225,11049.383201647,-1104.991535909332,822.1606272533709,-2288.2803962346725,-2706.018205360889,159.0796079104711
187.23995464655027,-301.7241989690527,2652.810355202347,-69.84842183721184,-824.3008912377029,8677.791209056533,389.9382095758973,-285.4482789768308
13.18235932374878,27.73581715788822,15.956273850077723,23.32533532320073,27.6275025379928,25.523579730322822,27.67155919567657,13.975631224982202
59.94014351897729,50.38323602668371,32.41414712549892,24.124718374805628,77.20148040732315,42.42342904038623,74.44436538060513,33.4208959769893
283.024312065863,339.1939877184718,636.3543702038448,885.6698905736457,367.3331998854462,597.1759446082657,586.4344338461157,498.78983652055854
2.309092988333549,0.7436124346991669,1.604112984689765,1.9228636585847776,-0.3803265536658236,1.2224361063460765,2.4876656905975345,4.132843793361471
216.1383553103958,-154.54452364173395,805.0918559104568,287.708890026739,-278.4569529269198,645.0480375136935,232.9941160702633,-1276.9686045878684
-0.0009233186683503,0.0019456488211679,-3812.043457822997,21265.30167065784,21244.58641446849,11786.04729958056,2977.524538563886,-196.08402868931648
982.7059597347896,-466.4708884536305,3145.9089026801867,-1856.8182605151185,2837.819324425204,14327.845612392632,9603.333112294064,-91.22755957649908
-53.81556110255,-340.0961592894771,-2328.2146226474906,6189.10649428559,967.1664602690944,3694.9076206767822,-1309.6084991080395,-966.3348019709252
26.45593691434902,28.591762278915898,38.54382385052371,36.57986639062344,28.62310530385972,38.36588534314068,26.199890459919907,29.73813263629082
49.83965863801739,62.75263128294485,73.35766742200721,32.17915147735852,48.27398707136883,37.73703836881304,34.29189371463337,35.05136078219667
689.3320407669427,492.3108119267683,436.025800316108,377.5848055415681,461.31582906262304,445.7360571157736,580.8255640869553,513.0136198441111
0.84679532827588,2.367738313743196,1.0386992211413772,0.6459271829550264,2.839725863905926,2.7737800780642607,2.003576755933858,-0.4781902066120642
44.74294139203647,3.452722968832038,195.9885750179011,1117.3163806721332,1949.4883691916632,48.81710228648774,432.6813000459216,-13.483448066818475
0.0030191859984135,0.0010152415550985,1233.2185507808651,10414.728938346332,19293.16551396459,-4208.914606193608,5803.987699017591,1336.6892523857132
-189.58897205262608,818.4476062099958,3724.4570675268,1153.5155238072314,487.46107286900127,2671.122644666643,-2439.4389266125063,1665.8352827130636
228.70650020746004,-167.429351578539,-81.00707751190431,374.12434666893887,3343.554466177726,14908.783083764332,-967.6737136716658,860.6149902281945
25.53321062635466,17.926626799651157,40.249771377121945,27.373920057554304,25.76319681543803,27.777512616473977,24.600240696939142,21.17598366421729
45.55725875848971,66.70458185333652,15.006527714235894,12.894711895243333,39.72936339058953,75.13088485944766,84.44843474264175,52.60390828911534
476.0364949684088,484.85205830977753,546.3502607122372,732.3230124905201,866.9154014424828,271.116022860566,305.9234839704821,509.7965467086849
0.6384871453183318,1.3660418722469152,-0.1986073210486707,0.4634073113439526,3.2741222994274493,2.65843735287795,-0.0321483573693806,1.2948500609761613
-92.01311653543532,-156.5707253210195,-254.1767110555521,-824.0926360682225,1660.3832998651037,175.89950987944897,-117.1764018904661,1620.8203740907074
-0.0002453941431822,-0.0020435517312282,-1759.6165853751968,15456.019625712594,19274.73597513428,15493.257381263267,-1583.5131654763202,747.4051738886154
582.8117508435945,1174.2726735862225,11049.383201647,-1104.991535909332,822.1606272533709,-2288.2803962346725,-2706.018205360889,159.0796079104711
187.23995464655027,-301.7241989690527,2652.810355202347,-69.84842183721184,-824.3008912377029,8677.791209056533,389.9382095758973,-285.4482789768308
13.18235932374878,27.73581715788822,15.956273850077723,23.32533532320073,27.6275025379928,25.523579730322822,27.67155919567657,13.975631224982202
59.94014351897729,50.38323602668371,32.41414712549892,24.124718374805628,77.20148040732315,42.42342904038623,74.44436538060513,33.4208959769893
283.024312065863,339.1939877184718,636.3543702038448,885.6698905736457,367.3331998854462,597.1759446082657,586.4344338461157,498.78983652055854
2.309092988333549,0.7436124346991669,1.604112984689765,1.9228636585847776,-0.3803265536658236,1.2224361063460765,2.4876656905975345,4.132843793361471
216.1383553103958,-154.54452364173395,805.0918559104568,287.708890026739,-278.4569529269198,645.0480375136935,232.9941160702633,-1276.9686045878684
-0.0009233186683503,0.0019456488211679,-3812.043457822997,21265.30167065784,21244.58641446849,11786.04729958056,2977.524538563886,-196.08402868931648
982.7059597347896,-466.4708884536305,3145.9089026801867,-1856.8182605151185,2837.819324425204,14327.845612392632,9603.333112294064,-91.22755957649908
-53.81556110255,-340.0961592894771,-2328.2146226474906,6189.10649428559,967.1664602690944,3694.9076206767822,-1309.6084991080395,-966.3348019709252
26.45593691434902,28.591762278915898,38.54382385052371,36.57986639062344,28.62310530385972,38.36588534314068,26.199890459919907,29.73813263629082
49.83965863801739,62.75263128294485,73.35766742200721,32.17915147735852,48.27398707136883,37.73703836881304,34.29189371463337,35.05136078219667
689.3320407669427,492.3108119267683,436.025800316108,377.5848055415681,461.31582906262304,445.7360571157736,580.8255640869553,513.0136198441111
0.84679532827588,2.367738313743196,1.0386992211413772,0.6459271829550264,2.839725863905926,2.7737800780642607,2.003576755933858,-0.4781902066120642
44.74294139203647,3.452722968832038,195.9885750179011,1117.3163806721332,1949.4883691916632,48.81710228648774,432.6813000459216,-13.483448066818475
0.0030191859984135,0.0010152415550985,1233.2185507808651,10414.728938346332,19293.16551396459,-4208.914606193608,5803.987699017591,1336.6892523857132
-189.58897205262608,818.4476062099958,3724.4570675268,1153.5155238072314,487.46107286900127,2671.122644666643,-2439.4389266125063,1665.8352827130636
228.70650020746004,-167.429351578539,-81.00707751190431,374.12434666893887,3343.554466177726,14908.783083764332,-967.6737136716658,860.6149902281945
25.53321062635466,17.926626799651157,40.249771377121945,27.373920057554304,25.76319681543803,27.777512616473977,24.600240696939142,21.17598366421729
45.55725875848971,66.70458185333652,15.006527714235894,12.894711895243333,39.72936339058953,75.13088485944766,84.44843474264175,52.60390828911534
476.0364949684088,484.85205830977753,546.3502607122372,732.3230124905201,866.9154014424828,271.116022860566,305.9234839704821,509.7965467086849
0.6384871453183318,1.3660418722469152,-0.1986073210486707,0.4634073113439526,3.2741222994274493,2.65843735287795,-0.0321483573693806,1.2948500609761613
-92.01311653543532,-156.5707253210195,-254.1767110555521,-824.0926360682225,1660.3832998651037,175.89950987944897,-117.1764018904661,1620.8203740907074
-0.0002453941431822,-0.0020435517312282,-1759.6165853751968,15456.019625712594,19274.73597513428,15493.257381263267,-1583.5131654763202,747.4051738886154
582.8117508435945,1174.2726735862225,11049.383201647,-1104.991535909332,822.1606272533709,-2288.2803962346725,-2706.018205360889,159.0796079104711
187.23995464655027,-301.7241989690527,2652.810355202347,-69.84842183721184,-824.3008912377029,8677.791209056533,389.9382095758973,-285.4482789768308
13.18235932374878,27.73581715788822,15.956273850077723,23.32533532320073,27.6275025379928,25.523579730322822,27.67155919567657,13.975631224982202
59.94014351897729,50.38323602668371,32.41414712549892,24.124718374805628,77.20148040732315,42.42342904038623,74.44436538060513,33.4208959769893
283.024312065863,339.1939877184718,636.3543702038448,885.6698905736457,367.3331998854462,597.1759446082657,586.4344338461157,498.78983652055854
2.309092988333549,0.7436124346991669,1.604112984689765,1.9228636585847776,-0.3803265536658236,1.2224361063460765,2.4876656905975345,4.132843793361471
216.1383553103958,-154.54452364173395,805.0918559104568,287.708890026739,-278.4569529269198,645.0480375136935,232.9941160702633,-1276.9686045878684
-0.0009233186683503,0.0019456488211679,-3812.043457822997,21265.30167065784,21244.58641446849,11786.04729958056,2977.524538563886,-196.08402868931648
982.7059597347896,-466.4708884536305,3145.9089026801867,-1856.8182605151185,2837.819324425204,14327.845612392632,9603.333112294064,-91.22755957649908
-53.81556110255,-340.0961592894771,-2328.2146226474906,6189.10649428559,967.1664602690944,3694.9076206767822,-1309.6084991080395,-966.3348019709252
