내부온도관측치,내부습도관측치,co2관측치,ec관측치,시간당분무량,시간당백색광량,시간당적색광량,시간당청색광량
13.227736451127674,28.99101896395057,44.59453277114217,36.6227297437395,25.8054729671421,33.74085969576577,26.64529672438207,19.163037121413048
67.61343514355458,66.53954252769691,99.77053148638892,72.84808346801441,46.6819677975425,48.3215841951854,79.69749383353381,51.562731029160894
607.3098153656025,398.5866918808164,362.64620979736446,648.6732154676325,557.5919510058592,737.6141295065046,232.71223790401405,420.15484247941725
0.2493629912000937,2.081004623450861,1.3452491676244842,-0.7307089089935583,3.1565532195280124,1.232178620691125,1.7723824417650098,2.218483482739339
539.4819423227489,875.545852693587,-829.9110158630947,313.7216674301428,935.519168495941,1430.6891206565822,-171.98060752219055,152.97108949390451
0.001367376982528,0.002199197733271,-589.4587982996609,658.6679469295782,6683.464422042293,19538.117547983355,990.4428090710604,872.3262564429331
-588.086052666985,795.2146157391168,-2189.950889478098,11596.72568986772,3649.277383292496,2327.5747525149577,-1357.7020685232392,1200.6480700206196
-20.597837278780503,50.40423008908069,-1326.2440892670274,539.6120199244717,1560.912173978786,2240.1300394391656,-657.7635320177234,761.0146232898442
28.17760091223888,18.03970376346648,40.35854210804501,30.037905269653468,24.84951532870213,20.054841618763973,28.68796847701884,15.398974121233673
58.30502464040181,60.20975160106155,76.42335779876062,73.51638278596128,50.61429647740167,26.983014311821684,73.29013537301296,51.50083756173384
449.711792703278,562.3913126314036,513.5699706819198,586.9558054354777,559.0899666491085,361.6520259351306,395.4396522570323,503.7136935199612
2.2425629305089,-0.3802517492553903,-0.734900298132356,0.7030931348929063,4.169994465706138,1.5709680744241157,-0.6550937987663057,-0.5635279951982688
775.2015815315591,453.8136540794094,-128.1975150668344,-353.52810957993336,898.6245704850105,913.1697325562716,31.807618012267355,92.52052175220274
-0.0009472015123742,0.001664581283023,5053.326658136888,-2176.73604741738,6532.485314981638,14780.789407410755,-2570.0446161006475,-390.78173507241087
716.0233713154752,259.2315091423788,-1833.335827688044,-1214.143941554525,-2053.724229179649,2597.01166099124,-681.3183269788623,-1439.5257025023748
-123.94524946297382,-4.501493788974155,-514.6604845461284,-1385.6125490501404,-1641.8556944812672,2407.093751645996,878.814719835359,338.02839424115786
18.273641710217326,24.535030953146663,28.17586501225716,25.264487563509725,26.297912700413747,30.10043393035545,24.19616002710417,12.767665842461586
43.03962495746094,60.56662240609512,67.13662625422185,58.46854302075648,48.51289205198836,35.25603489249117,62.36823951197709,56.5772450707449
343.05177727398217,490.346862463948,576.1251885951659,872.1705874674512,310.92341199758846,771.3390234212752,787.0464131511026,284.457653830013
3.531580918799981,-0.2062556498840093,3.5523517816063555,1.3173638323446235,-1.2365509887258148,0.8023461487100161,1.2518421467478913,2.771905404907359
2381.2321502720874,172.22084287408654,717.3697658074003,-210.47349866384664,784.153554278847,349.9303504501378,572.4832404668828,238.121807484942
-0.000814215689556,0.0011989512166484,16944.199266076463,16352.8476508265,16871.661968031833,-4152.959903624241,2224.700434479298,-18.78499301915496
184.2177916960896,-478.1155526459177,959.436673838482,-701.7717542900608,3444.406287136042,12471.82948031298,1805.796503647089,1225.92957711927
79.03601392810239,264.5394708631072,-635.6041276992353,2025.102980445435,-299.10758225506515,438.1748589161967,-344.8791740786499,-881.5567028190775
13.227736451127674,28.99101896395057,44.59453277114217,36.6227297437395,25.8054729671421,33.74085969576577,26.64529672438207,19.163037121413048
67.61343514355458,66.53954252769691,99.77053148638892,72.84808346801441,46.6819677975425,48.3215841951854,79.69749383353381,51.562731029160894
607.3098153656025,398.5866918808164,362.64620979736446,648.6732154676325,557.5919510058592,737.6141295065046,232.71223790401405,420.15484247941725
0.2493629912000937,2.081004623450861,1.3452491676244842,-0.7307089089935583,3.1565532195280124,1.232178620691125,1.7723824417650098,2.218483482739339
539.4819423227489,875.545852693587,-829.9110158630947,313.7216674301428,935.519168495941,1430.6891206565822,-171.98060752219055,152.97108949390451
0.001367376982528,0.002199197733271,-589.4587982996609,658.6679469295782,6683.464422042293,19538.117547983355,990.4428090710604,872.3262564429331
-588.086052666985,795.2146157391168,-2189.950889478098,11596.72568986772,3649.277383292496,2327.5747525149577,-1357.7020685232392,1200.6480700206196
-20.597837278780503,50.40423008908069,-1326.2440892670274,539.6120199244717,1560.912173978786,2240.1300394391656,-657.7635320177234,761.0146232898442
28.17760091223888,18.03970376346648,40.35854210804501,30.037905269653468,24.84951532870213,20.054841618763973,28.68796847701884,15.398974121233673
58.30502464040181,60.20975160106155,76.42335779876062,73.51638278596128,50.61429647740167,26.983014311821684,73.29013537301296,51.50083756173384
449.711792703278,562.3913126314036,513.5699706819198,586.9558054354777,559.0899666491085,361.6520259351306,395.4396522570323,503.7136935199612
2.2425629305089,-0.3802517492553903,-0.734900298132356,0.7030931348929063,4.169994465706138,1.5709680744241157,-0.6550937987663057,-0.5635279951982688
775.2015815315591,453.8136540794094,-128.1975150668344,-353.52810957993336,898.6245704850105,913.1697325562716,31.807618012267355,92.52052175220274
-0.0009472015123742,0.001664581283023,5053.326658136888,-2176.73604741738,6532.485314981638,14780.789407410755,-2570.0446161006475,-390.78173507241087
716.0233713154752,259.2315091423788,-1833.335827688044,-1214.143941554525,-2053.724229179649,2597.01166099124,-681.3183269788623,-1439.5257025023748
-123.94524946297382,-4.501493788974155,-514.6604845461284,-1385.6125490501404,-1641.8556944812672,2407.093751645996,878.814719835359,338.02839424115786
18.273641710217326,24.535030953146663,28.17586501225716,25.264487563509725,26.297912700413747,30.10043393035545,24.19616002710417,12.767665842461586
43.03962495746094,60.56662240609512,67.13662625422185,58.46854302075648,48.51289205198836,35.25603489249117,62.36823951197709,56.5772450707449
343.05177727398217,490.346862463948,576.1251885951659,872.1705874674512,310.92341199758846,771.3390234212752,787.0464131511026,284.457653830013
3.531580918799981,-0.2062556498840093,3.5523517816063555,1.3173638323446235,-1.2365509887258148,0.8023461487100161,1.2518421467478913,2.771905404907359
2381.2321502720874,172.22084287408654,717.3697658074003,-210.47349866384664,784.153554278847,349.9303504501378,572.4832404668828,238.121807484942
-0.000814215689556,0.0011989512166484,16944.199266076463,16352.8476508265,16871.661968031833,-4152.959903624241,2224.700434479298,-18.78499301915496
184.2177916960896,-478.1155526459177,959.436673838482,-701.7717542900608,3444.406287136042,12471.82948031298,1805.796503647089,1225.92957711927
79.03601392810239,264.5394708631072,-635.6041276992353,2025.102980445435,-299.10758225506515,438.1748589161967,-344.8791740786499,-881.5567028190775
13.227736451127674,28.99101896395057,44.59453277114217,36.6227297437395,25.8054729671421,33.74085969576577,26.64529672438207,19.163037121413048
67.61343514355458,66.53954252769691,99.77053148638892,72.84808346801441,46.6819677975425,48.3215841951854,79.69749383353381,51.562731029160894
607.3098153656025,398.5866918808164,362.64620979736446,648.6732154676325,557.5919510058592,737.6141295065046,232.71223790401405,420.15484247941725
0.2493629912000937,2.081004623450861,1.3452491676244842,-0.7307089089935583,3.1565532195280124,1.232178620691125,1.7723824417650098,2.218483482739339
539.4819423227489,875.545852693587,-829.9110158630947,313.7216674301428,935.519168495941,1430.6891206565822,-171.98060752219055,152.97108949390451
0.001367376982528,0.002199197733271,-589.4587982996609,658.6679469295782,6683.464422042293,19538.117547983355,990.4428090710604,872.3262564429331
-588.086052666985,795.2146157391168,-2189.950889478098,11596.72568986772,3649.277383292496,2327.5747525149577,-1357.7020685232392,1200.6480700206196
-20.597837278780503,50.40423008908069,-1326.2440892670274,539.6120199244717,1560.912173978786,2240.1300394391656,-657.7635320177234,761.0146232898442
28.17760091223888,18.03970376346648,40.35854210804501,30.037905269653468,24.84951532870213,20.054841618763973,28.68796847701884,15.398974121233673
58.30502464040181,60.20975160106155,76.42335779876062,73.51638278596128,50.61429647740167,26.983014311821684,73.29013537301296,51.50083756173384
449.711792703278,562.3913126314036,513.5699706819198,586.9558054354777,559.0899666491085,361.6520259351306,395.4396522570323,503.7136935199612
2.2425629305089,-0.3802517492553903,-0.734900298132356,0.7030931348929063,4.169994465706138,1.5709680744241157,-0.6550937987663057,-0.5635279951982688
775.2015815315591,453.8136540794094,-128.1975150668344,-353.52810957993336,898.6245704850105,913.1697325562716,31.807618012267355,92.52052175220274
-0.0009472015123742,0.001664581283023,5053.326658136888,-2176.73604741738,6532.485314981638,14780.789407410755,-2570.0446161006475,-390.78173507241087
716.0233713154752,259.2315091423788,-1833.335827688044,-1214.143941554525,-2053.724229179649,2597.01166099124,-681.3183269788623,-1439.5257025023748
-123.94524946297382,-4.501493788974155,-514.6604845461284,-1385.6125490501404,-1641.8556944812672,2407.093751645996,878.814719835359,338.02839424115786
18.273641710217326,24.535030953146663,28.17586501225716,25.264487563509725,26.297912700413747,30.10043393035545,24.19616002710417,12.767665842461586
43.03962495746094,60.56662240609512,67.13662625422185,58.46854302075648,48.51289205198836,35.25603489249117,62.36823951197709,56.5772450707449
343.05177727398217,490.346862463948,576.1251885951659,872.1705874674512,310.92341199758846,771.3390234212752,787.0464131511026,284.457653830013
3.531580918799981,-0.2062556498840093,3.5523517816063555,1.3173638323446235,-1.2365509887258148,0.8023461487100161,1.2518421467478913,2.771905404907359
2381.2321502720874,172.22084287408654,717.3697658074003,-210.47349866384664,784.153554278847,349.9303504501378,572.4832404668828,238.121807484942
-0.000814215689556,0.0011989512166484,16944.199266076463,16352.8476508265,16871.661968031833,-4152.959903624241,2224.700434479298,-18.78499301915496
184.2177916960896,-478.1155526459177,959.436673838482,-701.7717542900608,3444.406287136042,12471.82948031298,1805.796503647089,1225.92957711927
79.03601392810239,264.5394708631072,-635.6041276992353,2025.102980445435,-299.10758225506515,438.1748589161967,-344.8791740786499,-881.5567028190775
13.227736451127674,28.99101896395057,44.59453277114217,36.6227297437395,25.8054729671421,33.74085969576577,26.64529672438207,19.163037121413048
67.61343514355458,66.53954252769691,99.77053148638892,72.84808346801441,46.6819677975425,48.3215841951854,79.69749383353381,51.562731029160894
607.3098153656025,398.5866918808164,362.64620979736446,648.6732154676325,557.5919510058592,737.6141295065046,232.71223790401405,420.15484247941725
0.2493629912000937,2.081004623450861,1.3452491676244842,-0.7307089089935583,3.1565532195280124,1.232178620691125,1.7723824417650098,2.218483482739339
539.4819423227489,875.545852693587,-829.9110158630947,313.7216674301428,935.519168495941,1430.6891206565822,-171.98060752219055,152.97108949390451
0.001367376982528,0.002199197733271,-589.4587982996609,658.6679469295782,6683.464422042293,19538.117547983355,990.4428090710604,872.3262564429331
-588.086052666985,795.2146157391168,-2189.950889478098,11596.72568986772,3649.277383292496,2327.5747525149577,-1357.7020685232392,1200.6480700206196
-20.597837278780503,50.40423008908069,-1326.2440892670274,539.6120199244717,1560.912173978786,2240.1300394391656,-657.7635320177234,761.0146232898442
28.17760091223888,18.03970376346648,40.35854210804501,30.037905269653468,24.84951532870213,20.054841618763973,28.68796847701884,15.398974121233673
58.30502464040181,60.20975160106155,76.42335779876062,73.51638278596128,50.61429647740167,26.983014311821684,73.29013537301296,51.50083756173384
449.711792703278,562.3913126314036,513.5699706819198,586.9558054354777,559.0899666491085,361.6520259351306,395.4396522570323,503.7136935199612
2.2425629305089,-0.3802517492553903,-0.734900298132356,0.7030931348929063,4.169994465706138,1.5709680744241157,-0.6550937987663057,-0.5635279951982688
775.2015815315591,453.8136540794094,-128.1975150668344,-353.52810957993336,898.6245704850105,913.1697325562716,31.807618012267355,92.52052175220274
-0.0009472015123742,0.001664581283023,5053.326658136888,-2176.73604741738,6532.485314981638,14780.789407410755,-2570.0446161006475,-390.78173507241087
716.0233713154752,259.2315091423788,-1833.335827688044,-1214.143941554525,-2053.724229179649,2597.01166099124,-681.3183269788623,-1439.5257025023748
-123.94524946297382,-4.501493788974155,-514.6604845461284,-1385.6125490501404,-1641.8556944812672,2407.093751645996,878.814719835359,338.02839424115786
18.273641710217326,24.535030953146663,28.17586501225716,25.264487563509725,26.297912700413747,30.10043393035545,24.19616002710417,12.767665842461586
43.03962495746094,60.56662240609512,67.13662625422185,58.46854302075648,48.51289205198836,35.25603489249117,62.36823951197709,56.5772450707449
343.05177727398217,490.346862463948,576.1251885951659,872.1705874674512,310.92341199758846,771.3390234212752,787.0464131511026,284.457653830013
3.531580918799981,-0.2062556498840093,3.5523517816063555,1.3173638323446235,-1.2365509887258148,0.8023461487100161,1.2518421467478913,2.771905404907359
2381.2321502720874,172.22084287408654,717.3697658074003,-210.47349866384664,784.153554278847,349.9303504501378,572.4832404668828,238.121807484942
-0.000814215689556,0.0011989512166484,16944.199266076463,16352.8476508265,16871.661968031833,-4152.959903624241,2224.700434479298,-18.78499301915496
184.2177916960896,-478.1155526459177,959.436673838482,-701.7717542900608,3444.406287136042,12471.82948031298,1805.796503647089,1225.92957711927
79.03601392810239,264.5394708631072,-635.6041276992353,2025.102980445435,-299.10758225506515,438.1748589161967,-344.8791740786499,-881.5567028190775
13.227736451127674,28.99101896395057,44.59453277114217,36.6227297437395,25.8054729671421,33.74085969576577,26.64529672438207,19.163037121413048
67.61343514355458,66.53954252769691,99.77053148638892,72.84808346801441,46.6819677975425,48.3215841951854,79.69749383353381,51.562731029160894
607.3098153656025,398.5866918808164,362.64620979736446,648.6732154676325,557.5919510058592,737.6141295065046,232.71223790401405,420.15484247941725
0.2493629912000937,2.081004623450861,1.3452491676244842,-0.7307089089935583,3.1565532195280124,1.232178620691125,1.7723824417650098,2.218483482739339
539.4819423227489,875.545852693587,-829.9110158630947,313.7216674301428,935.519168495941,1430.6891206565822,-171.98060752219055,152.97108949390451
0.001367376982528,0.002199197733271,-589.4587982996609,658.6679469295782,6683.464422042293,19538.117547983355,990.4428090710604,872.3262564429331
-588.086052666985,795.2146157391168,-2189.950889478098,11596.72568986772,3649.277383292496,2327.5747525149577,-1357.7020685232392,1200.6480700206196
-20.597837278780503,50.40423008908069,-1326.2440892670274,539.6120199244717,1560.912173978786,2240.1300394391656,-657.7635320177234,761.0146232898442
28.17760091223888,18.03970376346648,40.35854210804501,30.037905269653468,24.84951532870213,20.054841618763973,28.68796847701884,15.398974121233673
58.30502464040181,60.20975160106155,76.42335779876062,73.51638278596128,50.61429647740167,26.983014311821684,73.29013537301296,51.50083756173384
449.711792703278,562.3913126314036,513.5699706819198,586.9558054354777,559.0899666491085,361.6520259351306,395.4396522570323,503.7136935199612
2.2425629305089,-0.3802517492553903,-0.734900298132356,0.7030931348929063,4.169994465706138,1.5709680744241157,-0.6550937987663057,-0.5635279951982688
775.2015815315591,453.8136540794094,-128.1975150668344,-353.52810957993336,898.6245704850105,913.1697325562716,31.807618012267355,92.52052175220274
-0.0009472015123742,0.001664581283023,5053.326658136888,-2176.73604741738,6532.485314981638,14780.789407410755,-2570.0446161006475,-390.78173507241087
716.0233713154752,259.2315091423788,-1833.335827688044,-1214.143941554525,-2053.724229179649,2597.01166099124,-681.3183269788623,-1439.5257025023748
-123.94524946297382,-4.501493788974155,-514.6604845461284,-1385.6125490501404,-1641.8556944812672,2407.093751645996,878.814719835359,338.02839424115786
18.273641710217326,24.535030953146663,28.17586501225716,25.264487563509725,26.297912700413747,30.10043393035545,24.19616002710417,12.767665842461586
43.03962495746094,60.56662240609512,67.13662625422185,58.46854302075648,48.51289205198836,35.25603489249117,62.36823951197709,56.5772450707449
343.05177727398217,490.346862463948,576.1251885951659,872.1705874674512,310.92341199758846,771.3390234212752,787.0464131511026,284.457653830013
3.531580918799981,-0.2062556498840093,3.5523517816063555,1.3173638323446235,-1.2365509887258148,0.8023461487100161,1.2518421467478913,2.771905404907359
2381.2321502720874,172.22084287408654,717.3697658074003,-210.47349866384664,784.153554278847,349.9303504501378,572.4832404668828,238.121807484942
-0.000814215689556,0.0011989512166484,16944.199266076463,16352.8476508265,16871.661968031833,-4152.959903624241,2224.700434479298,-18.78499301915496
184.2177916960896,-478.1155526459177,959.436673838482,-701.7717542900608,3444.406287136042,12471.82948031298,1805.796503647089,1225.92957711927
79.03601392810239,264.5394708631072,-635.6041276992353,2025.102980445435,-299.10758225506515,438.1748589161967,-344.8791740786499,-881.5567028190775
13.227736451127674,28.99101896395057,44.59453277114217,36.6227297437395,25.8054729671421,33.74085969576577,26.64529672438207,19.163037121413048
67.61343514355458,66.53954252769691,99.77053148638892,72.84808346801441,46.6819677975425,48.3215841951854,79.69749383353381,51.562731029160894
607.3098153656025,398.5866918808164,362.64620979736446,648.6732154676325,557.5919510058592,737.6141295065046,232.71223790401405,420.15484247941725
0.2493629912000937,2.081004623450861,1.3452491676244842,-0.7307089089935583,3.1565532195280124,1.232178620691125,1.7723824417650098,2.218483482739339
539.4819423227489,875.545852693587,-829.9110158630947,313.7216674301428,935.519168495941,1430.6891206565822,-171.98060752219055,152.97108949390451
0.001367376982528,0.002199197733271,-589.4587982996609,658.6679469295782,6683.464422042293,19538.117547983355,990.4428090710604,872.3262564429331
-588.086052666985,795.2146157391168,-2189.950889478098,11596.72568986772,3649.277383292496,2327.5747525149577,-1357.7020685232392,1200.6480700206196
-20.597837278780503,50.40423008908069,-1326.2440892670274,539.6120199244717,1560.912173978786,2240.1300394391656,-657.7635320177234,761.0146232898442
28.17760091223888,18.03970376346648,40.35854210804501,30.037905269653468,24.84951532870213,20.054841618763973,28.68796847701884,15.398974121233673
58.30502464040181,60.20975160106155,76.42335779876062,73.51638278596128,50.61429647740167,26.983014311821684,73.29013537301296,51.50083756173384
449.711792703278,562.3913126314036,513.5699706819198,586.9558054354777,559.0899666491085,361.6520259351306,395.4396522570323,503.7136935199612
2.2425629305089,-0.3802517492553903,-0.734900298132356,0.7030931348929063,4.169994465706138,1.5709680744241157,-0.6550937987663057,-0.5635279951982688
775.2015815315591,453.8136540794094,-128.1975150668344,-353.52810957993336,898.6245704850105,913.1697325562716,31.807618012267355,92.52052175220274
-0.0009472015123742,0.001664581283023,5053.326658136888,-2176.73604741738,6532.485314981638,14780.789407410755,-2570.0446161006475,-390.78173507241087
716.0233713154752,259.2315091423788,-1833.335827688044,-1214.143941554525,-2053.724229179649,2597.01166099124,-681.3183269788623,-1439.5257025023748
-123.94524946297382,-4.501493788974155,-514.6604845461284,-1385.6125490501404,-1641.8556944812672,2407.093751645996,878.814719835359,338.02839424115786
18.273641710217326,24.535030953146663,28.17586501225716,25.264487563509725,26.297912700413747,30.10043393035545,24.19616002710417,12.767665842461586
43.03962495746094,60.56662240609512,67.13662625422185,58.46854302075648,48.51289205198836,35.25603489249117,62.36823951197709,56.5772450707449
343.05177727398217,490.346862463948,576.1251885951659,872.1705874674512,310.92341199758846,771.3390234212752,787.0464131511026,284.457653830013
3.531580918799981,-0.2062556498840093,3.5523517816063555,1.3173638323446235,-1.2365509887258148,0.8023461487100161,1.2518421467478913,2.771905404907359
2381.2321502720874,172.22084287408654,717.3697658074003,-210.47349866384664,784.153554278847,349.9303504501378,572.4832404668828,238.121807484942
-0.000814215689556,0.0011989512166484,16944.199266076463,16352.8476508265,16871.661968031833,-4152.959903624241,2224.700434479298,-18.78499301915496
184.2177916960896,-478.1155526459177,959.436673838482,-701.7717542900608,3444.406287136042,12471.82948031298,1805.796503647089,1225.92957711927
79.03601392810239,264.5394708631072,-635.6041276992353,2025.102980445435,-299.10758225506515,438.1748589161967,-344.8791740786499,-881.5567028190775
13.227736451127674,28.99101896395057,44.59453277114217,36.6227297437395,25.8054729671421,33.74085969576577,26.64529672438207,19.163037121413048
67.61343514355458,66.53954252769691,99.77053148638892,72.84808346801441,46.6819677975425,48.3215841951854,79.69749383353381,51.562731029160894
607.3098153656025,398.5866918808164,362.64620979736446,648.6732154676325,557.5919510058592,737.6141295065046,232.71223790401405,420.15484247941725
0.2493629912000937,2.081004623450861,1.3452491676244842,-0.7307089089935583,3.1565532195280124,1.232178620691125,1.7723824417650098,2.218483482739339
539.4819423227489,875.545852693587,-829.9110158630947,313.7216674301428,935.519168495941,1430.6891206565822,-171.98060752219055,152.97108949390451
0.001367376982528,0.002199197733271,-589.4587982996609,658.6679469295782,6683.464422042293,19538.117547983355,990.4428090710604,872.3262564429331
-588.086052666985,795.2146157391168,-2189.950889478098,11596.72568986772,3649.277383292496,2327.5747525149577,-1357.7020685232392,1200.6480700206196
-20.597837278780503,50.40423008908069,-1326.2440892670274,539.6120199244717,1560.912173978786,2240.1300394391656,-657.7635320177234,761.0146232898442
28.17760091223888,18.03970376346648,40.35854210804501,30.037905269653468,24.84951532870213,20.054841618763973,28.68796847701884,15.398974121233673
58.30502464040181,60.20975160106155,76.42335779876062,73.51638278596128,50.61429647740167,26.983014311821684,73.29013537301296,51.50083756173384
449.711792703278,562.3913126314036,513.5699706819198,586.9558054354777,559.0899666491085,361.6520259351306,395.4396522570323,503.7136935199612
2.2425629305089,-0.3802517492553903,-0.734900298132356,0.7030931348929063,4.169994465706138,1.5709680744241157,-0.6550937987663057,-0.5635279951982688
775.2015815315591,453.8136540794094,-128.1975150668344,-353.52810957993336,898.6245704850105,913.1697325562716,31.807618012267355,92.52052175220274
-0.0009472015123742,0.001664581283023,5053.326658136888,-2176.73604741738,6532.485314981638,14780.789407410755,-2570.0446161006475,-390.78173507241087
716.0233713154752,259.2315091423788,-1833.335827688044,-1214.143941554525,-2053.724229179649,2597.01166099124,-681.3183269788623,-1439.5257025023748
-123.94524946297382,-4.501493788974155,-514.6604845461284,-1385.6125490501404,-1641.8556944812672,2407.093751645996,878.814719835359,338.02839424115786
18.273641710217326,24.535030953146663,28.17586501225716,25.264487563509725,26.297912700413747,30.10043393035545,24.19616002710417,12.767665842461586
43.03962495746094,60.56662240609512,67.13662625422185,58.46854302075648,48.51289205198836,35.25603489249117,62.36823951197709,56.5772450707449
343.05177727398217,490.346862463948,576.1251885951659,872.1705874674512,310.92341199758846,771.3390234212752,787.0464131511026,284.457653830013
3.531580918799981,-0.2062556498840093,3.5523517816063555,1.3173638323446235,-1.2365509887258148,0.8023461487100161,1.2518421467478913,2.771905404907359
2381.2321502720874,172.22084287408654,717.3697658074003,-210.47349866384664,784.153554278847,349.9303504501378,572.4832404668828,238.121807484942
-0.000814215689556,0.0011989512166484,16944.199266076463,16352.8476508265,16871.661968031833,-4152.959903624241,2224.700434479298,-18.78499301915496
184.2177916960896,-478.1155526459177,959.436673838482,-701.7717542900608,3444.406287136042,12471.82948031298,1805.796503647089,1225.92957711927
79.03601392810239,264.5394708631072,-635.6041276992353,2025.102980445435,-299.10758225506515,438.1748589161967,-344.8791740786499,-881.5567028190775
13.227736451127674,28.99101896395057,44.59453277114217,36.6227297437395,25.8054729671421,33.74085969576577,26.64529672438207,19.163037121413048
67.61343514355458,66.53954252769691,99.77053148638892,72.84808346801441,46.6819677975425,48.3215841951854,79.69749383353381,51.562731029160894
607.3098153656025,398.5866918808164,362.64620979736446,648.6732154676325,557.5919510058592,737.6141295065046,232.71223790401405,420.15484247941725
0.2493629912000937,2.081004623450861,1.3452491676244842,-0.7307089089935583,3.1565532195280124,1.232178620691125,1.7723824417650098,2.218483482739339
539.4819423227489,875.545852693587,-829.9110158630947,313.7216674301428,935.519168495941,1430.6891206565822,-171.98060752219055,152.97108949390451
0.001367376982528,0.002199197733271,-589.4587982996609,658.6679469295782,6683.464422042293,19538.117547983355,990.4428090710604,872.3262564429331
-588.086052666985,795.2146157391168,-2189.950889478098,11596.72568986772,3649.277383292496,2327.5747525149577,-1357.7020685232392,1200.6480700206196
-20.597837278780503,50.40423008908069,-1326.2440892670274,539.6120199244717,1560.912173978786,2240.1300394391656,-657.7635320177234,761.0146232898442
28.17760091223888,18.03970376346648,40.35854210804501,30.037905269653468,24.84951532870213,20.054841618763973,28.68796847701884,15.398974121233673
58.30502464040181,60.20975160106155,76.42335779876062,73.51638278596128,50.61429647740167,26.983014311821684,73.29013537301296,51.50083756173384
449.711792703278,562.3913126314036,513.5699706819198,586.9558054354777,559.0899666491085,361.6520259351306,395.4396522570323,503.7136935199612
2.2425629305089,-0.3802517492553903,-0.734900298132356,0.7030931348929063,4.169994465706138,1.5709680744241157,-0.6550937987663057,-0.5635279951982688
775.2015815315591,453.8136540794094,-128.1975150668344,-353.52810957993336,898.6245704850105,913.1697325562716,31.807618012267355,92.52052175220274
-0.0009472015123742,0.001664581283023,5053.326658136888,-2176.73604741738,6532.485314981638,14780.789407410755,-2570.0446161006475,-390.78173507241087
716.0233713154752,259.2315091423788,-1833.335827688044,-1214.143941554525,-2053.724229179649,2597.01166099124,-681.3183269788623,-1439.5257025023748
-123.94524946297382,-4.501493788974155,-514.6604845461284,-1385.6125490501404,-1641.8556944812672,2407.093751645996,878.814719835359,338.02839424115786
18.273641710217326,24.535030953146663,28.17586501225716,25.264487563509725,26.297912700413747,30.10043393035545,24.19616002710417,12.767665842461586
43.03962495746094,60.56662240609512,67.13662625422185,58.46854302075648,48.51289205198836,35.25603489249117,62.36823951197709,56.5772450707449
343.05177727398217,490.346862463948,576.1251885951659,872.1705874674512,310.92341199758846,771.3390234212752,787.0464131511026,284.457653830013
3.531580918799981,-0.2062556498840093,3.5523517816063555,1.3173638323446235,-1.2365509887258148,0.8023461487100161,1.2518421467478913,2.771905404907359
2381.2321502720874,172.22084287408654,717.3697658074003,-210.47349866384664,784.153554278847,349.9303504501378,572.4832404668828,238.121807484942
-0.000814215689556,0.0011989512166484,16944.199266076463,16352.8476508265,16871.661968031833,-4152.959903624241,2224.700434479298,-18.78499301915496
184.2177916960896,-478.1155526459177,959.436673838482,-701.7717542900608,3444.406287136042,12471.82948031298,1805.796503647089,1225.92957711927
79.03601392810239,264.5394708631072,-635.6041276992353,2025.102980445435,-299.10758225506515,438.1748589161967,-344.8791740786499,-881.5567028190775
13.227736451127674,28.99101896395057,44.59453277114217,36.6227297437395,25.8054729671421,33.74085969576577,26.64529672438207,19.163037121413048
67.61343514355458,66.53954252769691,99.77053148638892,72.84808346801441,46.6819677975425,48.3215841951854,79.69749383353381,51.562731029160894
607.3098153656025,398.5866918808164,362.64620979736446,648.6732154676325,557.5919510058592,737.6141295065046,232.71223790401405,420.15484247941725
0.2493629912000937,2.081004623450861,1.3452491676244842,-0.7307089089935583,3.1565532195280124,1.232178620691125,1.7723824417650098,2.218483482739339
539.4819423227489,875.545852693587,-829.9110158630947,313.7216674301428,935.519168495941,1430.6891206565822,-171.98060752219055,152.97108949390451
0.001367376982528,0.002199197733271,-589.4587982996609,658.6679469295782,6683.464422042293,19538.117547983355,990.4428090710604,872.3262564429331
-588.086052666985,795.2146157391168,-2189.950889478098,11596.72568986772,3649.277383292496,2327.5747525149577,-1357.7020685232392,1200.6480700206196
-20.597837278780503,50.40423008908069,-1326.2440892670274,539.6120199244717,1560.912173978786,2240.1300394391656,-657.7635320177234,761.0146232898442
28.17760091223888,18.03970376346648,40.35854210804501,30.037905269653468,24.84951532870213,20.054841618763973,28.68796847701884,15.398974121233673
58.30502464040181,60.20975160106155,76.42335779876062,73.51638278596128,50.61429647740167,26.983014311821684,73.29013537301296,51.50083756173384
449.711792703278,562.3913126314036,513.5699706819198,586.9558054354777,559.0899666491085,361.6520259351306,395.4396522570323,503.7136935199612
2.2425629305089,-0.3802517492553903,-0.734900298132356,0.7030931348929063,4.169994465706138,1.5709680744241157,-0.6550937987663057,-0.5635279951982688
775.2015815315591,453.8136540794094,-128.1975150668344,-353.52810957993336,898.6245704850105,913.1697325562716,31.807618012267355,92.52052175220274
-0.0009472015123742,0.001664581283023,5053.326658136888,-2176.73604741738,6532.485314981638,14780.789407410755,-2570.0446161006475,-390.78173507241087
716.0233713154752,259.2315091423788,-1833.335827688044,-1214.143941554525,-2053.724229179649,2597.01166099124,-681.3183269788623,-1439.5257025023748
-123.94524946297382,-4.501493788974155,-514.6604845461284,-1385.6125490501404,-1641.8556944812672,2407.093751645996,878.814719835359,338.02839424115786
18.273641710217326,24.535030953146663,28.17586501225716,25.264487563509725,26.297912700413747,30.10043393035545,24.19616002710417,12.767665842461586
43.03962495746094,60.56662240609512,67.13662625422185,58.46854302075648,48.51289205198836,35.25603489249117,62.36823951197709,56.5772450707449
343.05177727398217,490.346862463948,576.1251885951659,872.1705874674512,310.92341199758846,771.3390234212752,787.0464131511026,284.457653830013
3.531580918799981,-0.2062556498840093,3.5523517816063555,1.3173638323446235,-1.2365509887258148,0.8023461487100161,1.2518421467478913,2.771905404907359
2381.2321502720874,172.22084287408654,717.3697658074003,-210.47349866384664,784.153554278847,349.9303504501378,572.4832404668828,238.121807484942
-0.000814215689556,0.0011989512166484,16944.199266076463,16352.8476508265,16871.661968031833,-4152.959903624241,2224.700434479298,-18.78499301915496
184.2177916960896,-478.1155526459177,959.436673838482,-701.7717542900608,3444.406287136042,12471.82948031298,1805.796503647089,1225.92957711927
79.03601392810239,264.5394708631072,-635.6041276992353,2025.102980445435,-299.10758225506515,438.1748589161967,-344.8791740786499,-881.5567028190775
13.227736451127674,28.99101896395057,44.59453277114217,36.6227297437395,25.8054729671421,33.74085969576577,26.64529672438207,19.163037121413048
67.61343514355458,66.53954252769691,99.77053148638892,72.84808346801441,46.6819677975425,48.3215841951854,79.69749383353381,51.562731029160894
607.3098153656025,398.5866918808164,362.64620979736446,648.6732154676325,557.5919510058592,737.6141295065046,232.71223790401405,420.15484247941725
0.2493629912000937,2.081004623450861,1.3452491676244842,-0.7307089089935583,3.1565532195280124,1.232178620691125,1.7723824417650098,2.218483482739339
539.4819423227489,875.545852693587,-829.9110158630947,313.7216674301428,935.519168495941,1430.6891206565822,-171.98060752219055,152.97108949390451
0.001367376982528,0.002199197733271,-589.4587982996609,658.6679469295782,6683.464422042293,19538.117547983355,990.4428090710604,872.3262564429331
-588.086052666985,795.2146157391168,-2189.950889478098,11596.72568986772,3649.277383292496,2327.5747525149577,-1357.7020685232392,1200.6480700206196
-20.597837278780503,50.40423008908069,-1326.2440892670274,539.6120199244717,1560.912173978786,2240.1300394391656,-657.7635320177234,761.0146232898442
28.17760091223888,18.03970376346648,40.35854210804501,30.037905269653468,24.84951532870213,20.054841618763973,28.68796847701884,15.398974121233673
58.30502464040181,60.20975160106155,76.42335779876062,73.51638278596128,50.61429647740167,26.983014311821684,73.29013537301296,51.50083756173384
449.711792703278,562.3913126314036,513.5699706819198,586.9558054354777,559.0899666491085,361.6520259351306,395.4396522570323,503.7136935199612
2.2425629305089,-0.3802517492553903,-0.734900298132356,0.7030931348929063,4.169994465706138,1.5709680744241157,-0.6550937987663057,-0.5635279951982688
775.2015815315591,453.8136540794094,-128.1975150668344,-353.52810957993336,898.6245704850105,913.1697325562716,31.807618012267355,92.52052175220274
-0.0009472015123742,0.001664581283023,5053.326658136888,-2176.73604741738,6532.485314981638,14780.789407410755,-2570.0446161006475,-390.78173507241087
716.0233713154752,259.2315091423788,-1833.335827688044,-1214.143941554525,-2053.724229179649,2597.01166099124,-681.3183269788623,-1439.5257025023748
-123.94524946297382,-4.501493788974155,-514.6604845461284,-1385.6125490501404,-1641.8556944812672,2407.093751645996,878.814719835359,338.02839424115786
18.273641710217326,24.535030953146663,28.17586501225716,25.264487563509725,26.297912700413747,30.10043393035545,24.19616002710417,12.767665842461586
43.03962495746094,60.56662240609512,67.13662625422185,58.46854302075648,48.51289205198836,35.25603489249117,62.36823951197709,56.5772450707449
343.05177727398217,490.346862463948,576.1251885951659,872.1705874674512,310.92341199758846,771.3390234212752,787.0464131511026,284.457653830013
3.531580918799981,-0.2062556498840093,3.5523517816063555,1.3173638323446235,-1.2365509887258148,0.8023461487100161,1.2518421467478913,2.771905404907359
2381.2321502720874,172.22084287408654,717.3697658074003,-210.47349866384664,784.153554278847,349.9303504501378,572.4832404668828,238.121807484942
-0.000814215689556,0.0011989512166484,16944.199266076463,16352.8476508265,16871.661968031833,-4152.959903624241,2224.700434479298,-18.78499301915496
184.2177916960896,-478.1155526459177,959.436673838482,-701.7717542900608,3444.406287136042,12471.82948031298,1805.796503647089,1225.92957711927
79.03601392810239,264.5394708631072,-635.6041276992353,2025.102980445435,-299.10758225506515,438.1748589161967,-344.8791740786499,-881.5567028190775
13.227736451127674,28.99101896395057,44.59453277114217,36.6227297437395,25.8054729671421,33.74085969576577,26.64529672438207,19.163037121413048
67.61343514355458,66.53954252769691,99.77053148638892,72.84808346801441,46.6819677975425,48.3215841951854,79.69749383353381,51.562731029160894
607.3098153656025,398.5866918808164,362.64620979736446,648.6732154676325,557.5919510058592,737.6141295065046,232.71223790401405,420.15484247941725
0.2493629912000937,2.081004623450861,1.3452491676244842,-0.7307089089935583,3.1565532195280124,1.232178620691125,1.7723824417650098,2.218483482739339
539.4819423227489,875.545852693587,-829.9110158630947,313.7216674301428,935.519168495941,1430.6891206565822,-171.98060752219055,152.97108949390451
0.001367376982528,0.002199197733271,-589.4587982996609,658.6679469295782,6683.464422042293,19538.117547983355,990.4428090710604,872.3262564429331
-588.086052666985,795.2146157391168,-2189.950889478098,11596.72568986772,3649.277383292496,2327.5747525149577,-1357.7020685232392,1200.6480700206196
-20.597837278780503,50.40423008908069,-1326.2440892670274,539.6120199244717,1560.912173978786,2240.1300394391656,-657.7635320177234,761.0146232898442
28.17760091223888,18.03970376346648,40.35854210804501,30.037905269653468,24.84951532870213,20.054841618763973,28.68796847701884,15.398974121233673
58.30502464040181,60.20975160106155,76.42335779876062,73.51638278596128,50.61429647740167,26.983014311821684,73.29013537301296,51.50083756173384
449.711792703278,562.3913126314036,513.5699706819198,586.9558054354777,559.0899666491085,361.6520259351306,395.4396522570323,503.7136935199612
2.2425629305089,-0.3802517492553903,-0.734900298132356,0.7030931348929063,4.169994465706138,1.5709680744241157,-0.6550937987663057,-0.5635279951982688
775.2015815315591,453.8136540794094,-128.1975150668344,-353.52810957993336,898.6245704850105,913.1697325562716,31.807618012267355,92.52052175220274
-0.0009472015123742,0.001664581283023,5053.326658136888,-2176.73604741738,6532.485314981638,14780.789407410755,-2570.0446161006475,-390.78173507241087
716.0233713154752,259.2315091423788,-1833.335827688044,-1214.143941554525,-2053.724229179649,2597.01166099124,-681.3183269788623,-1439.5257025023748
-123.94524946297382,-4.501493788974155,-514.6604845461284,-1385.6125490501404,-1641.8556944812672,2407.093751645996,878.814719835359,338.02839424115786
18.273641710217326,24.535030953146663,28.17586501225716,25.264487563509725,26.297912700413747,30.10043393035545,24.19616002710417,12.767665842461586
43.03962495746094,60.56662240609512,67.13662625422185,58.46854302075648,48.51289205198836,35.25603489249117,62.36823951197709,56.5772450707449
343.05177727398217,490.346862463948,576.1251885951659,872.1705874674512,310.92341199758846,771.3390234212752,787.0464131511026,284.457653830013
3.531580918799981,-0.2062556498840093,3.5523517816063555,1.3173638323446235,-1.2365509887258148,0.8023461487100161,1.2518421467478913,2.771905404907359
2381.2321502720874,172.22084287408654,717.3697658074003,-210.47349866384664,784.153554278847,349.9303504501378,572.4832404668828,238.121807484942
-0.000814215689556,0.0011989512166484,16944.199266076463,16352.8476508265,16871.661968031833,-4152.959903624241,2224.700434479298,-18.78499301915496
184.2177916960896,-478.1155526459177,959.436673838482,-701.7717542900608,3444.406287136042,12471.82948031298,1805.796503647089,1225.92957711927
79.03601392810239,264.5394708631072,-635.6041276992353,2025.102980445435,-299.10758225506515,438.1748589161967,-344.8791740786499,-881.5567028190775
13.227736451127674,28.99101896395057,44.59453277114217,36.6227297437395,25.8054729671421,33.74085969576577,26.64529672438207,19.163037121413048
67.61343514355458,66.53954252769691,99.77053148638892,72.84808346801441,46.6819677975425,48.3215841951854,79.69749383353381,51.562731029160894
607.3098153656025,398.5866918808164,362.64620979736446,648.6732154676325,557.5919510058592,737.6141295065046,232.71223790401405,420.15484247941725
0.2493629912000937,2.081004623450861,1.3452491676244842,-0.7307089089935583,3.1565532195280124,1.232178620691125,1.7723824417650098,2.218483482739339
539.4819423227489,875.545852693587,-829.9110158630947,313.7216674301428,935.519168495941,1430.6891206565822,-171.98060752219055,152.97108949390451
0.001367376982528,0.002199197733271,-589.4587982996609,658.6679469295782,6683.464422042293,19538.117547983355,990.4428090710604,872.3262564429331
-588.086052666985,795.2146157391168,-2189.950889478098,11596.72568986772,3649.277383292496,2327.5747525149577,-1357.7020685232392,1200.6480700206196
-20.597837278780503,50.40423008908069,-1326.2440892670274,539.6120199244717,1560.912173978786,2240.1300394391656,-657.7635320177234,761.0146232898442
28.17760091223888,18.03970376346648,40.35854210804501,30.037905269653468,24.84951532870213,20.054841618763973,28.68796847701884,15.398974121233673
58.30502464040181,60.20975160106155,76.42335779876062,73.51638278596128,50.61429647740167,26.983014311821684,73.29013537301296,51.50083756173384
449.711792703278,562.3913126314036,513.5699706819198,586.9558054354777,559.0899666491085,361.6520259351306,395.4396522570323,503.7136935199612
2.2425629305089,-0.3802517492553903,-0.734900298132356,0.7030931348929063,4.169994465706138,1.5709680744241157,-0.6550937987663057,-0.5635279951982688
775.2015815315591,453.8136540794094,-128.1975150668344,-353.52810957993336,898.6245704850105,913.1697325562716,31.807618012267355,92.52052175220274
-0.0009472015123742,0.001664581283023,5053.326658136888,-2176.73604741738,6532.485314981638,14780.789407410755,-2570.0446161006475,-390.78173507241087
716.0233713154752,259.2315091423788,-1833.335827688044,-1214.143941554525,-2053.724229179649,2597.01166099124,-681.3183269788623,-1439.5257025023748
-123.94524946297382,-4.501493788974155,-514.6604845461284,-1385.6125490501404,-1641.8556944812672,2407.093751645996,878.814719835359,338.02839424115786
18.273641710217326,24.535030953146663,28.17586501225716,25.264487563509725,26.297912700413747,30.10043393035545,24.19616002710417,12.767665842461586
43.03962495746094,60.56662240609512,67.13662625422185,58.46854302075648,48.51289205198836,35.25603489249117,62.36823951197709,56.5772450707449
343.05177727398217,490.346862463948,576.1251885951659,872.1705874674512,310.92341199758846,771.3390234212752,787.0464131511026,284.457653830013
3.531580918799981,-0.2062556498840093,3.5523517816063555,1.3173638323446235,-1.2365509887258148,0.8023461487100161,1.2518421467478913,2.771905404907359
2381.2321502720874,172.22084287408654,717.3697658074003,-210.47349866384664,784.153554278847,349.9303504501378,572.4832404668828,238.121807484942
-0.000814215689556,0.0011989512166484,16944.199266076463,16352.8476508265,16871.661968031833,-4152.959903624241,2224.700434479298,-18.78499301915496
184.2177916960896,-478.1155526459177,959.436673838482,-701.7717542900608,3444.406287136042,12471.82948031298,1805.796503647089,1225.92957711927
79.03601392810239,264.5394708631072,-635.6041276992353,2025.102980445435,-299.10758225506515,438.1748589161967,-344.8791740786499,-881.5567028190775
13.227736451127674,28.99101896395057,44.59453277114217,36.6227297437395,25.8054729671421,33.74085969576577,26.64529672438207,19.163037121413048
67.61343514355458,66.53954252769691,99.77053148638892,72.84808346801441,46.6819677975425,48.3215841951854,79.69749383353381,51.562731029160894
607.3098153656025,398.5866918808164,362.64620979736446,648.6732154676325,557.5919510058592,737.6141295065046,232.71223790401405,420.15484247941725
0.2493629912000937,2.081004623450861,1.3452491676244842,-0.7307089089935583,3.1565532195280124,1.232178620691125,1.7723824417650098,2.218483482739339
539.4819423227489,875.545852693587,-829.9110158630947,313.7216674301428,935.519168495941,1430.6891206565822,-171.98060752219055,152.97108949390451
0.001367376982528,0.002199197733271,-589.4587982996609,658.6679469295782,6683.464422042293,19538.117547983355,990.4428090710604,872.3262564429331
-588.086052666985,795.2146157391168,-2189.950889478098,11596.72568986772,3649.277383292496,2327.5747525149577,-1357.7020685232392,1200.6480700206196
-20.597837278780503,50.40423008908069,-1326.2440892670274,539.6120199244717,1560.912173978786,2240.1300394391656,-657.7635320177234,761.0146232898442
28.17760091223888,18.03970376346648,40.35854210804501,30.037905269653468,24.84951532870213,20.054841618763973,28.68796847701884,15.398974121233673
58.30502464040181,60.20975160106155,76.42335779876062,73.51638278596128,50.61429647740167,26.983014311821684,73.29013537301296,51.50083756173384
449.711792703278,562.3913126314036,513.5699706819198,586.9558054354777,559.0899666491085,361.6520259351306,395.4396522570323,503.7136935199612
2.2425629305089,-0.3802517492553903,-0.734900298132356,0.7030931348929063,4.169994465706138,1.5709680744241157,-0.6550937987663057,-0.5635279951982688
775.2015815315591,453.8136540794094,-128.1975150668344,-353.52810957993336,898.6245704850105,913.1697325562716,31.807618012267355,92.52052175220274
-0.0009472015123742,0.001664581283023,5053.326658136888,-2176.73604741738,6532.485314981638,14780.789407410755,-2570.0446161006475,-390.78173507241087
716.0233713154752,259.2315091423788,-1833.335827688044,-1214.143941554525,-2053.724229179649,2597.01166099124,-681.3183269788623,-1439.5257025023748
-123.94524946297382,-4.501493788974155,-514.6604845461284,-1385.6125490501404,-1641.8556944812672,2407.093751645996,878.814719835359,338.02839424115786
18.273641710217326,24.535030953146663,28.17586501225716,25.264487563509725,26.297912700413747,30.10043393035545,24.19616002710417,12.767665842461586
43.03962495746094,60.56662240609512,67.13662625422185,58.46854302075648,48.51289205198836,35.25603489249117,62.36823951197709,56.5772450707449
343.05177727398217,490.346862463948,576.1251885951659,872.1705874674512,310.92341199758846,771.3390234212752,787.0464131511026,284.457653830013
3.531580918799981,-0.2062556498840093,3.5523517816063555,1.3173638323446235,-1.2365509887258148,0.8023461487100161,1.2518421467478913,2.771905404907359
2381.2321502720874,172.22084287408654,717.3697658074003,-210.47349866384664,784.153554278847,349.9303504501378,572.4832404668828,238.121807484942
-0.000814215689556,0.0011989512166484,16944.199266076463,16352.8476508265,16871.661968031833,-4152.959903624241,2224.700434479298,-18.78499301915496
184.2177916960896,-478.1155526459177,959.436673838482,-701.7717542900608,3444.406287136042,12471.82948031298,1805.796503647089,1225.92957711927
79.03601392810239,264.5394708631072,-635.6041276992353,2025.102980445435,-299.10758225506515,438.1748589161967,-344.8791740786499,-881.5567028190775
13.227736451127674,28.99101896395057,44.59453277114217,36.6227297437395,25.8054729671421,33.74085969576577,26.64529672438207,19.163037121413048
67.61343514355458,66.53954252769691,99.77053148638892,72.84808346801441,46.6819677975425,48.3215841951854,79.69749383353381,51.562731029160894
607.3098153656025,398.5866918808164,362.64620979736446,648.6732154676325,557.5919510058592,737.6141295065046,232.71223790401405,420.15484247941725
0.2493629912000937,2.081004623450861,1.3452491676244842,-0.7307089089935583,3.1565532195280124,1.232178620691125,1.7723824417650098,2.218483482739339
539.4819423227489,875.545852693587,-829.9110158630947,313.7216674301428,935.519168495941,1430.6891206565822,-171.98060752219055,152.97108949390451
0.001367376982528,0.002199197733271,-589.4587982996609,658.6679469295782,6683.464422042293,19538.117547983355,990.4428090710604,872.3262564429331
-588.086052666985,795.2146157391168,-2189.950889478098,11596.72568986772,3649.277383292496,2327.5747525149577,-1357.7020685232392,1200.6480700206196
-20.597837278780503,50.40423008908069,-1326.2440892670274,539.6120199244717,1560.912173978786,2240.1300394391656,-657.7635320177234,761.0146232898442
28.17760091223888,18.03970376346648,40.35854210804501,30.037905269653468,24.84951532870213,20.054841618763973,28.68796847701884,15.398974121233673
58.30502464040181,60.20975160106155,76.42335779876062,73.51638278596128,50.61429647740167,26.983014311821684,73.29013537301296,51.50083756173384
449.711792703278,562.3913126314036,513.5699706819198,586.9558054354777,559.0899666491085,361.6520259351306,395.4396522570323,503.7136935199612
2.2425629305089,-0.3802517492553903,-0.734900298132356,0.7030931348929063,4.169994465706138,1.5709680744241157,-0.6550937987663057,-0.5635279951982688
775.2015815315591,453.8136540794094,-128.1975150668344,-353.52810957993336,898.6245704850105,913.1697325562716,31.807618012267355,92.52052175220274
-0.0009472015123742,0.001664581283023,5053.326658136888,-2176.73604741738,6532.485314981638,14780.789407410755,-2570.0446161006475,-390.78173507241087
716.0233713154752,259.2315091423788,-1833.335827688044,-1214.143941554525,-2053.724229179649,2597.01166099124,-681.3183269788623,-1439.5257025023748
-123.94524946297382,-4.501493788974155,-514.6604845461284,-1385.6125490501404,-1641.8556944812672,2407.093751645996,878.814719835359,338.02839424115786
18.273641710217326,24.535030953146663,28.17586501225716,25.264487563509725,26.297912700413747,30.10043393035545,24.19616002710417,12.767665842461586
43.03962495746094,60.56662240609512,67.13662625422185,58.46854302075648,48.51289205198836,35.25603489249117,62.36823951197709,56.5772450707449
343.05177727398217,490.346862463948,576.1251885951659,872.1705874674512,310.92341199758846,771.3390234212752,787.0464131511026,284.457653830013
3.531580918799981,-0.2062556498840093,3.5523517816063555,1.3173638323446235,-1.2365509887258148,0.8023461487100161,1.2518421467478913,2.771905404907359
2381.2321502720874,172.22084287408654,717.3697658074003,-210.47349866384664,784.153554278847,349.9303504501378,572.4832404668828,238.121807484942
-0.000814215689556,0.0011989512166484,16944.199266076463,16352.8476508265,16871.661968031833,-4152.959903624241,2224.700434479298,-18.78499301915496
184.2177916960896,-478.1155526459177,959.436673838482,-701.7717542900608,3444.406287136042,12471.82948031298,1805.796503647089,1225.92957711927
79.03601392810239,264.5394708631072,-635.6041276992353,2025.102980445435,-299.10758225506515,438.1748589161967,-344.8791740786499,-881.5567028190775
13.227736451127674,28.99101896395057,44.59453277114217,36.6227297437395,25.8054729671421,33.74085969576577,26.64529672438207,19.163037121413048
67.61343514355458,66.53954252769691,99.77053148638892,72.84808346801441,46.6819677975425,48.3215841951854,79.69749383353381,51.562731029160894
607.3098153656025,398.5866918808164,362.64620979736446,648.6732154676325,557.5919510058592,737.6141295065046,232.71223790401405,420.15484247941725
0.2493629912000937,2.081004623450861,1.3452491676244842,-0.7307089089935583,3.1565532195280124,1.232178620691125,1.7723824417650098,2.218483482739339
539.4819423227489,875.545852693587,-829.9110158630947,313.7216674301428,935.519168495941,1430.6891206565822,-171.98060752219055,152.97108949390451
0.001367376982528,0.002199197733271,-589.4587982996609,658.6679469295782,6683.464422042293,19538.117547983355,990.4428090710604,872.3262564429331
-588.086052666985,795.2146157391168,-2189.950889478098,11596.72568986772,3649.277383292496,2327.5747525149577,-1357.7020685232392,1200.6480700206196
-20.597837278780503,50.40423008908069,-1326.2440892670274,539.6120199244717,1560.912173978786,2240.1300394391656,-657.7635320177234,761.0146232898442
28.17760091223888,18.03970376346648,40.35854210804501,30.037905269653468,24.84951532870213,20.054841618763973,28.68796847701884,15.398974121233673
58.30502464040181,60.20975160106155,76.42335779876062,73.51638278596128,50.61429647740167,26.983014311821684,73.29013537301296,51.50083756173384
449.711792703278,562.3913126314036,513.5699706819198,586.9558054354777,559.0899666491085,361.6520259351306,395.4396522570323,503.7136935199612
2.2425629305089,-0.3802517492553903,-0.734900298132356,0.7030931348929063,4.169994465706138,1.5709680744241157,-0.6550937987663057,-0.5635279951982688
775.2015815315591,453.8136540794094,-128.1975150668344,-353.52810957993336,898.6245704850105,913.1697325562716,31.807618012267355,92.52052175220274
-0.0009472015123742,0.001664581283023,5053.326658136888,-2176.73604741738,6532.485314981638,14780.789407410755,-2570.0446161006475,-390.78173507241087
716.0233713154752,259.2315091423788,-1833.335827688044,-1214.143941554525,-2053.724229179649,2597.01166099124,-681.3183269788623,-1439.5257025023748
-123.94524946297382,-4.501493788974155,-514.6604845461284,-1385.6125490501404,-1641.8556944812672,2407.093751645996,878.814719835359,338.02839424115786
18.273641710217326,24.535030953146663,28.17586501225716,25.264487563509725,26.297912700413747,30.10043393035545,24.19616002710417,12.767665842461586
43.03962495746094,60.56662240609512,67.13662625422185,58.46854302075648,48.51289205198836,35.25603489249117,62.36823951197709,56.5772450707449
343.05177727398217,490.346862463948,576.1251885951659,872.1705874674512,310.92341199758846,771.3390234212752,787.0464131511026,284.457653830013
3.531580918799981,-0.2062556498840093,3.5523517816063555,1.3173638323446235,-1.2365509887258148,0.8023461487100161,1.2518421467478913,2.771905404907359
2381.2321502720874,172.22084287408654,717.3697658074003,-210.47349866384664,784.153554278847,349.9303504501378,572.4832404668828,238.121807484942
-0.000814215689556,0.0011989512166484,16944.199266076463,16352.8476508265,16871.661968031833,-4152.959903624241,2224.700434479298,-18.78499301915496
184.2177916960896,-478.1155526459177,959.436673838482,-701.7717542900608,3444.406287136042,12471.82948031298,1805.796503647089,1225.92957711927
79.03601392810239,264.5394708631072,-635.6041276992353,2025.102980445435,-299.10758225506515,438.1748589161967,-344.8791740786499,-881.5567028190775
13.227736451127674,28.99101896395057,44.59453277114217,36.6227297437395,25.8054729671421,33.74085969576577,26.64529672438207,19.163037121413048
67.61343514355458,66.53954252769691,99.77053148638892,72.84808346801441,46.6819677975425,48.3215841951854,79.69749383353381,51.562731029160894
607.3098153656025,398.5866918808164,362.64620979736446,648.6732154676325,557.5919510058592,737.6141295065046,232.71223790401405,420.15484247941725
0.2493629912000937,2.081004623450861,1.3452491676244842,-0.7307089089935583,3.1565532195280124,1.232178620691125,1.7723824417650098,2.218483482739339
539.4819423227489,875.545852693587,-829.9110158630947,313.7216674301428,935.519168495941,1430.6891206565822,-171.98060752219055,152.97108949390451
0.001367376982528,0.002199197733271,-589.4587982996609,658.6679469295782,6683.464422042293,19538.117547983355,990.4428090710604,872.3262564429331
-588.086052666985,795.2146157391168,-2189.950889478098,11596.72568986772,3649.277383292496,2327.5747525149577,-1357.7020685232392,1200.6480700206196
-20.597837278780503,50.40423008908069,-1326.2440892670274,539.6120199244717,1560.912173978786,2240.1300394391656,-657.7635320177234,761.0146232898442
28.17760091223888,18.03970376346648,40.35854210804501,30.037905269653468,24.84951532870213,20.054841618763973,28.68796847701884,15.398974121233673
58.30502464040181,60.20975160106155,76.42335779876062,73.51638278596128,50.61429647740167,26.983014311821684,73.29013537301296,51.50083756173384
449.711792703278,562.3913126314036,513.5699706819198,586.9558054354777,559.0899666491085,361.6520259351306,395.4396522570323,503.7136935199612
2.2425629305089,-0.3802517492553903,-0.734900298132356,0.7030931348929063,4.169994465706138,1.5709680744241157,-0.6550937987663057,-0.5635279951982688
775.2015815315591,453.8136540794094,-128.1975150668344,-353.52810957993336,898.6245704850105,913.1697325562716,31.807618012267355,92.52052175220274
-0.0009472015123742,0.001664581283023,5053.326658136888,-2176.73604741738,6532.485314981638,14780.789407410755,-2570.0446161006475,-390.78173507241087
716.0233713154752,259.2315091423788,-1833.335827688044,-1214.143941554525,-2053.724229179649,2597.01166099124,-681.3183269788623,-1439.5257025023748
-123.94524946297382,-4.501493788974155,-514.6604845461284,-1385.6125490501404,-1641.8556944812672,2407.093751645996,878.814719835359,338.02839424115786
18.273641710217326,24.535030953146663,28.17586501225716,25.264487563509725,26.297912700413747,30.10043393035545,24.19616002710417,12.767665842461586
43.03962495746094,60.56662240609512,67.13662625422185,58.46854302075648,48.51289205198836,35.25603489249117,62.36823951197709,56.5772450707449
343.05177727398217,490.346862463948,576.1251885951659,872.1705874674512,310.92341199758846,771.3390234212752,787.0464131511026,284.457653830013
3.531580918799981,-0.2062556498840093,3.5523517816063555,1.3173638323446235,-1.2365509887258148,0.8023461487100161,1.2518421467478913,2.771905404907359
2381.2321502720874,172.22084287408654,717.3697658074003,-210.47349866384664,784.153554278847,349.9303504501378,572.4832404668828,238.121807484942
-0.000814215689556,0.0011989512166484,16944.199266076463,16352.8476508265,16871.661968031833,-4152.959903624241,2224.700434479298,-18.78499301915496
184.2177916960896,-478.1155526459177,959.436673838482,-701.7717542900608,3444.406287136042,12471.82948031298,1805.796503647089,1225.92957711927
79.03601392810239,264.5394708631072,-635.6041276992353,2025.102980445435,-299.10758225506515,438.1748589161967,-344.8791740786499,-881.5567028190775
13.227736451127674,28.99101896395057,44.59453277114217,36.6227297437395,25.8054729671421,33.74085969576577,26.64529672438207,19.163037121413048
67.61343514355458,66.53954252769691,99.77053148638892,72.84808346801441,46.6819677975425,48.3215841951854,79.69749383353381,51.562731029160894
607.3098153656025,398.5866918808164,362.64620979736446,648.6732154676325,557.5919510058592,737.6141295065046,232.71223790401405,420.15484247941725
0.2493629912000937,2.081004623450861,1.3452491676244842,-0.7307089089935583,3.1565532195280124,1.232178620691125,1.7723824417650098,2.218483482739339
539.4819423227489,875.545852693587,-829.9110158630947,313.7216674301428,935.519168495941,1430.6891206565822,-171.98060752219055,152.97108949390451
0.001367376982528,0.002199197733271,-589.4587982996609,658.6679469295782,6683.464422042293,19538.117547983355,990.4428090710604,872.3262564429331
-588.086052666985,795.2146157391168,-2189.950889478098,11596.72568986772,3649.277383292496,2327.5747525149577,-1357.7020685232392,1200.6480700206196
-20.597837278780503,50.40423008908069,-1326.2440892670274,539.6120199244717,1560.912173978786,2240.1300394391656,-657.7635320177234,761.0146232898442
28.17760091223888,18.03970376346648,40.35854210804501,30.037905269653468,24.84951532870213,20.054841618763973,28.68796847701884,15.398974121233673
58.30502464040181,60.20975160106155,76.42335779876062,73.51638278596128,50.61429647740167,26.983014311821684,73.29013537301296,51.50083756173384
449.711792703278,562.3913126314036,513.5699706819198,586.9558054354777,559.0899666491085,361.6520259351306,395.4396522570323,503.7136935199612
2.2425629305089,-0.3802517492553903,-0.734900298132356,0.7030931348929063,4.169994465706138,1.5709680744241157,-0.6550937987663057,-0.5635279951982688
775.2015815315591,453.8136540794094,-128.1975150668344,-353.52810957993336,898.6245704850105,913.1697325562716,31.807618012267355,92.52052175220274
-0.0009472015123742,0.001664581283023,5053.326658136888,-2176.73604741738,6532.485314981638,14780.789407410755,-2570.0446161006475,-390.78173507241087
716.0233713154752,259.2315091423788,-1833.335827688044,-1214.143941554525,-2053.724229179649,2597.01166099124,-681.3183269788623,-1439.5257025023748
-123.94524946297382,-4.501493788974155,-514.6604845461284,-1385.6125490501404,-1641.8556944812672,2407.093751645996,878.814719835359,338.02839424115786
18.273641710217326,24.535030953146663,28.17586501225716,25.264487563509725,26.297912700413747,30.10043393035545,24.19616002710417,12.767665842461586
43.03962495746094,60.56662240609512,67.13662625422185,58.46854302075648,48.51289205198836,35.25603489249117,62.36823951197709,56.5772450707449
343.05177727398217,490.346862463948,576.1251885951659,872.1705874674512,310.92341199758846,771.3390234212752,787.0464131511026,284.457653830013
3.531580918799981,-0.2062556498840093,3.5523517816063555,1.3173638323446235,-1.2365509887258148,0.8023461487100161,1.2518421467478913,2.771905404907359
2381.2321502720874,172.22084287408654,717.3697658074003,-210.47349866384664,784.153554278847,349.9303504501378,572.4832404668828,238.121807484942
-0.000814215689556,0.0011989512166484,16944.199266076463,16352.8476508265,16871.661968031833,-4152.959903624241,2224.700434479298,-18.78499301915496
184.2177916960896,-478.1155526459177,959.436673838482,-701.7717542900608,3444.406287136042,12471.82948031298,1805.796503647089,1225.92957711927
79.03601392810239,264.5394708631072,-635.6041276992353,2025.102980445435,-299.10758225506515,438.1748589161967,-344.8791740786499,-881.5567028190775
13.227736451127674,28.99101896395057,44.59453277114217,36.6227297437395,25.8054729671421,33.74085969576577,26.64529672438207,19.163037121413048
67.61343514355458,66.53954252769691,99.77053148638892,72.84808346801441,46.6819677975425,48.3215841951854,79.69749383353381,51.562731029160894
607.3098153656025,398.5866918808164,362.64620979736446,648.6732154676325,557.5919510058592,737.6141295065046,232.71223790401405,420.15484247941725
0.2493629912000937,2.081004623450861,1.3452491676244842,-0.7307089089935583,3.1565532195280124,1.232178620691125,1.7723824417650098,2.218483482739339
539.4819423227489,875.545852693587,-829.9110158630947,313.7216674301428,935.519168495941,1430.6891206565822,-171.98060752219055,152.97108949390451
0.001367376982528,0.002199197733271,-589.4587982996609,658.6679469295782,6683.464422042293,19538.117547983355,990.4428090710604,872.3262564429331
-588.086052666985,795.2146157391168,-2189.950889478098,11596.72568986772,3649.277383292496,2327.5747525149577,-1357.7020685232392,1200.6480700206196
-20.597837278780503,50.40423008908069,-1326.2440892670274,539.6120199244717,1560.912173978786,2240.1300394391656,-657.7635320177234,761.0146232898442
28.17760091223888,18.03970376346648,40.35854210804501,30.037905269653468,24.84951532870213,20.054841618763973,28.68796847701884,15.398974121233673
58.30502464040181,60.20975160106155,76.42335779876062,73.51638278596128,50.61429647740167,26.983014311821684,73.29013537301296,51.50083756173384
449.711792703278,562.3913126314036,513.5699706819198,586.9558054354777,559.0899666491085,361.6520259351306,395.4396522570323,503.7136935199612
2.2425629305089,-0.3802517492553903,-0.734900298132356,0.7030931348929063,4.169994465706138,1.5709680744241157,-0.6550937987663057,-0.5635279951982688
775.2015815315591,453.8136540794094,-128.1975150668344,-353.52810957993336,898.6245704850105,913.1697325562716,31.807618012267355,92.52052175220274
-0.0009472015123742,0.001664581283023,5053.326658136888,-2176.73604741738,6532.485314981638,14780.789407410755,-2570.0446161006475,-390.78173507241087
716.0233713154752,259.2315091423788,-1833.335827688044,-1214.143941554525,-2053.724229179649,2597.01166099124,-681.3183269788623,-1439.5257025023748
-123.94524946297382,-4.501493788974155,-514.6604845461284,-1385.6125490501404,-1641.8556944812672,2407.093751645996,878.814719835359,338.02839424115786
18.273641710217326,24.535030953146663,28.17586501225716,25.264487563509725,26.297912700413747,30.10043393035545,24.19616002710417,12.767665842461586
43.03962495746094,60.56662240609512,67.13662625422185,58.46854302075648,48.51289205198836,35.25603489249117,62.36823951197709,56.5772450707449
343.05177727398217,490.346862463948,576.1251885951659,872.1705874674512,310.92341199758846,771.3390234212752,787.0464131511026,284.457653830013
3.531580918799981,-0.2062556498840093,3.5523517816063555,1.3173638323446235,-1.2365509887258148,0.8023461487100161,1.2518421467478913,2.771905404907359
2381.2321502720874,172.22084287408654,717.3697658074003,-210.47349866384664,784.153554278847,349.9303504501378,572.4832404668828,238.121807484942
-0.000814215689556,0.0011989512166484,16944.199266076463,16352.8476508265,16871.661968031833,-4152.959903624241,2224.700434479298,-18.78499301915496
184.2177916960896,-478.1155526459177,959.436673838482,-701.7717542900608,3444.406287136042,12471.82948031298,1805.796503647089,1225.92957711927
79.03601392810239,264.5394708631072,-635.6041276992353,2025.102980445435,-299.10758225506515,438.1748589161967,-344.8791740786499,-881.5567028190775
13.227736451127674,28.99101896395057,44.59453277114217,36.6227297437395,25.8054729671421,33.74085969576577,26.64529672438207,19.163037121413048
67.61343514355458,66.53954252769691,99.77053148638892,72.84808346801441,46.6819677975425,48.3215841951854,79.69749383353381,51.562731029160894
607.3098153656025,398.5866918808164,362.64620979736446,648.6732154676325,557.5919510058592,737.6141295065046,232.71223790401405,420.15484247941725
0.2493629912000937,2.081004623450861,1.3452491676244842,-0.7307089089935583,3.1565532195280124,1.232178620691125,1.7723824417650098,2.218483482739339
539.4819423227489,875.545852693587,-829.9110158630947,313.7216674301428,935.519168495941,1430.6891206565822,-171.98060752219055,152.97108949390451
0.001367376982528,0.002199197733271,-589.4587982996609,658.6679469295782,6683.464422042293,19538.117547983355,990.4428090710604,872.3262564429331
-588.086052666985,795.2146157391168,-2189.950889478098,11596.72568986772,3649.277383292496,2327.5747525149577,-1357.7020685232392,1200.6480700206196
-20.597837278780503,50.40423008908069,-1326.2440892670274,539.6120199244717,1560.912173978786,2240.1300394391656,-657.7635320177234,761.0146232898442
28.17760091223888,18.03970376346648,40.35854210804501,30.037905269653468,24.84951532870213,20.054841618763973,28.68796847701884,15.398974121233673
58.30502464040181,60.20975160106155,76.42335779876062,73.51638278596128,50.61429647740167,26.983014311821684,73.29013537301296,51.50083756173384
449.711792703278,562.3913126314036,513.5699706819198,586.9558054354777,559.0899666491085,361.6520259351306,395.4396522570323,503.7136935199612
2.2425629305089,-0.3802517492553903,-0.734900298132356,0.7030931348929063,4.169994465706138,1.5709680744241157,-0.6550937987663057,-0.5635279951982688
775.2015815315591,453.8136540794094,-128.1975150668344,-353.52810957993336,898.6245704850105,913.1697325562716,31.807618012267355,92.52052175220274
-0.0009472015123742,0.001664581283023,5053.326658136888,-2176.73604741738,6532.485314981638,14780.789407410755,-2570.0446161006475,-390.78173507241087
716.0233713154752,259.2315091423788,-1833.335827688044,-1214.143941554525,-2053.724229179649,2597.01166099124,-681.3183269788623,-1439.5257025023748
-123.94524946297382,-4.501493788974155,-514.6604845461284,-1385.6125490501404,-1641.8556944812672,2407.093751645996,878.814719835359,338.02839424115786
18.273641710217326,24.535030953146663,28.17586501225716,25.264487563509725,26.297912700413747,30.10043393035545,24.19616002710417,12.767665842461586
43.03962495746094,60.56662240609512,67.13662625422185,58.46854302075648,48.51289205198836,35.25603489249117,62.36823951197709,56.5772450707449
343.05177727398217,490.346862463948,576.1251885951659,872.1705874674512,310.92341199758846,771.3390234212752,787.0464131511026,284.457653830013
3.531580918799981,-0.2062556498840093,3.5523517816063555,1.3173638323446235,-1.2365509887258148,0.8023461487100161,1.2518421467478913,2.771905404907359
2381.2321502720874,172.22084287408654,717.3697658074003,-210.47349866384664,784.153554278847,349.9303504501378,572.4832404668828,238.121807484942
-0.000814215689556,0.0011989512166484,16944.199266076463,16352.8476508265,16871.661968031833,-4152.959903624241,2224.700434479298,-18.78499301915496
184.2177916960896,-478.1155526459177,959.436673838482,-701.7717542900608,3444.406287136042,12471.82948031298,1805.796503647089,1225.92957711927
79.03601392810239,264.5394708631072,-635.6041276992353,2025.102980445435,-299.10758225506515,438.1748589161967,-344.8791740786499,-881.5567028190775
13.227736451127674,28.99101896395057,44.59453277114217,36.6227297437395,25.8054729671421,33.74085969576577,26.64529672438207,19.163037121413048
67.61343514355458,66.53954252769691,99.77053148638892,72.84808346801441,46.6819677975425,48.3215841951854,79.69749383353381,51.562731029160894
607.3098153656025,398.5866918808164,362.64620979736446,648.6732154676325,557.5919510058592,737.6141295065046,232.71223790401405,420.15484247941725
0.2493629912000937,2.081004623450861,1.3452491676244842,-0.7307089089935583,3.1565532195280124,1.232178620691125,1.7723824417650098,2.218483482739339
539.4819423227489,875.545852693587,-829.9110158630947,313.7216674301428,935.519168495941,1430.6891206565822,-171.98060752219055,152.97108949390451
0.001367376982528,0.002199197733271,-589.4587982996609,658.6679469295782,6683.464422042293,19538.117547983355,990.4428090710604,872.3262564429331
-588.086052666985,795.2146157391168,-2189.950889478098,11596.72568986772,3649.277383292496,2327.5747525149577,-1357.7020685232392,1200.6480700206196
-20.597837278780503,50.40423008908069,-1326.2440892670274,539.6120199244717,1560.912173978786,2240.1300394391656,-657.7635320177234,761.0146232898442
28.17760091223888,18.03970376346648,40.35854210804501,30.037905269653468,24.84951532870213,20.054841618763973,28.68796847701884,15.398974121233673
58.30502464040181,60.20975160106155,76.42335779876062,73.51638278596128,50.61429647740167,26.983014311821684,73.29013537301296,51.50083756173384
449.711792703278,562.3913126314036,513.5699706819198,586.9558054354777,559.0899666491085,361.6520259351306,395.4396522570323,503.7136935199612
2.2425629305089,-0.3802517492553903,-0.734900298132356,0.7030931348929063,4.169994465706138,1.5709680744241157,-0.6550937987663057,-0.5635279951982688
775.2015815315591,453.8136540794094,-128.1975150668344,-353.52810957993336,898.6245704850105,913.1697325562716,31.807618012267355,92.52052175220274
-0.0009472015123742,0.001664581283023,5053.326658136888,-2176.73604741738,6532.485314981638,14780.789407410755,-2570.0446161006475,-390.78173507241087
716.0233713154752,259.2315091423788,-1833.335827688044,-1214.143941554525,-2053.724229179649,2597.01166099124,-681.3183269788623,-1439.5257025023748
-123.94524946297382,-4.501493788974155,-514.6604845461284,-1385.6125490501404,-1641.8556944812672,2407.093751645996,878.814719835359,338.02839424115786
18.273641710217326,24.535030953146663,28.17586501225716,25.264487563509725,26.297912700413747,30.10043393035545,24.19616002710417,12.767665842461586
43.03962495746094,60.56662240609512,67.13662625422185,58.46854302075648,48.51289205198836,35.25603489249117,62.36823951197709,56.5772450707449
343.05177727398217,490.346862463948,576.1251885951659,872.1705874674512,310.92341199758846,771.3390234212752,787.0464131511026,284.457653830013
3.531580918799981,-0.2062556498840093,3.5523517816063555,1.3173638323446235,-1.2365509887258148,0.8023461487100161,1.2518421467478913,2.771905404907359
2381.2321502720874,172.22084287408654,717.3697658074003,-210.47349866384664,784.153554278847,349.9303504501378,572.4832404668828,238.121807484942
-0.000814215689556,0.0011989512166484,16944.199266076463,16352.8476508265,16871.661968031833,-4152.959903624241,2224.700434479298,-18.78499301915496
184.2177916960896,-478.1155526459177,959.436673838482,-701.7717542900608,3444.406287136042,12471.82948031298,1805.796503647089,1225.92957711927
79.03601392810239,264.5394708631072,-635.6041276992353,2025.102980445435,-299.10758225506515,438.1748589161967,-344.8791740786499,-881.5567028190775
13.227736451127674,28.99101896395057,44.59453277114217,36.6227297437395,25.8054729671421,33.74085969576577,26.64529672438207,19.163037121413048
67.61343514355458,66.53954252769691,99.77053148638892,72.84808346801441,46.6819677975425,48.3215841951854,79.69749383353381,51.562731029160894
607.3098153656025,398.5866918808164,362.64620979736446,648.6732154676325,557.5919510058592,737.6141295065046,232.71223790401405,420.15484247941725
0.2493629912000937,2.081004623450861,1.3452491676244842,-0.7307089089935583,3.1565532195280124,1.232178620691125,1.7723824417650098,2.218483482739339
539.4819423227489,875.545852693587,-829.9110158630947,313.7216674301428,935.519168495941,1430.6891206565822,-171.98060752219055,152.97108949390451
0.001367376982528,0.002199197733271,-589.4587982996609,658.6679469295782,6683.464422042293,19538.117547983355,990.4428090710604,872.3262564429331
-588.086052666985,795.2146157391168,-2189.950889478098,11596.72568986772,3649.277383292496,2327.5747525149577,-1357.7020685232392,1200.6480700206196
-20.597837278780503,50.40423008908069,-1326.2440892670274,539.6120199244717,1560.912173978786,2240.1300394391656,-657.7635320177234,761.0146232898442
28.17760091223888,18.03970376346648,40.35854210804501,30.037905269653468,24.84951532870213,20.054841618763973,28.68796847701884,15.398974121233673
58.30502464040181,60.20975160106155,76.42335779876062,73.51638278596128,50.61429647740167,26.983014311821684,73.29013537301296,51.50083756173384
449.711792703278,562.3913126314036,513.5699706819198,586.9558054354777,559.0899666491085,361.6520259351306,395.4396522570323,503.7136935199612
2.2425629305089,-0.3802517492553903,-0.734900298132356,0.7030931348929063,4.169994465706138,1.5709680744241157,-0.6550937987663057,-0.5635279951982688
775.2015815315591,453.8136540794094,-128.1975150668344,-353.52810957993336,898.6245704850105,913.1697325562716,31.807618012267355,92.52052175220274
-0.0009472015123742,0.001664581283023,5053.326658136888,-2176.73604741738,6532.485314981638,14780.789407410755,-2570.0446161006475,-390.78173507241087
716.0233713154752,259.2315091423788,-1833.335827688044,-1214.143941554525,-2053.724229179649,2597.01166099124,-681.3183269788623,-1439.5257025023748
-123.94524946297382,-4.501493788974155,-514.6604845461284,-1385.6125490501404,-1641.8556944812672,2407.093751645996,878.814719835359,338.02839424115786
18.273641710217326,24.535030953146663,28.17586501225716,25.264487563509725,26.297912700413747,30.10043393035545,24.19616002710417,12.767665842461586
43.03962495746094,60.56662240609512,67.13662625422185,58.46854302075648,48.51289205198836,35.25603489249117,62.36823951197709,56.5772450707449
343.05177727398217,490.346862463948,576.1251885951659,872.1705874674512,310.92341199758846,771.3390234212752,787.0464131511026,284.457653830013
3.531580918799981,-0.2062556498840093,3.5523517816063555,1.3173638323446235,-1.2365509887258148,0.8023461487100161,1.2518421467478913,2.771905404907359
2381.2321502720874,172.22084287408654,717.3697658074003,-210.47349866384664,784.153554278847,349.9303504501378,572.4832404668828,238.121807484942
-0.000814215689556,0.0011989512166484,16944.199266076463,16352.8476508265,16871.661968031833,-4152.959903624241,2224.700434479298,-18.78499301915496
184.2177916960896,-478.1155526459177,959.436673838482,-701.7717542900608,3444.406287136042,12471.82948031298,1805.796503647089,1225.92957711927
79.03601392810239,264.5394708631072,-635.6041276992353,2025.102980445435,-299.10758225506515,438.1748589161967,-344.8791740786499,-881.5567028190775
13.227736451127674,28.99101896395057,44.59453277114217,36.6227297437395,25.8054729671421,33.74085969576577,26.64529672438207,19.163037121413048
67.61343514355458,66.53954252769691,99.77053148638892,72.84808346801441,46.6819677975425,48.3215841951854,79.69749383353381,51.562731029160894
607.3098153656025,398.5866918808164,362.64620979736446,648.6732154676325,557.5919510058592,737.6141295065046,232.71223790401405,420.15484247941725
0.2493629912000937,2.081004623450861,1.3452491676244842,-0.7307089089935583,3.1565532195280124,1.232178620691125,1.7723824417650098,2.218483482739339
539.4819423227489,875.545852693587,-829.9110158630947,313.7216674301428,935.519168495941,1430.6891206565822,-171.98060752219055,152.97108949390451
0.001367376982528,0.002199197733271,-589.4587982996609,658.6679469295782,6683.464422042293,19538.117547983355,990.4428090710604,872.3262564429331
-588.086052666985,795.2146157391168,-2189.950889478098,11596.72568986772,3649.277383292496,2327.5747525149577,-1357.7020685232392,1200.6480700206196
-20.597837278780503,50.40423008908069,-1326.2440892670274,539.6120199244717,1560.912173978786,2240.1300394391656,-657.7635320177234,761.0146232898442
28.17760091223888,18.03970376346648,40.35854210804501,30.037905269653468,24.84951532870213,20.054841618763973,28.68796847701884,15.398974121233673
58.30502464040181,60.20975160106155,76.42335779876062,73.51638278596128,50.61429647740167,26.983014311821684,73.29013537301296,51.50083756173384
449.711792703278,562.3913126314036,513.5699706819198,586.9558054354777,559.0899666491085,361.6520259351306,395.4396522570323,503.7136935199612
2.2425629305089,-0.3802517492553903,-0.734900298132356,0.7030931348929063,4.169994465706138,1.5709680744241157,-0.6550937987663057,-0.5635279951982688
775.2015815315591,453.8136540794094,-128.1975150668344,-353.52810957993336,898.6245704850105,913.1697325562716,31.807618012267355,92.52052175220274
-0.0009472015123742,0.001664581283023,5053.326658136888,-2176.73604741738,6532.485314981638,14780.789407410755,-2570.0446161006475,-390.78173507241087
716.0233713154752,259.2315091423788,-1833.335827688044,-1214.143941554525,-2053.724229179649,2597.01166099124,-681.3183269788623,-1439.5257025023748
-123.94524946297382,-4.501493788974155,-514.6604845461284,-1385.6125490501404,-1641.8556944812672,2407.093751645996,878.814719835359,338.02839424115786
18.273641710217326,24.535030953146663,28.17586501225716,25.264487563509725,26.297912700413747,30.10043393035545,24.19616002710417,12.767665842461586
43.03962495746094,60.56662240609512,67.13662625422185,58.46854302075648,48.51289205198836,35.25603489249117,62.36823951197709,56.5772450707449
343.05177727398217,490.346862463948,576.1251885951659,872.1705874674512,310.92341199758846,771.3390234212752,787.0464131511026,284.457653830013
3.531580918799981,-0.2062556498840093,3.5523517816063555,1.3173638323446235,-1.2365509887258148,0.8023461487100161,1.2518421467478913,2.771905404907359
2381.2321502720874,172.22084287408654,717.3697658074003,-210.47349866384664,784.153554278847,349.9303504501378,572.4832404668828,238.121807484942
-0.000814215689556,0.0011989512166484,16944.199266076463,16352.8476508265,16871.661968031833,-4152.959903624241,2224.700434479298,-18.78499301915496
184.2177916960896,-478.1155526459177,959.436673838482,-701.7717542900608,3444.406287136042,12471.82948031298,1805.796503647089,1225.92957711927
79.03601392810239,264.5394708631072,-635.6041276992353,2025.102980445435,-299.10758225506515,438.1748589161967,-344.8791740786499,-881.5567028190775
13.227736451127674,28.99101896395057,44.59453277114217,36.6227297437395,25.8054729671421,33.74085969576577,26.64529672438207,19.163037121413048
67.61343514355458,66.53954252769691,99.77053148638892,72.84808346801441,46.6819677975425,48.3215841951854,79.69749383353381,51.562731029160894
607.3098153656025,398.5866918808164,362.64620979736446,648.6732154676325,557.5919510058592,737.6141295065046,232.71223790401405,420.15484247941725
0.2493629912000937,2.081004623450861,1.3452491676244842,-0.7307089089935583,3.1565532195280124,1.232178620691125,1.7723824417650098,2.218483482739339
539.4819423227489,875.545852693587,-829.9110158630947,313.7216674301428,935.519168495941,1430.6891206565822,-171.98060752219055,152.97108949390451
0.001367376982528,0.002199197733271,-589.4587982996609,658.6679469295782,6683.464422042293,19538.117547983355,990.4428090710604,872.3262564429331
-588.086052666985,795.2146157391168,-2189.950889478098,11596.72568986772,3649.277383292496,2327.5747525149577,-1357.7020685232392,1200.6480700206196
-20.597837278780503,50.40423008908069,-1326.2440892670274,539.6120199244717,1560.912173978786,2240.1300394391656,-657.7635320177234,761.0146232898442
28.17760091223888,18.03970376346648,40.35854210804501,30.037905269653468,24.84951532870213,20.054841618763973,28.68796847701884,15.398974121233673
58.30502464040181,60.20975160106155,76.42335779876062,73.51638278596128,50.61429647740167,26.983014311821684,73.29013537301296,51.50083756173384
449.711792703278,562.3913126314036,513.5699706819198,586.9558054354777,559.0899666491085,361.6520259351306,395.4396522570323,503.7136935199612
2.2425629305089,-0.3802517492553903,-0.734900298132356,0.7030931348929063,4.169994465706138,1.5709680744241157,-0.6550937987663057,-0.5635279951982688
775.2015815315591,453.8136540794094,-128.1975150668344,-353.52810957993336,898.6245704850105,913.1697325562716,31.807618012267355,92.52052175220274
-0.0009472015123742,0.001664581283023,5053.326658136888,-2176.73604741738,6532.485314981638,14780.789407410755,-2570.0446161006475,-390.78173507241087
716.0233713154752,259.2315091423788,-1833.335827688044,-1214.143941554525,-2053.724229179649,2597.01166099124,-681.3183269788623,-1439.5257025023748
-123.94524946297382,-4.501493788974155,-514.6604845461284,-1385.6125490501404,-1641.8556944812672,2407.093751645996,878.814719835359,338.02839424115786
18.273641710217326,24.535030953146663,28.17586501225716,25.264487563509725,26.297912700413747,30.10043393035545,24.19616002710417,12.767665842461586
43.03962495746094,60.56662240609512,67.13662625422185,58.46854302075648,48.51289205198836,35.25603489249117,62.36823951197709,56.5772450707449
343.05177727398217,490.346862463948,576.1251885951659,872.1705874674512,310.92341199758846,771.3390234212752,787.0464131511026,284.457653830013
3.531580918799981,-0.2062556498840093,3.5523517816063555,1.3173638323446235,-1.2365509887258148,0.8023461487100161,1.2518421467478913,2.771905404907359
2381.2321502720874,172.22084287408654,717.3697658074003,-210.47349866384664,784.153554278847,349.9303504501378,572.4832404668828,238.121807484942
-0.000814215689556,0.0011989512166484,16944.199266076463,16352.8476508265,16871.661968031833,-4152.959903624241,2224.700434479298,-18.78499301915496
184.2177916960896,-478.1155526459177,959.436673838482,-701.7717542900608,3444.406287136042,12471.82948031298,1805.796503647089,1225.92957711927
79.03601392810239,264.5394708631072,-635.6041276992353,2025.102980445435,-299.10758225506515,438.1748589161967,-344.8791740786499,-881.5567028190775
13.227736451127674,28.99101896395057,44.59453277114217,36.6227297437395,25.8054729671421,33.74085969576577,26.64529672438207,19.163037121413048
67.61343514355458,66.53954252769691,99.77053148638892,72.84808346801441,46.6819677975425,48.3215841951854,79.69749383353381,51.562731029160894
607.3098153656025,398.5866918808164,362.64620979736446,648.6732154676325,557.5919510058592,737.6141295065046,232.71223790401405,420.15484247941725
0.2493629912000937,2.081004623450861,1.3452491676244842,-0.7307089089935583,3.1565532195280124,1.232178620691125,1.7723824417650098,2.218483482739339
539.4819423227489,875.545852693587,-829.9110158630947,313.7216674301428,935.519168495941,1430.6891206565822,-171.98060752219055,152.97108949390451
0.001367376982528,0.002199197733271,-589.4587982996609,658.6679469295782,6683.464422042293,19538.117547983355,990.4428090710604,872.3262564429331
-588.086052666985,795.2146157391168,-2189.950889478098,11596.72568986772,3649.277383292496,2327.5747525149577,-1357.7020685232392,1200.6480700206196
-20.597837278780503,50.40423008908069,-1326.2440892670274,539.6120199244717,1560.912173978786,2240.1300394391656,-657.7635320177234,761.0146232898442
28.17760091223888,18.03970376346648,40.35854210804501,30.037905269653468,24.84951532870213,20.054841618763973,28.68796847701884,15.398974121233673
58.30502464040181,60.20975160106155,76.42335779876062,73.51638278596128,50.61429647740167,26.983014311821684,73.29013537301296,51.50083756173384
449.711792703278,562.3913126314036,513.5699706819198,586.9558054354777,559.0899666491085,361.6520259351306,395.4396522570323,503.7136935199612
2.2425629305089,-0.3802517492553903,-0.734900298132356,0.7030931348929063,4.169994465706138,1.5709680744241157,-0.6550937987663057,-0.5635279951982688
775.2015815315591,453.8136540794094,-128.1975150668344,-353.52810957993336,898.6245704850105,913.1697325562716,31.807618012267355,92.52052175220274
-0.0009472015123742,0.001664581283023,5053.326658136888,-2176.73604741738,6532.485314981638,14780.789407410755,-2570.0446161006475,-390.78173507241087
716.0233713154752,259.2315091423788,-1833.335827688044,-1214.143941554525,-2053.724229179649,2597.01166099124,-681.3183269788623,-1439.5257025023748
-123.94524946297382,-4.501493788974155,-514.6604845461284,-1385.6125490501404,-1641.8556944812672,2407.093751645996,878.814719835359,338.02839424115786
18.273641710217326,24.535030953146663,28.17586501225716,25.264487563509725,26.297912700413747,30.10043393035545,24.19616002710417,12.767665842461586
43.03962495746094,60.56662240609512,67.13662625422185,58.46854302075648,48.51289205198836,35.25603489249117,62.36823951197709,56.5772450707449
343.05177727398217,490.346862463948,576.1251885951659,872.1705874674512,310.92341199758846,771.3390234212752,787.0464131511026,284.457653830013
3.531580918799981,-0.2062556498840093,3.5523517816063555,1.3173638323446235,-1.2365509887258148,0.8023461487100161,1.2518421467478913,2.771905404907359
2381.2321502720874,172.22084287408654,717.3697658074003,-210.47349866384664,784.153554278847,349.9303504501378,572.4832404668828,238.121807484942
-0.000814215689556,0.0011989512166484,16944.199266076463,16352.8476508265,16871.661968031833,-4152.959903624241,2224.700434479298,-18.78499301915496
184.2177916960896,-478.1155526459177,959.436673838482,-701.7717542900608,3444.406287136042,12471.82948031298,1805.796503647089,1225.92957711927
79.03601392810239,264.5394708631072,-635.6041276992353,2025.102980445435,-299.10758225506515,438.1748589161967,-344.8791740786499,-881.5567028190775
13.227736451127674,28.99101896395057,44.59453277114217,36.6227297437395,25.8054729671421,33.74085969576577,26.64529672438207,19.163037121413048
67.61343514355458,66.53954252769691,99.77053148638892,72.84808346801441,46.6819677975425,48.3215841951854,79.69749383353381,51.562731029160894
607.3098153656025,398.5866918808164,362.64620979736446,648.6732154676325,557.5919510058592,737.6141295065046,232.71223790401405,420.15484247941725
0.2493629912000937,2.081004623450861,1.3452491676244842,-0.7307089089935583,3.1565532195280124,1.232178620691125,1.7723824417650098,2.218483482739339
539.4819423227489,875.545852693587,-829.9110158630947,313.7216674301428,935.519168495941,1430.6891206565822,-171.98060752219055,152.97108949390451
0.001367376982528,0.002199197733271,-589.4587982996609,658.6679469295782,6683.464422042293,19538.117547983355,990.4428090710604,872.3262564429331
-588.086052666985,795.2146157391168,-2189.950889478098,11596.72568986772,3649.277383292496,2327.5747525149577,-1357.7020685232392,1200.6480700206196
-20.597837278780503,50.40423008908069,-1326.2440892670274,539.6120199244717,1560.912173978786,2240.1300394391656,-657.7635320177234,761.0146232898442
28.17760091223888,18.03970376346648,40.35854210804501,30.037905269653468,24.84951532870213,20.054841618763973,28.68796847701884,15.398974121233673
58.30502464040181,60.20975160106155,76.42335779876062,73.51638278596128,50.61429647740167,26.983014311821684,73.29013537301296,51.50083756173384
449.711792703278,562.3913126314036,513.5699706819198,586.9558054354777,559.0899666491085,361.6520259351306,395.4396522570323,503.7136935199612
2.2425629305089,-0.3802517492553903,-0.734900298132356,0.7030931348929063,4.169994465706138,1.5709680744241157,-0.6550937987663057,-0.5635279951982688
775.2015815315591,453.8136540794094,-128.1975150668344,-353.52810957993336,898.6245704850105,913.1697325562716,31.807618012267355,92.52052175220274
-0.0009472015123742,0.001664581283023,5053.326658136888,-2176.73604741738,6532.485314981638,14780.789407410755,-2570.0446161006475,-390.78173507241087
716.0233713154752,259.2315091423788,-1833.335827688044,-1214.143941554525,-2053.724229179649,2597.01166099124,-681.3183269788623,-1439.5257025023748
-123.94524946297382,-4.501493788974155,-514.6604845461284,-1385.6125490501404,-1641.8556944812672,2407.093751645996,878.814719835359,338.02839424115786
18.273641710217326,24.535030953146663,28.17586501225716,25.264487563509725,26.297912700413747,30.10043393035545,24.19616002710417,12.767665842461586
43.03962495746094,60.56662240609512,67.13662625422185,58.46854302075648,48.51289205198836,35.25603489249117,62.36823951197709,56.5772450707449
343.05177727398217,490.346862463948,576.1251885951659,872.1705874674512,310.92341199758846,771.3390234212752,787.0464131511026,284.457653830013
3.531580918799981,-0.2062556498840093,3.5523517816063555,1.3173638323446235,-1.2365509887258148,0.8023461487100161,1.2518421467478913,2.771905404907359
2381.2321502720874,172.22084287408654,717.3697658074003,-210.47349866384664,784.153554278847,349.9303504501378,572.4832404668828,238.121807484942
-0.000814215689556,0.0011989512166484,16944.199266076463,16352.8476508265,16871.661968031833,-4152.959903624241,2224.700434479298,-18.78499301915496
184.2177916960896,-478.1155526459177,959.436673838482,-701.7717542900608,3444.406287136042,12471.82948031298,1805.796503647089,1225.92957711927
79.03601392810239,264.5394708631072,-635.6041276992353,2025.102980445435,-299.10758225506515,438.1748589161967,-344.8791740786499,-881.5567028190775
13.227736451127674,28.99101896395057,44.59453277114217,36.6227297437395,25.8054729671421,33.74085969576577,26.64529672438207,19.163037121413048
67.61343514355458,66.53954252769691,99.77053148638892,72.84808346801441,46.6819677975425,48.3215841951854,79.69749383353381,51.562731029160894
607.3098153656025,398.5866918808164,362.64620979736446,648.6732154676325,557.5919510058592,737.6141295065046,232.71223790401405,420.15484247941725
0.2493629912000937,2.081004623450861,1.3452491676244842,-0.7307089089935583,3.1565532195280124,1.232178620691125,1.7723824417650098,2.218483482739339
539.4819423227489,875.545852693587,-829.9110158630947,313.7216674301428,935.519168495941,1430.6891206565822,-171.98060752219055,152.97108949390451
0.001367376982528,0.002199197733271,-589.4587982996609,658.6679469295782,6683.464422042293,19538.117547983355,990.4428090710604,872.3262564429331
-588.086052666985,795.2146157391168,-2189.950889478098,11596.72568986772,3649.277383292496,2327.5747525149577,-1357.7020685232392,1200.6480700206196
-20.597837278780503,50.40423008908069,-1326.2440892670274,539.6120199244717,1560.912173978786,2240.1300394391656,-657.7635320177234,761.0146232898442
28.17760091223888,18.03970376346648,40.35854210804501,30.037905269653468,24.84951532870213,20.054841618763973,28.68796847701884,15.398974121233673
58.30502464040181,60.20975160106155,76.42335779876062,73.51638278596128,50.61429647740167,26.983014311821684,73.29013537301296,51.50083756173384
449.711792703278,562.3913126314036,513.5699706819198,586.9558054354777,559.0899666491085,361.6520259351306,395.4396522570323,503.7136935199612
2.2425629305089,-0.3802517492553903,-0.734900298132356,0.7030931348929063,4.169994465706138,1.5709680744241157,-0.6550937987663057,-0.5635279951982688
775.2015815315591,453.8136540794094,-128.1975150668344,-353.52810957993336,898.6245704850105,913.1697325562716,31.807618012267355,92.52052175220274
-0.0009472015123742,0.001664581283023,5053.326658136888,-2176.73604741738,6532.485314981638,14780.789407410755,-2570.0446161006475,-390.78173507241087
716.0233713154752,259.2315091423788,-1833.335827688044,-1214.143941554525,-2053.724229179649,2597.01166099124,-681.3183269788623,-1439.5257025023748
-123.94524946297382,-4.501493788974155,-514.6604845461284,-1385.6125490501404,-1641.8556944812672,2407.093751645996,878.814719835359,338.02839424115786
18.273641710217326,24.535030953146663,28.17586501225716,25.264487563509725,26.297912700413747,30.10043393035545,24.19616002710417,12.767665842461586
43.03962495746094,60.56662240609512,67.13662625422185,58.46854302075648,48.51289205198836,35.25603489249117,62.36823951197709,56.5772450707449
343.05177727398217,490.346862463948,576.1251885951659,872.1705874674512,310.92341199758846,771.3390234212752,787.0464131511026,284.457653830013
3.531580918799981,-0.2062556498840093,3.5523517816063555,1.3173638323446235,-1.2365509887258148,0.8023461487100161,1.2518421467478913,2.771905404907359
2381.2321502720874,172.22084287408654,717.3697658074003,-210.47349866384664,784.153554278847,349.9303504501378,572.4832404668828,238.121807484942
-0.000814215689556,0.0011989512166484,16944.199266076463,16352.8476508265,16871.661968031833,-4152.959903624241,2224.700434479298,-18.78499301915496
184.2177916960896,-478.1155526459177,959.436673838482,-701.7717542900608,3444.406287136042,12471.82948031298,1805.796503647089,1225.92957711927
79.03601392810239,264.5394708631072,-635.6041276992353,2025.102980445435,-299.10758225506515,438.1748589161967,-344.8791740786499,-881.5567028190775
13.227736451127674,28.99101896395057,44.59453277114217,36.6227297437395,25.8054729671421,33.74085969576577,26.64529672438207,19.163037121413048
67.61343514355458,66.53954252769691,99.77053148638892,72.84808346801441,46.6819677975425,48.3215841951854,79.69749383353381,51.562731029160894
607.3098153656025,398.5866918808164,362.64620979736446,648.6732154676325,557.5919510058592,737.6141295065046,232.71223790401405,420.15484247941725
0.2493629912000937,2.081004623450861,1.3452491676244842,-0.7307089089935583,3.1565532195280124,1.232178620691125,1.7723824417650098,2.218483482739339
539.4819423227489,875.545852693587,-829.9110158630947,313.7216674301428,935.519168495941,1430.6891206565822,-171.98060752219055,152.97108949390451
0.001367376982528,0.002199197733271,-589.4587982996609,658.6679469295782,6683.464422042293,19538.117547983355,990.4428090710604,872.3262564429331
-588.086052666985,795.2146157391168,-2189.950889478098,11596.72568986772,3649.277383292496,2327.5747525149577,-1357.7020685232392,1200.6480700206196
-20.597837278780503,50.40423008908069,-1326.2440892670274,539.6120199244717,1560.912173978786,2240.1300394391656,-657.7635320177234,761.0146232898442
28.17760091223888,18.03970376346648,40.35854210804501,30.037905269653468,24.84951532870213,20.054841618763973,28.68796847701884,15.398974121233673
58.30502464040181,60.20975160106155,76.42335779876062,73.51638278596128,50.61429647740167,26.983014311821684,73.29013537301296,51.50083756173384
449.711792703278,562.3913126314036,513.5699706819198,586.9558054354777,559.0899666491085,361.6520259351306,395.4396522570323,503.7136935199612
2.2425629305089,-0.3802517492553903,-0.734900298132356,0.7030931348929063,4.169994465706138,1.5709680744241157,-0.6550937987663057,-0.5635279951982688
775.2015815315591,453.8136540794094,-128.1975150668344,-353.52810957993336,898.6245704850105,913.1697325562716,31.807618012267355,92.52052175220274
-0.0009472015123742,0.001664581283023,5053.326658136888,-2176.73604741738,6532.485314981638,14780.789407410755,-2570.0446161006475,-390.78173507241087
716.0233713154752,259.2315091423788,-1833.335827688044,-1214.143941554525,-2053.724229179649,2597.01166099124,-681.3183269788623,-1439.5257025023748
-123.94524946297382,-4.501493788974155,-514.6604845461284,-1385.6125490501404,-1641.8556944812672,2407.093751645996,878.814719835359,338.02839424115786
18.273641710217326,24.535030953146663,28.17586501225716,25.264487563509725,26.297912700413747,30.10043393035545,24.19616002710417,12.767665842461586
43.03962495746094,60.56662240609512,67.13662625422185,58.46854302075648,48.51289205198836,35.25603489249117,62.36823951197709,56.5772450707449
343.05177727398217,490.346862463948,576.1251885951659,872.1705874674512,310.92341199758846,771.3390234212752,787.0464131511026,284.457653830013
3.531580918799981,-0.2062556498840093,3.5523517816063555,1.3173638323446235,-1.2365509887258148,0.8023461487100161,1.2518421467478913,2.771905404907359
2381.2321502720874,172.22084287408654,717.3697658074003,-210.47349866384664,784.153554278847,349.9303504501378,572.4832404668828,238.121807484942
-0.000814215689556,0.0011989512166484,16944.199266076463,16352.8476508265,16871.661968031833,-4152.959903624241,2224.700434479298,-18.78499301915496
184.2177916960896,-478.1155526459177,959.436673838482,-701.7717542900608,3444.406287136042,12471.82948031298,1805.796503647089,1225.92957711927
79.03601392810239,264.5394708631072,-635.6041276992353,2025.102980445435,-299.10758225506515,438.1748589161967,-344.8791740786499,-881.5567028190775
13.227736451127674,28.99101896395057,44.59453277114217,36.6227297437395,25.8054729671421,33.74085969576577,26.64529672438207,19.163037121413048
67.61343514355458,66.53954252769691,99.77053148638892,72.84808346801441,46.6819677975425,48.3215841951854,79.69749383353381,51.562731029160894
607.3098153656025,398.5866918808164,362.64620979736446,648.6732154676325,557.5919510058592,737.6141295065046,232.71223790401405,420.15484247941725
0.2493629912000937,2.081004623450861,1.3452491676244842,-0.7307089089935583,3.1565532195280124,1.232178620691125,1.7723824417650098,2.218483482739339
539.4819423227489,875.545852693587,-829.9110158630947,313.7216674301428,935.519168495941,1430.6891206565822,-171.98060752219055,152.97108949390451
0.001367376982528,0.002199197733271,-589.4587982996609,658.6679469295782,6683.464422042293,19538.117547983355,990.4428090710604,872.3262564429331
-588.086052666985,795.2146157391168,-2189.950889478098,11596.72568986772,3649.277383292496,2327.5747525149577,-1357.7020685232392,1200.6480700206196
-20.597837278780503,50.40423008908069,-1326.2440892670274,539.6120199244717,1560.912173978786,2240.1300394391656,-657.7635320177234,761.0146232898442
28.17760091223888,18.03970376346648,40.35854210804501,30.037905269653468,24.84951532870213,20.054841618763973,28.68796847701884,15.398974121233673
58.30502464040181,60.20975160106155,76.42335779876062,73.51638278596128,50.61429647740167,26.983014311821684,73.29013537301296,51.50083756173384
449.711792703278,562.3913126314036,513.5699706819198,586.9558054354777,559.0899666491085,361.6520259351306,395.4396522570323,503.7136935199612
2.2425629305089,-0.3802517492553903,-0.734900298132356,0.7030931348929063,4.169994465706138,1.5709680744241157,-0.6550937987663057,-0.5635279951982688
775.2015815315591,453.8136540794094,-128.1975150668344,-353.52810957993336,898.6245704850105,913.1697325562716,31.807618012267355,92.52052175220274
-0.0009472015123742,0.001664581283023,5053.326658136888,-2176.73604741738,6532.485314981638,14780.789407410755,-2570.0446161006475,-390.78173507241087
716.0233713154752,259.2315091423788,-1833.335827688044,-1214.143941554525,-2053.724229179649,2597.01166099124,-681.3183269788623,-1439.5257025023748
-123.94524946297382,-4.501493788974155,-514.6604845461284,-1385.6125490501404,-1641.8556944812672,2407.093751645996,878.814719835359,338.02839424115786
18.273641710217326,24.535030953146663,28.17586501225716,25.264487563509725,26.297912700413747,30.10043393035545,24.19616002710417,12.767665842461586
43.03962495746094,60.56662240609512,67.13662625422185,58.46854302075648,48.51289205198836,35.25603489249117,62.36823951197709,56.5772450707449
343.05177727398217,490.346862463948,576.1251885951659,872.1705874674512,310.92341199758846,771.3390234212752,787.0464131511026,284.457653830013
3.531580918799981,-0.2062556498840093,3.5523517816063555,1.3173638323446235,-1.2365509887258148,0.8023461487100161,1.2518421467478913,2.771905404907359
2381.2321502720874,172.22084287408654,717.3697658074003,-210.47349866384664,784.153554278847,349.9303504501378,572.4832404668828,238.121807484942
-0.000814215689556,0.0011989512166484,16944.199266076463,16352.8476508265,16871.661968031833,-4152.959903624241,2224.700434479298,-18.78499301915496
184.2177916960896,-478.1155526459177,959.436673838482,-701.7717542900608,3444.406287136042,12471.82948031298,1805.796503647089,1225.92957711927
79.03601392810239,264.5394708631072,-635.6041276992353,2025.102980445435,-299.10758225506515,438.1748589161967,-344.8791740786499,-881.5567028190775
