내부온도관측치,내부습도관측치,co2관측치,ec관측치,시간당분무량,시간당백색광량,시간당적색광량,시간당청색광량
16.256265883904454,17.70540477669271,17.9807328305303,30.967453319048364,30.47753678870952,33.43476661347807,26.293153922060903,29.204743002353226
72.9489198027874,48.08275953108127,78.77957642470855,88.98560462227103,25.549908240204072,30.68672105045116,91.5173157000858,82.24387731420765
748.246459639967,637.6546058569982,541.9855610232065,672.3388726145133,401.3184353595297,554.4220205643595,731.9406932027345,404.2526785657236
0.9157956525035844,1.361951139740506,-0.4958148573323861,-0.1256098796788056,3.682337502257166,1.1756362995206722,0.1687799812717483,0.5163364504850063
-50.754502699310734,-128.52788850582013,1571.9506032995323,-254.4268195678991,-547.7917010968653,1775.5044122957936,1052.6985804367823,-3.14241812848023
-0.0024752436185754,0.000379079058371,17.450739969131064,24879.67377773758,11394.278481709782,18264.27467521672,20884.853740362712,2012.3593697346805
-0.0009032941619787,-0.0003133982736006,-221.0916744936553,405.38005762434943,-1104.7499715418533,260.894796596356,-1660.474826940331,0.0004932850448184
-0.002276895420807,-0.0009385743557846,149.48181855658228,-1106.4840903624029,-2135.206972767098,-2088.177612003854,4660.763517505159,-0.0012831223973894
22.839946884785505,26.21021156479197,14.893114624869028,24.37428086990329,29.370874517853046,26.43114378745172,25.965273216830035,23.2383931236892
28.346534280181046,54.66010209452377,26.004807779343658,54.954514742654304,20.825156002364608,28.61295719912594,99.0755455546592,50.60041381039357
431.9898692741767,628.1095211484711,444.5764216136748,688.8454246698149,569.6736358125224,553.806935238402,599.405166532233,634.4542593438257
0.6474756016119485,2.1808911841883614,1.4186863160603682,1.401953746783026,4.083154689047981,0.2742338683656118,4.081541787561393,-0.35166468424324
292.4307818388287,143.1708102580044,756.3139957027806,1200.6862171322082,-445.77221408393706,188.675269419051,283.5809903212396,968.4116821274084
0.0016889799122968,-0.0012694573946158,15817.214772865378,10895.591922329964,22561.66659838407,18935.72060892667,18513.309138538407,-1662.501423594184
0.0006660466611837,-0.0007843602006038,3842.74657805438,-1072.7321937431493,-249.99301558546,386.4915703908466,147.63456418550354,0.0005190894976936
0.0007464431569443,0.00153808562527,-1156.2717875145624,-233.15912384890044,867.7976987708953,445.6123530214,617.572114401082,-0.0016256870339189
34.13245654695962,21.79706657044412,42.29022363445585,31.680973245899647,35.00280750664055,28.698797458632345,22.08921410621783,17.02681852504072
38.46562291544807,69.87437693478415,8.305656368664707,17.34991816407176,39.58144614163412,54.84717372983936,94.14448492870868,53.88324037973753
535.5673189272121,505.5437662129476,609.4096480582002,493.724159208291,646.0777829459129,645.0665793128528,388.1619625910864,608.3822367515654
0.6702784428602033,0.7842233997349326,-1.4811799915603696,1.1812461884566807,2.43853961971072,2.4911792732328952,1.3814553552564064,2.973696083411194
28.25172556750174,20.92159129150628,1287.965355503408,85.77161828158654,1111.3584974977243,-565.8812030300767,402.4258023357562,74.44455253543441
-0.000668941925942,0.0019024267783729,18475.16417101043,27901.95976419544,23634.10717243873,11119.83360887289,-855.8946936735804,24.855480533020675
0.0017265233569903,-0.0015312566862769,2106.615668639406,-1385.0598217128452,-873.7225091344291,-2231.7314261453,6.146608657654378,0.0016291073841923
0.0021253190767608,-0.0012957475204922,-652.9316612437573,3669.266906796736,-840.9409199818917,-1839.7959164114493,-0.0010622531993203,-0.0011635829421855
16.256265883904454,17.70540477669271,17.9807328305303,30.967453319048364,30.47753678870952,33.43476661347807,26.293153922060903,29.204743002353226
72.9489198027874,48.08275953108127,78.77957642470855,88.98560462227103,25.549908240204072,30.68672105045116,91.5173157000858,82.24387731420765
748.246459639967,637.6546058569982,541.9855610232065,672.3388726145133,401.3184353595297,554.4220205643595,731.9406932027345,404.2526785657236
0.9157956525035844,1.361951139740506,-0.4958148573323861,-0.1256098796788056,3.682337502257166,1.1756362995206722,0.1687799812717483,0.5163364504850063
-50.754502699310734,-128.52788850582013,1571.9506032995323,-254.4268195678991,-547.7917010968653,1775.5044122957936,1052.6985804367823,-3.14241812848023
-0.0024752436185754,0.000379079058371,17.450739969131064,24879.67377773758,11394.278481709782,18264.27467521672,20884.853740362712,2012.3593697346805
-0.0009032941619787,-0.0003133982736006,-221.0916744936553,405.38005762434943,-1104.7499715418533,260.894796596356,-1660.474826940331,0.0004932850448184
-0.002276895420807,-0.0009385743557846,149.48181855658228,-1106.4840903624029,-2135.206972767098,-2088.177612003854,4660.763517505159,-0.0012831223973894
22.839946884785505,26.21021156479197,14.893114624869028,24.37428086990329,29.370874517853046,26.43114378745172,25.965273216830035,23.2383931236892
28.346534280181046,54.66010209452377,26.004807779343658,54.954514742654304,20.825156002364608,28.61295719912594,99.0755455546592,50.60041381039357
431.9898692741767,628.1095211484711,444.5764216136748,688.8454246698149,569.6736358125224,553.806935238402,599.405166532233,634.4542593438257
0.6474756016119485,2.1808911841883614,1.4186863160603682,1.401953746783026,4.083154689047981,0.2742338683656118,4.081541787561393,-0.35166468424324
292.4307818388287,143.1708102580044,756.3139957027806,1200.6862171322082,-445.77221408393706,188.675269419051,283.5809903212396,968.4116821274084
0.0016889799122968,-0.0012694573946158,15817.214772865378,10895.591922329964,22561.66659838407,18935.72060892667,18513.309138538407,-1662.501423594184
0.0006660466611837,-0.0007843602006038,3842.74657805438,-1072.7321937431493,-249.99301558546,386.4915703908466,147.63456418550354,0.0005190894976936
0.0007464431569443,0.00153808562527,-1156.2717875145624,-233.15912384890044,867.7976987708953,445.6123530214,617.572114401082,-0.0016256870339189
34.13245654695962,21.79706657044412,42.29022363445585,31.680973245899647,35.00280750664055,28.698797458632345,22.08921410621783,17.02681852504072
38.46562291544807,69.87437693478415,8.305656368664707,17.34991816407176,39.58144614163412,54.84717372983936,94.14448492870868,53.88324037973753
535.5673189272121,505.5437662129476,609.4096480582002,493.724159208291,646.0777829459129,645.0665793128528,388.1619625910864,608.3822367515654
0.6702784428602033,0.7842233997349326,-1.4811799915603696,1.1812461884566807,2.43853961971072,2.4911792732328952,1.3814553552564064,2.973696083411194
28.25172556750174,20.92159129150628,1287.965355503408,85.77161828158654,1111.3584974977243,-565.8812030300767,402.4258023357562,74.44455253543441
-0.000668941925942,0.0019024267783729,18475.16417101043,27901.95976419544,23634.10717243873,11119.83360887289,-855.8946936735804,24.855480533020675
0.0017265233569903,-0.0015312566862769,2106.615668639406,-1385.0598217128452,-873.7225091344291,-2231.7314261453,6.146608657654378,0.0016291073841923
0.0021253190767608,-0.0012957475204922,-652.9316612437573,3669.266906796736,-840.9409199818917,-1839.7959164114493,-0.0010622531993203,-0.0011635829421855
16.256265883904454,17.70540477669271,17.9807328305303,30.967453319048364,30.47753678870952,33.43476661347807,26.293153922060903,29.204743002353226
72.9489198027874,48.08275953108127,78.77957642470855,88.98560462227103,25.549908240204072,30.68672105045116,91.5173157000858,82.24387731420765
748.246459639967,637.6546058569982,541.9855610232065,672.3388726145133,401.3184353595297,554.4220205643595,731.9406932027345,404.2526785657236
0.9157956525035844,1.361951139740506,-0.4958148573323861,-0.1256098796788056,3.682337502257166,1.1756362995206722,0.1687799812717483,0.5163364504850063
-50.754502699310734,-128.52788850582013,1571.9506032995323,-254.4268195678991,-547.7917010968653,1775.5044122957936,1052.6985804367823,-3.14241812848023
-0.0024752436185754,0.000379079058371,17.450739969131064,24879.67377773758,11394.278481709782,18264.27467521672,20884.853740362712,2012.3593697346805
-0.0009032941619787,-0.0003133982736006,-221.0916744936553,405.38005762434943,-1104.7499715418533,260.894796596356,-1660.474826940331,0.0004932850448184
-0.002276895420807,-0.0009385743557846,149.48181855658228,-1106.4840903624029,-2135.206972767098,-2088.177612003854,4660.763517505159,-0.0012831223973894
22.839946884785505,26.21021156479197,14.893114624869028,24.37428086990329,29.370874517853046,26.43114378745172,25.965273216830035,23.2383931236892
28.346534280181046,54.66010209452377,26.004807779343658,54.954514742654304,20.825156002364608,28.61295719912594,99.0755455546592,50.60041381039357
431.9898692741767,628.1095211484711,444.5764216136748,688.8454246698149,569.6736358125224,553.806935238402,599.405166532233,634.4542593438257
0.6474756016119485,2.1808911841883614,1.4186863160603682,1.401953746783026,4.083154689047981,0.2742338683656118,4.081541787561393,-0.35166468424324
292.4307818388287,143.1708102580044,756.3139957027806,1200.6862171322082,-445.77221408393706,188.675269419051,283.5809903212396,968.4116821274084
0.0016889799122968,-0.0012694573946158,15817.214772865378,10895.591922329964,22561.66659838407,18935.72060892667,18513.309138538407,-1662.501423594184
0.0006660466611837,-0.0007843602006038,3842.74657805438,-1072.7321937431493,-249.99301558546,386.4915703908466,147.63456418550354,0.0005190894976936
0.0007464431569443,0.00153808562527,-1156.2717875145624,-233.15912384890044,867.7976987708953,445.6123530214,617.572114401082,-0.0016256870339189
34.13245654695962,21.79706657044412,42.29022363445585,31.680973245899647,35.00280750664055,28.698797458632345,22.08921410621783,17.02681852504072
38.46562291544807,69.87437693478415,8.305656368664707,17.34991816407176,39.58144614163412,54.84717372983936,94.14448492870868,53.88324037973753
535.5673189272121,505.5437662129476,609.4096480582002,493.724159208291,646.0777829459129,645.0665793128528,388.1619625910864,608.3822367515654
0.6702784428602033,0.7842233997349326,-1.4811799915603696,1.1812461884566807,2.43853961971072,2.4911792732328952,1.3814553552564064,2.973696083411194
28.25172556750174,20.92159129150628,1287.965355503408,85.77161828158654,1111.3584974977243,-565.8812030300767,402.4258023357562,74.44455253543441
-0.000668941925942,0.0019024267783729,18475.16417101043,27901.95976419544,23634.10717243873,11119.83360887289,-855.8946936735804,24.855480533020675
0.0017265233569903,-0.0015312566862769,2106.615668639406,-1385.0598217128452,-873.7225091344291,-2231.7314261453,6.146608657654378,0.0016291073841923
0.0021253190767608,-0.0012957475204922,-652.9316612437573,3669.266906796736,-840.9409199818917,-1839.7959164114493,-0.0010622531993203,-0.0011635829421855
16.256265883904454,17.70540477669271,17.9807328305303,30.967453319048364,30.47753678870952,33.43476661347807,26.293153922060903,29.204743002353226
72.9489198027874,48.08275953108127,78.77957642470855,88.98560462227103,25.549908240204072,30.68672105045116,91.5173157000858,82.24387731420765
748.246459639967,637.6546058569982,541.9855610232065,672.3388726145133,401.3184353595297,554.4220205643595,731.9406932027345,404.2526785657236
0.9157956525035844,1.361951139740506,-0.4958148573323861,-0.1256098796788056,3.682337502257166,1.1756362995206722,0.1687799812717483,0.5163364504850063
-50.754502699310734,-128.52788850582013,1571.9506032995323,-254.4268195678991,-547.7917010968653,1775.5044122957936,1052.6985804367823,-3.14241812848023
-0.0024752436185754,0.000379079058371,17.450739969131064,24879.67377773758,11394.278481709782,18264.27467521672,20884.853740362712,2012.3593697346805
-0.0009032941619787,-0.0003133982736006,-221.0916744936553,405.38005762434943,-1104.7499715418533,260.894796596356,-1660.474826940331,0.0004932850448184
-0.002276895420807,-0.0009385743557846,149.48181855658228,-1106.4840903624029,-2135.206972767098,-2088.177612003854,4660.763517505159,-0.0012831223973894
22.839946884785505,26.21021156479197,14.893114624869028,24.37428086990329,29.370874517853046,26.43114378745172,25.965273216830035,23.2383931236892
28.346534280181046,54.66010209452377,26.004807779343658,54.954514742654304,20.825156002364608,28.61295719912594,99.0755455546592,50.60041381039357
431.9898692741767,628.1095211484711,444.5764216136748,688.8454246698149,569.6736358125224,553.806935238402,599.405166532233,634.4542593438257
0.6474756016119485,2.1808911841883614,1.4186863160603682,1.401953746783026,4.083154689047981,0.2742338683656118,4.081541787561393,-0.35166468424324
292.4307818388287,143.1708102580044,756.3139957027806,1200.6862171322082,-445.77221408393706,188.675269419051,283.5809903212396,968.4116821274084
0.0016889799122968,-0.0012694573946158,15817.214772865378,10895.591922329964,22561.66659838407,18935.72060892667,18513.309138538407,-1662.501423594184
0.0006660466611837,-0.0007843602006038,3842.74657805438,-1072.7321937431493,-249.99301558546,386.4915703908466,147.63456418550354,0.0005190894976936
0.0007464431569443,0.00153808562527,-1156.2717875145624,-233.15912384890044,867.7976987708953,445.6123530214,617.572114401082,-0.0016256870339189
34.13245654695962,21.79706657044412,42.29022363445585,31.680973245899647,35.00280750664055,28.698797458632345,22.08921410621783,17.02681852504072
38.46562291544807,69.87437693478415,8.305656368664707,17.34991816407176,39.58144614163412,54.84717372983936,94.14448492870868,53.88324037973753
535.5673189272121,505.5437662129476,609.4096480582002,493.724159208291,646.0777829459129,645.0665793128528,388.1619625910864,608.3822367515654
0.6702784428602033,0.7842233997349326,-1.4811799915603696,1.1812461884566807,2.43853961971072,2.4911792732328952,1.3814553552564064,2.973696083411194
28.25172556750174,20.92159129150628,1287.965355503408,85.77161828158654,1111.3584974977243,-565.8812030300767,402.4258023357562,74.44455253543441
-0.000668941925942,0.0019024267783729,18475.16417101043,27901.95976419544,23634.10717243873,11119.83360887289,-855.8946936735804,24.855480533020675
0.0017265233569903,-0.0015312566862769,2106.615668639406,-1385.0598217128452,-873.7225091344291,-2231.7314261453,6.146608657654378,0.0016291073841923
0.0021253190767608,-0.0012957475204922,-652.9316612437573,3669.266906796736,-840.9409199818917,-1839.7959164114493,-0.0010622531993203,-0.0011635829421855
16.256265883904454,17.70540477669271,17.9807328305303,30.967453319048364,30.47753678870952,33.43476661347807,26.293153922060903,29.204743002353226
72.9489198027874,48.08275953108127,78.77957642470855,88.98560462227103,25.549908240204072,30.68672105045116,91.5173157000858,82.24387731420765
748.246459639967,637.6546058569982,541.9855610232065,672.3388726145133,401.3184353595297,554.4220205643595,731.9406932027345,404.2526785657236
0.9157956525035844,1.361951139740506,-0.4958148573323861,-0.1256098796788056,3.682337502257166,1.1756362995206722,0.1687799812717483,0.5163364504850063
-50.754502699310734,-128.52788850582013,1571.9506032995323,-254.4268195678991,-547.7917010968653,1775.5044122957936,1052.6985804367823,-3.14241812848023
-0.0024752436185754,0.000379079058371,17.450739969131064,24879.67377773758,11394.278481709782,18264.27467521672,20884.853740362712,2012.3593697346805
-0.0009032941619787,-0.0003133982736006,-221.0916744936553,405.38005762434943,-1104.7499715418533,260.894796596356,-1660.474826940331,0.0004932850448184
-0.002276895420807,-0.0009385743557846,149.48181855658228,-1106.4840903624029,-2135.206972767098,-2088.177612003854,4660.763517505159,-0.0012831223973894
22.839946884785505,26.21021156479197,14.893114624869028,24.37428086990329,29.370874517853046,26.43114378745172,25.965273216830035,23.2383931236892
28.346534280181046,54.66010209452377,26.004807779343658,54.954514742654304,20.825156002364608,28.61295719912594,99.0755455546592,50.60041381039357
431.9898692741767,628.1095211484711,444.5764216136748,688.8454246698149,569.6736358125224,553.806935238402,599.405166532233,634.4542593438257
0.6474756016119485,2.1808911841883614,1.4186863160603682,1.401953746783026,4.083154689047981,0.2742338683656118,4.081541787561393,-0.35166468424324
292.4307818388287,143.1708102580044,756.3139957027806,1200.6862171322082,-445.77221408393706,188.675269419051,283.5809903212396,968.4116821274084
0.0016889799122968,-0.0012694573946158,15817.214772865378,10895.591922329964,22561.66659838407,18935.72060892667,18513.309138538407,-1662.501423594184
0.0006660466611837,-0.0007843602006038,3842.74657805438,-1072.7321937431493,-249.99301558546,386.4915703908466,147.63456418550354,0.0005190894976936
0.0007464431569443,0.00153808562527,-1156.2717875145624,-233.15912384890044,867.7976987708953,445.6123530214,617.572114401082,-0.0016256870339189
34.13245654695962,21.79706657044412,42.29022363445585,31.680973245899647,35.00280750664055,28.698797458632345,22.08921410621783,17.02681852504072
38.46562291544807,69.87437693478415,8.305656368664707,17.34991816407176,39.58144614163412,54.84717372983936,94.14448492870868,53.88324037973753
535.5673189272121,505.5437662129476,609.4096480582002,493.724159208291,646.0777829459129,645.0665793128528,388.1619625910864,608.3822367515654
0.6702784428602033,0.7842233997349326,-1.4811799915603696,1.1812461884566807,2.43853961971072,2.4911792732328952,1.3814553552564064,2.973696083411194
28.25172556750174,20.92159129150628,1287.965355503408,85.77161828158654,1111.3584974977243,-565.8812030300767,402.4258023357562,74.44455253543441
-0.000668941925942,0.0019024267783729,18475.16417101043,27901.95976419544,23634.10717243873,11119.83360887289,-855.8946936735804,24.855480533020675
0.0017265233569903,-0.0015312566862769,2106.615668639406,-1385.0598217128452,-873.7225091344291,-2231.7314261453,6.146608657654378,0.0016291073841923
0.0021253190767608,-0.0012957475204922,-652.9316612437573,3669.266906796736,-840.9409199818917,-1839.7959164114493,-0.0010622531993203,-0.0011635829421855
16.256265883904454,17.70540477669271,17.9807328305303,30.967453319048364,30.47753678870952,33.43476661347807,26.293153922060903,29.204743002353226
72.9489198027874,48.08275953108127,78.77957642470855,88.98560462227103,25.549908240204072,30.68672105045116,91.5173157000858,82.24387731420765
748.246459639967,637.6546058569982,541.9855610232065,672.3388726145133,401.3184353595297,554.4220205643595,731.9406932027345,404.2526785657236
0.9157956525035844,1.361951139740506,-0.4958148573323861,-0.1256098796788056,3.682337502257166,1.1756362995206722,0.1687799812717483,0.5163364504850063
-50.754502699310734,-128.52788850582013,1571.9506032995323,-254.4268195678991,-547.7917010968653,1775.5044122957936,1052.6985804367823,-3.14241812848023
-0.0024752436185754,0.000379079058371,17.450739969131064,24879.67377773758,11394.278481709782,18264.27467521672,20884.853740362712,2012.3593697346805
-0.0009032941619787,-0.0003133982736006,-221.0916744936553,405.38005762434943,-1104.7499715418533,260.894796596356,-1660.474826940331,0.0004932850448184
-0.002276895420807,-0.0009385743557846,149.48181855658228,-1106.4840903624029,-2135.206972767098,-2088.177612003854,4660.763517505159,-0.0012831223973894
22.839946884785505,26.21021156479197,14.893114624869028,24.37428086990329,29.370874517853046,26.43114378745172,25.965273216830035,23.2383931236892
28.346534280181046,54.66010209452377,26.004807779343658,54.954514742654304,20.825156002364608,28.61295719912594,99.0755455546592,50.60041381039357
431.9898692741767,628.1095211484711,444.5764216136748,688.8454246698149,569.6736358125224,553.806935238402,599.405166532233,634.4542593438257
0.6474756016119485,2.1808911841883614,1.4186863160603682,1.401953746783026,4.083154689047981,0.2742338683656118,4.081541787561393,-0.35166468424324
292.4307818388287,143.1708102580044,756.3139957027806,1200.6862171322082,-445.77221408393706,188.675269419051,283.5809903212396,968.4116821274084
0.0016889799122968,-0.0012694573946158,15817.214772865378,10895.591922329964,22561.66659838407,18935.72060892667,18513.309138538407,-1662.501423594184
0.0006660466611837,-0.0007843602006038,3842.74657805438,-1072.7321937431493,-249.99301558546,386.4915703908466,147.63456418550354,0.0005190894976936
0.0007464431569443,0.00153808562527,-1156.2717875145624,-233.15912384890044,867.7976987708953,445.6123530214,617.572114401082,-0.0016256870339189
34.13245654695962,21.79706657044412,42.29022363445585,31.680973245899647,35.00280750664055,28.698797458632345,22.08921410621783,17.02681852504072
38.46562291544807,69.87437693478415,8.305656368664707,17.34991816407176,39.58144614163412,54.84717372983936,94.14448492870868,53.88324037973753
535.5673189272121,505.5437662129476,609.4096480582002,493.724159208291,646.0777829459129,645.0665793128528,388.1619625910864,608.3822367515654
0.6702784428602033,0.7842233997349326,-1.4811799915603696,1.1812461884566807,2.43853961971072,2.4911792732328952,1.3814553552564064,2.973696083411194
28.25172556750174,20.92159129150628,1287.965355503408,85.77161828158654,1111.3584974977243,-565.8812030300767,402.4258023357562,74.44455253543441
-0.000668941925942,0.0019024267783729,18475.16417101043,27901.95976419544,23634.10717243873,11119.83360887289,-855.8946936735804,24.855480533020675
0.0017265233569903,-0.0015312566862769,2106.615668639406,-1385.0598217128452,-873.7225091344291,-2231.7314261453,6.146608657654378,0.0016291073841923
0.0021253190767608,-0.0012957475204922,-652.9316612437573,3669.266906796736,-840.9409199818917,-1839.7959164114493,-0.0010622531993203,-0.0011635829421855
16.256265883904454,17.70540477669271,17.9807328305303,30.967453319048364,30.47753678870952,33.43476661347807,26.293153922060903,29.204743002353226
72.9489198027874,48.08275953108127,78.77957642470855,88.98560462227103,25.549908240204072,30.68672105045116,91.5173157000858,82.24387731420765
748.246459639967,637.6546058569982,541.9855610232065,672.3388726145133,401.3184353595297,554.4220205643595,731.9406932027345,404.2526785657236
0.9157956525035844,1.361951139740506,-0.4958148573323861,-0.1256098796788056,3.682337502257166,1.1756362995206722,0.1687799812717483,0.5163364504850063
-50.754502699310734,-128.52788850582013,1571.9506032995323,-254.4268195678991,-547.7917010968653,1775.5044122957936,1052.6985804367823,-3.14241812848023
-0.0024752436185754,0.000379079058371,17.450739969131064,24879.67377773758,11394.278481709782,18264.27467521672,20884.853740362712,2012.3593697346805
-0.0009032941619787,-0.0003133982736006,-221.0916744936553,405.38005762434943,-1104.7499715418533,260.894796596356,-1660.474826940331,0.0004932850448184
-0.002276895420807,-0.0009385743557846,149.48181855658228,-1106.4840903624029,-2135.206972767098,-2088.177612003854,4660.763517505159,-0.0012831223973894
22.839946884785505,26.21021156479197,14.893114624869028,24.37428086990329,29.370874517853046,26.43114378745172,25.965273216830035,23.2383931236892
28.346534280181046,54.66010209452377,26.004807779343658,54.954514742654304,20.825156002364608,28.61295719912594,99.0755455546592,50.60041381039357
431.9898692741767,628.1095211484711,444.5764216136748,688.8454246698149,569.6736358125224,553.806935238402,599.405166532233,634.4542593438257
0.6474756016119485,2.1808911841883614,1.4186863160603682,1.401953746783026,4.083154689047981,0.2742338683656118,4.081541787561393,-0.35166468424324
292.4307818388287,143.1708102580044,756.3139957027806,1200.6862171322082,-445.77221408393706,188.675269419051,283.5809903212396,968.4116821274084
0.0016889799122968,-0.0012694573946158,15817.214772865378,10895.591922329964,22561.66659838407,18935.72060892667,18513.309138538407,-1662.501423594184
0.0006660466611837,-0.0007843602006038,3842.74657805438,-1072.7321937431493,-249.99301558546,386.4915703908466,147.63456418550354,0.0005190894976936
0.0007464431569443,0.00153808562527,-1156.2717875145624,-233.15912384890044,867.7976987708953,445.6123530214,617.572114401082,-0.0016256870339189
34.13245654695962,21.79706657044412,42.29022363445585,31.680973245899647,35.00280750664055,28.698797458632345,22.08921410621783,17.02681852504072
38.46562291544807,69.87437693478415,8.305656368664707,17.34991816407176,39.58144614163412,54.84717372983936,94.14448492870868,53.88324037973753
535.5673189272121,505.5437662129476,609.4096480582002,493.724159208291,646.0777829459129,645.0665793128528,388.1619625910864,608.3822367515654
0.6702784428602033,0.7842233997349326,-1.4811799915603696,1.1812461884566807,2.43853961971072,2.4911792732328952,1.3814553552564064,2.973696083411194
28.25172556750174,20.92159129150628,1287.965355503408,85.77161828158654,1111.3584974977243,-565.8812030300767,402.4258023357562,74.44455253543441
-0.000668941925942,0.0019024267783729,18475.16417101043,27901.95976419544,23634.10717243873,11119.83360887289,-855.8946936735804,24.855480533020675
0.0017265233569903,-0.0015312566862769,2106.615668639406,-1385.0598217128452,-873.7225091344291,-2231.7314261453,6.146608657654378,0.0016291073841923
0.0021253190767608,-0.0012957475204922,-652.9316612437573,3669.266906796736,-840.9409199818917,-1839.7959164114493,-0.0010622531993203,-0.0011635829421855
16.256265883904454,17.70540477669271,17.9807328305303,30.967453319048364,30.47753678870952,33.43476661347807,26.293153922060903,29.204743002353226
72.9489198027874,48.08275953108127,78.77957642470855,88.98560462227103,25.549908240204072,30.68672105045116,91.5173157000858,82.24387731420765
748.246459639967,637.6546058569982,541.9855610232065,672.3388726145133,401.3184353595297,554.4220205643595,731.9406932027345,404.2526785657236
0.9157956525035844,1.361951139740506,-0.4958148573323861,-0.1256098796788056,3.682337502257166,1.1756362995206722,0.1687799812717483,0.5163364504850063
-50.754502699310734,-128.52788850582013,1571.9506032995323,-254.4268195678991,-547.7917010968653,1775.5044122957936,1052.6985804367823,-3.14241812848023
-0.0024752436185754,0.000379079058371,17.450739969131064,24879.67377773758,11394.278481709782,18264.27467521672,20884.853740362712,2012.3593697346805
-0.0009032941619787,-0.0003133982736006,-221.0916744936553,405.38005762434943,-1104.7499715418533,260.894796596356,-1660.474826940331,0.0004932850448184
-0.002276895420807,-0.0009385743557846,149.48181855658228,-1106.4840903624029,-2135.206972767098,-2088.177612003854,4660.763517505159,-0.0012831223973894
22.839946884785505,26.21021156479197,14.893114624869028,24.37428086990329,29.370874517853046,26.43114378745172,25.965273216830035,23.2383931236892
28.346534280181046,54.66010209452377,26.004807779343658,54.954514742654304,20.825156002364608,28.61295719912594,99.0755455546592,50.60041381039357
431.9898692741767,628.1095211484711,444.5764216136748,688.8454246698149,569.6736358125224,553.806935238402,599.405166532233,634.4542593438257
0.6474756016119485,2.1808911841883614,1.4186863160603682,1.401953746783026,4.083154689047981,0.2742338683656118,4.081541787561393,-0.35166468424324
292.4307818388287,143.1708102580044,756.3139957027806,1200.6862171322082,-445.77221408393706,188.675269419051,283.5809903212396,968.4116821274084
0.0016889799122968,-0.0012694573946158,15817.214772865378,10895.591922329964,22561.66659838407,18935.72060892667,18513.309138538407,-1662.501423594184
0.0006660466611837,-0.0007843602006038,3842.74657805438,-1072.7321937431493,-249.99301558546,386.4915703908466,147.63456418550354,0.0005190894976936
0.0007464431569443,0.00153808562527,-1156.2717875145624,-233.15912384890044,867.7976987708953,445.6123530214,617.572114401082,-0.0016256870339189
34.13245654695962,21.79706657044412,42.29022363445585,31.680973245899647,35.00280750664055,28.698797458632345,22.08921410621783,17.02681852504072
38.46562291544807,69.87437693478415,8.305656368664707,17.34991816407176,39.58144614163412,54.84717372983936,94.14448492870868,53.88324037973753
535.5673189272121,505.5437662129476,609.4096480582002,493.724159208291,646.0777829459129,645.0665793128528,388.1619625910864,608.3822367515654
0.6702784428602033,0.7842233997349326,-1.4811799915603696,1.1812461884566807,2.43853961971072,2.4911792732328952,1.3814553552564064,2.973696083411194
28.25172556750174,20.92159129150628,1287.965355503408,85.77161828158654,1111.3584974977243,-565.8812030300767,402.4258023357562,74.44455253543441
-0.000668941925942,0.0019024267783729,18475.16417101043,27901.95976419544,23634.10717243873,11119.83360887289,-855.8946936735804,24.855480533020675
0.0017265233569903,-0.0015312566862769,2106.615668639406,-1385.0598217128452,-873.7225091344291,-2231.7314261453,6.146608657654378,0.0016291073841923
0.0021253190767608,-0.0012957475204922,-652.9316612437573,3669.266906796736,-840.9409199818917,-1839.7959164114493,-0.0010622531993203,-0.0011635829421855
16.256265883904454,17.70540477669271,17.9807328305303,30.967453319048364,30.47753678870952,33.43476661347807,26.293153922060903,29.204743002353226
72.9489198027874,48.08275953108127,78.77957642470855,88.98560462227103,25.549908240204072,30.68672105045116,91.5173157000858,82.24387731420765
748.246459639967,637.6546058569982,541.9855610232065,672.3388726145133,401.3184353595297,554.4220205643595,731.9406932027345,404.2526785657236
0.9157956525035844,1.361951139740506,-0.4958148573323861,-0.1256098796788056,3.682337502257166,1.1756362995206722,0.1687799812717483,0.5163364504850063
-50.754502699310734,-128.52788850582013,1571.9506032995323,-254.4268195678991,-547.7917010968653,1775.5044122957936,1052.6985804367823,-3.14241812848023
-0.0024752436185754,0.000379079058371,17.450739969131064,24879.67377773758,11394.278481709782,18264.27467521672,20884.853740362712,2012.3593697346805
-0.0009032941619787,-0.0003133982736006,-221.0916744936553,405.38005762434943,-1104.7499715418533,260.894796596356,-1660.474826940331,0.0004932850448184
-0.002276895420807,-0.0009385743557846,149.48181855658228,-1106.4840903624029,-2135.206972767098,-2088.177612003854,4660.763517505159,-0.0012831223973894
22.839946884785505,26.21021156479197,14.893114624869028,24.37428086990329,29.370874517853046,26.43114378745172,25.965273216830035,23.2383931236892
28.346534280181046,54.66010209452377,26.004807779343658,54.954514742654304,20.825156002364608,28.61295719912594,99.0755455546592,50.60041381039357
431.9898692741767,628.1095211484711,444.5764216136748,688.8454246698149,569.6736358125224,553.806935238402,599.405166532233,634.4542593438257
0.6474756016119485,2.1808911841883614,1.4186863160603682,1.401953746783026,4.083154689047981,0.2742338683656118,4.081541787561393,-0.35166468424324
292.4307818388287,143.1708102580044,756.3139957027806,1200.6862171322082,-445.77221408393706,188.675269419051,283.5809903212396,968.4116821274084
0.0016889799122968,-0.0012694573946158,15817.214772865378,10895.591922329964,22561.66659838407,18935.72060892667,18513.309138538407,-1662.501423594184
0.0006660466611837,-0.0007843602006038,3842.74657805438,-1072.7321937431493,-249.99301558546,386.4915703908466,147.63456418550354,0.0005190894976936
0.0007464431569443,0.00153808562527,-1156.2717875145624,-233.15912384890044,867.7976987708953,445.6123530214,617.572114401082,-0.0016256870339189
34.13245654695962,21.79706657044412,42.29022363445585,31.680973245899647,35.00280750664055,28.698797458632345,22.08921410621783,17.02681852504072
38.46562291544807,69.87437693478415,8.305656368664707,17.34991816407176,39.58144614163412,54.84717372983936,94.14448492870868,53.88324037973753
535.5673189272121,505.5437662129476,609.4096480582002,493.724159208291,646.0777829459129,645.0665793128528,388.1619625910864,608.3822367515654
0.6702784428602033,0.7842233997349326,-1.4811799915603696,1.1812461884566807,2.43853961971072,2.4911792732328952,1.3814553552564064,2.973696083411194
28.25172556750174,20.92159129150628,1287.965355503408,85.77161828158654,1111.3584974977243,-565.8812030300767,402.4258023357562,74.44455253543441
-0.000668941925942,0.0019024267783729,18475.16417101043,27901.95976419544,23634.10717243873,11119.83360887289,-855.8946936735804,24.855480533020675
0.0017265233569903,-0.0015312566862769,2106.615668639406,-1385.0598217128452,-873.7225091344291,-2231.7314261453,6.146608657654378,0.0016291073841923
0.0021253190767608,-0.0012957475204922,-652.9316612437573,3669.266906796736,-840.9409199818917,-1839.7959164114493,-0.0010622531993203,-0.0011635829421855
16.256265883904454,17.70540477669271,17.9807328305303,30.967453319048364,30.47753678870952,33.43476661347807,26.293153922060903,29.204743002353226
72.9489198027874,48.08275953108127,78.77957642470855,88.98560462227103,25.549908240204072,30.68672105045116,91.5173157000858,82.24387731420765
748.246459639967,637.6546058569982,541.9855610232065,672.3388726145133,401.3184353595297,554.4220205643595,731.9406932027345,404.2526785657236
0.9157956525035844,1.361951139740506,-0.4958148573323861,-0.1256098796788056,3.682337502257166,1.1756362995206722,0.1687799812717483,0.5163364504850063
-50.754502699310734,-128.52788850582013,1571.9506032995323,-254.4268195678991,-547.7917010968653,1775.5044122957936,1052.6985804367823,-3.14241812848023
-0.0024752436185754,0.000379079058371,17.450739969131064,24879.67377773758,11394.278481709782,18264.27467521672,20884.853740362712,2012.3593697346805
-0.0009032941619787,-0.0003133982736006,-221.0916744936553,405.38005762434943,-1104.7499715418533,260.894796596356,-1660.474826940331,0.0004932850448184
-0.002276895420807,-0.0009385743557846,149.48181855658228,-1106.4840903624029,-2135.206972767098,-2088.177612003854,4660.763517505159,-0.0012831223973894
22.839946884785505,26.21021156479197,14.893114624869028,24.37428086990329,29.370874517853046,26.43114378745172,25.965273216830035,23.2383931236892
28.346534280181046,54.66010209452377,26.004807779343658,54.954514742654304,20.825156002364608,28.61295719912594,99.0755455546592,50.60041381039357
431.9898692741767,628.1095211484711,444.5764216136748,688.8454246698149,569.6736358125224,553.806935238402,599.405166532233,634.4542593438257
0.6474756016119485,2.1808911841883614,1.4186863160603682,1.401953746783026,4.083154689047981,0.2742338683656118,4.081541787561393,-0.35166468424324
292.4307818388287,143.1708102580044,756.3139957027806,1200.6862171322082,-445.77221408393706,188.675269419051,283.5809903212396,968.4116821274084
0.0016889799122968,-0.0012694573946158,15817.214772865378,10895.591922329964,22561.66659838407,18935.72060892667,18513.309138538407,-1662.501423594184
0.0006660466611837,-0.0007843602006038,3842.74657805438,-1072.7321937431493,-249.99301558546,386.4915703908466,147.63456418550354,0.0005190894976936
0.0007464431569443,0.00153808562527,-1156.2717875145624,-233.15912384890044,867.7976987708953,445.6123530214,617.572114401082,-0.0016256870339189
34.13245654695962,21.79706657044412,42.29022363445585,31.680973245899647,35.00280750664055,28.698797458632345,22.08921410621783,17.02681852504072
38.46562291544807,69.87437693478415,8.305656368664707,17.34991816407176,39.58144614163412,54.84717372983936,94.14448492870868,53.88324037973753
535.5673189272121,505.5437662129476,609.4096480582002,493.724159208291,646.0777829459129,645.0665793128528,388.1619625910864,608.3822367515654
0.6702784428602033,0.7842233997349326,-1.4811799915603696,1.1812461884566807,2.43853961971072,2.4911792732328952,1.3814553552564064,2.973696083411194
28.25172556750174,20.92159129150628,1287.965355503408,85.77161828158654,1111.3584974977243,-565.8812030300767,402.4258023357562,74.44455253543441
-0.000668941925942,0.0019024267783729,18475.16417101043,27901.95976419544,23634.10717243873,11119.83360887289,-855.8946936735804,24.855480533020675
0.0017265233569903,-0.0015312566862769,2106.615668639406,-1385.0598217128452,-873.7225091344291,-2231.7314261453,6.146608657654378,0.0016291073841923
0.0021253190767608,-0.0012957475204922,-652.9316612437573,3669.266906796736,-840.9409199818917,-1839.7959164114493,-0.0010622531993203,-0.0011635829421855
16.256265883904454,17.70540477669271,17.9807328305303,30.967453319048364,30.47753678870952,33.43476661347807,26.293153922060903,29.204743002353226
72.9489198027874,48.08275953108127,78.77957642470855,88.98560462227103,25.549908240204072,30.68672105045116,91.5173157000858,82.24387731420765
748.246459639967,637.6546058569982,541.9855610232065,672.3388726145133,401.3184353595297,554.4220205643595,731.9406932027345,404.2526785657236
0.9157956525035844,1.361951139740506,-0.4958148573323861,-0.1256098796788056,3.682337502257166,1.1756362995206722,0.1687799812717483,0.5163364504850063
-50.754502699310734,-128.52788850582013,1571.9506032995323,-254.4268195678991,-547.7917010968653,1775.5044122957936,1052.6985804367823,-3.14241812848023
-0.0024752436185754,0.000379079058371,17.450739969131064,24879.67377773758,11394.278481709782,18264.27467521672,20884.853740362712,2012.3593697346805
-0.0009032941619787,-0.0003133982736006,-221.0916744936553,405.38005762434943,-1104.7499715418533,260.894796596356,-1660.474826940331,0.0004932850448184
-0.002276895420807,-0.0009385743557846,149.48181855658228,-1106.4840903624029,-2135.206972767098,-2088.177612003854,4660.763517505159,-0.0012831223973894
22.839946884785505,26.21021156479197,14.893114624869028,24.37428086990329,29.370874517853046,26.43114378745172,25.965273216830035,23.2383931236892
28.346534280181046,54.66010209452377,26.004807779343658,54.954514742654304,20.825156002364608,28.61295719912594,99.0755455546592,50.60041381039357
431.9898692741767,628.1095211484711,444.5764216136748,688.8454246698149,569.6736358125224,553.806935238402,599.405166532233,634.4542593438257
0.6474756016119485,2.1808911841883614,1.4186863160603682,1.401953746783026,4.083154689047981,0.2742338683656118,4.081541787561393,-0.35166468424324
292.4307818388287,143.1708102580044,756.3139957027806,1200.6862171322082,-445.77221408393706,188.675269419051,283.5809903212396,968.4116821274084
0.0016889799122968,-0.0012694573946158,15817.214772865378,10895.591922329964,22561.66659838407,18935.72060892667,18513.309138538407,-1662.501423594184
0.0006660466611837,-0.0007843602006038,3842.74657805438,-1072.7321937431493,-249.99301558546,386.4915703908466,147.63456418550354,0.0005190894976936
0.0007464431569443,0.00153808562527,-1156.2717875145624,-233.15912384890044,867.7976987708953,445.6123530214,617.572114401082,-0.0016256870339189
34.13245654695962,21.79706657044412,42.29022363445585,31.680973245899647,35.00280750664055,28.698797458632345,22.08921410621783,17.02681852504072
38.46562291544807,69.87437693478415,8.305656368664707,17.34991816407176,39.58144614163412,54.84717372983936,94.14448492870868,53.88324037973753
535.5673189272121,505.5437662129476,609.4096480582002,493.724159208291,646.0777829459129,645.0665793128528,388.1619625910864,608.3822367515654
0.6702784428602033,0.7842233997349326,-1.4811799915603696,1.1812461884566807,2.43853961971072,2.4911792732328952,1.3814553552564064,2.973696083411194
28.25172556750174,20.92159129150628,1287.965355503408,85.77161828158654,1111.3584974977243,-565.8812030300767,402.4258023357562,74.44455253543441
-0.000668941925942,0.0019024267783729,18475.16417101043,27901.95976419544,23634.10717243873,11119.83360887289,-855.8946936735804,24.855480533020675
0.0017265233569903,-0.0015312566862769,2106.615668639406,-1385.0598217128452,-873.7225091344291,-2231.7314261453,6.146608657654378,0.0016291073841923
0.0021253190767608,-0.0012957475204922,-652.9316612437573,3669.266906796736,-840.9409199818917,-1839.7959164114493,-0.0010622531993203,-0.0011635829421855
16.256265883904454,17.70540477669271,17.9807328305303,30.967453319048364,30.47753678870952,33.43476661347807,26.293153922060903,29.204743002353226
72.9489198027874,48.08275953108127,78.77957642470855,88.98560462227103,25.549908240204072,30.68672105045116,91.5173157000858,82.24387731420765
748.246459639967,637.6546058569982,541.9855610232065,672.3388726145133,401.3184353595297,554.4220205643595,731.9406932027345,404.2526785657236
0.9157956525035844,1.361951139740506,-0.4958148573323861,-0.1256098796788056,3.682337502257166,1.1756362995206722,0.1687799812717483,0.5163364504850063
-50.754502699310734,-128.52788850582013,1571.9506032995323,-254.4268195678991,-547.7917010968653,1775.5044122957936,1052.6985804367823,-3.14241812848023
-0.0024752436185754,0.000379079058371,17.450739969131064,24879.67377773758,11394.278481709782,18264.27467521672,20884.853740362712,2012.3593697346805
-0.0009032941619787,-0.0003133982736006,-221.0916744936553,405.38005762434943,-1104.7499715418533,260.894796596356,-1660.474826940331,0.0004932850448184
-0.002276895420807,-0.0009385743557846,149.48181855658228,-1106.4840903624029,-2135.206972767098,-2088.177612003854,4660.763517505159,-0.0012831223973894
22.839946884785505,26.21021156479197,14.893114624869028,24.37428086990329,29.370874517853046,26.43114378745172,25.965273216830035,23.2383931236892
28.346534280181046,54.66010209452377,26.004807779343658,54.954514742654304,20.825156002364608,28.61295719912594,99.0755455546592,50.60041381039357
431.9898692741767,628.1095211484711,444.5764216136748,688.8454246698149,569.6736358125224,553.806935238402,599.405166532233,634.4542593438257
0.6474756016119485,2.1808911841883614,1.4186863160603682,1.401953746783026,4.083154689047981,0.2742338683656118,4.081541787561393,-0.35166468424324
292.4307818388287,143.1708102580044,756.3139957027806,1200.6862171322082,-445.77221408393706,188.675269419051,283.5809903212396,968.4116821274084
0.0016889799122968,-0.0012694573946158,15817.214772865378,10895.591922329964,22561.66659838407,18935.72060892667,18513.309138538407,-1662.501423594184
0.0006660466611837,-0.0007843602006038,3842.74657805438,-1072.7321937431493,-249.99301558546,386.4915703908466,147.63456418550354,0.0005190894976936
0.0007464431569443,0.00153808562527,-1156.2717875145624,-233.15912384890044,867.7976987708953,445.6123530214,617.572114401082,-0.0016256870339189
34.13245654695962,21.79706657044412,42.29022363445585,31.680973245899647,35.00280750664055,28.698797458632345,22.08921410621783,17.02681852504072
38.46562291544807,69.87437693478415,8.305656368664707,17.34991816407176,39.58144614163412,54.84717372983936,94.14448492870868,53.88324037973753
535.5673189272121,505.5437662129476,609.4096480582002,493.724159208291,646.0777829459129,645.0665793128528,388.1619625910864,608.3822367515654
0.6702784428602033,0.7842233997349326,-1.4811799915603696,1.1812461884566807,2.43853961971072,2.4911792732328952,1.3814553552564064,2.973696083411194
28.25172556750174,20.92159129150628,1287.965355503408,85.77161828158654,1111.3584974977243,-565.8812030300767,402.4258023357562,74.44455253543441
-0.000668941925942,0.0019024267783729,18475.16417101043,27901.95976419544,23634.10717243873,11119.83360887289,-855.8946936735804,24.855480533020675
0.0017265233569903,-0.0015312566862769,2106.615668639406,-1385.0598217128452,-873.7225091344291,-2231.7314261453,6.146608657654378,0.0016291073841923
0.0021253190767608,-0.0012957475204922,-652.9316612437573,3669.266906796736,-840.9409199818917,-1839.7959164114493,-0.0010622531993203,-0.0011635829421855
16.256265883904454,17.70540477669271,17.9807328305303,30.967453319048364,30.47753678870952,33.43476661347807,26.293153922060903,29.204743002353226
72.9489198027874,48.08275953108127,78.77957642470855,88.98560462227103,25.549908240204072,30.68672105045116,91.5173157000858,82.24387731420765
748.246459639967,637.6546058569982,541.9855610232065,672.3388726145133,401.3184353595297,554.4220205643595,731.9406932027345,404.2526785657236
0.9157956525035844,1.361951139740506,-0.4958148573323861,-0.1256098796788056,3.682337502257166,1.1756362995206722,0.1687799812717483,0.5163364504850063
-50.754502699310734,-128.52788850582013,1571.9506032995323,-254.4268195678991,-547.7917010968653,1775.5044122957936,1052.6985804367823,-3.14241812848023
-0.0024752436185754,0.000379079058371,17.450739969131064,24879.67377773758,11394.278481709782,18264.27467521672,20884.853740362712,2012.3593697346805
-0.0009032941619787,-0.0003133982736006,-221.0916744936553,405.38005762434943,-1104.7499715418533,260.894796596356,-1660.474826940331,0.0004932850448184
-0.002276895420807,-0.0009385743557846,149.48181855658228,-1106.4840903624029,-2135.206972767098,-2088.177612003854,4660.763517505159,-0.0012831223973894
22.839946884785505,26.21021156479197,14.893114624869028,24.37428086990329,29.370874517853046,26.43114378745172,25.965273216830035,23.2383931236892
28.346534280181046,54.66010209452377,26.004807779343658,54.954514742654304,20.825156002364608,28.61295719912594,99.0755455546592,50.60041381039357
431.9898692741767,628.1095211484711,444.5764216136748,688.8454246698149,569.6736358125224,553.806935238402,599.405166532233,634.4542593438257
0.6474756016119485,2.1808911841883614,1.4186863160603682,1.401953746783026,4.083154689047981,0.2742338683656118,4.081541787561393,-0.35166468424324
292.4307818388287,143.1708102580044,756.3139957027806,1200.6862171322082,-445.77221408393706,188.675269419051,283.5809903212396,968.4116821274084
0.0016889799122968,-0.0012694573946158,15817.214772865378,10895.591922329964,22561.66659838407,18935.72060892667,18513.309138538407,-1662.501423594184
0.0006660466611837,-0.0007843602006038,3842.74657805438,-1072.7321937431493,-249.99301558546,386.4915703908466,147.63456418550354,0.0005190894976936
0.0007464431569443,0.00153808562527,-1156.2717875145624,-233.15912384890044,867.7976987708953,445.6123530214,617.572114401082,-0.0016256870339189
34.13245654695962,21.79706657044412,42.29022363445585,31.680973245899647,35.00280750664055,28.698797458632345,22.08921410621783,17.02681852504072
38.46562291544807,69.87437693478415,8.305656368664707,17.34991816407176,39.58144614163412,54.84717372983936,94.14448492870868,53.88324037973753
535.5673189272121,505.5437662129476,609.4096480582002,493.724159208291,646.0777829459129,645.0665793128528,388.1619625910864,608.3822367515654
0.6702784428602033,0.7842233997349326,-1.4811799915603696,1.1812461884566807,2.43853961971072,2.4911792732328952,1.3814553552564064,2.973696083411194
28.25172556750174,20.92159129150628,1287.965355503408,85.77161828158654,1111.3584974977243,-565.8812030300767,402.4258023357562,74.44455253543441
-0.000668941925942,0.0019024267783729,18475.16417101043,27901.95976419544,23634.10717243873,11119.83360887289,-855.8946936735804,24.855480533020675
0.0017265233569903,-0.0015312566862769,2106.615668639406,-1385.0598217128452,-873.7225091344291,-2231.7314261453,6.146608657654378,0.0016291073841923
0.0021253190767608,-0.0012957475204922,-652.9316612437573,3669.266906796736,-840.9409199818917,-1839.7959164114493,-0.0010622531993203,-0.0011635829421855
16.256265883904454,17.70540477669271,17.9807328305303,30.967453319048364,30.47753678870952,33.43476661347807,26.293153922060903,29.204743002353226
72.9489198027874,48.08275953108127,78.77957642470855,88.98560462227103,25.549908240204072,30.68672105045116,91.5173157000858,82.24387731420765
748.246459639967,637.6546058569982,541.9855610232065,672.3388726145133,401.3184353595297,554.4220205643595,731.9406932027345,404.2526785657236
0.9157956525035844,1.361951139740506,-0.4958148573323861,-0.1256098796788056,3.682337502257166,1.1756362995206722,0.1687799812717483,0.5163364504850063
-50.754502699310734,-128.52788850582013,1571.9506032995323,-254.4268195678991,-547.7917010968653,1775.5044122957936,1052.6985804367823,-3.14241812848023
-0.0024752436185754,0.000379079058371,17.450739969131064,24879.67377773758,11394.278481709782,18264.27467521672,20884.853740362712,2012.3593697346805
-0.0009032941619787,-0.0003133982736006,-221.0916744936553,405.38005762434943,-1104.7499715418533,260.894796596356,-1660.474826940331,0.0004932850448184
-0.002276895420807,-0.0009385743557846,149.48181855658228,-1106.4840903624029,-2135.206972767098,-2088.177612003854,4660.763517505159,-0.0012831223973894
22.839946884785505,26.21021156479197,14.893114624869028,24.37428086990329,29.370874517853046,26.43114378745172,25.965273216830035,23.2383931236892
28.346534280181046,54.66010209452377,26.004807779343658,54.954514742654304,20.825156002364608,28.61295719912594,99.0755455546592,50.60041381039357
431.9898692741767,628.1095211484711,444.5764216136748,688.8454246698149,569.6736358125224,553.806935238402,599.405166532233,634.4542593438257
0.6474756016119485,2.1808911841883614,1.4186863160603682,1.401953746783026,4.083154689047981,0.2742338683656118,4.081541787561393,-0.35166468424324
292.4307818388287,143.1708102580044,756.3139957027806,1200.6862171322082,-445.77221408393706,188.675269419051,283.5809903212396,968.4116821274084
0.0016889799122968,-0.0012694573946158,15817.214772865378,10895.591922329964,22561.66659838407,18935.72060892667,18513.309138538407,-1662.501423594184
0.0006660466611837,-0.0007843602006038,3842.74657805438,-1072.7321937431493,-249.99301558546,386.4915703908466,147.63456418550354,0.0005190894976936
0.0007464431569443,0.00153808562527,-1156.2717875145624,-233.15912384890044,867.7976987708953,445.6123530214,617.572114401082,-0.0016256870339189
34.13245654695962,21.79706657044412,42.29022363445585,31.680973245899647,35.00280750664055,28.698797458632345,22.08921410621783,17.02681852504072
38.46562291544807,69.87437693478415,8.305656368664707,17.34991816407176,39.58144614163412,54.84717372983936,94.14448492870868,53.88324037973753
535.5673189272121,505.5437662129476,609.4096480582002,493.724159208291,646.0777829459129,645.0665793128528,388.1619625910864,608.3822367515654
0.6702784428602033,0.7842233997349326,-1.4811799915603696,1.1812461884566807,2.43853961971072,2.4911792732328952,1.3814553552564064,2.973696083411194
28.25172556750174,20.92159129150628,1287.965355503408,85.77161828158654,1111.3584974977243,-565.8812030300767,402.4258023357562,74.44455253543441
-0.000668941925942,0.0019024267783729,18475.16417101043,27901.95976419544,23634.10717243873,11119.83360887289,-855.8946936735804,24.855480533020675
0.0017265233569903,-0.0015312566862769,2106.615668639406,-1385.0598217128452,-873.7225091344291,-2231.7314261453,6.146608657654378,0.0016291073841923
0.0021253190767608,-0.0012957475204922,-652.9316612437573,3669.266906796736,-840.9409199818917,-1839.7959164114493,-0.0010622531993203,-0.0011635829421855
16.256265883904454,17.70540477669271,17.9807328305303,30.967453319048364,30.47753678870952,33.43476661347807,26.293153922060903,29.204743002353226
72.9489198027874,48.08275953108127,78.77957642470855,88.98560462227103,25.549908240204072,30.68672105045116,91.5173157000858,82.24387731420765
748.246459639967,637.6546058569982,541.9855610232065,672.3388726145133,401.3184353595297,554.4220205643595,731.9406932027345,404.2526785657236
0.9157956525035844,1.361951139740506,-0.4958148573323861,-0.1256098796788056,3.682337502257166,1.1756362995206722,0.1687799812717483,0.5163364504850063
-50.754502699310734,-128.52788850582013,1571.9506032995323,-254.4268195678991,-547.7917010968653,1775.5044122957936,1052.6985804367823,-3.14241812848023
-0.0024752436185754,0.000379079058371,17.450739969131064,24879.67377773758,11394.278481709782,18264.27467521672,20884.853740362712,2012.3593697346805
-0.0009032941619787,-0.0003133982736006,-221.0916744936553,405.38005762434943,-1104.7499715418533,260.894796596356,-1660.474826940331,0.0004932850448184
-0.002276895420807,-0.0009385743557846,149.48181855658228,-1106.4840903624029,-2135.206972767098,-2088.177612003854,4660.763517505159,-0.0012831223973894
22.839946884785505,26.21021156479197,14.893114624869028,24.37428086990329,29.370874517853046,26.43114378745172,25.965273216830035,23.2383931236892
28.346534280181046,54.66010209452377,26.004807779343658,54.954514742654304,20.825156002364608,28.61295719912594,99.0755455546592,50.60041381039357
431.9898692741767,628.1095211484711,444.5764216136748,688.8454246698149,569.6736358125224,553.806935238402,599.405166532233,634.4542593438257
0.6474756016119485,2.1808911841883614,1.4186863160603682,1.401953746783026,4.083154689047981,0.2742338683656118,4.081541787561393,-0.35166468424324
292.4307818388287,143.1708102580044,756.3139957027806,1200.6862171322082,-445.77221408393706,188.675269419051,283.5809903212396,968.4116821274084
0.0016889799122968,-0.0012694573946158,15817.214772865378,10895.591922329964,22561.66659838407,18935.72060892667,18513.309138538407,-1662.501423594184
0.0006660466611837,-0.0007843602006038,3842.74657805438,-1072.7321937431493,-249.99301558546,386.4915703908466,147.63456418550354,0.0005190894976936
0.0007464431569443,0.00153808562527,-1156.2717875145624,-233.15912384890044,867.7976987708953,445.6123530214,617.572114401082,-0.0016256870339189
34.13245654695962,21.79706657044412,42.29022363445585,31.680973245899647,35.00280750664055,28.698797458632345,22.08921410621783,17.02681852504072
38.46562291544807,69.87437693478415,8.305656368664707,17.34991816407176,39.58144614163412,54.84717372983936,94.14448492870868,53.88324037973753
535.5673189272121,505.5437662129476,609.4096480582002,493.724159208291,646.0777829459129,645.0665793128528,388.1619625910864,608.3822367515654
0.6702784428602033,0.7842233997349326,-1.4811799915603696,1.1812461884566807,2.43853961971072,2.4911792732328952,1.3814553552564064,2.973696083411194
28.25172556750174,20.92159129150628,1287.965355503408,85.77161828158654,1111.3584974977243,-565.8812030300767,402.4258023357562,74.44455253543441
-0.000668941925942,0.0019024267783729,18475.16417101043,27901.95976419544,23634.10717243873,11119.83360887289,-855.8946936735804,24.855480533020675
0.0017265233569903,-0.0015312566862769,2106.615668639406,-1385.0598217128452,-873.7225091344291,-2231.7314261453,6.146608657654378,0.0016291073841923
0.0021253190767608,-0.0012957475204922,-652.9316612437573,3669.266906796736,-840.9409199818917,-1839.7959164114493,-0.0010622531993203,-0.0011635829421855
16.256265883904454,17.70540477669271,17.9807328305303,30.967453319048364,30.47753678870952,33.43476661347807,26.293153922060903,29.204743002353226
72.9489198027874,48.08275953108127,78.77957642470855,88.98560462227103,25.549908240204072,30.68672105045116,91.5173157000858,82.24387731420765
748.246459639967,637.6546058569982,541.9855610232065,672.3388726145133,401.3184353595297,554.4220205643595,731.9406932027345,404.2526785657236
0.9157956525035844,1.361951139740506,-0.4958148573323861,-0.1256098796788056,3.682337502257166,1.1756362995206722,0.1687799812717483,0.5163364504850063
-50.754502699310734,-128.52788850582013,1571.9506032995323,-254.4268195678991,-547.7917010968653,1775.5044122957936,1052.6985804367823,-3.14241812848023
-0.0024752436185754,0.000379079058371,17.450739969131064,24879.67377773758,11394.278481709782,18264.27467521672,20884.853740362712,2012.3593697346805
-0.0009032941619787,-0.0003133982736006,-221.0916744936553,405.38005762434943,-1104.7499715418533,260.894796596356,-1660.474826940331,0.0004932850448184
-0.002276895420807,-0.0009385743557846,149.48181855658228,-1106.4840903624029,-2135.206972767098,-2088.177612003854,4660.763517505159,-0.0012831223973894
22.839946884785505,26.21021156479197,14.893114624869028,24.37428086990329,29.370874517853046,26.43114378745172,25.965273216830035,23.2383931236892
28.346534280181046,54.66010209452377,26.004807779343658,54.954514742654304,20.825156002364608,28.61295719912594,99.0755455546592,50.60041381039357
431.9898692741767,628.1095211484711,444.5764216136748,688.8454246698149,569.6736358125224,553.806935238402,599.405166532233,634.4542593438257
0.6474756016119485,2.1808911841883614,1.4186863160603682,1.401953746783026,4.083154689047981,0.2742338683656118,4.081541787561393,-0.35166468424324
292.4307818388287,143.1708102580044,756.3139957027806,1200.6862171322082,-445.77221408393706,188.675269419051,283.5809903212396,968.4116821274084
0.0016889799122968,-0.0012694573946158,15817.214772865378,10895.591922329964,22561.66659838407,18935.72060892667,18513.309138538407,-1662.501423594184
0.0006660466611837,-0.0007843602006038,3842.74657805438,-1072.7321937431493,-249.99301558546,386.4915703908466,147.63456418550354,0.0005190894976936
0.0007464431569443,0.00153808562527,-1156.2717875145624,-233.15912384890044,867.7976987708953,445.6123530214,617.572114401082,-0.0016256870339189
34.13245654695962,21.79706657044412,42.29022363445585,31.680973245899647,35.00280750664055,28.698797458632345,22.08921410621783,17.02681852504072
38.46562291544807,69.87437693478415,8.305656368664707,17.34991816407176,39.58144614163412,54.84717372983936,94.14448492870868,53.88324037973753
535.5673189272121,505.5437662129476,609.4096480582002,493.724159208291,646.0777829459129,645.0665793128528,388.1619625910864,608.3822367515654
0.6702784428602033,0.7842233997349326,-1.4811799915603696,1.1812461884566807,2.43853961971072,2.4911792732328952,1.3814553552564064,2.973696083411194
28.25172556750174,20.92159129150628,1287.965355503408,85.77161828158654,1111.3584974977243,-565.8812030300767,402.4258023357562,74.44455253543441
-0.000668941925942,0.0019024267783729,18475.16417101043,27901.95976419544,23634.10717243873,11119.83360887289,-855.8946936735804,24.855480533020675
0.0017265233569903,-0.0015312566862769,2106.615668639406,-1385.0598217128452,-873.7225091344291,-2231.7314261453,6.146608657654378,0.0016291073841923
0.0021253190767608,-0.0012957475204922,-652.9316612437573,3669.266906796736,-840.9409199818917,-1839.7959164114493,-0.0010622531993203,-0.0011635829421855
16.256265883904454,17.70540477669271,17.9807328305303,30.967453319048364,30.47753678870952,33.43476661347807,26.293153922060903,29.204743002353226
72.9489198027874,48.08275953108127,78.77957642470855,88.98560462227103,25.549908240204072,30.68672105045116,91.5173157000858,82.24387731420765
748.246459639967,637.6546058569982,541.9855610232065,672.3388726145133,401.3184353595297,554.4220205643595,731.9406932027345,404.2526785657236
0.9157956525035844,1.361951139740506,-0.4958148573323861,-0.1256098796788056,3.682337502257166,1.1756362995206722,0.1687799812717483,0.5163364504850063
-50.754502699310734,-128.52788850582013,1571.9506032995323,-254.4268195678991,-547.7917010968653,1775.5044122957936,1052.6985804367823,-3.14241812848023
-0.0024752436185754,0.000379079058371,17.450739969131064,24879.67377773758,11394.278481709782,18264.27467521672,20884.853740362712,2012.3593697346805
-0.0009032941619787,-0.0003133982736006,-221.0916744936553,405.38005762434943,-1104.7499715418533,260.894796596356,-1660.474826940331,0.0004932850448184
-0.002276895420807,-0.0009385743557846,149.48181855658228,-1106.4840903624029,-2135.206972767098,-2088.177612003854,4660.763517505159,-0.0012831223973894
22.839946884785505,26.21021156479197,14.893114624869028,24.37428086990329,29.370874517853046,26.43114378745172,25.965273216830035,23.2383931236892
28.346534280181046,54.66010209452377,26.004807779343658,54.954514742654304,20.825156002364608,28.61295719912594,99.0755455546592,50.60041381039357
431.9898692741767,628.1095211484711,444.5764216136748,688.8454246698149,569.6736358125224,553.806935238402,599.405166532233,634.4542593438257
0.6474756016119485,2.1808911841883614,1.4186863160603682,1.401953746783026,4.083154689047981,0.2742338683656118,4.081541787561393,-0.35166468424324
292.4307818388287,143.1708102580044,756.3139957027806,1200.6862171322082,-445.77221408393706,188.675269419051,283.5809903212396,968.4116821274084
0.0016889799122968,-0.0012694573946158,15817.214772865378,10895.591922329964,22561.66659838407,18935.72060892667,18513.309138538407,-1662.501423594184
0.0006660466611837,-0.0007843602006038,3842.74657805438,-1072.7321937431493,-249.99301558546,386.4915703908466,147.63456418550354,0.0005190894976936
0.0007464431569443,0.00153808562527,-1156.2717875145624,-233.15912384890044,867.7976987708953,445.6123530214,617.572114401082,-0.0016256870339189
34.13245654695962,21.79706657044412,42.29022363445585,31.680973245899647,35.00280750664055,28.698797458632345,22.08921410621783,17.02681852504072
38.46562291544807,69.87437693478415,8.305656368664707,17.34991816407176,39.58144614163412,54.84717372983936,94.14448492870868,53.88324037973753
535.5673189272121,505.5437662129476,609.4096480582002,493.724159208291,646.0777829459129,645.0665793128528,388.1619625910864,608.3822367515654
0.6702784428602033,0.7842233997349326,-1.4811799915603696,1.1812461884566807,2.43853961971072,2.4911792732328952,1.3814553552564064,2.973696083411194
28.25172556750174,20.92159129150628,1287.965355503408,85.77161828158654,1111.3584974977243,-565.8812030300767,402.4258023357562,74.44455253543441
-0.000668941925942,0.0019024267783729,18475.16417101043,27901.95976419544,23634.10717243873,11119.83360887289,-855.8946936735804,24.855480533020675
0.0017265233569903,-0.0015312566862769,2106.615668639406,-1385.0598217128452,-873.7225091344291,-2231.7314261453,6.146608657654378,0.0016291073841923
0.0021253190767608,-0.0012957475204922,-652.9316612437573,3669.266906796736,-840.9409199818917,-1839.7959164114493,-0.0010622531993203,-0.0011635829421855
16.256265883904454,17.70540477669271,17.9807328305303,30.967453319048364,30.47753678870952,33.43476661347807,26.293153922060903,29.204743002353226
72.9489198027874,48.08275953108127,78.77957642470855,88.98560462227103,25.549908240204072,30.68672105045116,91.5173157000858,82.24387731420765
748.246459639967,637.6546058569982,541.9855610232065,672.3388726145133,401.3184353595297,554.4220205643595,731.9406932027345,404.2526785657236
0.9157956525035844,1.361951139740506,-0.4958148573323861,-0.1256098796788056,3.682337502257166,1.1756362995206722,0.1687799812717483,0.5163364504850063
-50.754502699310734,-128.52788850582013,1571.9506032995323,-254.4268195678991,-547.7917010968653,1775.5044122957936,1052.6985804367823,-3.14241812848023
-0.0024752436185754,0.000379079058371,17.450739969131064,24879.67377773758,11394.278481709782,18264.27467521672,20884.853740362712,2012.3593697346805
-0.0009032941619787,-0.0003133982736006,-221.0916744936553,405.38005762434943,-1104.7499715418533,260.894796596356,-1660.474826940331,0.0004932850448184
-0.002276895420807,-0.0009385743557846,149.48181855658228,-1106.4840903624029,-2135.206972767098,-2088.177612003854,4660.763517505159,-0.0012831223973894
22.839946884785505,26.21021156479197,14.893114624869028,24.37428086990329,29.370874517853046,26.43114378745172,25.965273216830035,23.2383931236892
28.346534280181046,54.66010209452377,26.004807779343658,54.954514742654304,20.825156002364608,28.61295719912594,99.0755455546592,50.60041381039357
431.9898692741767,628.1095211484711,444.5764216136748,688.8454246698149,569.6736358125224,553.806935238402,599.405166532233,634.4542593438257
0.6474756016119485,2.1808911841883614,1.4186863160603682,1.401953746783026,4.083154689047981,0.2742338683656118,4.081541787561393,-0.35166468424324
292.4307818388287,143.1708102580044,756.3139957027806,1200.6862171322082,-445.77221408393706,188.675269419051,283.5809903212396,968.4116821274084
0.0016889799122968,-0.0012694573946158,15817.214772865378,10895.591922329964,22561.66659838407,18935.72060892667,18513.309138538407,-1662.501423594184
0.0006660466611837,-0.0007843602006038,3842.74657805438,-1072.7321937431493,-249.99301558546,386.4915703908466,147.63456418550354,0.0005190894976936
0.0007464431569443,0.00153808562527,-1156.2717875145624,-233.15912384890044,867.7976987708953,445.6123530214,617.572114401082,-0.0016256870339189
34.13245654695962,21.79706657044412,42.29022363445585,31.680973245899647,35.00280750664055,28.698797458632345,22.08921410621783,17.02681852504072
38.46562291544807,69.87437693478415,8.305656368664707,17.34991816407176,39.58144614163412,54.84717372983936,94.14448492870868,53.88324037973753
535.5673189272121,505.5437662129476,609.4096480582002,493.724159208291,646.0777829459129,645.0665793128528,388.1619625910864,608.3822367515654
0.6702784428602033,0.7842233997349326,-1.4811799915603696,1.1812461884566807,2.43853961971072,2.4911792732328952,1.3814553552564064,2.973696083411194
28.25172556750174,20.92159129150628,1287.965355503408,85.77161828158654,1111.3584974977243,-565.8812030300767,402.4258023357562,74.44455253543441
-0.000668941925942,0.0019024267783729,18475.16417101043,27901.95976419544,23634.10717243873,11119.83360887289,-855.8946936735804,24.855480533020675
0.0017265233569903,-0.0015312566862769,2106.615668639406,-1385.0598217128452,-873.7225091344291,-2231.7314261453,6.146608657654378,0.0016291073841923
0.0021253190767608,-0.0012957475204922,-652.9316612437573,3669.266906796736,-840.9409199818917,-1839.7959164114493,-0.0010622531993203,-0.0011635829421855
16.256265883904454,17.70540477669271,17.9807328305303,30.967453319048364,30.47753678870952,33.43476661347807,26.293153922060903,29.204743002353226
72.9489198027874,48.08275953108127,78.77957642470855,88.98560462227103,25.549908240204072,30.68672105045116,91.5173157000858,82.24387731420765
748.246459639967,637.6546058569982,541.9855610232065,672.3388726145133,401.3184353595297,554.4220205643595,731.9406932027345,404.2526785657236
0.9157956525035844,1.361951139740506,-0.4958148573323861,-0.1256098796788056,3.682337502257166,1.1756362995206722,0.1687799812717483,0.5163364504850063
-50.754502699310734,-128.52788850582013,1571.9506032995323,-254.4268195678991,-547.7917010968653,1775.5044122957936,1052.6985804367823,-3.14241812848023
-0.0024752436185754,0.000379079058371,17.450739969131064,24879.67377773758,11394.278481709782,18264.27467521672,20884.853740362712,2012.3593697346805
-0.0009032941619787,-0.0003133982736006,-221.0916744936553,405.38005762434943,-1104.7499715418533,260.894796596356,-1660.474826940331,0.0004932850448184
-0.002276895420807,-0.0009385743557846,149.48181855658228,-1106.4840903624029,-2135.206972767098,-2088.177612003854,4660.763517505159,-0.0012831223973894
22.839946884785505,26.21021156479197,14.893114624869028,24.37428086990329,29.370874517853046,26.43114378745172,25.965273216830035,23.2383931236892
28.346534280181046,54.66010209452377,26.004807779343658,54.954514742654304,20.825156002364608,28.61295719912594,99.0755455546592,50.60041381039357
431.9898692741767,628.1095211484711,444.5764216136748,688.8454246698149,569.6736358125224,553.806935238402,599.405166532233,634.4542593438257
0.6474756016119485,2.1808911841883614,1.4186863160603682,1.401953746783026,4.083154689047981,0.2742338683656118,4.081541787561393,-0.35166468424324
292.4307818388287,143.1708102580044,756.3139957027806,1200.6862171322082,-445.77221408393706,188.675269419051,283.5809903212396,968.4116821274084
0.0016889799122968,-0.0012694573946158,15817.214772865378,10895.591922329964,22561.66659838407,18935.72060892667,18513.309138538407,-1662.501423594184
0.0006660466611837,-0.0007843602006038,3842.74657805438,-1072.7321937431493,-249.99301558546,386.4915703908466,147.63456418550354,0.0005190894976936
0.0007464431569443,0.00153808562527,-1156.2717875145624,-233.15912384890044,867.7976987708953,445.6123530214,617.572114401082,-0.0016256870339189
34.13245654695962,21.79706657044412,42.29022363445585,31.680973245899647,35.00280750664055,28.698797458632345,22.08921410621783,17.02681852504072
38.46562291544807,69.87437693478415,8.305656368664707,17.34991816407176,39.58144614163412,54.84717372983936,94.14448492870868,53.88324037973753
535.5673189272121,505.5437662129476,609.4096480582002,493.724159208291,646.0777829459129,645.0665793128528,388.1619625910864,608.3822367515654
0.6702784428602033,0.7842233997349326,-1.4811799915603696,1.1812461884566807,2.43853961971072,2.4911792732328952,1.3814553552564064,2.973696083411194
28.25172556750174,20.92159129150628,1287.965355503408,85.77161828158654,1111.3584974977243,-565.8812030300767,402.4258023357562,74.44455253543441
-0.000668941925942,0.0019024267783729,18475.16417101043,27901.95976419544,23634.10717243873,11119.83360887289,-855.8946936735804,24.855480533020675
0.0017265233569903,-0.0015312566862769,2106.615668639406,-1385.0598217128452,-873.7225091344291,-2231.7314261453,6.146608657654378,0.0016291073841923
0.0021253190767608,-0.0012957475204922,-652.9316612437573,3669.266906796736,-840.9409199818917,-1839.7959164114493,-0.0010622531993203,-0.0011635829421855
16.256265883904454,17.70540477669271,17.9807328305303,30.967453319048364,30.47753678870952,33.43476661347807,26.293153922060903,29.204743002353226
72.9489198027874,48.08275953108127,78.77957642470855,88.98560462227103,25.549908240204072,30.68672105045116,91.5173157000858,82.24387731420765
748.246459639967,637.6546058569982,541.9855610232065,672.3388726145133,401.3184353595297,554.4220205643595,731.9406932027345,404.2526785657236
0.9157956525035844,1.361951139740506,-0.4958148573323861,-0.1256098796788056,3.682337502257166,1.1756362995206722,0.1687799812717483,0.5163364504850063
-50.754502699310734,-128.52788850582013,1571.9506032995323,-254.4268195678991,-547.7917010968653,1775.5044122957936,1052.6985804367823,-3.14241812848023
-0.0024752436185754,0.000379079058371,17.450739969131064,24879.67377773758,11394.278481709782,18264.27467521672,20884.853740362712,2012.3593697346805
-0.0009032941619787,-0.0003133982736006,-221.0916744936553,405.38005762434943,-1104.7499715418533,260.894796596356,-1660.474826940331,0.0004932850448184
-0.002276895420807,-0.0009385743557846,149.48181855658228,-1106.4840903624029,-2135.206972767098,-2088.177612003854,4660.763517505159,-0.0012831223973894
22.839946884785505,26.21021156479197,14.893114624869028,24.37428086990329,29.370874517853046,26.43114378745172,25.965273216830035,23.2383931236892
28.346534280181046,54.66010209452377,26.004807779343658,54.954514742654304,20.825156002364608,28.61295719912594,99.0755455546592,50.60041381039357
431.9898692741767,628.1095211484711,444.5764216136748,688.8454246698149,569.6736358125224,553.806935238402,599.405166532233,634.4542593438257
0.6474756016119485,2.1808911841883614,1.4186863160603682,1.401953746783026,4.083154689047981,0.2742338683656118,4.081541787561393,-0.35166468424324
292.4307818388287,143.1708102580044,756.3139957027806,1200.6862171322082,-445.77221408393706,188.675269419051,283.5809903212396,968.4116821274084
0.0016889799122968,-0.0012694573946158,15817.214772865378,10895.591922329964,22561.66659838407,18935.72060892667,18513.309138538407,-1662.501423594184
0.0006660466611837,-0.0007843602006038,3842.74657805438,-1072.7321937431493,-249.99301558546,386.4915703908466,147.63456418550354,0.0005190894976936
0.0007464431569443,0.00153808562527,-1156.2717875145624,-233.15912384890044,867.7976987708953,445.6123530214,617.572114401082,-0.0016256870339189
34.13245654695962,21.79706657044412,42.29022363445585,31.680973245899647,35.00280750664055,28.698797458632345,22.08921410621783,17.02681852504072
38.46562291544807,69.87437693478415,8.305656368664707,17.34991816407176,39.58144614163412,54.84717372983936,94.14448492870868,53.88324037973753
535.5673189272121,505.5437662129476,609.4096480582002,493.724159208291,646.0777829459129,645.0665793128528,388.1619625910864,608.3822367515654
0.6702784428602033,0.7842233997349326,-1.4811799915603696,1.1812461884566807,2.43853961971072,2.4911792732328952,1.3814553552564064,2.973696083411194
28.25172556750174,20.92159129150628,1287.965355503408,85.77161828158654,1111.3584974977243,-565.8812030300767,402.4258023357562,74.44455253543441
-0.000668941925942,0.0019024267783729,18475.16417101043,27901.95976419544,23634.10717243873,11119.83360887289,-855.8946936735804,24.855480533020675
0.0017265233569903,-0.0015312566862769,2106.615668639406,-1385.0598217128452,-873.7225091344291,-2231.7314261453,6.146608657654378,0.0016291073841923
0.0021253190767608,-0.0012957475204922,-652.9316612437573,3669.266906796736,-840.9409199818917,-1839.7959164114493,-0.0010622531993203,-0.0011635829421855
16.256265883904454,17.70540477669271,17.9807328305303,30.967453319048364,30.47753678870952,33.43476661347807,26.293153922060903,29.204743002353226
72.9489198027874,48.08275953108127,78.77957642470855,88.98560462227103,25.549908240204072,30.68672105045116,91.5173157000858,82.24387731420765
748.246459639967,637.6546058569982,541.9855610232065,672.3388726145133,401.3184353595297,554.4220205643595,731.9406932027345,404.2526785657236
0.9157956525035844,1.361951139740506,-0.4958148573323861,-0.1256098796788056,3.682337502257166,1.1756362995206722,0.1687799812717483,0.5163364504850063
-50.754502699310734,-128.52788850582013,1571.9506032995323,-254.4268195678991,-547.7917010968653,1775.5044122957936,1052.6985804367823,-3.14241812848023
-0.0024752436185754,0.000379079058371,17.450739969131064,24879.67377773758,11394.278481709782,18264.27467521672,20884.853740362712,2012.3593697346805
-0.0009032941619787,-0.0003133982736006,-221.0916744936553,405.38005762434943,-1104.7499715418533,260.894796596356,-1660.474826940331,0.0004932850448184
-0.002276895420807,-0.0009385743557846,149.48181855658228,-1106.4840903624029,-2135.206972767098,-2088.177612003854,4660.763517505159,-0.0012831223973894
22.839946884785505,26.21021156479197,14.893114624869028,24.37428086990329,29.370874517853046,26.43114378745172,25.965273216830035,23.2383931236892
28.346534280181046,54.66010209452377,26.004807779343658,54.954514742654304,20.825156002364608,28.61295719912594,99.0755455546592,50.60041381039357
431.9898692741767,628.1095211484711,444.5764216136748,688.8454246698149,569.6736358125224,553.806935238402,599.405166532233,634.4542593438257
0.6474756016119485,2.1808911841883614,1.4186863160603682,1.401953746783026,4.083154689047981,0.2742338683656118,4.081541787561393,-0.35166468424324
292.4307818388287,143.1708102580044,756.3139957027806,1200.6862171322082,-445.77221408393706,188.675269419051,283.5809903212396,968.4116821274084
0.0016889799122968,-0.0012694573946158,15817.214772865378,10895.591922329964,22561.66659838407,18935.72060892667,18513.309138538407,-1662.501423594184
0.0006660466611837,-0.0007843602006038,3842.74657805438,-1072.7321937431493,-249.99301558546,386.4915703908466,147.63456418550354,0.0005190894976936
0.0007464431569443,0.00153808562527,-1156.2717875145624,-233.15912384890044,867.7976987708953,445.6123530214,617.572114401082,-0.0016256870339189
34.13245654695962,21.79706657044412,42.29022363445585,31.680973245899647,35.00280750664055,28.698797458632345,22.08921410621783,17.02681852504072
38.46562291544807,69.87437693478415,8.305656368664707,17.34991816407176,39.58144614163412,54.84717372983936,94.14448492870868,53.88324037973753
535.5673189272121,505.5437662129476,609.4096480582002,493.724159208291,646.0777829459129,645.0665793128528,388.1619625910864,608.3822367515654
0.6702784428602033,0.7842233997349326,-1.4811799915603696,1.1812461884566807,2.43853961971072,2.4911792732328952,1.3814553552564064,2.973696083411194
28.25172556750174,20.92159129150628,1287.965355503408,85.77161828158654,1111.3584974977243,-565.8812030300767,402.4258023357562,74.44455253543441
-0.000668941925942,0.0019024267783729,18475.16417101043,27901.95976419544,23634.10717243873,11119.83360887289,-855.8946936735804,24.855480533020675
0.0017265233569903,-0.0015312566862769,2106.615668639406,-1385.0598217128452,-873.7225091344291,-2231.7314261453,6.146608657654378,0.0016291073841923
0.0021253190767608,-0.0012957475204922,-652.9316612437573,3669.266906796736,-840.9409199818917,-1839.7959164114493,-0.0010622531993203,-0.0011635829421855
16.256265883904454,17.70540477669271,17.9807328305303,30.967453319048364,30.47753678870952,33.43476661347807,26.293153922060903,29.204743002353226
72.9489198027874,48.08275953108127,78.77957642470855,88.98560462227103,25.549908240204072,30.68672105045116,91.5173157000858,82.24387731420765
748.246459639967,637.6546058569982,541.9855610232065,672.3388726145133,401.3184353595297,554.4220205643595,731.9406932027345,404.2526785657236
0.9157956525035844,1.361951139740506,-0.4958148573323861,-0.1256098796788056,3.682337502257166,1.1756362995206722,0.1687799812717483,0.5163364504850063
-50.754502699310734,-128.52788850582013,1571.9506032995323,-254.4268195678991,-547.7917010968653,1775.5044122957936,1052.6985804367823,-3.14241812848023
-0.0024752436185754,0.000379079058371,17.450739969131064,24879.67377773758,11394.278481709782,18264.27467521672,20884.853740362712,2012.3593697346805
-0.0009032941619787,-0.0003133982736006,-221.0916744936553,405.38005762434943,-1104.7499715418533,260.894796596356,-1660.474826940331,0.0004932850448184
-0.002276895420807,-0.0009385743557846,149.48181855658228,-1106.4840903624029,-2135.206972767098,-2088.177612003854,4660.763517505159,-0.0012831223973894
22.839946884785505,26.21021156479197,14.893114624869028,24.37428086990329,29.370874517853046,26.43114378745172,25.965273216830035,23.2383931236892
28.346534280181046,54.66010209452377,26.004807779343658,54.954514742654304,20.825156002364608,28.61295719912594,99.0755455546592,50.60041381039357
431.9898692741767,628.1095211484711,444.5764216136748,688.8454246698149,569.6736358125224,553.806935238402,599.405166532233,634.4542593438257
0.6474756016119485,2.1808911841883614,1.4186863160603682,1.401953746783026,4.083154689047981,0.2742338683656118,4.081541787561393,-0.35166468424324
292.4307818388287,143.1708102580044,756.3139957027806,1200.6862171322082,-445.77221408393706,188.675269419051,283.5809903212396,968.4116821274084
0.0016889799122968,-0.0012694573946158,15817.214772865378,10895.591922329964,22561.66659838407,18935.72060892667,18513.309138538407,-1662.501423594184
0.0006660466611837,-0.0007843602006038,3842.74657805438,-1072.7321937431493,-249.99301558546,386.4915703908466,147.63456418550354,0.0005190894976936
0.0007464431569443,0.00153808562527,-1156.2717875145624,-233.15912384890044,867.7976987708953,445.6123530214,617.572114401082,-0.0016256870339189
34.13245654695962,21.79706657044412,42.29022363445585,31.680973245899647,35.00280750664055,28.698797458632345,22.08921410621783,17.02681852504072
38.46562291544807,69.87437693478415,8.305656368664707,17.34991816407176,39.58144614163412,54.84717372983936,94.14448492870868,53.88324037973753
535.5673189272121,505.5437662129476,609.4096480582002,493.724159208291,646.0777829459129,645.0665793128528,388.1619625910864,608.3822367515654
0.6702784428602033,0.7842233997349326,-1.4811799915603696,1.1812461884566807,2.43853961971072,2.4911792732328952,1.3814553552564064,2.973696083411194
28.25172556750174,20.92159129150628,1287.965355503408,85.77161828158654,1111.3584974977243,-565.8812030300767,402.4258023357562,74.44455253543441
-0.000668941925942,0.0019024267783729,18475.16417101043,27901.95976419544,23634.10717243873,11119.83360887289,-855.8946936735804,24.855480533020675
0.0017265233569903,-0.0015312566862769,2106.615668639406,-1385.0598217128452,-873.7225091344291,-2231.7314261453,6.146608657654378,0.0016291073841923
0.0021253190767608,-0.0012957475204922,-652.9316612437573,3669.266906796736,-840.9409199818917,-1839.7959164114493,-0.0010622531993203,-0.0011635829421855
16.256265883904454,17.70540477669271,17.9807328305303,30.967453319048364,30.47753678870952,33.43476661347807,26.293153922060903,29.204743002353226
72.9489198027874,48.08275953108127,78.77957642470855,88.98560462227103,25.549908240204072,30.68672105045116,91.5173157000858,82.24387731420765
748.246459639967,637.6546058569982,541.9855610232065,672.3388726145133,401.3184353595297,554.4220205643595,731.9406932027345,404.2526785657236
0.9157956525035844,1.361951139740506,-0.4958148573323861,-0.1256098796788056,3.682337502257166,1.1756362995206722,0.1687799812717483,0.5163364504850063
-50.754502699310734,-128.52788850582013,1571.9506032995323,-254.4268195678991,-547.7917010968653,1775.5044122957936,1052.6985804367823,-3.14241812848023
-0.0024752436185754,0.000379079058371,17.450739969131064,24879.67377773758,11394.278481709782,18264.27467521672,20884.853740362712,2012.3593697346805
-0.0009032941619787,-0.0003133982736006,-221.0916744936553,405.38005762434943,-1104.7499715418533,260.894796596356,-1660.474826940331,0.0004932850448184
-0.002276895420807,-0.0009385743557846,149.48181855658228,-1106.4840903624029,-2135.206972767098,-2088.177612003854,4660.763517505159,-0.0012831223973894
22.839946884785505,26.21021156479197,14.893114624869028,24.37428086990329,29.370874517853046,26.43114378745172,25.965273216830035,23.2383931236892
28.346534280181046,54.66010209452377,26.004807779343658,54.954514742654304,20.825156002364608,28.61295719912594,99.0755455546592,50.60041381039357
431.9898692741767,628.1095211484711,444.5764216136748,688.8454246698149,569.6736358125224,553.806935238402,599.405166532233,634.4542593438257
0.6474756016119485,2.1808911841883614,1.4186863160603682,1.401953746783026,4.083154689047981,0.2742338683656118,4.081541787561393,-0.35166468424324
292.4307818388287,143.1708102580044,756.3139957027806,1200.6862171322082,-445.77221408393706,188.675269419051,283.5809903212396,968.4116821274084
0.0016889799122968,-0.0012694573946158,15817.214772865378,10895.591922329964,22561.66659838407,18935.72060892667,18513.309138538407,-1662.501423594184
0.0006660466611837,-0.0007843602006038,3842.74657805438,-1072.7321937431493,-249.99301558546,386.4915703908466,147.63456418550354,0.0005190894976936
0.0007464431569443,0.00153808562527,-1156.2717875145624,-233.15912384890044,867.7976987708953,445.6123530214,617.572114401082,-0.0016256870339189
34.13245654695962,21.79706657044412,42.29022363445585,31.680973245899647,35.00280750664055,28.698797458632345,22.08921410621783,17.02681852504072
38.46562291544807,69.87437693478415,8.305656368664707,17.34991816407176,39.58144614163412,54.84717372983936,94.14448492870868,53.88324037973753
535.5673189272121,505.5437662129476,609.4096480582002,493.724159208291,646.0777829459129,645.0665793128528,388.1619625910864,608.3822367515654
0.6702784428602033,0.7842233997349326,-1.4811799915603696,1.1812461884566807,2.43853961971072,2.4911792732328952,1.3814553552564064,2.973696083411194
28.25172556750174,20.92159129150628,1287.965355503408,85.77161828158654,1111.3584974977243,-565.8812030300767,402.4258023357562,74.44455253543441
-0.000668941925942,0.0019024267783729,18475.16417101043,27901.95976419544,23634.10717243873,11119.83360887289,-855.8946936735804,24.855480533020675
0.0017265233569903,-0.0015312566862769,2106.615668639406,-1385.0598217128452,-873.7225091344291,-2231.7314261453,6.146608657654378,0.0016291073841923
0.0021253190767608,-0.0012957475204922,-652.9316612437573,3669.266906796736,-840.9409199818917,-1839.7959164114493,-0.0010622531993203,-0.0011635829421855
16.256265883904454,17.70540477669271,17.9807328305303,30.967453319048364,30.47753678870952,33.43476661347807,26.293153922060903,29.204743002353226
72.9489198027874,48.08275953108127,78.77957642470855,88.98560462227103,25.549908240204072,30.68672105045116,91.5173157000858,82.24387731420765
748.246459639967,637.6546058569982,541.9855610232065,672.3388726145133,401.3184353595297,554.4220205643595,731.9406932027345,404.2526785657236
0.9157956525035844,1.361951139740506,-0.4958148573323861,-0.1256098796788056,3.682337502257166,1.1756362995206722,0.1687799812717483,0.5163364504850063
-50.754502699310734,-128.52788850582013,1571.9506032995323,-254.4268195678991,-547.7917010968653,1775.5044122957936,1052.6985804367823,-3.14241812848023
-0.0024752436185754,0.000379079058371,17.450739969131064,24879.67377773758,11394.278481709782,18264.27467521672,20884.853740362712,2012.3593697346805
-0.0009032941619787,-0.0003133982736006,-221.0916744936553,405.38005762434943,-1104.7499715418533,260.894796596356,-1660.474826940331,0.0004932850448184
-0.002276895420807,-0.0009385743557846,149.48181855658228,-1106.4840903624029,-2135.206972767098,-2088.177612003854,4660.763517505159,-0.0012831223973894
22.839946884785505,26.21021156479197,14.893114624869028,24.37428086990329,29.370874517853046,26.43114378745172,25.965273216830035,23.2383931236892
28.346534280181046,54.66010209452377,26.004807779343658,54.954514742654304,20.825156002364608,28.61295719912594,99.0755455546592,50.60041381039357
431.9898692741767,628.1095211484711,444.5764216136748,688.8454246698149,569.6736358125224,553.806935238402,599.405166532233,634.4542593438257
0.6474756016119485,2.1808911841883614,1.4186863160603682,1.401953746783026,4.083154689047981,0.2742338683656118,4.081541787561393,-0.35166468424324
292.4307818388287,143.1708102580044,756.3139957027806,1200.6862171322082,-445.77221408393706,188.675269419051,283.5809903212396,968.4116821274084
0.0016889799122968,-0.0012694573946158,15817.214772865378,10895.591922329964,22561.66659838407,18935.72060892667,18513.309138538407,-1662.501423594184
0.0006660466611837,-0.0007843602006038,3842.74657805438,-1072.7321937431493,-249.99301558546,386.4915703908466,147.63456418550354,0.0005190894976936
0.0007464431569443,0.00153808562527,-1156.2717875145624,-233.15912384890044,867.7976987708953,445.6123530214,617.572114401082,-0.0016256870339189
34.13245654695962,21.79706657044412,42.29022363445585,31.680973245899647,35.00280750664055,28.698797458632345,22.08921410621783,17.02681852504072
38.46562291544807,69.87437693478415,8.305656368664707,17.34991816407176,39.58144614163412,54.84717372983936,94.14448492870868,53.88324037973753
535.5673189272121,505.5437662129476,609.4096480582002,493.724159208291,646.0777829459129,645.0665793128528,388.1619625910864,608.3822367515654
0.6702784428602033,0.7842233997349326,-1.4811799915603696,1.1812461884566807,2.43853961971072,2.4911792732328952,1.3814553552564064,2.973696083411194
28.25172556750174,20.92159129150628,1287.965355503408,85.77161828158654,1111.3584974977243,-565.8812030300767,402.4258023357562,74.44455253543441
-0.000668941925942,0.0019024267783729,18475.16417101043,27901.95976419544,23634.10717243873,11119.83360887289,-855.8946936735804,24.855480533020675
0.0017265233569903,-0.0015312566862769,2106.615668639406,-1385.0598217128452,-873.7225091344291,-2231.7314261453,6.146608657654378,0.0016291073841923
0.0021253190767608,-0.0012957475204922,-652.9316612437573,3669.266906796736,-840.9409199818917,-1839.7959164114493,-0.0010622531993203,-0.0011635829421855
16.256265883904454,17.70540477669271,17.9807328305303,30.967453319048364,30.47753678870952,33.43476661347807,26.293153922060903,29.204743002353226
72.9489198027874,48.08275953108127,78.77957642470855,88.98560462227103,25.549908240204072,30.68672105045116,91.5173157000858,82.24387731420765
748.246459639967,637.6546058569982,541.9855610232065,672.3388726145133,401.3184353595297,554.4220205643595,731.9406932027345,404.2526785657236
0.9157956525035844,1.361951139740506,-0.4958148573323861,-0.1256098796788056,3.682337502257166,1.1756362995206722,0.1687799812717483,0.5163364504850063
-50.754502699310734,-128.52788850582013,1571.9506032995323,-254.4268195678991,-547.7917010968653,1775.5044122957936,1052.6985804367823,-3.14241812848023
-0.0024752436185754,0.000379079058371,17.450739969131064,24879.67377773758,11394.278481709782,18264.27467521672,20884.853740362712,2012.3593697346805
-0.0009032941619787,-0.0003133982736006,-221.0916744936553,405.38005762434943,-1104.7499715418533,260.894796596356,-1660.474826940331,0.0004932850448184
-0.002276895420807,-0.0009385743557846,149.48181855658228,-1106.4840903624029,-2135.206972767098,-2088.177612003854,4660.763517505159,-0.0012831223973894
22.839946884785505,26.21021156479197,14.893114624869028,24.37428086990329,29.370874517853046,26.43114378745172,25.965273216830035,23.2383931236892
28.346534280181046,54.66010209452377,26.004807779343658,54.954514742654304,20.825156002364608,28.61295719912594,99.0755455546592,50.60041381039357
431.9898692741767,628.1095211484711,444.5764216136748,688.8454246698149,569.6736358125224,553.806935238402,599.405166532233,634.4542593438257
0.6474756016119485,2.1808911841883614,1.4186863160603682,1.401953746783026,4.083154689047981,0.2742338683656118,4.081541787561393,-0.35166468424324
292.4307818388287,143.1708102580044,756.3139957027806,1200.6862171322082,-445.77221408393706,188.675269419051,283.5809903212396,968.4116821274084
0.0016889799122968,-0.0012694573946158,15817.214772865378,10895.591922329964,22561.66659838407,18935.72060892667,18513.309138538407,-1662.501423594184
0.0006660466611837,-0.0007843602006038,3842.74657805438,-1072.7321937431493,-249.99301558546,386.4915703908466,147.63456418550354,0.0005190894976936
0.0007464431569443,0.00153808562527,-1156.2717875145624,-233.15912384890044,867.7976987708953,445.6123530214,617.572114401082,-0.0016256870339189
34.13245654695962,21.79706657044412,42.29022363445585,31.680973245899647,35.00280750664055,28.698797458632345,22.08921410621783,17.02681852504072
38.46562291544807,69.87437693478415,8.305656368664707,17.34991816407176,39.58144614163412,54.84717372983936,94.14448492870868,53.88324037973753
535.5673189272121,505.5437662129476,609.4096480582002,493.724159208291,646.0777829459129,645.0665793128528,388.1619625910864,608.3822367515654
0.6702784428602033,0.7842233997349326,-1.4811799915603696,1.1812461884566807,2.43853961971072,2.4911792732328952,1.3814553552564064,2.973696083411194
28.25172556750174,20.92159129150628,1287.965355503408,85.77161828158654,1111.3584974977243,-565.8812030300767,402.4258023357562,74.44455253543441
-0.000668941925942,0.0019024267783729,18475.16417101043,27901.95976419544,23634.10717243873,11119.83360887289,-855.8946936735804,24.855480533020675
0.0017265233569903,-0.0015312566862769,2106.615668639406,-1385.0598217128452,-873.7225091344291,-2231.7314261453,6.146608657654378,0.0016291073841923
0.0021253190767608,-0.0012957475204922,-652.9316612437573,3669.266906796736,-840.9409199818917,-1839.7959164114493,-0.0010622531993203,-0.0011635829421855
16.256265883904454,17.70540477669271,17.9807328305303,30.967453319048364,30.47753678870952,33.43476661347807,26.293153922060903,29.204743002353226
72.9489198027874,48.08275953108127,78.77957642470855,88.98560462227103,25.549908240204072,30.68672105045116,91.5173157000858,82.24387731420765
748.246459639967,637.6546058569982,541.9855610232065,672.3388726145133,401.3184353595297,554.4220205643595,731.9406932027345,404.2526785657236
0.9157956525035844,1.361951139740506,-0.4958148573323861,-0.1256098796788056,3.682337502257166,1.1756362995206722,0.1687799812717483,0.5163364504850063
-50.754502699310734,-128.52788850582013,1571.9506032995323,-254.4268195678991,-547.7917010968653,1775.5044122957936,1052.6985804367823,-3.14241812848023
-0.0024752436185754,0.000379079058371,17.450739969131064,24879.67377773758,11394.278481709782,18264.27467521672,20884.853740362712,2012.3593697346805
-0.0009032941619787,-0.0003133982736006,-221.0916744936553,405.38005762434943,-1104.7499715418533,260.894796596356,-1660.474826940331,0.0004932850448184
-0.002276895420807,-0.0009385743557846,149.48181855658228,-1106.4840903624029,-2135.206972767098,-2088.177612003854,4660.763517505159,-0.0012831223973894
22.839946884785505,26.21021156479197,14.893114624869028,24.37428086990329,29.370874517853046,26.43114378745172,25.965273216830035,23.2383931236892
28.346534280181046,54.66010209452377,26.004807779343658,54.954514742654304,20.825156002364608,28.61295719912594,99.0755455546592,50.60041381039357
431.9898692741767,628.1095211484711,444.5764216136748,688.8454246698149,569.6736358125224,553.806935238402,599.405166532233,634.4542593438257
0.6474756016119485,2.1808911841883614,1.4186863160603682,1.401953746783026,4.083154689047981,0.2742338683656118,4.081541787561393,-0.35166468424324
292.4307818388287,143.1708102580044,756.3139957027806,1200.6862171322082,-445.77221408393706,188.675269419051,283.5809903212396,968.4116821274084
0.0016889799122968,-0.0012694573946158,15817.214772865378,10895.591922329964,22561.66659838407,18935.72060892667,18513.309138538407,-1662.501423594184
0.0006660466611837,-0.0007843602006038,3842.74657805438,-1072.7321937431493,-249.99301558546,386.4915703908466,147.63456418550354,0.0005190894976936
0.0007464431569443,0.00153808562527,-1156.2717875145624,-233.15912384890044,867.7976987708953,445.6123530214,617.572114401082,-0.0016256870339189
34.13245654695962,21.79706657044412,42.29022363445585,31.680973245899647,35.00280750664055,28.698797458632345,22.08921410621783,17.02681852504072
38.46562291544807,69.87437693478415,8.305656368664707,17.34991816407176,39.58144614163412,54.84717372983936,94.14448492870868,53.88324037973753
535.5673189272121,505.5437662129476,609.4096480582002,493.724159208291,646.0777829459129,645.0665793128528,388.1619625910864,608.3822367515654
0.6702784428602033,0.7842233997349326,-1.4811799915603696,1.1812461884566807,2.43853961971072,2.4911792732328952,1.3814553552564064,2.973696083411194
28.25172556750174,20.92159129150628,1287.965355503408,85.77161828158654,1111.3584974977243,-565.8812030300767,402.4258023357562,74.44455253543441
-0.000668941925942,0.0019024267783729,18475.16417101043,27901.95976419544,23634.10717243873,11119.83360887289,-855.8946936735804,24.855480533020675
0.0017265233569903,-0.0015312566862769,2106.615668639406,-1385.0598217128452,-873.7225091344291,-2231.7314261453,6.146608657654378,0.0016291073841923
0.0021253190767608,-0.0012957475204922,-652.9316612437573,3669.266906796736,-840.9409199818917,-1839.7959164114493,-0.0010622531993203,-0.0011635829421855
16.256265883904454,17.70540477669271,17.9807328305303,30.967453319048364,30.47753678870952,33.43476661347807,26.293153922060903,29.204743002353226
72.9489198027874,48.08275953108127,78.77957642470855,88.98560462227103,25.549908240204072,30.68672105045116,91.5173157000858,82.24387731420765
748.246459639967,637.6546058569982,541.9855610232065,672.3388726145133,401.3184353595297,554.4220205643595,731.9406932027345,404.2526785657236
0.9157956525035844,1.361951139740506,-0.4958148573323861,-0.1256098796788056,3.682337502257166,1.1756362995206722,0.1687799812717483,0.5163364504850063
-50.754502699310734,-128.52788850582013,1571.9506032995323,-254.4268195678991,-547.7917010968653,1775.5044122957936,1052.6985804367823,-3.14241812848023
-0.0024752436185754,0.000379079058371,17.450739969131064,24879.67377773758,11394.278481709782,18264.27467521672,20884.853740362712,2012.3593697346805
-0.0009032941619787,-0.0003133982736006,-221.0916744936553,405.38005762434943,-1104.7499715418533,260.894796596356,-1660.474826940331,0.0004932850448184
-0.002276895420807,-0.0009385743557846,149.48181855658228,-1106.4840903624029,-2135.206972767098,-2088.177612003854,4660.763517505159,-0.0012831223973894
22.839946884785505,26.21021156479197,14.893114624869028,24.37428086990329,29.370874517853046,26.43114378745172,25.965273216830035,23.2383931236892
28.346534280181046,54.66010209452377,26.004807779343658,54.954514742654304,20.825156002364608,28.61295719912594,99.0755455546592,50.60041381039357
431.9898692741767,628.1095211484711,444.5764216136748,688.8454246698149,569.6736358125224,553.806935238402,599.405166532233,634.4542593438257
0.6474756016119485,2.1808911841883614,1.4186863160603682,1.401953746783026,4.083154689047981,0.2742338683656118,4.081541787561393,-0.35166468424324
292.4307818388287,143.1708102580044,756.3139957027806,1200.6862171322082,-445.77221408393706,188.675269419051,283.5809903212396,968.4116821274084
0.0016889799122968,-0.0012694573946158,15817.214772865378,10895.591922329964,22561.66659838407,18935.72060892667,18513.309138538407,-1662.501423594184
0.0006660466611837,-0.0007843602006038,3842.74657805438,-1072.7321937431493,-249.99301558546,386.4915703908466,147.63456418550354,0.0005190894976936
0.0007464431569443,0.00153808562527,-1156.2717875145624,-233.15912384890044,867.7976987708953,445.6123530214,617.572114401082,-0.0016256870339189
34.13245654695962,21.79706657044412,42.29022363445585,31.680973245899647,35.00280750664055,28.698797458632345,22.08921410621783,17.02681852504072
38.46562291544807,69.87437693478415,8.305656368664707,17.34991816407176,39.58144614163412,54.84717372983936,94.14448492870868,53.88324037973753
535.5673189272121,505.5437662129476,609.4096480582002,493.724159208291,646.0777829459129,645.0665793128528,388.1619625910864,608.3822367515654
0.6702784428602033,0.7842233997349326,-1.4811799915603696,1.1812461884566807,2.43853961971072,2.4911792732328952,1.3814553552564064,2.973696083411194
28.25172556750174,20.92159129150628,1287.965355503408,85.77161828158654,1111.3584974977243,-565.8812030300767,402.4258023357562,74.44455253543441
-0.000668941925942,0.0019024267783729,18475.16417101043,27901.95976419544,23634.10717243873,11119.83360887289,-855.8946936735804,24.855480533020675
0.0017265233569903,-0.0015312566862769,2106.615668639406,-1385.0598217128452,-873.7225091344291,-2231.7314261453,6.146608657654378,0.0016291073841923
0.0021253190767608,-0.0012957475204922,-652.9316612437573,3669.266906796736,-840.9409199818917,-1839.7959164114493,-0.0010622531993203,-0.0011635829421855
16.256265883904454,17.70540477669271,17.9807328305303,30.967453319048364,30.47753678870952,33.43476661347807,26.293153922060903,29.204743002353226
72.9489198027874,48.08275953108127,78.77957642470855,88.98560462227103,25.549908240204072,30.68672105045116,91.5173157000858,82.24387731420765
748.246459639967,637.6546058569982,541.9855610232065,672.3388726145133,401.3184353595297,554.4220205643595,731.9406932027345,404.2526785657236
0.9157956525035844,1.361951139740506,-0.4958148573323861,-0.1256098796788056,3.682337502257166,1.1756362995206722,0.1687799812717483,0.5163364504850063
-50.754502699310734,-128.52788850582013,1571.9506032995323,-254.4268195678991,-547.7917010968653,1775.5044122957936,1052.6985804367823,-3.14241812848023
-0.0024752436185754,0.000379079058371,17.450739969131064,24879.67377773758,11394.278481709782,18264.27467521672,20884.853740362712,2012.3593697346805
-0.0009032941619787,-0.0003133982736006,-221.0916744936553,405.38005762434943,-1104.7499715418533,260.894796596356,-1660.474826940331,0.0004932850448184
-0.002276895420807,-0.0009385743557846,149.48181855658228,-1106.4840903624029,-2135.206972767098,-2088.177612003854,4660.763517505159,-0.0012831223973894
22.839946884785505,26.21021156479197,14.893114624869028,24.37428086990329,29.370874517853046,26.43114378745172,25.965273216830035,23.2383931236892
28.346534280181046,54.66010209452377,26.004807779343658,54.954514742654304,20.825156002364608,28.61295719912594,99.0755455546592,50.60041381039357
431.9898692741767,628.1095211484711,444.5764216136748,688.8454246698149,569.6736358125224,553.806935238402,599.405166532233,634.4542593438257
0.6474756016119485,2.1808911841883614,1.4186863160603682,1.401953746783026,4.083154689047981,0.2742338683656118,4.081541787561393,-0.35166468424324
292.4307818388287,143.1708102580044,756.3139957027806,1200.6862171322082,-445.77221408393706,188.675269419051,283.5809903212396,968.4116821274084
0.0016889799122968,-0.0012694573946158,15817.214772865378,10895.591922329964,22561.66659838407,18935.72060892667,18513.309138538407,-1662.501423594184
0.0006660466611837,-0.0007843602006038,3842.74657805438,-1072.7321937431493,-249.99301558546,386.4915703908466,147.63456418550354,0.0005190894976936
0.0007464431569443,0.00153808562527,-1156.2717875145624,-233.15912384890044,867.7976987708953,445.6123530214,617.572114401082,-0.0016256870339189
34.13245654695962,21.79706657044412,42.29022363445585,31.680973245899647,35.00280750664055,28.698797458632345,22.08921410621783,17.02681852504072
38.46562291544807,69.87437693478415,8.305656368664707,17.34991816407176,39.58144614163412,54.84717372983936,94.14448492870868,53.88324037973753
535.5673189272121,505.5437662129476,609.4096480582002,493.724159208291,646.0777829459129,645.0665793128528,388.1619625910864,608.3822367515654
0.6702784428602033,0.7842233997349326,-1.4811799915603696,1.1812461884566807,2.43853961971072,2.4911792732328952,1.3814553552564064,2.973696083411194
28.25172556750174,20.92159129150628,1287.965355503408,85.77161828158654,1111.3584974977243,-565.8812030300767,402.4258023357562,74.44455253543441
-0.000668941925942,0.0019024267783729,18475.16417101043,27901.95976419544,23634.10717243873,11119.83360887289,-855.8946936735804,24.855480533020675
0.0017265233569903,-0.0015312566862769,2106.615668639406,-1385.0598217128452,-873.7225091344291,-2231.7314261453,6.146608657654378,0.0016291073841923
0.0021253190767608,-0.0012957475204922,-652.9316612437573,3669.266906796736,-840.9409199818917,-1839.7959164114493,-0.0010622531993203,-0.0011635829421855
