내부온도관측치,내부습도관측치,co2관측치,ec관측치,시간당분무량,시간당백색광량,시간당적색광량,시간당청색광량
14.572176038011309,19.38231798887705,11.224965014700652,25.12019801501979,27.82750089232317,32.49546952574657,25.588560492588496,25.433650206540715
32.744645979878484,66.0629408156855,82.39631842390132,103.1622145124558,42.17128565217129,26.00312793796548,65.72756522420991,71.47655757922125
536.3656831634437,680.7553534598212,421.19220602244354,567.806639897602,578.1519136261912,677.7983480432615,659.1183083601711,408.4821087225936
3.450721975703768,2.5635210937171773,0.0201136033805029,-0.5421590944961536,0.5723809137933955,-0.8034926916052387,2.265937365835555,0.6695437805877318
-26.17385008807707,-194.5787890196589,1408.7868148594785,-507.5355563843796,266.7010275721566,1418.4682105923398,1316.1998850390628,-109.3933227639235
-0.0022937748335734,0.001189102007747,4841.151433958001,17198.638246295046,13637.190197287044,8504.676357534718,32782.64836952859,-2033.753165542816
-0.0001510739475859,0.00032351001489,389.8347756295536,2669.6798770225128,456.4216139476084,180.9625752208958,-1787.7629541252452,0.0016389464892755
-0.0023035744695968,-0.0026997443094242,-257.2658970173452,1175.9696588016889,-1820.5782552061407,1400.3780996362495,918.2304093024586,0.0018553398507234
25.783143518550304,23.51188373149731,17.22993163335613,25.60553684996943,24.62039267014144,28.173643356136026,22.71064016009695,27.14935891815608
31.61322221646525,74.82970609696974,99.9175458836168,64.21464482451809,28.663304384383483,42.9469063250218,77.28473138028862,89.20120507732312
-171.61358162441593,541.6143308721951,416.8590580308576,721.4777055974324,531.4636717738066,419.76493772075867,444.8480183046322,704.4103356990126
1.2559704697827507,2.964148606517489,-0.8845886854111795,0.396520870298408,1.9220003235754104,3.720516102400168,4.76026943199434,3.789791332183455
155.08310559236224,-241.9737296530302,197.4633007739007,400.46190373264096,159.53277415611632,-217.37212421496287,906.2255557938486,-212.3796683964329
0.0021179694628351,-0.0005742029506086,4519.439163845893,21391.78339005429,19127.11126503641,12018.156903232884,20158.38114795749,761.3965648907549
-0.0001622289188926,-0.0011269222925665,1639.7457943244965,-600.5257829180346,130.6051474333446,3200.659732857981,196.3676703219062,-0.0018203823645457
0.0015622192024306,0.0010486631764512,596.5569621286031,3142.5127060100663,-486.1316041818476,-71.17463871164409,-426.8239435864275,-0.0007923030944374
34.71148924830162,28.432044794650885,32.17139084508961,32.248622756976566,34.74196149698656,30.145857595103653,25.957957829823343,22.17821920125792
-18.33104278789997,78.70602584919888,20.96516686010472,-1.4767343391669812,45.09941156510761,72.4321782134329,65.19295660750052,97.36583131183258
677.3201131419313,580.7780886889448,661.910788779171,619.840330525772,515.7636906948836,549.520224063703,522.9800744246351,537.6966537493538
1.395497791547355,3.3610196492151045,0.2518846254814408,2.4535870328711384,-1.2660659586302032,1.3277316672475528,-0.9832843782176413,1.6325199715415195
76.19452712361306,-59.76449380684405,-431.6475385720239,-12.79328490231046,844.1381875439021,-546.1064022871828,1158.40830844327,65.57624936120853
0.0006708089594912,-0.0018493588745113,22224.582155978776,19026.31214968054,23187.78038211797,15598.119730168768,-4942.877643408775,317.6551555437224
0.0021661732857134,0.0026094198749228,2302.2757973148928,-272.22640243872416,551.1975580220783,2124.5436509633173,4.453318807289734,0.0014114934222782
0.0027274592796695,-0.0020077499079761,2170.6571018574286,2102.1238760528686,-663.0351052824017,1730.145452657108,-0.0013342748643848,-0.0015984426389112
14.572176038011309,19.38231798887705,11.224965014700652,25.12019801501979,27.82750089232317,32.49546952574657,25.588560492588496,25.433650206540715
32.744645979878484,66.0629408156855,82.39631842390132,103.1622145124558,42.17128565217129,26.00312793796548,65.72756522420991,71.47655757922125
536.3656831634437,680.7553534598212,421.19220602244354,567.806639897602,578.1519136261912,677.7983480432615,659.1183083601711,408.4821087225936
3.450721975703768,2.5635210937171773,0.0201136033805029,-0.5421590944961536,0.5723809137933955,-0.8034926916052387,2.265937365835555,0.6695437805877318
-26.17385008807707,-194.5787890196589,1408.7868148594785,-507.5355563843796,266.7010275721566,1418.4682105923398,1316.1998850390628,-109.3933227639235
-0.0022937748335734,0.001189102007747,4841.151433958001,17198.638246295046,13637.190197287044,8504.676357534718,32782.64836952859,-2033.753165542816
-0.0001510739475859,0.00032351001489,389.8347756295536,2669.6798770225128,456.4216139476084,180.9625752208958,-1787.7629541252452,0.0016389464892755
-0.0023035744695968,-0.0026997443094242,-257.2658970173452,1175.9696588016889,-1820.5782552061407,1400.3780996362495,918.2304093024586,0.0018553398507234
25.783143518550304,23.51188373149731,17.22993163335613,25.60553684996943,24.62039267014144,28.173643356136026,22.71064016009695,27.14935891815608
31.61322221646525,74.82970609696974,99.9175458836168,64.21464482451809,28.663304384383483,42.9469063250218,77.28473138028862,89.20120507732312
-171.61358162441593,541.6143308721951,416.8590580308576,721.4777055974324,531.4636717738066,419.76493772075867,444.8480183046322,704.4103356990126
1.2559704697827507,2.964148606517489,-0.8845886854111795,0.396520870298408,1.9220003235754104,3.720516102400168,4.76026943199434,3.789791332183455
155.08310559236224,-241.9737296530302,197.4633007739007,400.46190373264096,159.53277415611632,-217.37212421496287,906.2255557938486,-212.3796683964329
0.0021179694628351,-0.0005742029506086,4519.439163845893,21391.78339005429,19127.11126503641,12018.156903232884,20158.38114795749,761.3965648907549
-0.0001622289188926,-0.0011269222925665,1639.7457943244965,-600.5257829180346,130.6051474333446,3200.659732857981,196.3676703219062,-0.0018203823645457
0.0015622192024306,0.0010486631764512,596.5569621286031,3142.5127060100663,-486.1316041818476,-71.17463871164409,-426.8239435864275,-0.0007923030944374
34.71148924830162,28.432044794650885,32.17139084508961,32.248622756976566,34.74196149698656,30.145857595103653,25.957957829823343,22.17821920125792
-18.33104278789997,78.70602584919888,20.96516686010472,-1.4767343391669812,45.09941156510761,72.4321782134329,65.19295660750052,97.36583131183258
677.3201131419313,580.7780886889448,661.910788779171,619.840330525772,515.7636906948836,549.520224063703,522.9800744246351,537.6966537493538
1.395497791547355,3.3610196492151045,0.2518846254814408,2.4535870328711384,-1.2660659586302032,1.3277316672475528,-0.9832843782176413,1.6325199715415195
76.19452712361306,-59.76449380684405,-431.6475385720239,-12.79328490231046,844.1381875439021,-546.1064022871828,1158.40830844327,65.57624936120853
0.0006708089594912,-0.0018493588745113,22224.582155978776,19026.31214968054,23187.78038211797,15598.119730168768,-4942.877643408775,317.6551555437224
0.0021661732857134,0.0026094198749228,2302.2757973148928,-272.22640243872416,551.1975580220783,2124.5436509633173,4.453318807289734,0.0014114934222782
0.0027274592796695,-0.0020077499079761,2170.6571018574286,2102.1238760528686,-663.0351052824017,1730.145452657108,-0.0013342748643848,-0.0015984426389112
14.572176038011309,19.38231798887705,11.224965014700652,25.12019801501979,27.82750089232317,32.49546952574657,25.588560492588496,25.433650206540715
32.744645979878484,66.0629408156855,82.39631842390132,103.1622145124558,42.17128565217129,26.00312793796548,65.72756522420991,71.47655757922125
536.3656831634437,680.7553534598212,421.19220602244354,567.806639897602,578.1519136261912,677.7983480432615,659.1183083601711,408.4821087225936
3.450721975703768,2.5635210937171773,0.0201136033805029,-0.5421590944961536,0.5723809137933955,-0.8034926916052387,2.265937365835555,0.6695437805877318
-26.17385008807707,-194.5787890196589,1408.7868148594785,-507.5355563843796,266.7010275721566,1418.4682105923398,1316.1998850390628,-109.3933227639235
-0.0022937748335734,0.001189102007747,4841.151433958001,17198.638246295046,13637.190197287044,8504.676357534718,32782.64836952859,-2033.753165542816
-0.0001510739475859,0.00032351001489,389.8347756295536,2669.6798770225128,456.4216139476084,180.9625752208958,-1787.7629541252452,0.0016389464892755
-0.0023035744695968,-0.0026997443094242,-257.2658970173452,1175.9696588016889,-1820.5782552061407,1400.3780996362495,918.2304093024586,0.0018553398507234
25.783143518550304,23.51188373149731,17.22993163335613,25.60553684996943,24.62039267014144,28.173643356136026,22.71064016009695,27.14935891815608
31.61322221646525,74.82970609696974,99.9175458836168,64.21464482451809,28.663304384383483,42.9469063250218,77.28473138028862,89.20120507732312
-171.61358162441593,541.6143308721951,416.8590580308576,721.4777055974324,531.4636717738066,419.76493772075867,444.8480183046322,704.4103356990126
1.2559704697827507,2.964148606517489,-0.8845886854111795,0.396520870298408,1.9220003235754104,3.720516102400168,4.76026943199434,3.789791332183455
155.08310559236224,-241.9737296530302,197.4633007739007,400.46190373264096,159.53277415611632,-217.37212421496287,906.2255557938486,-212.3796683964329
0.0021179694628351,-0.0005742029506086,4519.439163845893,21391.78339005429,19127.11126503641,12018.156903232884,20158.38114795749,761.3965648907549
-0.0001622289188926,-0.0011269222925665,1639.7457943244965,-600.5257829180346,130.6051474333446,3200.659732857981,196.3676703219062,-0.0018203823645457
0.0015622192024306,0.0010486631764512,596.5569621286031,3142.5127060100663,-486.1316041818476,-71.17463871164409,-426.8239435864275,-0.0007923030944374
34.71148924830162,28.432044794650885,32.17139084508961,32.248622756976566,34.74196149698656,30.145857595103653,25.957957829823343,22.17821920125792
-18.33104278789997,78.70602584919888,20.96516686010472,-1.4767343391669812,45.09941156510761,72.4321782134329,65.19295660750052,97.36583131183258
677.3201131419313,580.7780886889448,661.910788779171,619.840330525772,515.7636906948836,549.520224063703,522.9800744246351,537.6966537493538
1.395497791547355,3.3610196492151045,0.2518846254814408,2.4535870328711384,-1.2660659586302032,1.3277316672475528,-0.9832843782176413,1.6325199715415195
76.19452712361306,-59.76449380684405,-431.6475385720239,-12.79328490231046,844.1381875439021,-546.1064022871828,1158.40830844327,65.57624936120853
0.0006708089594912,-0.0018493588745113,22224.582155978776,19026.31214968054,23187.78038211797,15598.119730168768,-4942.877643408775,317.6551555437224
0.0021661732857134,0.0026094198749228,2302.2757973148928,-272.22640243872416,551.1975580220783,2124.5436509633173,4.453318807289734,0.0014114934222782
0.0027274592796695,-0.0020077499079761,2170.6571018574286,2102.1238760528686,-663.0351052824017,1730.145452657108,-0.0013342748643848,-0.0015984426389112
14.572176038011309,19.38231798887705,11.224965014700652,25.12019801501979,27.82750089232317,32.49546952574657,25.588560492588496,25.433650206540715
32.744645979878484,66.0629408156855,82.39631842390132,103.1622145124558,42.17128565217129,26.00312793796548,65.72756522420991,71.47655757922125
536.3656831634437,680.7553534598212,421.19220602244354,567.806639897602,578.1519136261912,677.7983480432615,659.1183083601711,408.4821087225936
3.450721975703768,2.5635210937171773,0.0201136033805029,-0.5421590944961536,0.5723809137933955,-0.8034926916052387,2.265937365835555,0.6695437805877318
-26.17385008807707,-194.5787890196589,1408.7868148594785,-507.5355563843796,266.7010275721566,1418.4682105923398,1316.1998850390628,-109.3933227639235
-0.0022937748335734,0.001189102007747,4841.151433958001,17198.638246295046,13637.190197287044,8504.676357534718,32782.64836952859,-2033.753165542816
-0.0001510739475859,0.00032351001489,389.8347756295536,2669.6798770225128,456.4216139476084,180.9625752208958,-1787.7629541252452,0.0016389464892755
-0.0023035744695968,-0.0026997443094242,-257.2658970173452,1175.9696588016889,-1820.5782552061407,1400.3780996362495,918.2304093024586,0.0018553398507234
25.783143518550304,23.51188373149731,17.22993163335613,25.60553684996943,24.62039267014144,28.173643356136026,22.71064016009695,27.14935891815608
31.61322221646525,74.82970609696974,99.9175458836168,64.21464482451809,28.663304384383483,42.9469063250218,77.28473138028862,89.20120507732312
-171.61358162441593,541.6143308721951,416.8590580308576,721.4777055974324,531.4636717738066,419.76493772075867,444.8480183046322,704.4103356990126
1.2559704697827507,2.964148606517489,-0.8845886854111795,0.396520870298408,1.9220003235754104,3.720516102400168,4.76026943199434,3.789791332183455
155.08310559236224,-241.9737296530302,197.4633007739007,400.46190373264096,159.53277415611632,-217.37212421496287,906.2255557938486,-212.3796683964329
0.0021179694628351,-0.0005742029506086,4519.439163845893,21391.78339005429,19127.11126503641,12018.156903232884,20158.38114795749,761.3965648907549
-0.0001622289188926,-0.0011269222925665,1639.7457943244965,-600.5257829180346,130.6051474333446,3200.659732857981,196.3676703219062,-0.0018203823645457
0.0015622192024306,0.0010486631764512,596.5569621286031,3142.5127060100663,-486.1316041818476,-71.17463871164409,-426.8239435864275,-0.0007923030944374
34.71148924830162,28.432044794650885,32.17139084508961,32.248622756976566,34.74196149698656,30.145857595103653,25.957957829823343,22.17821920125792
-18.33104278789997,78.70602584919888,20.96516686010472,-1.4767343391669812,45.09941156510761,72.4321782134329,65.19295660750052,97.36583131183258
677.3201131419313,580.7780886889448,661.910788779171,619.840330525772,515.7636906948836,549.520224063703,522.9800744246351,537.6966537493538
1.395497791547355,3.3610196492151045,0.2518846254814408,2.4535870328711384,-1.2660659586302032,1.3277316672475528,-0.9832843782176413,1.6325199715415195
76.19452712361306,-59.76449380684405,-431.6475385720239,-12.79328490231046,844.1381875439021,-546.1064022871828,1158.40830844327,65.57624936120853
0.0006708089594912,-0.0018493588745113,22224.582155978776,19026.31214968054,23187.78038211797,15598.119730168768,-4942.877643408775,317.6551555437224
0.0021661732857134,0.0026094198749228,2302.2757973148928,-272.22640243872416,551.1975580220783,2124.5436509633173,4.453318807289734,0.0014114934222782
0.0027274592796695,-0.0020077499079761,2170.6571018574286,2102.1238760528686,-663.0351052824017,1730.145452657108,-0.0013342748643848,-0.0015984426389112
14.572176038011309,19.38231798887705,11.224965014700652,25.12019801501979,27.82750089232317,32.49546952574657,25.588560492588496,25.433650206540715
32.744645979878484,66.0629408156855,82.39631842390132,103.1622145124558,42.17128565217129,26.00312793796548,65.72756522420991,71.47655757922125
536.3656831634437,680.7553534598212,421.19220602244354,567.806639897602,578.1519136261912,677.7983480432615,659.1183083601711,408.4821087225936
3.450721975703768,2.5635210937171773,0.0201136033805029,-0.5421590944961536,0.5723809137933955,-0.8034926916052387,2.265937365835555,0.6695437805877318
-26.17385008807707,-194.5787890196589,1408.7868148594785,-507.5355563843796,266.7010275721566,1418.4682105923398,1316.1998850390628,-109.3933227639235
-0.0022937748335734,0.001189102007747,4841.151433958001,17198.638246295046,13637.190197287044,8504.676357534718,32782.64836952859,-2033.753165542816
-0.0001510739475859,0.00032351001489,389.8347756295536,2669.6798770225128,456.4216139476084,180.9625752208958,-1787.7629541252452,0.0016389464892755
-0.0023035744695968,-0.0026997443094242,-257.2658970173452,1175.9696588016889,-1820.5782552061407,1400.3780996362495,918.2304093024586,0.0018553398507234
25.783143518550304,23.51188373149731,17.22993163335613,25.60553684996943,24.62039267014144,28.173643356136026,22.71064016009695,27.14935891815608
31.61322221646525,74.82970609696974,99.9175458836168,64.21464482451809,28.663304384383483,42.9469063250218,77.28473138028862,89.20120507732312
-171.61358162441593,541.6143308721951,416.8590580308576,721.4777055974324,531.4636717738066,419.76493772075867,444.8480183046322,704.4103356990126
1.2559704697827507,2.964148606517489,-0.8845886854111795,0.396520870298408,1.9220003235754104,3.720516102400168,4.76026943199434,3.789791332183455
155.08310559236224,-241.9737296530302,197.4633007739007,400.46190373264096,159.53277415611632,-217.37212421496287,906.2255557938486,-212.3796683964329
0.0021179694628351,-0.0005742029506086,4519.439163845893,21391.78339005429,19127.11126503641,12018.156903232884,20158.38114795749,761.3965648907549
-0.0001622289188926,-0.0011269222925665,1639.7457943244965,-600.5257829180346,130.6051474333446,3200.659732857981,196.3676703219062,-0.0018203823645457
0.0015622192024306,0.0010486631764512,596.5569621286031,3142.5127060100663,-486.1316041818476,-71.17463871164409,-426.8239435864275,-0.0007923030944374
34.71148924830162,28.432044794650885,32.17139084508961,32.248622756976566,34.74196149698656,30.145857595103653,25.957957829823343,22.17821920125792
-18.33104278789997,78.70602584919888,20.96516686010472,-1.4767343391669812,45.09941156510761,72.4321782134329,65.19295660750052,97.36583131183258
677.3201131419313,580.7780886889448,661.910788779171,619.840330525772,515.7636906948836,549.520224063703,522.9800744246351,537.6966537493538
1.395497791547355,3.3610196492151045,0.2518846254814408,2.4535870328711384,-1.2660659586302032,1.3277316672475528,-0.9832843782176413,1.6325199715415195
76.19452712361306,-59.76449380684405,-431.6475385720239,-12.79328490231046,844.1381875439021,-546.1064022871828,1158.40830844327,65.57624936120853
0.0006708089594912,-0.0018493588745113,22224.582155978776,19026.31214968054,23187.78038211797,15598.119730168768,-4942.877643408775,317.6551555437224
0.0021661732857134,0.0026094198749228,2302.2757973148928,-272.22640243872416,551.1975580220783,2124.5436509633173,4.453318807289734,0.0014114934222782
0.0027274592796695,-0.0020077499079761,2170.6571018574286,2102.1238760528686,-663.0351052824017,1730.145452657108,-0.0013342748643848,-0.0015984426389112
14.572176038011309,19.38231798887705,11.224965014700652,25.12019801501979,27.82750089232317,32.49546952574657,25.588560492588496,25.433650206540715
32.744645979878484,66.0629408156855,82.39631842390132,103.1622145124558,42.17128565217129,26.00312793796548,65.72756522420991,71.47655757922125
536.3656831634437,680.7553534598212,421.19220602244354,567.806639897602,578.1519136261912,677.7983480432615,659.1183083601711,408.4821087225936
3.450721975703768,2.5635210937171773,0.0201136033805029,-0.5421590944961536,0.5723809137933955,-0.8034926916052387,2.265937365835555,0.6695437805877318
-26.17385008807707,-194.5787890196589,1408.7868148594785,-507.5355563843796,266.7010275721566,1418.4682105923398,1316.1998850390628,-109.3933227639235
-0.0022937748335734,0.001189102007747,4841.151433958001,17198.638246295046,13637.190197287044,8504.676357534718,32782.64836952859,-2033.753165542816
-0.0001510739475859,0.00032351001489,389.8347756295536,2669.6798770225128,456.4216139476084,180.9625752208958,-1787.7629541252452,0.0016389464892755
-0.0023035744695968,-0.0026997443094242,-257.2658970173452,1175.9696588016889,-1820.5782552061407,1400.3780996362495,918.2304093024586,0.0018553398507234
25.783143518550304,23.51188373149731,17.22993163335613,25.60553684996943,24.62039267014144,28.173643356136026,22.71064016009695,27.14935891815608
31.61322221646525,74.82970609696974,99.9175458836168,64.21464482451809,28.663304384383483,42.9469063250218,77.28473138028862,89.20120507732312
-171.61358162441593,541.6143308721951,416.8590580308576,721.4777055974324,531.4636717738066,419.76493772075867,444.8480183046322,704.4103356990126
1.2559704697827507,2.964148606517489,-0.8845886854111795,0.396520870298408,1.9220003235754104,3.720516102400168,4.76026943199434,3.789791332183455
155.08310559236224,-241.9737296530302,197.4633007739007,400.46190373264096,159.53277415611632,-217.37212421496287,906.2255557938486,-212.3796683964329
0.0021179694628351,-0.0005742029506086,4519.439163845893,21391.78339005429,19127.11126503641,12018.156903232884,20158.38114795749,761.3965648907549
-0.0001622289188926,-0.0011269222925665,1639.7457943244965,-600.5257829180346,130.6051474333446,3200.659732857981,196.3676703219062,-0.0018203823645457
0.0015622192024306,0.0010486631764512,596.5569621286031,3142.5127060100663,-486.1316041818476,-71.17463871164409,-426.8239435864275,-0.0007923030944374
34.71148924830162,28.432044794650885,32.17139084508961,32.248622756976566,34.74196149698656,30.145857595103653,25.957957829823343,22.17821920125792
-18.33104278789997,78.70602584919888,20.96516686010472,-1.4767343391669812,45.09941156510761,72.4321782134329,65.19295660750052,97.36583131183258
677.3201131419313,580.7780886889448,661.910788779171,619.840330525772,515.7636906948836,549.520224063703,522.9800744246351,537.6966537493538
1.395497791547355,3.3610196492151045,0.2518846254814408,2.4535870328711384,-1.2660659586302032,1.3277316672475528,-0.9832843782176413,1.6325199715415195
76.19452712361306,-59.76449380684405,-431.6475385720239,-12.79328490231046,844.1381875439021,-546.1064022871828,1158.40830844327,65.57624936120853
0.0006708089594912,-0.0018493588745113,22224.582155978776,19026.31214968054,23187.78038211797,15598.119730168768,-4942.877643408775,317.6551555437224
0.0021661732857134,0.0026094198749228,2302.2757973148928,-272.22640243872416,551.1975580220783,2124.5436509633173,4.453318807289734,0.0014114934222782
0.0027274592796695,-0.0020077499079761,2170.6571018574286,2102.1238760528686,-663.0351052824017,1730.145452657108,-0.0013342748643848,-0.0015984426389112
14.572176038011309,19.38231798887705,11.224965014700652,25.12019801501979,27.82750089232317,32.49546952574657,25.588560492588496,25.433650206540715
32.744645979878484,66.0629408156855,82.39631842390132,103.1622145124558,42.17128565217129,26.00312793796548,65.72756522420991,71.47655757922125
536.3656831634437,680.7553534598212,421.19220602244354,567.806639897602,578.1519136261912,677.7983480432615,659.1183083601711,408.4821087225936
3.450721975703768,2.5635210937171773,0.0201136033805029,-0.5421590944961536,0.5723809137933955,-0.8034926916052387,2.265937365835555,0.6695437805877318
-26.17385008807707,-194.5787890196589,1408.7868148594785,-507.5355563843796,266.7010275721566,1418.4682105923398,1316.1998850390628,-109.3933227639235
-0.0022937748335734,0.001189102007747,4841.151433958001,17198.638246295046,13637.190197287044,8504.676357534718,32782.64836952859,-2033.753165542816
-0.0001510739475859,0.00032351001489,389.8347756295536,2669.6798770225128,456.4216139476084,180.9625752208958,-1787.7629541252452,0.0016389464892755
-0.0023035744695968,-0.0026997443094242,-257.2658970173452,1175.9696588016889,-1820.5782552061407,1400.3780996362495,918.2304093024586,0.0018553398507234
25.783143518550304,23.51188373149731,17.22993163335613,25.60553684996943,24.62039267014144,28.173643356136026,22.71064016009695,27.14935891815608
31.61322221646525,74.82970609696974,99.9175458836168,64.21464482451809,28.663304384383483,42.9469063250218,77.28473138028862,89.20120507732312
-171.61358162441593,541.6143308721951,416.8590580308576,721.4777055974324,531.4636717738066,419.76493772075867,444.8480183046322,704.4103356990126
1.2559704697827507,2.964148606517489,-0.8845886854111795,0.396520870298408,1.9220003235754104,3.720516102400168,4.76026943199434,3.789791332183455
155.08310559236224,-241.9737296530302,197.4633007739007,400.46190373264096,159.53277415611632,-217.37212421496287,906.2255557938486,-212.3796683964329
0.0021179694628351,-0.0005742029506086,4519.439163845893,21391.78339005429,19127.11126503641,12018.156903232884,20158.38114795749,761.3965648907549
-0.0001622289188926,-0.0011269222925665,1639.7457943244965,-600.5257829180346,130.6051474333446,3200.659732857981,196.3676703219062,-0.0018203823645457
0.0015622192024306,0.0010486631764512,596.5569621286031,3142.5127060100663,-486.1316041818476,-71.17463871164409,-426.8239435864275,-0.0007923030944374
34.71148924830162,28.432044794650885,32.17139084508961,32.248622756976566,34.74196149698656,30.145857595103653,25.957957829823343,22.17821920125792
-18.33104278789997,78.70602584919888,20.96516686010472,-1.4767343391669812,45.09941156510761,72.4321782134329,65.19295660750052,97.36583131183258
677.3201131419313,580.7780886889448,661.910788779171,619.840330525772,515.7636906948836,549.520224063703,522.9800744246351,537.6966537493538
1.395497791547355,3.3610196492151045,0.2518846254814408,2.4535870328711384,-1.2660659586302032,1.3277316672475528,-0.9832843782176413,1.6325199715415195
76.19452712361306,-59.76449380684405,-431.6475385720239,-12.79328490231046,844.1381875439021,-546.1064022871828,1158.40830844327,65.57624936120853
0.0006708089594912,-0.0018493588745113,22224.582155978776,19026.31214968054,23187.78038211797,15598.119730168768,-4942.877643408775,317.6551555437224
0.0021661732857134,0.0026094198749228,2302.2757973148928,-272.22640243872416,551.1975580220783,2124.5436509633173,4.453318807289734,0.0014114934222782
0.0027274592796695,-0.0020077499079761,2170.6571018574286,2102.1238760528686,-663.0351052824017,1730.145452657108,-0.0013342748643848,-0.0015984426389112
14.572176038011309,19.38231798887705,11.224965014700652,25.12019801501979,27.82750089232317,32.49546952574657,25.588560492588496,25.433650206540715
32.744645979878484,66.0629408156855,82.39631842390132,103.1622145124558,42.17128565217129,26.00312793796548,65.72756522420991,71.47655757922125
536.3656831634437,680.7553534598212,421.19220602244354,567.806639897602,578.1519136261912,677.7983480432615,659.1183083601711,408.4821087225936
3.450721975703768,2.5635210937171773,0.0201136033805029,-0.5421590944961536,0.5723809137933955,-0.8034926916052387,2.265937365835555,0.6695437805877318
-26.17385008807707,-194.5787890196589,1408.7868148594785,-507.5355563843796,266.7010275721566,1418.4682105923398,1316.1998850390628,-109.3933227639235
-0.0022937748335734,0.001189102007747,4841.151433958001,17198.638246295046,13637.190197287044,8504.676357534718,32782.64836952859,-2033.753165542816
-0.0001510739475859,0.00032351001489,389.8347756295536,2669.6798770225128,456.4216139476084,180.9625752208958,-1787.7629541252452,0.0016389464892755
-0.0023035744695968,-0.0026997443094242,-257.2658970173452,1175.9696588016889,-1820.5782552061407,1400.3780996362495,918.2304093024586,0.0018553398507234
25.783143518550304,23.51188373149731,17.22993163335613,25.60553684996943,24.62039267014144,28.173643356136026,22.71064016009695,27.14935891815608
31.61322221646525,74.82970609696974,99.9175458836168,64.21464482451809,28.663304384383483,42.9469063250218,77.28473138028862,89.20120507732312
-171.61358162441593,541.6143308721951,416.8590580308576,721.4777055974324,531.4636717738066,419.76493772075867,444.8480183046322,704.4103356990126
1.2559704697827507,2.964148606517489,-0.8845886854111795,0.396520870298408,1.9220003235754104,3.720516102400168,4.76026943199434,3.789791332183455
155.08310559236224,-241.9737296530302,197.4633007739007,400.46190373264096,159.53277415611632,-217.37212421496287,906.2255557938486,-212.3796683964329
0.0021179694628351,-0.0005742029506086,4519.439163845893,21391.78339005429,19127.11126503641,12018.156903232884,20158.38114795749,761.3965648907549
-0.0001622289188926,-0.0011269222925665,1639.7457943244965,-600.5257829180346,130.6051474333446,3200.659732857981,196.3676703219062,-0.0018203823645457
0.0015622192024306,0.0010486631764512,596.5569621286031,3142.5127060100663,-486.1316041818476,-71.17463871164409,-426.8239435864275,-0.0007923030944374
34.71148924830162,28.432044794650885,32.17139084508961,32.248622756976566,34.74196149698656,30.145857595103653,25.957957829823343,22.17821920125792
-18.33104278789997,78.70602584919888,20.96516686010472,-1.4767343391669812,45.09941156510761,72.4321782134329,65.19295660750052,97.36583131183258
677.3201131419313,580.7780886889448,661.910788779171,619.840330525772,515.7636906948836,549.520224063703,522.9800744246351,537.6966537493538
1.395497791547355,3.3610196492151045,0.2518846254814408,2.4535870328711384,-1.2660659586302032,1.3277316672475528,-0.9832843782176413,1.6325199715415195
76.19452712361306,-59.76449380684405,-431.6475385720239,-12.79328490231046,844.1381875439021,-546.1064022871828,1158.40830844327,65.57624936120853
0.0006708089594912,-0.0018493588745113,22224.582155978776,19026.31214968054,23187.78038211797,15598.119730168768,-4942.877643408775,317.6551555437224
0.0021661732857134,0.0026094198749228,2302.2757973148928,-272.22640243872416,551.1975580220783,2124.5436509633173,4.453318807289734,0.0014114934222782
0.0027274592796695,-0.0020077499079761,2170.6571018574286,2102.1238760528686,-663.0351052824017,1730.145452657108,-0.0013342748643848,-0.0015984426389112
14.572176038011309,19.38231798887705,11.224965014700652,25.12019801501979,27.82750089232317,32.49546952574657,25.588560492588496,25.433650206540715
32.744645979878484,66.0629408156855,82.39631842390132,103.1622145124558,42.17128565217129,26.00312793796548,65.72756522420991,71.47655757922125
536.3656831634437,680.7553534598212,421.19220602244354,567.806639897602,578.1519136261912,677.7983480432615,659.1183083601711,408.4821087225936
3.450721975703768,2.5635210937171773,0.0201136033805029,-0.5421590944961536,0.5723809137933955,-0.8034926916052387,2.265937365835555,0.6695437805877318
-26.17385008807707,-194.5787890196589,1408.7868148594785,-507.5355563843796,266.7010275721566,1418.4682105923398,1316.1998850390628,-109.3933227639235
-0.0022937748335734,0.001189102007747,4841.151433958001,17198.638246295046,13637.190197287044,8504.676357534718,32782.64836952859,-2033.753165542816
-0.0001510739475859,0.00032351001489,389.8347756295536,2669.6798770225128,456.4216139476084,180.9625752208958,-1787.7629541252452,0.0016389464892755
-0.0023035744695968,-0.0026997443094242,-257.2658970173452,1175.9696588016889,-1820.5782552061407,1400.3780996362495,918.2304093024586,0.0018553398507234
25.783143518550304,23.51188373149731,17.22993163335613,25.60553684996943,24.62039267014144,28.173643356136026,22.71064016009695,27.14935891815608
31.61322221646525,74.82970609696974,99.9175458836168,64.21464482451809,28.663304384383483,42.9469063250218,77.28473138028862,89.20120507732312
-171.61358162441593,541.6143308721951,416.8590580308576,721.4777055974324,531.4636717738066,419.76493772075867,444.8480183046322,704.4103356990126
1.2559704697827507,2.964148606517489,-0.8845886854111795,0.396520870298408,1.9220003235754104,3.720516102400168,4.76026943199434,3.789791332183455
155.08310559236224,-241.9737296530302,197.4633007739007,400.46190373264096,159.53277415611632,-217.37212421496287,906.2255557938486,-212.3796683964329
0.0021179694628351,-0.0005742029506086,4519.439163845893,21391.78339005429,19127.11126503641,12018.156903232884,20158.38114795749,761.3965648907549
-0.0001622289188926,-0.0011269222925665,1639.7457943244965,-600.5257829180346,130.6051474333446,3200.659732857981,196.3676703219062,-0.0018203823645457
0.0015622192024306,0.0010486631764512,596.5569621286031,3142.5127060100663,-486.1316041818476,-71.17463871164409,-426.8239435864275,-0.0007923030944374
34.71148924830162,28.432044794650885,32.17139084508961,32.248622756976566,34.74196149698656,30.145857595103653,25.957957829823343,22.17821920125792
-18.33104278789997,78.70602584919888,20.96516686010472,-1.4767343391669812,45.09941156510761,72.4321782134329,65.19295660750052,97.36583131183258
677.3201131419313,580.7780886889448,661.910788779171,619.840330525772,515.7636906948836,549.520224063703,522.9800744246351,537.6966537493538
1.395497791547355,3.3610196492151045,0.2518846254814408,2.4535870328711384,-1.2660659586302032,1.3277316672475528,-0.9832843782176413,1.6325199715415195
76.19452712361306,-59.76449380684405,-431.6475385720239,-12.79328490231046,844.1381875439021,-546.1064022871828,1158.40830844327,65.57624936120853
0.0006708089594912,-0.0018493588745113,22224.582155978776,19026.31214968054,23187.78038211797,15598.119730168768,-4942.877643408775,317.6551555437224
0.0021661732857134,0.0026094198749228,2302.2757973148928,-272.22640243872416,551.1975580220783,2124.5436509633173,4.453318807289734,0.0014114934222782
0.0027274592796695,-0.0020077499079761,2170.6571018574286,2102.1238760528686,-663.0351052824017,1730.145452657108,-0.0013342748643848,-0.0015984426389112
14.572176038011309,19.38231798887705,11.224965014700652,25.12019801501979,27.82750089232317,32.49546952574657,25.588560492588496,25.433650206540715
32.744645979878484,66.0629408156855,82.39631842390132,103.1622145124558,42.17128565217129,26.00312793796548,65.72756522420991,71.47655757922125
536.3656831634437,680.7553534598212,421.19220602244354,567.806639897602,578.1519136261912,677.7983480432615,659.1183083601711,408.4821087225936
3.450721975703768,2.5635210937171773,0.0201136033805029,-0.5421590944961536,0.5723809137933955,-0.8034926916052387,2.265937365835555,0.6695437805877318
-26.17385008807707,-194.5787890196589,1408.7868148594785,-507.5355563843796,266.7010275721566,1418.4682105923398,1316.1998850390628,-109.3933227639235
-0.0022937748335734,0.001189102007747,4841.151433958001,17198.638246295046,13637.190197287044,8504.676357534718,32782.64836952859,-2033.753165542816
-0.0001510739475859,0.00032351001489,389.8347756295536,2669.6798770225128,456.4216139476084,180.9625752208958,-1787.7629541252452,0.0016389464892755
-0.0023035744695968,-0.0026997443094242,-257.2658970173452,1175.9696588016889,-1820.5782552061407,1400.3780996362495,918.2304093024586,0.0018553398507234
25.783143518550304,23.51188373149731,17.22993163335613,25.60553684996943,24.62039267014144,28.173643356136026,22.71064016009695,27.14935891815608
31.61322221646525,74.82970609696974,99.9175458836168,64.21464482451809,28.663304384383483,42.9469063250218,77.28473138028862,89.20120507732312
-171.61358162441593,541.6143308721951,416.8590580308576,721.4777055974324,531.4636717738066,419.76493772075867,444.8480183046322,704.4103356990126
1.2559704697827507,2.964148606517489,-0.8845886854111795,0.396520870298408,1.9220003235754104,3.720516102400168,4.76026943199434,3.789791332183455
155.08310559236224,-241.9737296530302,197.4633007739007,400.46190373264096,159.53277415611632,-217.37212421496287,906.2255557938486,-212.3796683964329
0.0021179694628351,-0.0005742029506086,4519.439163845893,21391.78339005429,19127.11126503641,12018.156903232884,20158.38114795749,761.3965648907549
-0.0001622289188926,-0.0011269222925665,1639.7457943244965,-600.5257829180346,130.6051474333446,3200.659732857981,196.3676703219062,-0.0018203823645457
0.0015622192024306,0.0010486631764512,596.5569621286031,3142.5127060100663,-486.1316041818476,-71.17463871164409,-426.8239435864275,-0.0007923030944374
34.71148924830162,28.432044794650885,32.17139084508961,32.248622756976566,34.74196149698656,30.145857595103653,25.957957829823343,22.17821920125792
-18.33104278789997,78.70602584919888,20.96516686010472,-1.4767343391669812,45.09941156510761,72.4321782134329,65.19295660750052,97.36583131183258
677.3201131419313,580.7780886889448,661.910788779171,619.840330525772,515.7636906948836,549.520224063703,522.9800744246351,537.6966537493538
1.395497791547355,3.3610196492151045,0.2518846254814408,2.4535870328711384,-1.2660659586302032,1.3277316672475528,-0.9832843782176413,1.6325199715415195
76.19452712361306,-59.76449380684405,-431.6475385720239,-12.79328490231046,844.1381875439021,-546.1064022871828,1158.40830844327,65.57624936120853
0.0006708089594912,-0.0018493588745113,22224.582155978776,19026.31214968054,23187.78038211797,15598.119730168768,-4942.877643408775,317.6551555437224
0.0021661732857134,0.0026094198749228,2302.2757973148928,-272.22640243872416,551.1975580220783,2124.5436509633173,4.453318807289734,0.0014114934222782
0.0027274592796695,-0.0020077499079761,2170.6571018574286,2102.1238760528686,-663.0351052824017,1730.145452657108,-0.0013342748643848,-0.0015984426389112
14.572176038011309,19.38231798887705,11.224965014700652,25.12019801501979,27.82750089232317,32.49546952574657,25.588560492588496,25.433650206540715
32.744645979878484,66.0629408156855,82.39631842390132,103.1622145124558,42.17128565217129,26.00312793796548,65.72756522420991,71.47655757922125
536.3656831634437,680.7553534598212,421.19220602244354,567.806639897602,578.1519136261912,677.7983480432615,659.1183083601711,408.4821087225936
3.450721975703768,2.5635210937171773,0.0201136033805029,-0.5421590944961536,0.5723809137933955,-0.8034926916052387,2.265937365835555,0.6695437805877318
-26.17385008807707,-194.5787890196589,1408.7868148594785,-507.5355563843796,266.7010275721566,1418.4682105923398,1316.1998850390628,-109.3933227639235
-0.0022937748335734,0.001189102007747,4841.151433958001,17198.638246295046,13637.190197287044,8504.676357534718,32782.64836952859,-2033.753165542816
-0.0001510739475859,0.00032351001489,389.8347756295536,2669.6798770225128,456.4216139476084,180.9625752208958,-1787.7629541252452,0.0016389464892755
-0.0023035744695968,-0.0026997443094242,-257.2658970173452,1175.9696588016889,-1820.5782552061407,1400.3780996362495,918.2304093024586,0.0018553398507234
25.783143518550304,23.51188373149731,17.22993163335613,25.60553684996943,24.62039267014144,28.173643356136026,22.71064016009695,27.14935891815608
31.61322221646525,74.82970609696974,99.9175458836168,64.21464482451809,28.663304384383483,42.9469063250218,77.28473138028862,89.20120507732312
-171.61358162441593,541.6143308721951,416.8590580308576,721.4777055974324,531.4636717738066,419.76493772075867,444.8480183046322,704.4103356990126
1.2559704697827507,2.964148606517489,-0.8845886854111795,0.396520870298408,1.9220003235754104,3.720516102400168,4.76026943199434,3.789791332183455
155.08310559236224,-241.9737296530302,197.4633007739007,400.46190373264096,159.53277415611632,-217.37212421496287,906.2255557938486,-212.3796683964329
0.0021179694628351,-0.0005742029506086,4519.439163845893,21391.78339005429,19127.11126503641,12018.156903232884,20158.38114795749,761.3965648907549
-0.0001622289188926,-0.0011269222925665,1639.7457943244965,-600.5257829180346,130.6051474333446,3200.659732857981,196.3676703219062,-0.0018203823645457
0.0015622192024306,0.0010486631764512,596.5569621286031,3142.5127060100663,-486.1316041818476,-71.17463871164409,-426.8239435864275,-0.0007923030944374
34.71148924830162,28.432044794650885,32.17139084508961,32.248622756976566,34.74196149698656,30.145857595103653,25.957957829823343,22.17821920125792
-18.33104278789997,78.70602584919888,20.96516686010472,-1.4767343391669812,45.09941156510761,72.4321782134329,65.19295660750052,97.36583131183258
677.3201131419313,580.7780886889448,661.910788779171,619.840330525772,515.7636906948836,549.520224063703,522.9800744246351,537.6966537493538
1.395497791547355,3.3610196492151045,0.2518846254814408,2.4535870328711384,-1.2660659586302032,1.3277316672475528,-0.9832843782176413,1.6325199715415195
76.19452712361306,-59.76449380684405,-431.6475385720239,-12.79328490231046,844.1381875439021,-546.1064022871828,1158.40830844327,65.57624936120853
0.0006708089594912,-0.0018493588745113,22224.582155978776,19026.31214968054,23187.78038211797,15598.119730168768,-4942.877643408775,317.6551555437224
0.0021661732857134,0.0026094198749228,2302.2757973148928,-272.22640243872416,551.1975580220783,2124.5436509633173,4.453318807289734,0.0014114934222782
0.0027274592796695,-0.0020077499079761,2170.6571018574286,2102.1238760528686,-663.0351052824017,1730.145452657108,-0.0013342748643848,-0.0015984426389112
14.572176038011309,19.38231798887705,11.224965014700652,25.12019801501979,27.82750089232317,32.49546952574657,25.588560492588496,25.433650206540715
32.744645979878484,66.0629408156855,82.39631842390132,103.1622145124558,42.17128565217129,26.00312793796548,65.72756522420991,71.47655757922125
536.3656831634437,680.7553534598212,421.19220602244354,567.806639897602,578.1519136261912,677.7983480432615,659.1183083601711,408.4821087225936
3.450721975703768,2.5635210937171773,0.0201136033805029,-0.5421590944961536,0.5723809137933955,-0.8034926916052387,2.265937365835555,0.6695437805877318
-26.17385008807707,-194.5787890196589,1408.7868148594785,-507.5355563843796,266.7010275721566,1418.4682105923398,1316.1998850390628,-109.3933227639235
-0.0022937748335734,0.001189102007747,4841.151433958001,17198.638246295046,13637.190197287044,8504.676357534718,32782.64836952859,-2033.753165542816
-0.0001510739475859,0.00032351001489,389.8347756295536,2669.6798770225128,456.4216139476084,180.9625752208958,-1787.7629541252452,0.0016389464892755
-0.0023035744695968,-0.0026997443094242,-257.2658970173452,1175.9696588016889,-1820.5782552061407,1400.3780996362495,918.2304093024586,0.0018553398507234
25.783143518550304,23.51188373149731,17.22993163335613,25.60553684996943,24.62039267014144,28.173643356136026,22.71064016009695,27.14935891815608
31.61322221646525,74.82970609696974,99.9175458836168,64.21464482451809,28.663304384383483,42.9469063250218,77.28473138028862,89.20120507732312
-171.61358162441593,541.6143308721951,416.8590580308576,721.4777055974324,531.4636717738066,419.76493772075867,444.8480183046322,704.4103356990126
1.2559704697827507,2.964148606517489,-0.8845886854111795,0.396520870298408,1.9220003235754104,3.720516102400168,4.76026943199434,3.789791332183455
155.08310559236224,-241.9737296530302,197.4633007739007,400.46190373264096,159.53277415611632,-217.37212421496287,906.2255557938486,-212.3796683964329
0.0021179694628351,-0.0005742029506086,4519.439163845893,21391.78339005429,19127.11126503641,12018.156903232884,20158.38114795749,761.3965648907549
-0.0001622289188926,-0.0011269222925665,1639.7457943244965,-600.5257829180346,130.6051474333446,3200.659732857981,196.3676703219062,-0.0018203823645457
0.0015622192024306,0.0010486631764512,596.5569621286031,3142.5127060100663,-486.1316041818476,-71.17463871164409,-426.8239435864275,-0.0007923030944374
34.71148924830162,28.432044794650885,32.17139084508961,32.248622756976566,34.74196149698656,30.145857595103653,25.957957829823343,22.17821920125792
-18.33104278789997,78.70602584919888,20.96516686010472,-1.4767343391669812,45.09941156510761,72.4321782134329,65.19295660750052,97.36583131183258
677.3201131419313,580.7780886889448,661.910788779171,619.840330525772,515.7636906948836,549.520224063703,522.9800744246351,537.6966537493538
1.395497791547355,3.3610196492151045,0.2518846254814408,2.4535870328711384,-1.2660659586302032,1.3277316672475528,-0.9832843782176413,1.6325199715415195
76.19452712361306,-59.76449380684405,-431.6475385720239,-12.79328490231046,844.1381875439021,-546.1064022871828,1158.40830844327,65.57624936120853
0.0006708089594912,-0.0018493588745113,22224.582155978776,19026.31214968054,23187.78038211797,15598.119730168768,-4942.877643408775,317.6551555437224
0.0021661732857134,0.0026094198749228,2302.2757973148928,-272.22640243872416,551.1975580220783,2124.5436509633173,4.453318807289734,0.0014114934222782
0.0027274592796695,-0.0020077499079761,2170.6571018574286,2102.1238760528686,-663.0351052824017,1730.145452657108,-0.0013342748643848,-0.0015984426389112
14.572176038011309,19.38231798887705,11.224965014700652,25.12019801501979,27.82750089232317,32.49546952574657,25.588560492588496,25.433650206540715
32.744645979878484,66.0629408156855,82.39631842390132,103.1622145124558,42.17128565217129,26.00312793796548,65.72756522420991,71.47655757922125
536.3656831634437,680.7553534598212,421.19220602244354,567.806639897602,578.1519136261912,677.7983480432615,659.1183083601711,408.4821087225936
3.450721975703768,2.5635210937171773,0.0201136033805029,-0.5421590944961536,0.5723809137933955,-0.8034926916052387,2.265937365835555,0.6695437805877318
-26.17385008807707,-194.5787890196589,1408.7868148594785,-507.5355563843796,266.7010275721566,1418.4682105923398,1316.1998850390628,-109.3933227639235
-0.0022937748335734,0.001189102007747,4841.151433958001,17198.638246295046,13637.190197287044,8504.676357534718,32782.64836952859,-2033.753165542816
-0.0001510739475859,0.00032351001489,389.8347756295536,2669.6798770225128,456.4216139476084,180.9625752208958,-1787.7629541252452,0.0016389464892755
-0.0023035744695968,-0.0026997443094242,-257.2658970173452,1175.9696588016889,-1820.5782552061407,1400.3780996362495,918.2304093024586,0.0018553398507234
25.783143518550304,23.51188373149731,17.22993163335613,25.60553684996943,24.62039267014144,28.173643356136026,22.71064016009695,27.14935891815608
31.61322221646525,74.82970609696974,99.9175458836168,64.21464482451809,28.663304384383483,42.9469063250218,77.28473138028862,89.20120507732312
-171.61358162441593,541.6143308721951,416.8590580308576,721.4777055974324,531.4636717738066,419.76493772075867,444.8480183046322,704.4103356990126
1.2559704697827507,2.964148606517489,-0.8845886854111795,0.396520870298408,1.9220003235754104,3.720516102400168,4.76026943199434,3.789791332183455
155.08310559236224,-241.9737296530302,197.4633007739007,400.46190373264096,159.53277415611632,-217.37212421496287,906.2255557938486,-212.3796683964329
0.0021179694628351,-0.0005742029506086,4519.439163845893,21391.78339005429,19127.11126503641,12018.156903232884,20158.38114795749,761.3965648907549
-0.0001622289188926,-0.0011269222925665,1639.7457943244965,-600.5257829180346,130.6051474333446,3200.659732857981,196.3676703219062,-0.0018203823645457
0.0015622192024306,0.0010486631764512,596.5569621286031,3142.5127060100663,-486.1316041818476,-71.17463871164409,-426.8239435864275,-0.0007923030944374
34.71148924830162,28.432044794650885,32.17139084508961,32.248622756976566,34.74196149698656,30.145857595103653,25.957957829823343,22.17821920125792
-18.33104278789997,78.70602584919888,20.96516686010472,-1.4767343391669812,45.09941156510761,72.4321782134329,65.19295660750052,97.36583131183258
677.3201131419313,580.7780886889448,661.910788779171,619.840330525772,515.7636906948836,549.520224063703,522.9800744246351,537.6966537493538
1.395497791547355,3.3610196492151045,0.2518846254814408,2.4535870328711384,-1.2660659586302032,1.3277316672475528,-0.9832843782176413,1.6325199715415195
76.19452712361306,-59.76449380684405,-431.6475385720239,-12.79328490231046,844.1381875439021,-546.1064022871828,1158.40830844327,65.57624936120853
0.0006708089594912,-0.0018493588745113,22224.582155978776,19026.31214968054,23187.78038211797,15598.119730168768,-4942.877643408775,317.6551555437224
0.0021661732857134,0.0026094198749228,2302.2757973148928,-272.22640243872416,551.1975580220783,2124.5436509633173,4.453318807289734,0.0014114934222782
0.0027274592796695,-0.0020077499079761,2170.6571018574286,2102.1238760528686,-663.0351052824017,1730.145452657108,-0.0013342748643848,-0.0015984426389112
14.572176038011309,19.38231798887705,11.224965014700652,25.12019801501979,27.82750089232317,32.49546952574657,25.588560492588496,25.433650206540715
32.744645979878484,66.0629408156855,82.39631842390132,103.1622145124558,42.17128565217129,26.00312793796548,65.72756522420991,71.47655757922125
536.3656831634437,680.7553534598212,421.19220602244354,567.806639897602,578.1519136261912,677.7983480432615,659.1183083601711,408.4821087225936
3.450721975703768,2.5635210937171773,0.0201136033805029,-0.5421590944961536,0.5723809137933955,-0.8034926916052387,2.265937365835555,0.6695437805877318
-26.17385008807707,-194.5787890196589,1408.7868148594785,-507.5355563843796,266.7010275721566,1418.4682105923398,1316.1998850390628,-109.3933227639235
-0.0022937748335734,0.001189102007747,4841.151433958001,17198.638246295046,13637.190197287044,8504.676357534718,32782.64836952859,-2033.753165542816
-0.0001510739475859,0.00032351001489,389.8347756295536,2669.6798770225128,456.4216139476084,180.9625752208958,-1787.7629541252452,0.0016389464892755
-0.0023035744695968,-0.0026997443094242,-257.2658970173452,1175.9696588016889,-1820.5782552061407,1400.3780996362495,918.2304093024586,0.0018553398507234
25.783143518550304,23.51188373149731,17.22993163335613,25.60553684996943,24.62039267014144,28.173643356136026,22.71064016009695,27.14935891815608
31.61322221646525,74.82970609696974,99.9175458836168,64.21464482451809,28.663304384383483,42.9469063250218,77.28473138028862,89.20120507732312
-171.61358162441593,541.6143308721951,416.8590580308576,721.4777055974324,531.4636717738066,419.76493772075867,444.8480183046322,704.4103356990126
1.2559704697827507,2.964148606517489,-0.8845886854111795,0.396520870298408,1.9220003235754104,3.720516102400168,4.76026943199434,3.789791332183455
155.08310559236224,-241.9737296530302,197.4633007739007,400.46190373264096,159.53277415611632,-217.37212421496287,906.2255557938486,-212.3796683964329
0.0021179694628351,-0.0005742029506086,4519.439163845893,21391.78339005429,19127.11126503641,12018.156903232884,20158.38114795749,761.3965648907549
-0.0001622289188926,-0.0011269222925665,1639.7457943244965,-600.5257829180346,130.6051474333446,3200.659732857981,196.3676703219062,-0.0018203823645457
0.0015622192024306,0.0010486631764512,596.5569621286031,3142.5127060100663,-486.1316041818476,-71.17463871164409,-426.8239435864275,-0.0007923030944374
34.71148924830162,28.432044794650885,32.17139084508961,32.248622756976566,34.74196149698656,30.145857595103653,25.957957829823343,22.17821920125792
-18.33104278789997,78.70602584919888,20.96516686010472,-1.4767343391669812,45.09941156510761,72.4321782134329,65.19295660750052,97.36583131183258
677.3201131419313,580.7780886889448,661.910788779171,619.840330525772,515.7636906948836,549.520224063703,522.9800744246351,537.6966537493538
1.395497791547355,3.3610196492151045,0.2518846254814408,2.4535870328711384,-1.2660659586302032,1.3277316672475528,-0.9832843782176413,1.6325199715415195
76.19452712361306,-59.76449380684405,-431.6475385720239,-12.79328490231046,844.1381875439021,-546.1064022871828,1158.40830844327,65.57624936120853
0.0006708089594912,-0.0018493588745113,22224.582155978776,19026.31214968054,23187.78038211797,15598.119730168768,-4942.877643408775,317.6551555437224
0.0021661732857134,0.0026094198749228,2302.2757973148928,-272.22640243872416,551.1975580220783,2124.5436509633173,4.453318807289734,0.0014114934222782
0.0027274592796695,-0.0020077499079761,2170.6571018574286,2102.1238760528686,-663.0351052824017,1730.145452657108,-0.0013342748643848,-0.0015984426389112
14.572176038011309,19.38231798887705,11.224965014700652,25.12019801501979,27.82750089232317,32.49546952574657,25.588560492588496,25.433650206540715
32.744645979878484,66.0629408156855,82.39631842390132,103.1622145124558,42.17128565217129,26.00312793796548,65.72756522420991,71.47655757922125
536.3656831634437,680.7553534598212,421.19220602244354,567.806639897602,578.1519136261912,677.7983480432615,659.1183083601711,408.4821087225936
3.450721975703768,2.5635210937171773,0.0201136033805029,-0.5421590944961536,0.5723809137933955,-0.8034926916052387,2.265937365835555,0.6695437805877318
-26.17385008807707,-194.5787890196589,1408.7868148594785,-507.5355563843796,266.7010275721566,1418.4682105923398,1316.1998850390628,-109.3933227639235
-0.0022937748335734,0.001189102007747,4841.151433958001,17198.638246295046,13637.190197287044,8504.676357534718,32782.64836952859,-2033.753165542816
-0.0001510739475859,0.00032351001489,389.8347756295536,2669.6798770225128,456.4216139476084,180.9625752208958,-1787.7629541252452,0.0016389464892755
-0.0023035744695968,-0.0026997443094242,-257.2658970173452,1175.9696588016889,-1820.5782552061407,1400.3780996362495,918.2304093024586,0.0018553398507234
25.783143518550304,23.51188373149731,17.22993163335613,25.60553684996943,24.62039267014144,28.173643356136026,22.71064016009695,27.14935891815608
31.61322221646525,74.82970609696974,99.9175458836168,64.21464482451809,28.663304384383483,42.9469063250218,77.28473138028862,89.20120507732312
-171.61358162441593,541.6143308721951,416.8590580308576,721.4777055974324,531.4636717738066,419.76493772075867,444.8480183046322,704.4103356990126
1.2559704697827507,2.964148606517489,-0.8845886854111795,0.396520870298408,1.9220003235754104,3.720516102400168,4.76026943199434,3.789791332183455
155.08310559236224,-241.9737296530302,197.4633007739007,400.46190373264096,159.53277415611632,-217.37212421496287,906.2255557938486,-212.3796683964329
0.0021179694628351,-0.0005742029506086,4519.439163845893,21391.78339005429,19127.11126503641,12018.156903232884,20158.38114795749,761.3965648907549
-0.0001622289188926,-0.0011269222925665,1639.7457943244965,-600.5257829180346,130.6051474333446,3200.659732857981,196.3676703219062,-0.0018203823645457
0.0015622192024306,0.0010486631764512,596.5569621286031,3142.5127060100663,-486.1316041818476,-71.17463871164409,-426.8239435864275,-0.0007923030944374
34.71148924830162,28.432044794650885,32.17139084508961,32.248622756976566,34.74196149698656,30.145857595103653,25.957957829823343,22.17821920125792
-18.33104278789997,78.70602584919888,20.96516686010472,-1.4767343391669812,45.09941156510761,72.4321782134329,65.19295660750052,97.36583131183258
677.3201131419313,580.7780886889448,661.910788779171,619.840330525772,515.7636906948836,549.520224063703,522.9800744246351,537.6966537493538
1.395497791547355,3.3610196492151045,0.2518846254814408,2.4535870328711384,-1.2660659586302032,1.3277316672475528,-0.9832843782176413,1.6325199715415195
76.19452712361306,-59.76449380684405,-431.6475385720239,-12.79328490231046,844.1381875439021,-546.1064022871828,1158.40830844327,65.57624936120853
0.0006708089594912,-0.0018493588745113,22224.582155978776,19026.31214968054,23187.78038211797,15598.119730168768,-4942.877643408775,317.6551555437224
0.0021661732857134,0.0026094198749228,2302.2757973148928,-272.22640243872416,551.1975580220783,2124.5436509633173,4.453318807289734,0.0014114934222782
0.0027274592796695,-0.0020077499079761,2170.6571018574286,2102.1238760528686,-663.0351052824017,1730.145452657108,-0.0013342748643848,-0.0015984426389112
14.572176038011309,19.38231798887705,11.224965014700652,25.12019801501979,27.82750089232317,32.49546952574657,25.588560492588496,25.433650206540715
32.744645979878484,66.0629408156855,82.39631842390132,103.1622145124558,42.17128565217129,26.00312793796548,65.72756522420991,71.47655757922125
536.3656831634437,680.7553534598212,421.19220602244354,567.806639897602,578.1519136261912,677.7983480432615,659.1183083601711,408.4821087225936
3.450721975703768,2.5635210937171773,0.0201136033805029,-0.5421590944961536,0.5723809137933955,-0.8034926916052387,2.265937365835555,0.6695437805877318
-26.17385008807707,-194.5787890196589,1408.7868148594785,-507.5355563843796,266.7010275721566,1418.4682105923398,1316.1998850390628,-109.3933227639235
-0.0022937748335734,0.001189102007747,4841.151433958001,17198.638246295046,13637.190197287044,8504.676357534718,32782.64836952859,-2033.753165542816
-0.0001510739475859,0.00032351001489,389.8347756295536,2669.6798770225128,456.4216139476084,180.9625752208958,-1787.7629541252452,0.0016389464892755
-0.0023035744695968,-0.0026997443094242,-257.2658970173452,1175.9696588016889,-1820.5782552061407,1400.3780996362495,918.2304093024586,0.0018553398507234
25.783143518550304,23.51188373149731,17.22993163335613,25.60553684996943,24.62039267014144,28.173643356136026,22.71064016009695,27.14935891815608
31.61322221646525,74.82970609696974,99.9175458836168,64.21464482451809,28.663304384383483,42.9469063250218,77.28473138028862,89.20120507732312
-171.61358162441593,541.6143308721951,416.8590580308576,721.4777055974324,531.4636717738066,419.76493772075867,444.8480183046322,704.4103356990126
1.2559704697827507,2.964148606517489,-0.8845886854111795,0.396520870298408,1.9220003235754104,3.720516102400168,4.76026943199434,3.789791332183455
155.08310559236224,-241.9737296530302,197.4633007739007,400.46190373264096,159.53277415611632,-217.37212421496287,906.2255557938486,-212.3796683964329
0.0021179694628351,-0.0005742029506086,4519.439163845893,21391.78339005429,19127.11126503641,12018.156903232884,20158.38114795749,761.3965648907549
-0.0001622289188926,-0.0011269222925665,1639.7457943244965,-600.5257829180346,130.6051474333446,3200.659732857981,196.3676703219062,-0.0018203823645457
0.0015622192024306,0.0010486631764512,596.5569621286031,3142.5127060100663,-486.1316041818476,-71.17463871164409,-426.8239435864275,-0.0007923030944374
34.71148924830162,28.432044794650885,32.17139084508961,32.248622756976566,34.74196149698656,30.145857595103653,25.957957829823343,22.17821920125792
-18.33104278789997,78.70602584919888,20.96516686010472,-1.4767343391669812,45.09941156510761,72.4321782134329,65.19295660750052,97.36583131183258
677.3201131419313,580.7780886889448,661.910788779171,619.840330525772,515.7636906948836,549.520224063703,522.9800744246351,537.6966537493538
1.395497791547355,3.3610196492151045,0.2518846254814408,2.4535870328711384,-1.2660659586302032,1.3277316672475528,-0.9832843782176413,1.6325199715415195
76.19452712361306,-59.76449380684405,-431.6475385720239,-12.79328490231046,844.1381875439021,-546.1064022871828,1158.40830844327,65.57624936120853
0.0006708089594912,-0.0018493588745113,22224.582155978776,19026.31214968054,23187.78038211797,15598.119730168768,-4942.877643408775,317.6551555437224
0.0021661732857134,0.0026094198749228,2302.2757973148928,-272.22640243872416,551.1975580220783,2124.5436509633173,4.453318807289734,0.0014114934222782
0.0027274592796695,-0.0020077499079761,2170.6571018574286,2102.1238760528686,-663.0351052824017,1730.145452657108,-0.0013342748643848,-0.0015984426389112
14.572176038011309,19.38231798887705,11.224965014700652,25.12019801501979,27.82750089232317,32.49546952574657,25.588560492588496,25.433650206540715
32.744645979878484,66.0629408156855,82.39631842390132,103.1622145124558,42.17128565217129,26.00312793796548,65.72756522420991,71.47655757922125
536.3656831634437,680.7553534598212,421.19220602244354,567.806639897602,578.1519136261912,677.7983480432615,659.1183083601711,408.4821087225936
3.450721975703768,2.5635210937171773,0.0201136033805029,-0.5421590944961536,0.5723809137933955,-0.8034926916052387,2.265937365835555,0.6695437805877318
-26.17385008807707,-194.5787890196589,1408.7868148594785,-507.5355563843796,266.7010275721566,1418.4682105923398,1316.1998850390628,-109.3933227639235
-0.0022937748335734,0.001189102007747,4841.151433958001,17198.638246295046,13637.190197287044,8504.676357534718,32782.64836952859,-2033.753165542816
-0.0001510739475859,0.00032351001489,389.8347756295536,2669.6798770225128,456.4216139476084,180.9625752208958,-1787.7629541252452,0.0016389464892755
-0.0023035744695968,-0.0026997443094242,-257.2658970173452,1175.9696588016889,-1820.5782552061407,1400.3780996362495,918.2304093024586,0.0018553398507234
25.783143518550304,23.51188373149731,17.22993163335613,25.60553684996943,24.62039267014144,28.173643356136026,22.71064016009695,27.14935891815608
31.61322221646525,74.82970609696974,99.9175458836168,64.21464482451809,28.663304384383483,42.9469063250218,77.28473138028862,89.20120507732312
-171.61358162441593,541.6143308721951,416.8590580308576,721.4777055974324,531.4636717738066,419.76493772075867,444.8480183046322,704.4103356990126
1.2559704697827507,2.964148606517489,-0.8845886854111795,0.396520870298408,1.9220003235754104,3.720516102400168,4.76026943199434,3.789791332183455
155.08310559236224,-241.9737296530302,197.4633007739007,400.46190373264096,159.53277415611632,-217.37212421496287,906.2255557938486,-212.3796683964329
0.0021179694628351,-0.0005742029506086,4519.439163845893,21391.78339005429,19127.11126503641,12018.156903232884,20158.38114795749,761.3965648907549
-0.0001622289188926,-0.0011269222925665,1639.7457943244965,-600.5257829180346,130.6051474333446,3200.659732857981,196.3676703219062,-0.0018203823645457
0.0015622192024306,0.0010486631764512,596.5569621286031,3142.5127060100663,-486.1316041818476,-71.17463871164409,-426.8239435864275,-0.0007923030944374
34.71148924830162,28.432044794650885,32.17139084508961,32.248622756976566,34.74196149698656,30.145857595103653,25.957957829823343,22.17821920125792
-18.33104278789997,78.70602584919888,20.96516686010472,-1.4767343391669812,45.09941156510761,72.4321782134329,65.19295660750052,97.36583131183258
677.3201131419313,580.7780886889448,661.910788779171,619.840330525772,515.7636906948836,549.520224063703,522.9800744246351,537.6966537493538
1.395497791547355,3.3610196492151045,0.2518846254814408,2.4535870328711384,-1.2660659586302032,1.3277316672475528,-0.9832843782176413,1.6325199715415195
76.19452712361306,-59.76449380684405,-431.6475385720239,-12.79328490231046,844.1381875439021,-546.1064022871828,1158.40830844327,65.57624936120853
0.0006708089594912,-0.0018493588745113,22224.582155978776,19026.31214968054,23187.78038211797,15598.119730168768,-4942.877643408775,317.6551555437224
0.0021661732857134,0.0026094198749228,2302.2757973148928,-272.22640243872416,551.1975580220783,2124.5436509633173,4.453318807289734,0.0014114934222782
0.0027274592796695,-0.0020077499079761,2170.6571018574286,2102.1238760528686,-663.0351052824017,1730.145452657108,-0.0013342748643848,-0.0015984426389112
14.572176038011309,19.38231798887705,11.224965014700652,25.12019801501979,27.82750089232317,32.49546952574657,25.588560492588496,25.433650206540715
32.744645979878484,66.0629408156855,82.39631842390132,103.1622145124558,42.17128565217129,26.00312793796548,65.72756522420991,71.47655757922125
536.3656831634437,680.7553534598212,421.19220602244354,567.806639897602,578.1519136261912,677.7983480432615,659.1183083601711,408.4821087225936
3.450721975703768,2.5635210937171773,0.0201136033805029,-0.5421590944961536,0.5723809137933955,-0.8034926916052387,2.265937365835555,0.6695437805877318
-26.17385008807707,-194.5787890196589,1408.7868148594785,-507.5355563843796,266.7010275721566,1418.4682105923398,1316.1998850390628,-109.3933227639235
-0.0022937748335734,0.001189102007747,4841.151433958001,17198.638246295046,13637.190197287044,8504.676357534718,32782.64836952859,-2033.753165542816
-0.0001510739475859,0.00032351001489,389.8347756295536,2669.6798770225128,456.4216139476084,180.9625752208958,-1787.7629541252452,0.0016389464892755
-0.0023035744695968,-0.0026997443094242,-257.2658970173452,1175.9696588016889,-1820.5782552061407,1400.3780996362495,918.2304093024586,0.0018553398507234
25.783143518550304,23.51188373149731,17.22993163335613,25.60553684996943,24.62039267014144,28.173643356136026,22.71064016009695,27.14935891815608
31.61322221646525,74.82970609696974,99.9175458836168,64.21464482451809,28.663304384383483,42.9469063250218,77.28473138028862,89.20120507732312
-171.61358162441593,541.6143308721951,416.8590580308576,721.4777055974324,531.4636717738066,419.76493772075867,444.8480183046322,704.4103356990126
1.2559704697827507,2.964148606517489,-0.8845886854111795,0.396520870298408,1.9220003235754104,3.720516102400168,4.76026943199434,3.789791332183455
155.08310559236224,-241.9737296530302,197.4633007739007,400.46190373264096,159.53277415611632,-217.37212421496287,906.2255557938486,-212.3796683964329
0.0021179694628351,-0.0005742029506086,4519.439163845893,21391.78339005429,19127.11126503641,12018.156903232884,20158.38114795749,761.3965648907549
-0.0001622289188926,-0.0011269222925665,1639.7457943244965,-600.5257829180346,130.6051474333446,3200.659732857981,196.3676703219062,-0.0018203823645457
0.0015622192024306,0.0010486631764512,596.5569621286031,3142.5127060100663,-486.1316041818476,-71.17463871164409,-426.8239435864275,-0.0007923030944374
34.71148924830162,28.432044794650885,32.17139084508961,32.248622756976566,34.74196149698656,30.145857595103653,25.957957829823343,22.17821920125792
-18.33104278789997,78.70602584919888,20.96516686010472,-1.4767343391669812,45.09941156510761,72.4321782134329,65.19295660750052,97.36583131183258
677.3201131419313,580.7780886889448,661.910788779171,619.840330525772,515.7636906948836,549.520224063703,522.9800744246351,537.6966537493538
1.395497791547355,3.3610196492151045,0.2518846254814408,2.4535870328711384,-1.2660659586302032,1.3277316672475528,-0.9832843782176413,1.6325199715415195
76.19452712361306,-59.76449380684405,-431.6475385720239,-12.79328490231046,844.1381875439021,-546.1064022871828,1158.40830844327,65.57624936120853
0.0006708089594912,-0.0018493588745113,22224.582155978776,19026.31214968054,23187.78038211797,15598.119730168768,-4942.877643408775,317.6551555437224
0.0021661732857134,0.0026094198749228,2302.2757973148928,-272.22640243872416,551.1975580220783,2124.5436509633173,4.453318807289734,0.0014114934222782
0.0027274592796695,-0.0020077499079761,2170.6571018574286,2102.1238760528686,-663.0351052824017,1730.145452657108,-0.0013342748643848,-0.0015984426389112
14.572176038011309,19.38231798887705,11.224965014700652,25.12019801501979,27.82750089232317,32.49546952574657,25.588560492588496,25.433650206540715
32.744645979878484,66.0629408156855,82.39631842390132,103.1622145124558,42.17128565217129,26.00312793796548,65.72756522420991,71.47655757922125
536.3656831634437,680.7553534598212,421.19220602244354,567.806639897602,578.1519136261912,677.7983480432615,659.1183083601711,408.4821087225936
3.450721975703768,2.5635210937171773,0.0201136033805029,-0.5421590944961536,0.5723809137933955,-0.8034926916052387,2.265937365835555,0.6695437805877318
-26.17385008807707,-194.5787890196589,1408.7868148594785,-507.5355563843796,266.7010275721566,1418.4682105923398,1316.1998850390628,-109.3933227639235
-0.0022937748335734,0.001189102007747,4841.151433958001,17198.638246295046,13637.190197287044,8504.676357534718,32782.64836952859,-2033.753165542816
-0.0001510739475859,0.00032351001489,389.8347756295536,2669.6798770225128,456.4216139476084,180.9625752208958,-1787.7629541252452,0.0016389464892755
-0.0023035744695968,-0.0026997443094242,-257.2658970173452,1175.9696588016889,-1820.5782552061407,1400.3780996362495,918.2304093024586,0.0018553398507234
25.783143518550304,23.51188373149731,17.22993163335613,25.60553684996943,24.62039267014144,28.173643356136026,22.71064016009695,27.14935891815608
31.61322221646525,74.82970609696974,99.9175458836168,64.21464482451809,28.663304384383483,42.9469063250218,77.28473138028862,89.20120507732312
-171.61358162441593,541.6143308721951,416.8590580308576,721.4777055974324,531.4636717738066,419.76493772075867,444.8480183046322,704.4103356990126
1.2559704697827507,2.964148606517489,-0.8845886854111795,0.396520870298408,1.9220003235754104,3.720516102400168,4.76026943199434,3.789791332183455
155.08310559236224,-241.9737296530302,197.4633007739007,400.46190373264096,159.53277415611632,-217.37212421496287,906.2255557938486,-212.3796683964329
0.0021179694628351,-0.0005742029506086,4519.439163845893,21391.78339005429,19127.11126503641,12018.156903232884,20158.38114795749,761.3965648907549
-0.0001622289188926,-0.0011269222925665,1639.7457943244965,-600.5257829180346,130.6051474333446,3200.659732857981,196.3676703219062,-0.0018203823645457
0.0015622192024306,0.0010486631764512,596.5569621286031,3142.5127060100663,-486.1316041818476,-71.17463871164409,-426.8239435864275,-0.0007923030944374
34.71148924830162,28.432044794650885,32.17139084508961,32.248622756976566,34.74196149698656,30.145857595103653,25.957957829823343,22.17821920125792
-18.33104278789997,78.70602584919888,20.96516686010472,-1.4767343391669812,45.09941156510761,72.4321782134329,65.19295660750052,97.36583131183258
677.3201131419313,580.7780886889448,661.910788779171,619.840330525772,515.7636906948836,549.520224063703,522.9800744246351,537.6966537493538
1.395497791547355,3.3610196492151045,0.2518846254814408,2.4535870328711384,-1.2660659586302032,1.3277316672475528,-0.9832843782176413,1.6325199715415195
76.19452712361306,-59.76449380684405,-431.6475385720239,-12.79328490231046,844.1381875439021,-546.1064022871828,1158.40830844327,65.57624936120853
0.0006708089594912,-0.0018493588745113,22224.582155978776,19026.31214968054,23187.78038211797,15598.119730168768,-4942.877643408775,317.6551555437224
0.0021661732857134,0.0026094198749228,2302.2757973148928,-272.22640243872416,551.1975580220783,2124.5436509633173,4.453318807289734,0.0014114934222782
0.0027274592796695,-0.0020077499079761,2170.6571018574286,2102.1238760528686,-663.0351052824017,1730.145452657108,-0.0013342748643848,-0.0015984426389112
14.572176038011309,19.38231798887705,11.224965014700652,25.12019801501979,27.82750089232317,32.49546952574657,25.588560492588496,25.433650206540715
32.744645979878484,66.0629408156855,82.39631842390132,103.1622145124558,42.17128565217129,26.00312793796548,65.72756522420991,71.47655757922125
536.3656831634437,680.7553534598212,421.19220602244354,567.806639897602,578.1519136261912,677.7983480432615,659.1183083601711,408.4821087225936
3.450721975703768,2.5635210937171773,0.0201136033805029,-0.5421590944961536,0.5723809137933955,-0.8034926916052387,2.265937365835555,0.6695437805877318
-26.17385008807707,-194.5787890196589,1408.7868148594785,-507.5355563843796,266.7010275721566,1418.4682105923398,1316.1998850390628,-109.3933227639235
-0.0022937748335734,0.001189102007747,4841.151433958001,17198.638246295046,13637.190197287044,8504.676357534718,32782.64836952859,-2033.753165542816
-0.0001510739475859,0.00032351001489,389.8347756295536,2669.6798770225128,456.4216139476084,180.9625752208958,-1787.7629541252452,0.0016389464892755
-0.0023035744695968,-0.0026997443094242,-257.2658970173452,1175.9696588016889,-1820.5782552061407,1400.3780996362495,918.2304093024586,0.0018553398507234
25.783143518550304,23.51188373149731,17.22993163335613,25.60553684996943,24.62039267014144,28.173643356136026,22.71064016009695,27.14935891815608
31.61322221646525,74.82970609696974,99.9175458836168,64.21464482451809,28.663304384383483,42.9469063250218,77.28473138028862,89.20120507732312
-171.61358162441593,541.6143308721951,416.8590580308576,721.4777055974324,531.4636717738066,419.76493772075867,444.8480183046322,704.4103356990126
1.2559704697827507,2.964148606517489,-0.8845886854111795,0.396520870298408,1.9220003235754104,3.720516102400168,4.76026943199434,3.789791332183455
155.08310559236224,-241.9737296530302,197.4633007739007,400.46190373264096,159.53277415611632,-217.37212421496287,906.2255557938486,-212.3796683964329
0.0021179694628351,-0.0005742029506086,4519.439163845893,21391.78339005429,19127.11126503641,12018.156903232884,20158.38114795749,761.3965648907549
-0.0001622289188926,-0.0011269222925665,1639.7457943244965,-600.5257829180346,130.6051474333446,3200.659732857981,196.3676703219062,-0.0018203823645457
0.0015622192024306,0.0010486631764512,596.5569621286031,3142.5127060100663,-486.1316041818476,-71.17463871164409,-426.8239435864275,-0.0007923030944374
34.71148924830162,28.432044794650885,32.17139084508961,32.248622756976566,34.74196149698656,30.145857595103653,25.957957829823343,22.17821920125792
-18.33104278789997,78.70602584919888,20.96516686010472,-1.4767343391669812,45.09941156510761,72.4321782134329,65.19295660750052,97.36583131183258
677.3201131419313,580.7780886889448,661.910788779171,619.840330525772,515.7636906948836,549.520224063703,522.9800744246351,537.6966537493538
1.395497791547355,3.3610196492151045,0.2518846254814408,2.4535870328711384,-1.2660659586302032,1.3277316672475528,-0.9832843782176413,1.6325199715415195
76.19452712361306,-59.76449380684405,-431.6475385720239,-12.79328490231046,844.1381875439021,-546.1064022871828,1158.40830844327,65.57624936120853
0.0006708089594912,-0.0018493588745113,22224.582155978776,19026.31214968054,23187.78038211797,15598.119730168768,-4942.877643408775,317.6551555437224
0.0021661732857134,0.0026094198749228,2302.2757973148928,-272.22640243872416,551.1975580220783,2124.5436509633173,4.453318807289734,0.0014114934222782
0.0027274592796695,-0.0020077499079761,2170.6571018574286,2102.1238760528686,-663.0351052824017,1730.145452657108,-0.0013342748643848,-0.0015984426389112
14.572176038011309,19.38231798887705,11.224965014700652,25.12019801501979,27.82750089232317,32.49546952574657,25.588560492588496,25.433650206540715
32.744645979878484,66.0629408156855,82.39631842390132,103.1622145124558,42.17128565217129,26.00312793796548,65.72756522420991,71.47655757922125
536.3656831634437,680.7553534598212,421.19220602244354,567.806639897602,578.1519136261912,677.7983480432615,659.1183083601711,408.4821087225936
3.450721975703768,2.5635210937171773,0.0201136033805029,-0.5421590944961536,0.5723809137933955,-0.8034926916052387,2.265937365835555,0.6695437805877318
-26.17385008807707,-194.5787890196589,1408.7868148594785,-507.5355563843796,266.7010275721566,1418.4682105923398,1316.1998850390628,-109.3933227639235
-0.0022937748335734,0.001189102007747,4841.151433958001,17198.638246295046,13637.190197287044,8504.676357534718,32782.64836952859,-2033.753165542816
-0.0001510739475859,0.00032351001489,389.8347756295536,2669.6798770225128,456.4216139476084,180.9625752208958,-1787.7629541252452,0.0016389464892755
-0.0023035744695968,-0.0026997443094242,-257.2658970173452,1175.9696588016889,-1820.5782552061407,1400.3780996362495,918.2304093024586,0.0018553398507234
25.783143518550304,23.51188373149731,17.22993163335613,25.60553684996943,24.62039267014144,28.173643356136026,22.71064016009695,27.14935891815608
31.61322221646525,74.82970609696974,99.9175458836168,64.21464482451809,28.663304384383483,42.9469063250218,77.28473138028862,89.20120507732312
-171.61358162441593,541.6143308721951,416.8590580308576,721.4777055974324,531.4636717738066,419.76493772075867,444.8480183046322,704.4103356990126
1.2559704697827507,2.964148606517489,-0.8845886854111795,0.396520870298408,1.9220003235754104,3.720516102400168,4.76026943199434,3.789791332183455
155.08310559236224,-241.9737296530302,197.4633007739007,400.46190373264096,159.53277415611632,-217.37212421496287,906.2255557938486,-212.3796683964329
0.0021179694628351,-0.0005742029506086,4519.439163845893,21391.78339005429,19127.11126503641,12018.156903232884,20158.38114795749,761.3965648907549
-0.0001622289188926,-0.0011269222925665,1639.7457943244965,-600.5257829180346,130.6051474333446,3200.659732857981,196.3676703219062,-0.0018203823645457
0.0015622192024306,0.0010486631764512,596.5569621286031,3142.5127060100663,-486.1316041818476,-71.17463871164409,-426.8239435864275,-0.0007923030944374
34.71148924830162,28.432044794650885,32.17139084508961,32.248622756976566,34.74196149698656,30.145857595103653,25.957957829823343,22.17821920125792
-18.33104278789997,78.70602584919888,20.96516686010472,-1.4767343391669812,45.09941156510761,72.4321782134329,65.19295660750052,97.36583131183258
677.3201131419313,580.7780886889448,661.910788779171,619.840330525772,515.7636906948836,549.520224063703,522.9800744246351,537.6966537493538
1.395497791547355,3.3610196492151045,0.2518846254814408,2.4535870328711384,-1.2660659586302032,1.3277316672475528,-0.9832843782176413,1.6325199715415195
76.19452712361306,-59.76449380684405,-431.6475385720239,-12.79328490231046,844.1381875439021,-546.1064022871828,1158.40830844327,65.57624936120853
0.0006708089594912,-0.0018493588745113,22224.582155978776,19026.31214968054,23187.78038211797,15598.119730168768,-4942.877643408775,317.6551555437224
0.0021661732857134,0.0026094198749228,2302.2757973148928,-272.22640243872416,551.1975580220783,2124.5436509633173,4.453318807289734,0.0014114934222782
0.0027274592796695,-0.0020077499079761,2170.6571018574286,2102.1238760528686,-663.0351052824017,1730.145452657108,-0.0013342748643848,-0.0015984426389112
14.572176038011309,19.38231798887705,11.224965014700652,25.12019801501979,27.82750089232317,32.49546952574657,25.588560492588496,25.433650206540715
32.744645979878484,66.0629408156855,82.39631842390132,103.1622145124558,42.17128565217129,26.00312793796548,65.72756522420991,71.47655757922125
536.3656831634437,680.7553534598212,421.19220602244354,567.806639897602,578.1519136261912,677.7983480432615,659.1183083601711,408.4821087225936
3.450721975703768,2.5635210937171773,0.0201136033805029,-0.5421590944961536,0.5723809137933955,-0.8034926916052387,2.265937365835555,0.6695437805877318
-26.17385008807707,-194.5787890196589,1408.7868148594785,-507.5355563843796,266.7010275721566,1418.4682105923398,1316.1998850390628,-109.3933227639235
-0.0022937748335734,0.001189102007747,4841.151433958001,17198.638246295046,13637.190197287044,8504.676357534718,32782.64836952859,-2033.753165542816
-0.0001510739475859,0.00032351001489,389.8347756295536,2669.6798770225128,456.4216139476084,180.9625752208958,-1787.7629541252452,0.0016389464892755
-0.0023035744695968,-0.0026997443094242,-257.2658970173452,1175.9696588016889,-1820.5782552061407,1400.3780996362495,918.2304093024586,0.0018553398507234
25.783143518550304,23.51188373149731,17.22993163335613,25.60553684996943,24.62039267014144,28.173643356136026,22.71064016009695,27.14935891815608
31.61322221646525,74.82970609696974,99.9175458836168,64.21464482451809,28.663304384383483,42.9469063250218,77.28473138028862,89.20120507732312
-171.61358162441593,541.6143308721951,416.8590580308576,721.4777055974324,531.4636717738066,419.76493772075867,444.8480183046322,704.4103356990126
1.2559704697827507,2.964148606517489,-0.8845886854111795,0.396520870298408,1.9220003235754104,3.720516102400168,4.76026943199434,3.789791332183455
155.08310559236224,-241.9737296530302,197.4633007739007,400.46190373264096,159.53277415611632,-217.37212421496287,906.2255557938486,-212.3796683964329
0.0021179694628351,-0.0005742029506086,4519.439163845893,21391.78339005429,19127.11126503641,12018.156903232884,20158.38114795749,761.3965648907549
-0.0001622289188926,-0.0011269222925665,1639.7457943244965,-600.5257829180346,130.6051474333446,3200.659732857981,196.3676703219062,-0.0018203823645457
0.0015622192024306,0.0010486631764512,596.5569621286031,3142.5127060100663,-486.1316041818476,-71.17463871164409,-426.8239435864275,-0.0007923030944374
34.71148924830162,28.432044794650885,32.17139084508961,32.248622756976566,34.74196149698656,30.145857595103653,25.957957829823343,22.17821920125792
-18.33104278789997,78.70602584919888,20.96516686010472,-1.4767343391669812,45.09941156510761,72.4321782134329,65.19295660750052,97.36583131183258
677.3201131419313,580.7780886889448,661.910788779171,619.840330525772,515.7636906948836,549.520224063703,522.9800744246351,537.6966537493538
1.395497791547355,3.3610196492151045,0.2518846254814408,2.4535870328711384,-1.2660659586302032,1.3277316672475528,-0.9832843782176413,1.6325199715415195
76.19452712361306,-59.76449380684405,-431.6475385720239,-12.79328490231046,844.1381875439021,-546.1064022871828,1158.40830844327,65.57624936120853
0.0006708089594912,-0.0018493588745113,22224.582155978776,19026.31214968054,23187.78038211797,15598.119730168768,-4942.877643408775,317.6551555437224
0.0021661732857134,0.0026094198749228,2302.2757973148928,-272.22640243872416,551.1975580220783,2124.5436509633173,4.453318807289734,0.0014114934222782
0.0027274592796695,-0.0020077499079761,2170.6571018574286,2102.1238760528686,-663.0351052824017,1730.145452657108,-0.0013342748643848,-0.0015984426389112
14.572176038011309,19.38231798887705,11.224965014700652,25.12019801501979,27.82750089232317,32.49546952574657,25.588560492588496,25.433650206540715
32.744645979878484,66.0629408156855,82.39631842390132,103.1622145124558,42.17128565217129,26.00312793796548,65.72756522420991,71.47655757922125
536.3656831634437,680.7553534598212,421.19220602244354,567.806639897602,578.1519136261912,677.7983480432615,659.1183083601711,408.4821087225936
3.450721975703768,2.5635210937171773,0.0201136033805029,-0.5421590944961536,0.5723809137933955,-0.8034926916052387,2.265937365835555,0.6695437805877318
-26.17385008807707,-194.5787890196589,1408.7868148594785,-507.5355563843796,266.7010275721566,1418.4682105923398,1316.1998850390628,-109.3933227639235
-0.0022937748335734,0.001189102007747,4841.151433958001,17198.638246295046,13637.190197287044,8504.676357534718,32782.64836952859,-2033.753165542816
-0.0001510739475859,0.00032351001489,389.8347756295536,2669.6798770225128,456.4216139476084,180.9625752208958,-1787.7629541252452,0.0016389464892755
-0.0023035744695968,-0.0026997443094242,-257.2658970173452,1175.9696588016889,-1820.5782552061407,1400.3780996362495,918.2304093024586,0.0018553398507234
25.783143518550304,23.51188373149731,17.22993163335613,25.60553684996943,24.62039267014144,28.173643356136026,22.71064016009695,27.14935891815608
31.61322221646525,74.82970609696974,99.9175458836168,64.21464482451809,28.663304384383483,42.9469063250218,77.28473138028862,89.20120507732312
-171.61358162441593,541.6143308721951,416.8590580308576,721.4777055974324,531.4636717738066,419.76493772075867,444.8480183046322,704.4103356990126
1.2559704697827507,2.964148606517489,-0.8845886854111795,0.396520870298408,1.9220003235754104,3.720516102400168,4.76026943199434,3.789791332183455
155.08310559236224,-241.9737296530302,197.4633007739007,400.46190373264096,159.53277415611632,-217.37212421496287,906.2255557938486,-212.3796683964329
0.0021179694628351,-0.0005742029506086,4519.439163845893,21391.78339005429,19127.11126503641,12018.156903232884,20158.38114795749,761.3965648907549
-0.0001622289188926,-0.0011269222925665,1639.7457943244965,-600.5257829180346,130.6051474333446,3200.659732857981,196.3676703219062,-0.0018203823645457
0.0015622192024306,0.0010486631764512,596.5569621286031,3142.5127060100663,-486.1316041818476,-71.17463871164409,-426.8239435864275,-0.0007923030944374
34.71148924830162,28.432044794650885,32.17139084508961,32.248622756976566,34.74196149698656,30.145857595103653,25.957957829823343,22.17821920125792
-18.33104278789997,78.70602584919888,20.96516686010472,-1.4767343391669812,45.09941156510761,72.4321782134329,65.19295660750052,97.36583131183258
677.3201131419313,580.7780886889448,661.910788779171,619.840330525772,515.7636906948836,549.520224063703,522.9800744246351,537.6966537493538
1.395497791547355,3.3610196492151045,0.2518846254814408,2.4535870328711384,-1.2660659586302032,1.3277316672475528,-0.9832843782176413,1.6325199715415195
76.19452712361306,-59.76449380684405,-431.6475385720239,-12.79328490231046,844.1381875439021,-546.1064022871828,1158.40830844327,65.57624936120853
0.0006708089594912,-0.0018493588745113,22224.582155978776,19026.31214968054,23187.78038211797,15598.119730168768,-4942.877643408775,317.6551555437224
0.0021661732857134,0.0026094198749228,2302.2757973148928,-272.22640243872416,551.1975580220783,2124.5436509633173,4.453318807289734,0.0014114934222782
0.0027274592796695,-0.0020077499079761,2170.6571018574286,2102.1238760528686,-663.0351052824017,1730.145452657108,-0.0013342748643848,-0.0015984426389112
14.572176038011309,19.38231798887705,11.224965014700652,25.12019801501979,27.82750089232317,32.49546952574657,25.588560492588496,25.433650206540715
32.744645979878484,66.0629408156855,82.39631842390132,103.1622145124558,42.17128565217129,26.00312793796548,65.72756522420991,71.47655757922125
536.3656831634437,680.7553534598212,421.19220602244354,567.806639897602,578.1519136261912,677.7983480432615,659.1183083601711,408.4821087225936
3.450721975703768,2.5635210937171773,0.0201136033805029,-0.5421590944961536,0.5723809137933955,-0.8034926916052387,2.265937365835555,0.6695437805877318
-26.17385008807707,-194.5787890196589,1408.7868148594785,-507.5355563843796,266.7010275721566,1418.4682105923398,1316.1998850390628,-109.3933227639235
-0.0022937748335734,0.001189102007747,4841.151433958001,17198.638246295046,13637.190197287044,8504.676357534718,32782.64836952859,-2033.753165542816
-0.0001510739475859,0.00032351001489,389.8347756295536,2669.6798770225128,456.4216139476084,180.9625752208958,-1787.7629541252452,0.0016389464892755
-0.0023035744695968,-0.0026997443094242,-257.2658970173452,1175.9696588016889,-1820.5782552061407,1400.3780996362495,918.2304093024586,0.0018553398507234
25.783143518550304,23.51188373149731,17.22993163335613,25.60553684996943,24.62039267014144,28.173643356136026,22.71064016009695,27.14935891815608
31.61322221646525,74.82970609696974,99.9175458836168,64.21464482451809,28.663304384383483,42.9469063250218,77.28473138028862,89.20120507732312
-171.61358162441593,541.6143308721951,416.8590580308576,721.4777055974324,531.4636717738066,419.76493772075867,444.8480183046322,704.4103356990126
1.2559704697827507,2.964148606517489,-0.8845886854111795,0.396520870298408,1.9220003235754104,3.720516102400168,4.76026943199434,3.789791332183455
155.08310559236224,-241.9737296530302,197.4633007739007,400.46190373264096,159.53277415611632,-217.37212421496287,906.2255557938486,-212.3796683964329
0.0021179694628351,-0.0005742029506086,4519.439163845893,21391.78339005429,19127.11126503641,12018.156903232884,20158.38114795749,761.3965648907549
-0.0001622289188926,-0.0011269222925665,1639.7457943244965,-600.5257829180346,130.6051474333446,3200.659732857981,196.3676703219062,-0.0018203823645457
0.0015622192024306,0.0010486631764512,596.5569621286031,3142.5127060100663,-486.1316041818476,-71.17463871164409,-426.8239435864275,-0.0007923030944374
34.71148924830162,28.432044794650885,32.17139084508961,32.248622756976566,34.74196149698656,30.145857595103653,25.957957829823343,22.17821920125792
-18.33104278789997,78.70602584919888,20.96516686010472,-1.4767343391669812,45.09941156510761,72.4321782134329,65.19295660750052,97.36583131183258
677.3201131419313,580.7780886889448,661.910788779171,619.840330525772,515.7636906948836,549.520224063703,522.9800744246351,537.6966537493538
1.395497791547355,3.3610196492151045,0.2518846254814408,2.4535870328711384,-1.2660659586302032,1.3277316672475528,-0.9832843782176413,1.6325199715415195
76.19452712361306,-59.76449380684405,-431.6475385720239,-12.79328490231046,844.1381875439021,-546.1064022871828,1158.40830844327,65.57624936120853
0.0006708089594912,-0.0018493588745113,22224.582155978776,19026.31214968054,23187.78038211797,15598.119730168768,-4942.877643408775,317.6551555437224
0.0021661732857134,0.0026094198749228,2302.2757973148928,-272.22640243872416,551.1975580220783,2124.5436509633173,4.453318807289734,0.0014114934222782
0.0027274592796695,-0.0020077499079761,2170.6571018574286,2102.1238760528686,-663.0351052824017,1730.145452657108,-0.0013342748643848,-0.0015984426389112
14.572176038011309,19.38231798887705,11.224965014700652,25.12019801501979,27.82750089232317,32.49546952574657,25.588560492588496,25.433650206540715
32.744645979878484,66.0629408156855,82.39631842390132,103.1622145124558,42.17128565217129,26.00312793796548,65.72756522420991,71.47655757922125
536.3656831634437,680.7553534598212,421.19220602244354,567.806639897602,578.1519136261912,677.7983480432615,659.1183083601711,408.4821087225936
3.450721975703768,2.5635210937171773,0.0201136033805029,-0.5421590944961536,0.5723809137933955,-0.8034926916052387,2.265937365835555,0.6695437805877318
-26.17385008807707,-194.5787890196589,1408.7868148594785,-507.5355563843796,266.7010275721566,1418.4682105923398,1316.1998850390628,-109.3933227639235
-0.0022937748335734,0.001189102007747,4841.151433958001,17198.638246295046,13637.190197287044,8504.676357534718,32782.64836952859,-2033.753165542816
-0.0001510739475859,0.00032351001489,389.8347756295536,2669.6798770225128,456.4216139476084,180.9625752208958,-1787.7629541252452,0.0016389464892755
-0.0023035744695968,-0.0026997443094242,-257.2658970173452,1175.9696588016889,-1820.5782552061407,1400.3780996362495,918.2304093024586,0.0018553398507234
25.783143518550304,23.51188373149731,17.22993163335613,25.60553684996943,24.62039267014144,28.173643356136026,22.71064016009695,27.14935891815608
31.61322221646525,74.82970609696974,99.9175458836168,64.21464482451809,28.663304384383483,42.9469063250218,77.28473138028862,89.20120507732312
-171.61358162441593,541.6143308721951,416.8590580308576,721.4777055974324,531.4636717738066,419.76493772075867,444.8480183046322,704.4103356990126
1.2559704697827507,2.964148606517489,-0.8845886854111795,0.396520870298408,1.9220003235754104,3.720516102400168,4.76026943199434,3.789791332183455
155.08310559236224,-241.9737296530302,197.4633007739007,400.46190373264096,159.53277415611632,-217.37212421496287,906.2255557938486,-212.3796683964329
0.0021179694628351,-0.0005742029506086,4519.439163845893,21391.78339005429,19127.11126503641,12018.156903232884,20158.38114795749,761.3965648907549
-0.0001622289188926,-0.0011269222925665,1639.7457943244965,-600.5257829180346,130.6051474333446,3200.659732857981,196.3676703219062,-0.0018203823645457
0.0015622192024306,0.0010486631764512,596.5569621286031,3142.5127060100663,-486.1316041818476,-71.17463871164409,-426.8239435864275,-0.0007923030944374
34.71148924830162,28.432044794650885,32.17139084508961,32.248622756976566,34.74196149698656,30.145857595103653,25.957957829823343,22.17821920125792
-18.33104278789997,78.70602584919888,20.96516686010472,-1.4767343391669812,45.09941156510761,72.4321782134329,65.19295660750052,97.36583131183258
677.3201131419313,580.7780886889448,661.910788779171,619.840330525772,515.7636906948836,549.520224063703,522.9800744246351,537.6966537493538
1.395497791547355,3.3610196492151045,0.2518846254814408,2.4535870328711384,-1.2660659586302032,1.3277316672475528,-0.9832843782176413,1.6325199715415195
76.19452712361306,-59.76449380684405,-431.6475385720239,-12.79328490231046,844.1381875439021,-546.1064022871828,1158.40830844327,65.57624936120853
0.0006708089594912,-0.0018493588745113,22224.582155978776,19026.31214968054,23187.78038211797,15598.119730168768,-4942.877643408775,317.6551555437224
0.0021661732857134,0.0026094198749228,2302.2757973148928,-272.22640243872416,551.1975580220783,2124.5436509633173,4.453318807289734,0.0014114934222782
0.0027274592796695,-0.0020077499079761,2170.6571018574286,2102.1238760528686,-663.0351052824017,1730.145452657108,-0.0013342748643848,-0.0015984426389112
14.572176038011309,19.38231798887705,11.224965014700652,25.12019801501979,27.82750089232317,32.49546952574657,25.588560492588496,25.433650206540715
32.744645979878484,66.0629408156855,82.39631842390132,103.1622145124558,42.17128565217129,26.00312793796548,65.72756522420991,71.47655757922125
536.3656831634437,680.7553534598212,421.19220602244354,567.806639897602,578.1519136261912,677.7983480432615,659.1183083601711,408.4821087225936
3.450721975703768,2.5635210937171773,0.0201136033805029,-0.5421590944961536,0.5723809137933955,-0.8034926916052387,2.265937365835555,0.6695437805877318
-26.17385008807707,-194.5787890196589,1408.7868148594785,-507.5355563843796,266.7010275721566,1418.4682105923398,1316.1998850390628,-109.3933227639235
-0.0022937748335734,0.001189102007747,4841.151433958001,17198.638246295046,13637.190197287044,8504.676357534718,32782.64836952859,-2033.753165542816
-0.0001510739475859,0.00032351001489,389.8347756295536,2669.6798770225128,456.4216139476084,180.9625752208958,-1787.7629541252452,0.0016389464892755
-0.0023035744695968,-0.0026997443094242,-257.2658970173452,1175.9696588016889,-1820.5782552061407,1400.3780996362495,918.2304093024586,0.0018553398507234
25.783143518550304,23.51188373149731,17.22993163335613,25.60553684996943,24.62039267014144,28.173643356136026,22.71064016009695,27.14935891815608
31.61322221646525,74.82970609696974,99.9175458836168,64.21464482451809,28.663304384383483,42.9469063250218,77.28473138028862,89.20120507732312
-171.61358162441593,541.6143308721951,416.8590580308576,721.4777055974324,531.4636717738066,419.76493772075867,444.8480183046322,704.4103356990126
1.2559704697827507,2.964148606517489,-0.8845886854111795,0.396520870298408,1.9220003235754104,3.720516102400168,4.76026943199434,3.789791332183455
155.08310559236224,-241.9737296530302,197.4633007739007,400.46190373264096,159.53277415611632,-217.37212421496287,906.2255557938486,-212.3796683964329
0.0021179694628351,-0.0005742029506086,4519.439163845893,21391.78339005429,19127.11126503641,12018.156903232884,20158.38114795749,761.3965648907549
-0.0001622289188926,-0.0011269222925665,1639.7457943244965,-600.5257829180346,130.6051474333446,3200.659732857981,196.3676703219062,-0.0018203823645457
0.0015622192024306,0.0010486631764512,596.5569621286031,3142.5127060100663,-486.1316041818476,-71.17463871164409,-426.8239435864275,-0.0007923030944374
34.71148924830162,28.432044794650885,32.17139084508961,32.248622756976566,34.74196149698656,30.145857595103653,25.957957829823343,22.17821920125792
-18.33104278789997,78.70602584919888,20.96516686010472,-1.4767343391669812,45.09941156510761,72.4321782134329,65.19295660750052,97.36583131183258
677.3201131419313,580.7780886889448,661.910788779171,619.840330525772,515.7636906948836,549.520224063703,522.9800744246351,537.6966537493538
1.395497791547355,3.3610196492151045,0.2518846254814408,2.4535870328711384,-1.2660659586302032,1.3277316672475528,-0.9832843782176413,1.6325199715415195
76.19452712361306,-59.76449380684405,-431.6475385720239,-12.79328490231046,844.1381875439021,-546.1064022871828,1158.40830844327,65.57624936120853
0.0006708089594912,-0.0018493588745113,22224.582155978776,19026.31214968054,23187.78038211797,15598.119730168768,-4942.877643408775,317.6551555437224
0.0021661732857134,0.0026094198749228,2302.2757973148928,-272.22640243872416,551.1975580220783,2124.5436509633173,4.453318807289734,0.0014114934222782
0.0027274592796695,-0.0020077499079761,2170.6571018574286,2102.1238760528686,-663.0351052824017,1730.145452657108,-0.0013342748643848,-0.0015984426389112
14.572176038011309,19.38231798887705,11.224965014700652,25.12019801501979,27.82750089232317,32.49546952574657,25.588560492588496,25.433650206540715
32.744645979878484,66.0629408156855,82.39631842390132,103.1622145124558,42.17128565217129,26.00312793796548,65.72756522420991,71.47655757922125
536.3656831634437,680.7553534598212,421.19220602244354,567.806639897602,578.1519136261912,677.7983480432615,659.1183083601711,408.4821087225936
3.450721975703768,2.5635210937171773,0.0201136033805029,-0.5421590944961536,0.5723809137933955,-0.8034926916052387,2.265937365835555,0.6695437805877318
-26.17385008807707,-194.5787890196589,1408.7868148594785,-507.5355563843796,266.7010275721566,1418.4682105923398,1316.1998850390628,-109.3933227639235
-0.0022937748335734,0.001189102007747,4841.151433958001,17198.638246295046,13637.190197287044,8504.676357534718,32782.64836952859,-2033.753165542816
-0.0001510739475859,0.00032351001489,389.8347756295536,2669.6798770225128,456.4216139476084,180.9625752208958,-1787.7629541252452,0.0016389464892755
-0.0023035744695968,-0.0026997443094242,-257.2658970173452,1175.9696588016889,-1820.5782552061407,1400.3780996362495,918.2304093024586,0.0018553398507234
25.783143518550304,23.51188373149731,17.22993163335613,25.60553684996943,24.62039267014144,28.173643356136026,22.71064016009695,27.14935891815608
31.61322221646525,74.82970609696974,99.9175458836168,64.21464482451809,28.663304384383483,42.9469063250218,77.28473138028862,89.20120507732312
-171.61358162441593,541.6143308721951,416.8590580308576,721.4777055974324,531.4636717738066,419.76493772075867,444.8480183046322,704.4103356990126
1.2559704697827507,2.964148606517489,-0.8845886854111795,0.396520870298408,1.9220003235754104,3.720516102400168,4.76026943199434,3.789791332183455
155.08310559236224,-241.9737296530302,197.4633007739007,400.46190373264096,159.53277415611632,-217.37212421496287,906.2255557938486,-212.3796683964329
0.0021179694628351,-0.0005742029506086,4519.439163845893,21391.78339005429,19127.11126503641,12018.156903232884,20158.38114795749,761.3965648907549
-0.0001622289188926,-0.0011269222925665,1639.7457943244965,-600.5257829180346,130.6051474333446,3200.659732857981,196.3676703219062,-0.0018203823645457
0.0015622192024306,0.0010486631764512,596.5569621286031,3142.5127060100663,-486.1316041818476,-71.17463871164409,-426.8239435864275,-0.0007923030944374
34.71148924830162,28.432044794650885,32.17139084508961,32.248622756976566,34.74196149698656,30.145857595103653,25.957957829823343,22.17821920125792
-18.33104278789997,78.70602584919888,20.96516686010472,-1.4767343391669812,45.09941156510761,72.4321782134329,65.19295660750052,97.36583131183258
677.3201131419313,580.7780886889448,661.910788779171,619.840330525772,515.7636906948836,549.520224063703,522.9800744246351,537.6966537493538
1.395497791547355,3.3610196492151045,0.2518846254814408,2.4535870328711384,-1.2660659586302032,1.3277316672475528,-0.9832843782176413,1.6325199715415195
76.19452712361306,-59.76449380684405,-431.6475385720239,-12.79328490231046,844.1381875439021,-546.1064022871828,1158.40830844327,65.57624936120853
0.0006708089594912,-0.0018493588745113,22224.582155978776,19026.31214968054,23187.78038211797,15598.119730168768,-4942.877643408775,317.6551555437224
0.0021661732857134,0.0026094198749228,2302.2757973148928,-272.22640243872416,551.1975580220783,2124.5436509633173,4.453318807289734,0.0014114934222782
0.0027274592796695,-0.0020077499079761,2170.6571018574286,2102.1238760528686,-663.0351052824017,1730.145452657108,-0.0013342748643848,-0.0015984426389112
14.572176038011309,19.38231798887705,11.224965014700652,25.12019801501979,27.82750089232317,32.49546952574657,25.588560492588496,25.433650206540715
32.744645979878484,66.0629408156855,82.39631842390132,103.1622145124558,42.17128565217129,26.00312793796548,65.72756522420991,71.47655757922125
536.3656831634437,680.7553534598212,421.19220602244354,567.806639897602,578.1519136261912,677.7983480432615,659.1183083601711,408.4821087225936
3.450721975703768,2.5635210937171773,0.0201136033805029,-0.5421590944961536,0.5723809137933955,-0.8034926916052387,2.265937365835555,0.6695437805877318
-26.17385008807707,-194.5787890196589,1408.7868148594785,-507.5355563843796,266.7010275721566,1418.4682105923398,1316.1998850390628,-109.3933227639235
-0.0022937748335734,0.001189102007747,4841.151433958001,17198.638246295046,13637.190197287044,8504.676357534718,32782.64836952859,-2033.753165542816
-0.0001510739475859,0.00032351001489,389.8347756295536,2669.6798770225128,456.4216139476084,180.9625752208958,-1787.7629541252452,0.0016389464892755
-0.0023035744695968,-0.0026997443094242,-257.2658970173452,1175.9696588016889,-1820.5782552061407,1400.3780996362495,918.2304093024586,0.0018553398507234
25.783143518550304,23.51188373149731,17.22993163335613,25.60553684996943,24.62039267014144,28.173643356136026,22.71064016009695,27.14935891815608
31.61322221646525,74.82970609696974,99.9175458836168,64.21464482451809,28.663304384383483,42.9469063250218,77.28473138028862,89.20120507732312
-171.61358162441593,541.6143308721951,416.8590580308576,721.4777055974324,531.4636717738066,419.76493772075867,444.8480183046322,704.4103356990126
1.2559704697827507,2.964148606517489,-0.8845886854111795,0.396520870298408,1.9220003235754104,3.720516102400168,4.76026943199434,3.789791332183455
155.08310559236224,-241.9737296530302,197.4633007739007,400.46190373264096,159.53277415611632,-217.37212421496287,906.2255557938486,-212.3796683964329
0.0021179694628351,-0.0005742029506086,4519.439163845893,21391.78339005429,19127.11126503641,12018.156903232884,20158.38114795749,761.3965648907549
-0.0001622289188926,-0.0011269222925665,1639.7457943244965,-600.5257829180346,130.6051474333446,3200.659732857981,196.3676703219062,-0.0018203823645457
0.0015622192024306,0.0010486631764512,596.5569621286031,3142.5127060100663,-486.1316041818476,-71.17463871164409,-426.8239435864275,-0.0007923030944374
34.71148924830162,28.432044794650885,32.17139084508961,32.248622756976566,34.74196149698656,30.145857595103653,25.957957829823343,22.17821920125792
-18.33104278789997,78.70602584919888,20.96516686010472,-1.4767343391669812,45.09941156510761,72.4321782134329,65.19295660750052,97.36583131183258
677.3201131419313,580.7780886889448,661.910788779171,619.840330525772,515.7636906948836,549.520224063703,522.9800744246351,537.6966537493538
1.395497791547355,3.3610196492151045,0.2518846254814408,2.4535870328711384,-1.2660659586302032,1.3277316672475528,-0.9832843782176413,1.6325199715415195
76.19452712361306,-59.76449380684405,-431.6475385720239,-12.79328490231046,844.1381875439021,-546.1064022871828,1158.40830844327,65.57624936120853
0.0006708089594912,-0.0018493588745113,22224.582155978776,19026.31214968054,23187.78038211797,15598.119730168768,-4942.877643408775,317.6551555437224
0.0021661732857134,0.0026094198749228,2302.2757973148928,-272.22640243872416,551.1975580220783,2124.5436509633173,4.453318807289734,0.0014114934222782
0.0027274592796695,-0.0020077499079761,2170.6571018574286,2102.1238760528686,-663.0351052824017,1730.145452657108,-0.0013342748643848,-0.0015984426389112
