내부온도관측치,내부습도관측치,co2관측치,ec관측치,시간당분무량,시간당백색광량,시간당적색광량,시간당청색광량
24.4827173843656,24.4761179391906,19.675999243705068,30.724990926922136,29.718814098982342,28.422024226011946,25.066972451433788,23.08667908826021
25.370206869925163,56.70652443084808,65.72916534336613,61.66948439378396,36.0955096656684,57.98040398851858,70.98248662463746,67.18277209214753
52.34269535334363,596.9225097281022,456.3762900069444,698.8887913736035,470.5405348227472,473.7568012364976,531.341935049467,516.2653543109648
-0.058019690912904,2.4356303338727434,-0.4155672680603226,2.043255032072629,2.266852302655836,2.529758728134872,3.9111005083698,0.1584625732912417
-235.9221378463656,-136.8044014913869,1491.2381386990965,-323.55126011279026,259.74230962521455,478.9904346703572,1057.789351184829,-76.73769886822883
-0.0010291417116055,0.0028511591582915,850.962345094551,21989.202311658,12479.624354891172,11512.575139646606,12172.737762347731,-4191.219981071983
-0.0013545782463642,0.000175091520769,20.224896931589683,2389.883227395783,607.8248327819887,-481.6111854792434,1978.167477616112,-0.0007868889911834
0.0013338270206114,-0.0033011464748417,-187.2462426011065,2564.3653905611204,-2048.629799032388,-1399.6506053060466,709.9672466982031,-0.0021954826250289
30.162562416809912,26.185281337748865,13.607434017112048,24.13332509859688,30.282960860333755,20.03109271337426,21.10323144592641,18.634512869351425
69.80624877037059,59.31319044392332,78.5087480100593,75.30905756968768,59.27945301183848,39.43762470336126,101.187389681228,68.51661295164836
390.1211828354458,538.2387103684068,412.3387819224324,611.3627380566217,905.4773571476436,310.4045658912028,497.151545102415,666.5088297168176
1.575067127008747,2.3845955461627666,-0.3328536160622217,2.378461865381966,3.3540417358829004,2.85717854052256,3.652220628034372,1.921629766239073
-433.11066701675065,775.6710397191857,448.1957965821261,1189.0434071270815,486.6648486365604,532.9385890726466,402.0265437004754,1565.9574452031864
-0.0004932413348138,-0.0012299947810246,7349.494590713546,17618.318357070148,19494.810463320355,16112.471016358886,24030.22875272828,2817.458277082625
0.0002016090178339,-0.0025926684821442,-449.3023053391292,-1412.5365786313344,2515.146023370585,1755.6837398842736,-145.93842122245985,0.0005447457436837
0.0025434954620088,0.0019516027388968,-114.06685592594496,-1406.425093006495,-1357.836349525844,903.3481978466734,-412.3241211095951,0.0012103592064902
30.10133636539636,35.32921288927885,34.386728789513235,34.671285292912174,28.13540722115801,32.72225260108573,20.1469032994388,23.883192151855468
62.35748274424305,86.84350657053504,-2.025453130629316,11.386969851425569,44.98966116635477,51.25020146653912,61.87263141662099,55.6435419032386
465.52979265580086,510.3265834331026,623.3418529286375,620.1323364156536,662.2905941404138,576.2937506955449,400.5176185399524,676.3218905436994
1.961484064357042,4.456640271465037,-0.4535548834697458,2.609654831015676,0.3013675231438719,3.7451283798793007,-0.5646593263012181,2.3450024450204685
117.08282723210984,-150.20244529935917,-425.99447863501086,997.2892750970096,784.0648353924302,212.8852947647503,1637.3317335213028,135.20916116583794
-0.000201428282902,-0.0023322611251202,19312.27820550404,17998.46808791994,22984.45734784385,-16888.968501535193,-386.3042459994237,291.0487672371063
0.002115913905152,-0.0006549762684533,984.6977509567292,-3054.618370742218,789.493038832136,3590.585720091449,1.3212449516163125,0.0009558752619205
0.0017533030575372,0.001549526676578,428.9354452534103,-1666.4022939817023,173.43620394045803,-894.5466893263849,0.0009414904294455,-0.00120825038254
24.4827173843656,24.4761179391906,19.675999243705068,30.724990926922136,29.718814098982342,28.422024226011946,25.066972451433788,23.08667908826021
25.370206869925163,56.70652443084808,65.72916534336613,61.66948439378396,36.0955096656684,57.98040398851858,70.98248662463746,67.18277209214753
52.34269535334363,596.9225097281022,456.3762900069444,698.8887913736035,470.5405348227472,473.7568012364976,531.341935049467,516.2653543109648
-0.058019690912904,2.4356303338727434,-0.4155672680603226,2.043255032072629,2.266852302655836,2.529758728134872,3.9111005083698,0.1584625732912417
-235.9221378463656,-136.8044014913869,1491.2381386990965,-323.55126011279026,259.74230962521455,478.9904346703572,1057.789351184829,-76.73769886822883
-0.0010291417116055,0.0028511591582915,850.962345094551,21989.202311658,12479.624354891172,11512.575139646606,12172.737762347731,-4191.219981071983
-0.0013545782463642,0.000175091520769,20.224896931589683,2389.883227395783,607.8248327819887,-481.6111854792434,1978.167477616112,-0.0007868889911834
0.0013338270206114,-0.0033011464748417,-187.2462426011065,2564.3653905611204,-2048.629799032388,-1399.6506053060466,709.9672466982031,-0.0021954826250289
30.162562416809912,26.185281337748865,13.607434017112048,24.13332509859688,30.282960860333755,20.03109271337426,21.10323144592641,18.634512869351425
69.80624877037059,59.31319044392332,78.5087480100593,75.30905756968768,59.27945301183848,39.43762470336126,101.187389681228,68.51661295164836
390.1211828354458,538.2387103684068,412.3387819224324,611.3627380566217,905.4773571476436,310.4045658912028,497.151545102415,666.5088297168176
1.575067127008747,2.3845955461627666,-0.3328536160622217,2.378461865381966,3.3540417358829004,2.85717854052256,3.652220628034372,1.921629766239073
-433.11066701675065,775.6710397191857,448.1957965821261,1189.0434071270815,486.6648486365604,532.9385890726466,402.0265437004754,1565.9574452031864
-0.0004932413348138,-0.0012299947810246,7349.494590713546,17618.318357070148,19494.810463320355,16112.471016358886,24030.22875272828,2817.458277082625
0.0002016090178339,-0.0025926684821442,-449.3023053391292,-1412.5365786313344,2515.146023370585,1755.6837398842736,-145.93842122245985,0.0005447457436837
0.0025434954620088,0.0019516027388968,-114.06685592594496,-1406.425093006495,-1357.836349525844,903.3481978466734,-412.3241211095951,0.0012103592064902
30.10133636539636,35.32921288927885,34.386728789513235,34.671285292912174,28.13540722115801,32.72225260108573,20.1469032994388,23.883192151855468
62.35748274424305,86.84350657053504,-2.025453130629316,11.386969851425569,44.98966116635477,51.25020146653912,61.87263141662099,55.6435419032386
465.52979265580086,510.3265834331026,623.3418529286375,620.1323364156536,662.2905941404138,576.2937506955449,400.5176185399524,676.3218905436994
1.961484064357042,4.456640271465037,-0.4535548834697458,2.609654831015676,0.3013675231438719,3.7451283798793007,-0.5646593263012181,2.3450024450204685
117.08282723210984,-150.20244529935917,-425.99447863501086,997.2892750970096,784.0648353924302,212.8852947647503,1637.3317335213028,135.20916116583794
-0.000201428282902,-0.0023322611251202,19312.27820550404,17998.46808791994,22984.45734784385,-16888.968501535193,-386.3042459994237,291.0487672371063
0.002115913905152,-0.0006549762684533,984.6977509567292,-3054.618370742218,789.493038832136,3590.585720091449,1.3212449516163125,0.0009558752619205
0.0017533030575372,0.001549526676578,428.9354452534103,-1666.4022939817023,173.43620394045803,-894.5466893263849,0.0009414904294455,-0.00120825038254
24.4827173843656,24.4761179391906,19.675999243705068,30.724990926922136,29.718814098982342,28.422024226011946,25.066972451433788,23.08667908826021
25.370206869925163,56.70652443084808,65.72916534336613,61.66948439378396,36.0955096656684,57.98040398851858,70.98248662463746,67.18277209214753
52.34269535334363,596.9225097281022,456.3762900069444,698.8887913736035,470.5405348227472,473.7568012364976,531.341935049467,516.2653543109648
-0.058019690912904,2.4356303338727434,-0.4155672680603226,2.043255032072629,2.266852302655836,2.529758728134872,3.9111005083698,0.1584625732912417
-235.9221378463656,-136.8044014913869,1491.2381386990965,-323.55126011279026,259.74230962521455,478.9904346703572,1057.789351184829,-76.73769886822883
-0.0010291417116055,0.0028511591582915,850.962345094551,21989.202311658,12479.624354891172,11512.575139646606,12172.737762347731,-4191.219981071983
-0.0013545782463642,0.000175091520769,20.224896931589683,2389.883227395783,607.8248327819887,-481.6111854792434,1978.167477616112,-0.0007868889911834
0.0013338270206114,-0.0033011464748417,-187.2462426011065,2564.3653905611204,-2048.629799032388,-1399.6506053060466,709.9672466982031,-0.0021954826250289
30.162562416809912,26.185281337748865,13.607434017112048,24.13332509859688,30.282960860333755,20.03109271337426,21.10323144592641,18.634512869351425
69.80624877037059,59.31319044392332,78.5087480100593,75.30905756968768,59.27945301183848,39.43762470336126,101.187389681228,68.51661295164836
390.1211828354458,538.2387103684068,412.3387819224324,611.3627380566217,905.4773571476436,310.4045658912028,497.151545102415,666.5088297168176
1.575067127008747,2.3845955461627666,-0.3328536160622217,2.378461865381966,3.3540417358829004,2.85717854052256,3.652220628034372,1.921629766239073
-433.11066701675065,775.6710397191857,448.1957965821261,1189.0434071270815,486.6648486365604,532.9385890726466,402.0265437004754,1565.9574452031864
-0.0004932413348138,-0.0012299947810246,7349.494590713546,17618.318357070148,19494.810463320355,16112.471016358886,24030.22875272828,2817.458277082625
0.0002016090178339,-0.0025926684821442,-449.3023053391292,-1412.5365786313344,2515.146023370585,1755.6837398842736,-145.93842122245985,0.0005447457436837
0.0025434954620088,0.0019516027388968,-114.06685592594496,-1406.425093006495,-1357.836349525844,903.3481978466734,-412.3241211095951,0.0012103592064902
30.10133636539636,35.32921288927885,34.386728789513235,34.671285292912174,28.13540722115801,32.72225260108573,20.1469032994388,23.883192151855468
62.35748274424305,86.84350657053504,-2.025453130629316,11.386969851425569,44.98966116635477,51.25020146653912,61.87263141662099,55.6435419032386
465.52979265580086,510.3265834331026,623.3418529286375,620.1323364156536,662.2905941404138,576.2937506955449,400.5176185399524,676.3218905436994
1.961484064357042,4.456640271465037,-0.4535548834697458,2.609654831015676,0.3013675231438719,3.7451283798793007,-0.5646593263012181,2.3450024450204685
117.08282723210984,-150.20244529935917,-425.99447863501086,997.2892750970096,784.0648353924302,212.8852947647503,1637.3317335213028,135.20916116583794
-0.000201428282902,-0.0023322611251202,19312.27820550404,17998.46808791994,22984.45734784385,-16888.968501535193,-386.3042459994237,291.0487672371063
0.002115913905152,-0.0006549762684533,984.6977509567292,-3054.618370742218,789.493038832136,3590.585720091449,1.3212449516163125,0.0009558752619205
0.0017533030575372,0.001549526676578,428.9354452534103,-1666.4022939817023,173.43620394045803,-894.5466893263849,0.0009414904294455,-0.00120825038254
24.4827173843656,24.4761179391906,19.675999243705068,30.724990926922136,29.718814098982342,28.422024226011946,25.066972451433788,23.08667908826021
25.370206869925163,56.70652443084808,65.72916534336613,61.66948439378396,36.0955096656684,57.98040398851858,70.98248662463746,67.18277209214753
52.34269535334363,596.9225097281022,456.3762900069444,698.8887913736035,470.5405348227472,473.7568012364976,531.341935049467,516.2653543109648
-0.058019690912904,2.4356303338727434,-0.4155672680603226,2.043255032072629,2.266852302655836,2.529758728134872,3.9111005083698,0.1584625732912417
-235.9221378463656,-136.8044014913869,1491.2381386990965,-323.55126011279026,259.74230962521455,478.9904346703572,1057.789351184829,-76.73769886822883
-0.0010291417116055,0.0028511591582915,850.962345094551,21989.202311658,12479.624354891172,11512.575139646606,12172.737762347731,-4191.219981071983
-0.0013545782463642,0.000175091520769,20.224896931589683,2389.883227395783,607.8248327819887,-481.6111854792434,1978.167477616112,-0.0007868889911834
0.0013338270206114,-0.0033011464748417,-187.2462426011065,2564.3653905611204,-2048.629799032388,-1399.6506053060466,709.9672466982031,-0.0021954826250289
30.162562416809912,26.185281337748865,13.607434017112048,24.13332509859688,30.282960860333755,20.03109271337426,21.10323144592641,18.634512869351425
69.80624877037059,59.31319044392332,78.5087480100593,75.30905756968768,59.27945301183848,39.43762470336126,101.187389681228,68.51661295164836
390.1211828354458,538.2387103684068,412.3387819224324,611.3627380566217,905.4773571476436,310.4045658912028,497.151545102415,666.5088297168176
1.575067127008747,2.3845955461627666,-0.3328536160622217,2.378461865381966,3.3540417358829004,2.85717854052256,3.652220628034372,1.921629766239073
-433.11066701675065,775.6710397191857,448.1957965821261,1189.0434071270815,486.6648486365604,532.9385890726466,402.0265437004754,1565.9574452031864
-0.0004932413348138,-0.0012299947810246,7349.494590713546,17618.318357070148,19494.810463320355,16112.471016358886,24030.22875272828,2817.458277082625
0.0002016090178339,-0.0025926684821442,-449.3023053391292,-1412.5365786313344,2515.146023370585,1755.6837398842736,-145.93842122245985,0.0005447457436837
0.0025434954620088,0.0019516027388968,-114.06685592594496,-1406.425093006495,-1357.836349525844,903.3481978466734,-412.3241211095951,0.0012103592064902
30.10133636539636,35.32921288927885,34.386728789513235,34.671285292912174,28.13540722115801,32.72225260108573,20.1469032994388,23.883192151855468
62.35748274424305,86.84350657053504,-2.025453130629316,11.386969851425569,44.98966116635477,51.25020146653912,61.87263141662099,55.6435419032386
465.52979265580086,510.3265834331026,623.3418529286375,620.1323364156536,662.2905941404138,576.2937506955449,400.5176185399524,676.3218905436994
1.961484064357042,4.456640271465037,-0.4535548834697458,2.609654831015676,0.3013675231438719,3.7451283798793007,-0.5646593263012181,2.3450024450204685
117.08282723210984,-150.20244529935917,-425.99447863501086,997.2892750970096,784.0648353924302,212.8852947647503,1637.3317335213028,135.20916116583794
-0.000201428282902,-0.0023322611251202,19312.27820550404,17998.46808791994,22984.45734784385,-16888.968501535193,-386.3042459994237,291.0487672371063
0.002115913905152,-0.0006549762684533,984.6977509567292,-3054.618370742218,789.493038832136,3590.585720091449,1.3212449516163125,0.0009558752619205
0.0017533030575372,0.001549526676578,428.9354452534103,-1666.4022939817023,173.43620394045803,-894.5466893263849,0.0009414904294455,-0.00120825038254
24.4827173843656,24.4761179391906,19.675999243705068,30.724990926922136,29.718814098982342,28.422024226011946,25.066972451433788,23.08667908826021
25.370206869925163,56.70652443084808,65.72916534336613,61.66948439378396,36.0955096656684,57.98040398851858,70.98248662463746,67.18277209214753
52.34269535334363,596.9225097281022,456.3762900069444,698.8887913736035,470.5405348227472,473.7568012364976,531.341935049467,516.2653543109648
-0.058019690912904,2.4356303338727434,-0.4155672680603226,2.043255032072629,2.266852302655836,2.529758728134872,3.9111005083698,0.1584625732912417
-235.9221378463656,-136.8044014913869,1491.2381386990965,-323.55126011279026,259.74230962521455,478.9904346703572,1057.789351184829,-76.73769886822883
-0.0010291417116055,0.0028511591582915,850.962345094551,21989.202311658,12479.624354891172,11512.575139646606,12172.737762347731,-4191.219981071983
-0.0013545782463642,0.000175091520769,20.224896931589683,2389.883227395783,607.8248327819887,-481.6111854792434,1978.167477616112,-0.0007868889911834
0.0013338270206114,-0.0033011464748417,-187.2462426011065,2564.3653905611204,-2048.629799032388,-1399.6506053060466,709.9672466982031,-0.0021954826250289
30.162562416809912,26.185281337748865,13.607434017112048,24.13332509859688,30.282960860333755,20.03109271337426,21.10323144592641,18.634512869351425
69.80624877037059,59.31319044392332,78.5087480100593,75.30905756968768,59.27945301183848,39.43762470336126,101.187389681228,68.51661295164836
390.1211828354458,538.2387103684068,412.3387819224324,611.3627380566217,905.4773571476436,310.4045658912028,497.151545102415,666.5088297168176
1.575067127008747,2.3845955461627666,-0.3328536160622217,2.378461865381966,3.3540417358829004,2.85717854052256,3.652220628034372,1.921629766239073
-433.11066701675065,775.6710397191857,448.1957965821261,1189.0434071270815,486.6648486365604,532.9385890726466,402.0265437004754,1565.9574452031864
-0.0004932413348138,-0.0012299947810246,7349.494590713546,17618.318357070148,19494.810463320355,16112.471016358886,24030.22875272828,2817.458277082625
0.0002016090178339,-0.0025926684821442,-449.3023053391292,-1412.5365786313344,2515.146023370585,1755.6837398842736,-145.93842122245985,0.0005447457436837
0.0025434954620088,0.0019516027388968,-114.06685592594496,-1406.425093006495,-1357.836349525844,903.3481978466734,-412.3241211095951,0.0012103592064902
30.10133636539636,35.32921288927885,34.386728789513235,34.671285292912174,28.13540722115801,32.72225260108573,20.1469032994388,23.883192151855468
62.35748274424305,86.84350657053504,-2.025453130629316,11.386969851425569,44.98966116635477,51.25020146653912,61.87263141662099,55.6435419032386
465.52979265580086,510.3265834331026,623.3418529286375,620.1323364156536,662.2905941404138,576.2937506955449,400.5176185399524,676.3218905436994
1.961484064357042,4.456640271465037,-0.4535548834697458,2.609654831015676,0.3013675231438719,3.7451283798793007,-0.5646593263012181,2.3450024450204685
117.08282723210984,-150.20244529935917,-425.99447863501086,997.2892750970096,784.0648353924302,212.8852947647503,1637.3317335213028,135.20916116583794
-0.000201428282902,-0.0023322611251202,19312.27820550404,17998.46808791994,22984.45734784385,-16888.968501535193,-386.3042459994237,291.0487672371063
0.002115913905152,-0.0006549762684533,984.6977509567292,-3054.618370742218,789.493038832136,3590.585720091449,1.3212449516163125,0.0009558752619205
0.0017533030575372,0.001549526676578,428.9354452534103,-1666.4022939817023,173.43620394045803,-894.5466893263849,0.0009414904294455,-0.00120825038254
24.4827173843656,24.4761179391906,19.675999243705068,30.724990926922136,29.718814098982342,28.422024226011946,25.066972451433788,23.08667908826021
25.370206869925163,56.70652443084808,65.72916534336613,61.66948439378396,36.0955096656684,57.98040398851858,70.98248662463746,67.18277209214753
52.34269535334363,596.9225097281022,456.3762900069444,698.8887913736035,470.5405348227472,473.7568012364976,531.341935049467,516.2653543109648
-0.058019690912904,2.4356303338727434,-0.4155672680603226,2.043255032072629,2.266852302655836,2.529758728134872,3.9111005083698,0.1584625732912417
-235.9221378463656,-136.8044014913869,1491.2381386990965,-323.55126011279026,259.74230962521455,478.9904346703572,1057.789351184829,-76.73769886822883
-0.0010291417116055,0.0028511591582915,850.962345094551,21989.202311658,12479.624354891172,11512.575139646606,12172.737762347731,-4191.219981071983
-0.0013545782463642,0.000175091520769,20.224896931589683,2389.883227395783,607.8248327819887,-481.6111854792434,1978.167477616112,-0.0007868889911834
0.0013338270206114,-0.0033011464748417,-187.2462426011065,2564.3653905611204,-2048.629799032388,-1399.6506053060466,709.9672466982031,-0.0021954826250289
30.162562416809912,26.185281337748865,13.607434017112048,24.13332509859688,30.282960860333755,20.03109271337426,21.10323144592641,18.634512869351425
69.80624877037059,59.31319044392332,78.5087480100593,75.30905756968768,59.27945301183848,39.43762470336126,101.187389681228,68.51661295164836
390.1211828354458,538.2387103684068,412.3387819224324,611.3627380566217,905.4773571476436,310.4045658912028,497.151545102415,666.5088297168176
1.575067127008747,2.3845955461627666,-0.3328536160622217,2.378461865381966,3.3540417358829004,2.85717854052256,3.652220628034372,1.921629766239073
-433.11066701675065,775.6710397191857,448.1957965821261,1189.0434071270815,486.6648486365604,532.9385890726466,402.0265437004754,1565.9574452031864
-0.0004932413348138,-0.0012299947810246,7349.494590713546,17618.318357070148,19494.810463320355,16112.471016358886,24030.22875272828,2817.458277082625
0.0002016090178339,-0.0025926684821442,-449.3023053391292,-1412.5365786313344,2515.146023370585,1755.6837398842736,-145.93842122245985,0.0005447457436837
0.0025434954620088,0.0019516027388968,-114.06685592594496,-1406.425093006495,-1357.836349525844,903.3481978466734,-412.3241211095951,0.0012103592064902
30.10133636539636,35.32921288927885,34.386728789513235,34.671285292912174,28.13540722115801,32.72225260108573,20.1469032994388,23.883192151855468
62.35748274424305,86.84350657053504,-2.025453130629316,11.386969851425569,44.98966116635477,51.25020146653912,61.87263141662099,55.6435419032386
465.52979265580086,510.3265834331026,623.3418529286375,620.1323364156536,662.2905941404138,576.2937506955449,400.5176185399524,676.3218905436994
1.961484064357042,4.456640271465037,-0.4535548834697458,2.609654831015676,0.3013675231438719,3.7451283798793007,-0.5646593263012181,2.3450024450204685
117.08282723210984,-150.20244529935917,-425.99447863501086,997.2892750970096,784.0648353924302,212.8852947647503,1637.3317335213028,135.20916116583794
-0.000201428282902,-0.0023322611251202,19312.27820550404,17998.46808791994,22984.45734784385,-16888.968501535193,-386.3042459994237,291.0487672371063
0.002115913905152,-0.0006549762684533,984.6977509567292,-3054.618370742218,789.493038832136,3590.585720091449,1.3212449516163125,0.0009558752619205
0.0017533030575372,0.001549526676578,428.9354452534103,-1666.4022939817023,173.43620394045803,-894.5466893263849,0.0009414904294455,-0.00120825038254
24.4827173843656,24.4761179391906,19.675999243705068,30.724990926922136,29.718814098982342,28.422024226011946,25.066972451433788,23.08667908826021
25.370206869925163,56.70652443084808,65.72916534336613,61.66948439378396,36.0955096656684,57.98040398851858,70.98248662463746,67.18277209214753
52.34269535334363,596.9225097281022,456.3762900069444,698.8887913736035,470.5405348227472,473.7568012364976,531.341935049467,516.2653543109648
-0.058019690912904,2.4356303338727434,-0.4155672680603226,2.043255032072629,2.266852302655836,2.529758728134872,3.9111005083698,0.1584625732912417
-235.9221378463656,-136.8044014913869,1491.2381386990965,-323.55126011279026,259.74230962521455,478.9904346703572,1057.789351184829,-76.73769886822883
-0.0010291417116055,0.0028511591582915,850.962345094551,21989.202311658,12479.624354891172,11512.575139646606,12172.737762347731,-4191.219981071983
-0.0013545782463642,0.000175091520769,20.224896931589683,2389.883227395783,607.8248327819887,-481.6111854792434,1978.167477616112,-0.0007868889911834
0.0013338270206114,-0.0033011464748417,-187.2462426011065,2564.3653905611204,-2048.629799032388,-1399.6506053060466,709.9672466982031,-0.0021954826250289
30.162562416809912,26.185281337748865,13.607434017112048,24.13332509859688,30.282960860333755,20.03109271337426,21.10323144592641,18.634512869351425
69.80624877037059,59.31319044392332,78.5087480100593,75.30905756968768,59.27945301183848,39.43762470336126,101.187389681228,68.51661295164836
390.1211828354458,538.2387103684068,412.3387819224324,611.3627380566217,905.4773571476436,310.4045658912028,497.151545102415,666.5088297168176
1.575067127008747,2.3845955461627666,-0.3328536160622217,2.378461865381966,3.3540417358829004,2.85717854052256,3.652220628034372,1.921629766239073
-433.11066701675065,775.6710397191857,448.1957965821261,1189.0434071270815,486.6648486365604,532.9385890726466,402.0265437004754,1565.9574452031864
-0.0004932413348138,-0.0012299947810246,7349.494590713546,17618.318357070148,19494.810463320355,16112.471016358886,24030.22875272828,2817.458277082625
0.0002016090178339,-0.0025926684821442,-449.3023053391292,-1412.5365786313344,2515.146023370585,1755.6837398842736,-145.93842122245985,0.0005447457436837
0.0025434954620088,0.0019516027388968,-114.06685592594496,-1406.425093006495,-1357.836349525844,903.3481978466734,-412.3241211095951,0.0012103592064902
30.10133636539636,35.32921288927885,34.386728789513235,34.671285292912174,28.13540722115801,32.72225260108573,20.1469032994388,23.883192151855468
62.35748274424305,86.84350657053504,-2.025453130629316,11.386969851425569,44.98966116635477,51.25020146653912,61.87263141662099,55.6435419032386
465.52979265580086,510.3265834331026,623.3418529286375,620.1323364156536,662.2905941404138,576.2937506955449,400.5176185399524,676.3218905436994
1.961484064357042,4.456640271465037,-0.4535548834697458,2.609654831015676,0.3013675231438719,3.7451283798793007,-0.5646593263012181,2.3450024450204685
117.08282723210984,-150.20244529935917,-425.99447863501086,997.2892750970096,784.0648353924302,212.8852947647503,1637.3317335213028,135.20916116583794
-0.000201428282902,-0.0023322611251202,19312.27820550404,17998.46808791994,22984.45734784385,-16888.968501535193,-386.3042459994237,291.0487672371063
0.002115913905152,-0.0006549762684533,984.6977509567292,-3054.618370742218,789.493038832136,3590.585720091449,1.3212449516163125,0.0009558752619205
0.0017533030575372,0.001549526676578,428.9354452534103,-1666.4022939817023,173.43620394045803,-894.5466893263849,0.0009414904294455,-0.00120825038254
24.4827173843656,24.4761179391906,19.675999243705068,30.724990926922136,29.718814098982342,28.422024226011946,25.066972451433788,23.08667908826021
25.370206869925163,56.70652443084808,65.72916534336613,61.66948439378396,36.0955096656684,57.98040398851858,70.98248662463746,67.18277209214753
52.34269535334363,596.9225097281022,456.3762900069444,698.8887913736035,470.5405348227472,473.7568012364976,531.341935049467,516.2653543109648
-0.058019690912904,2.4356303338727434,-0.4155672680603226,2.043255032072629,2.266852302655836,2.529758728134872,3.9111005083698,0.1584625732912417
-235.9221378463656,-136.8044014913869,1491.2381386990965,-323.55126011279026,259.74230962521455,478.9904346703572,1057.789351184829,-76.73769886822883
-0.0010291417116055,0.0028511591582915,850.962345094551,21989.202311658,12479.624354891172,11512.575139646606,12172.737762347731,-4191.219981071983
-0.0013545782463642,0.000175091520769,20.224896931589683,2389.883227395783,607.8248327819887,-481.6111854792434,1978.167477616112,-0.0007868889911834
0.0013338270206114,-0.0033011464748417,-187.2462426011065,2564.3653905611204,-2048.629799032388,-1399.6506053060466,709.9672466982031,-0.0021954826250289
30.162562416809912,26.185281337748865,13.607434017112048,24.13332509859688,30.282960860333755,20.03109271337426,21.10323144592641,18.634512869351425
69.80624877037059,59.31319044392332,78.5087480100593,75.30905756968768,59.27945301183848,39.43762470336126,101.187389681228,68.51661295164836
390.1211828354458,538.2387103684068,412.3387819224324,611.3627380566217,905.4773571476436,310.4045658912028,497.151545102415,666.5088297168176
1.575067127008747,2.3845955461627666,-0.3328536160622217,2.378461865381966,3.3540417358829004,2.85717854052256,3.652220628034372,1.921629766239073
-433.11066701675065,775.6710397191857,448.1957965821261,1189.0434071270815,486.6648486365604,532.9385890726466,402.0265437004754,1565.9574452031864
-0.0004932413348138,-0.0012299947810246,7349.494590713546,17618.318357070148,19494.810463320355,16112.471016358886,24030.22875272828,2817.458277082625
0.0002016090178339,-0.0025926684821442,-449.3023053391292,-1412.5365786313344,2515.146023370585,1755.6837398842736,-145.93842122245985,0.0005447457436837
0.0025434954620088,0.0019516027388968,-114.06685592594496,-1406.425093006495,-1357.836349525844,903.3481978466734,-412.3241211095951,0.0012103592064902
30.10133636539636,35.32921288927885,34.386728789513235,34.671285292912174,28.13540722115801,32.72225260108573,20.1469032994388,23.883192151855468
62.35748274424305,86.84350657053504,-2.025453130629316,11.386969851425569,44.98966116635477,51.25020146653912,61.87263141662099,55.6435419032386
465.52979265580086,510.3265834331026,623.3418529286375,620.1323364156536,662.2905941404138,576.2937506955449,400.5176185399524,676.3218905436994
1.961484064357042,4.456640271465037,-0.4535548834697458,2.609654831015676,0.3013675231438719,3.7451283798793007,-0.5646593263012181,2.3450024450204685
117.08282723210984,-150.20244529935917,-425.99447863501086,997.2892750970096,784.0648353924302,212.8852947647503,1637.3317335213028,135.20916116583794
-0.000201428282902,-0.0023322611251202,19312.27820550404,17998.46808791994,22984.45734784385,-16888.968501535193,-386.3042459994237,291.0487672371063
0.002115913905152,-0.0006549762684533,984.6977509567292,-3054.618370742218,789.493038832136,3590.585720091449,1.3212449516163125,0.0009558752619205
0.0017533030575372,0.001549526676578,428.9354452534103,-1666.4022939817023,173.43620394045803,-894.5466893263849,0.0009414904294455,-0.00120825038254
24.4827173843656,24.4761179391906,19.675999243705068,30.724990926922136,29.718814098982342,28.422024226011946,25.066972451433788,23.08667908826021
25.370206869925163,56.70652443084808,65.72916534336613,61.66948439378396,36.0955096656684,57.98040398851858,70.98248662463746,67.18277209214753
52.34269535334363,596.9225097281022,456.3762900069444,698.8887913736035,470.5405348227472,473.7568012364976,531.341935049467,516.2653543109648
-0.058019690912904,2.4356303338727434,-0.4155672680603226,2.043255032072629,2.266852302655836,2.529758728134872,3.9111005083698,0.1584625732912417
-235.9221378463656,-136.8044014913869,1491.2381386990965,-323.55126011279026,259.74230962521455,478.9904346703572,1057.789351184829,-76.73769886822883
-0.0010291417116055,0.0028511591582915,850.962345094551,21989.202311658,12479.624354891172,11512.575139646606,12172.737762347731,-4191.219981071983
-0.0013545782463642,0.000175091520769,20.224896931589683,2389.883227395783,607.8248327819887,-481.6111854792434,1978.167477616112,-0.0007868889911834
0.0013338270206114,-0.0033011464748417,-187.2462426011065,2564.3653905611204,-2048.629799032388,-1399.6506053060466,709.9672466982031,-0.0021954826250289
30.162562416809912,26.185281337748865,13.607434017112048,24.13332509859688,30.282960860333755,20.03109271337426,21.10323144592641,18.634512869351425
69.80624877037059,59.31319044392332,78.5087480100593,75.30905756968768,59.27945301183848,39.43762470336126,101.187389681228,68.51661295164836
390.1211828354458,538.2387103684068,412.3387819224324,611.3627380566217,905.4773571476436,310.4045658912028,497.151545102415,666.5088297168176
1.575067127008747,2.3845955461627666,-0.3328536160622217,2.378461865381966,3.3540417358829004,2.85717854052256,3.652220628034372,1.921629766239073
-433.11066701675065,775.6710397191857,448.1957965821261,1189.0434071270815,486.6648486365604,532.9385890726466,402.0265437004754,1565.9574452031864
-0.0004932413348138,-0.0012299947810246,7349.494590713546,17618.318357070148,19494.810463320355,16112.471016358886,24030.22875272828,2817.458277082625
0.0002016090178339,-0.0025926684821442,-449.3023053391292,-1412.5365786313344,2515.146023370585,1755.6837398842736,-145.93842122245985,0.0005447457436837
0.0025434954620088,0.0019516027388968,-114.06685592594496,-1406.425093006495,-1357.836349525844,903.3481978466734,-412.3241211095951,0.0012103592064902
30.10133636539636,35.32921288927885,34.386728789513235,34.671285292912174,28.13540722115801,32.72225260108573,20.1469032994388,23.883192151855468
62.35748274424305,86.84350657053504,-2.025453130629316,11.386969851425569,44.98966116635477,51.25020146653912,61.87263141662099,55.6435419032386
465.52979265580086,510.3265834331026,623.3418529286375,620.1323364156536,662.2905941404138,576.2937506955449,400.5176185399524,676.3218905436994
1.961484064357042,4.456640271465037,-0.4535548834697458,2.609654831015676,0.3013675231438719,3.7451283798793007,-0.5646593263012181,2.3450024450204685
117.08282723210984,-150.20244529935917,-425.99447863501086,997.2892750970096,784.0648353924302,212.8852947647503,1637.3317335213028,135.20916116583794
-0.000201428282902,-0.0023322611251202,19312.27820550404,17998.46808791994,22984.45734784385,-16888.968501535193,-386.3042459994237,291.0487672371063
0.002115913905152,-0.0006549762684533,984.6977509567292,-3054.618370742218,789.493038832136,3590.585720091449,1.3212449516163125,0.0009558752619205
0.0017533030575372,0.001549526676578,428.9354452534103,-1666.4022939817023,173.43620394045803,-894.5466893263849,0.0009414904294455,-0.00120825038254
24.4827173843656,24.4761179391906,19.675999243705068,30.724990926922136,29.718814098982342,28.422024226011946,25.066972451433788,23.08667908826021
25.370206869925163,56.70652443084808,65.72916534336613,61.66948439378396,36.0955096656684,57.98040398851858,70.98248662463746,67.18277209214753
52.34269535334363,596.9225097281022,456.3762900069444,698.8887913736035,470.5405348227472,473.7568012364976,531.341935049467,516.2653543109648
-0.058019690912904,2.4356303338727434,-0.4155672680603226,2.043255032072629,2.266852302655836,2.529758728134872,3.9111005083698,0.1584625732912417
-235.9221378463656,-136.8044014913869,1491.2381386990965,-323.55126011279026,259.74230962521455,478.9904346703572,1057.789351184829,-76.73769886822883
-0.0010291417116055,0.0028511591582915,850.962345094551,21989.202311658,12479.624354891172,11512.575139646606,12172.737762347731,-4191.219981071983
-0.0013545782463642,0.000175091520769,20.224896931589683,2389.883227395783,607.8248327819887,-481.6111854792434,1978.167477616112,-0.0007868889911834
0.0013338270206114,-0.0033011464748417,-187.2462426011065,2564.3653905611204,-2048.629799032388,-1399.6506053060466,709.9672466982031,-0.0021954826250289
30.162562416809912,26.185281337748865,13.607434017112048,24.13332509859688,30.282960860333755,20.03109271337426,21.10323144592641,18.634512869351425
69.80624877037059,59.31319044392332,78.5087480100593,75.30905756968768,59.27945301183848,39.43762470336126,101.187389681228,68.51661295164836
390.1211828354458,538.2387103684068,412.3387819224324,611.3627380566217,905.4773571476436,310.4045658912028,497.151545102415,666.5088297168176
1.575067127008747,2.3845955461627666,-0.3328536160622217,2.378461865381966,3.3540417358829004,2.85717854052256,3.652220628034372,1.921629766239073
-433.11066701675065,775.6710397191857,448.1957965821261,1189.0434071270815,486.6648486365604,532.9385890726466,402.0265437004754,1565.9574452031864
-0.0004932413348138,-0.0012299947810246,7349.494590713546,17618.318357070148,19494.810463320355,16112.471016358886,24030.22875272828,2817.458277082625
0.0002016090178339,-0.0025926684821442,-449.3023053391292,-1412.5365786313344,2515.146023370585,1755.6837398842736,-145.93842122245985,0.0005447457436837
0.0025434954620088,0.0019516027388968,-114.06685592594496,-1406.425093006495,-1357.836349525844,903.3481978466734,-412.3241211095951,0.0012103592064902
30.10133636539636,35.32921288927885,34.386728789513235,34.671285292912174,28.13540722115801,32.72225260108573,20.1469032994388,23.883192151855468
62.35748274424305,86.84350657053504,-2.025453130629316,11.386969851425569,44.98966116635477,51.25020146653912,61.87263141662099,55.6435419032386
465.52979265580086,510.3265834331026,623.3418529286375,620.1323364156536,662.2905941404138,576.2937506955449,400.5176185399524,676.3218905436994
1.961484064357042,4.456640271465037,-0.4535548834697458,2.609654831015676,0.3013675231438719,3.7451283798793007,-0.5646593263012181,2.3450024450204685
117.08282723210984,-150.20244529935917,-425.99447863501086,997.2892750970096,784.0648353924302,212.8852947647503,1637.3317335213028,135.20916116583794
-0.000201428282902,-0.0023322611251202,19312.27820550404,17998.46808791994,22984.45734784385,-16888.968501535193,-386.3042459994237,291.0487672371063
0.002115913905152,-0.0006549762684533,984.6977509567292,-3054.618370742218,789.493038832136,3590.585720091449,1.3212449516163125,0.0009558752619205
0.0017533030575372,0.001549526676578,428.9354452534103,-1666.4022939817023,173.43620394045803,-894.5466893263849,0.0009414904294455,-0.00120825038254
24.4827173843656,24.4761179391906,19.675999243705068,30.724990926922136,29.718814098982342,28.422024226011946,25.066972451433788,23.08667908826021
25.370206869925163,56.70652443084808,65.72916534336613,61.66948439378396,36.0955096656684,57.98040398851858,70.98248662463746,67.18277209214753
52.34269535334363,596.9225097281022,456.3762900069444,698.8887913736035,470.5405348227472,473.7568012364976,531.341935049467,516.2653543109648
-0.058019690912904,2.4356303338727434,-0.4155672680603226,2.043255032072629,2.266852302655836,2.529758728134872,3.9111005083698,0.1584625732912417
-235.9221378463656,-136.8044014913869,1491.2381386990965,-323.55126011279026,259.74230962521455,478.9904346703572,1057.789351184829,-76.73769886822883
-0.0010291417116055,0.0028511591582915,850.962345094551,21989.202311658,12479.624354891172,11512.575139646606,12172.737762347731,-4191.219981071983
-0.0013545782463642,0.000175091520769,20.224896931589683,2389.883227395783,607.8248327819887,-481.6111854792434,1978.167477616112,-0.0007868889911834
0.0013338270206114,-0.0033011464748417,-187.2462426011065,2564.3653905611204,-2048.629799032388,-1399.6506053060466,709.9672466982031,-0.0021954826250289
30.162562416809912,26.185281337748865,13.607434017112048,24.13332509859688,30.282960860333755,20.03109271337426,21.10323144592641,18.634512869351425
69.80624877037059,59.31319044392332,78.5087480100593,75.30905756968768,59.27945301183848,39.43762470336126,101.187389681228,68.51661295164836
390.1211828354458,538.2387103684068,412.3387819224324,611.3627380566217,905.4773571476436,310.4045658912028,497.151545102415,666.5088297168176
1.575067127008747,2.3845955461627666,-0.3328536160622217,2.378461865381966,3.3540417358829004,2.85717854052256,3.652220628034372,1.921629766239073
-433.11066701675065,775.6710397191857,448.1957965821261,1189.0434071270815,486.6648486365604,532.9385890726466,402.0265437004754,1565.9574452031864
-0.0004932413348138,-0.0012299947810246,7349.494590713546,17618.318357070148,19494.810463320355,16112.471016358886,24030.22875272828,2817.458277082625
0.0002016090178339,-0.0025926684821442,-449.3023053391292,-1412.5365786313344,2515.146023370585,1755.6837398842736,-145.93842122245985,0.0005447457436837
0.0025434954620088,0.0019516027388968,-114.06685592594496,-1406.425093006495,-1357.836349525844,903.3481978466734,-412.3241211095951,0.0012103592064902
30.10133636539636,35.32921288927885,34.386728789513235,34.671285292912174,28.13540722115801,32.72225260108573,20.1469032994388,23.883192151855468
62.35748274424305,86.84350657053504,-2.025453130629316,11.386969851425569,44.98966116635477,51.25020146653912,61.87263141662099,55.6435419032386
465.52979265580086,510.3265834331026,623.3418529286375,620.1323364156536,662.2905941404138,576.2937506955449,400.5176185399524,676.3218905436994
1.961484064357042,4.456640271465037,-0.4535548834697458,2.609654831015676,0.3013675231438719,3.7451283798793007,-0.5646593263012181,2.3450024450204685
117.08282723210984,-150.20244529935917,-425.99447863501086,997.2892750970096,784.0648353924302,212.8852947647503,1637.3317335213028,135.20916116583794
-0.000201428282902,-0.0023322611251202,19312.27820550404,17998.46808791994,22984.45734784385,-16888.968501535193,-386.3042459994237,291.0487672371063
0.002115913905152,-0.0006549762684533,984.6977509567292,-3054.618370742218,789.493038832136,3590.585720091449,1.3212449516163125,0.0009558752619205
0.0017533030575372,0.001549526676578,428.9354452534103,-1666.4022939817023,173.43620394045803,-894.5466893263849,0.0009414904294455,-0.00120825038254
24.4827173843656,24.4761179391906,19.675999243705068,30.724990926922136,29.718814098982342,28.422024226011946,25.066972451433788,23.08667908826021
25.370206869925163,56.70652443084808,65.72916534336613,61.66948439378396,36.0955096656684,57.98040398851858,70.98248662463746,67.18277209214753
52.34269535334363,596.9225097281022,456.3762900069444,698.8887913736035,470.5405348227472,473.7568012364976,531.341935049467,516.2653543109648
-0.058019690912904,2.4356303338727434,-0.4155672680603226,2.043255032072629,2.266852302655836,2.529758728134872,3.9111005083698,0.1584625732912417
-235.9221378463656,-136.8044014913869,1491.2381386990965,-323.55126011279026,259.74230962521455,478.9904346703572,1057.789351184829,-76.73769886822883
-0.0010291417116055,0.0028511591582915,850.962345094551,21989.202311658,12479.624354891172,11512.575139646606,12172.737762347731,-4191.219981071983
-0.0013545782463642,0.000175091520769,20.224896931589683,2389.883227395783,607.8248327819887,-481.6111854792434,1978.167477616112,-0.0007868889911834
0.0013338270206114,-0.0033011464748417,-187.2462426011065,2564.3653905611204,-2048.629799032388,-1399.6506053060466,709.9672466982031,-0.0021954826250289
30.162562416809912,26.185281337748865,13.607434017112048,24.13332509859688,30.282960860333755,20.03109271337426,21.10323144592641,18.634512869351425
69.80624877037059,59.31319044392332,78.5087480100593,75.30905756968768,59.27945301183848,39.43762470336126,101.187389681228,68.51661295164836
390.1211828354458,538.2387103684068,412.3387819224324,611.3627380566217,905.4773571476436,310.4045658912028,497.151545102415,666.5088297168176
1.575067127008747,2.3845955461627666,-0.3328536160622217,2.378461865381966,3.3540417358829004,2.85717854052256,3.652220628034372,1.921629766239073
-433.11066701675065,775.6710397191857,448.1957965821261,1189.0434071270815,486.6648486365604,532.9385890726466,402.0265437004754,1565.9574452031864
-0.0004932413348138,-0.0012299947810246,7349.494590713546,17618.318357070148,19494.810463320355,16112.471016358886,24030.22875272828,2817.458277082625
0.0002016090178339,-0.0025926684821442,-449.3023053391292,-1412.5365786313344,2515.146023370585,1755.6837398842736,-145.93842122245985,0.0005447457436837
0.0025434954620088,0.0019516027388968,-114.06685592594496,-1406.425093006495,-1357.836349525844,903.3481978466734,-412.3241211095951,0.0012103592064902
30.10133636539636,35.32921288927885,34.386728789513235,34.671285292912174,28.13540722115801,32.72225260108573,20.1469032994388,23.883192151855468
62.35748274424305,86.84350657053504,-2.025453130629316,11.386969851425569,44.98966116635477,51.25020146653912,61.87263141662099,55.6435419032386
465.52979265580086,510.3265834331026,623.3418529286375,620.1323364156536,662.2905941404138,576.2937506955449,400.5176185399524,676.3218905436994
1.961484064357042,4.456640271465037,-0.4535548834697458,2.609654831015676,0.3013675231438719,3.7451283798793007,-0.5646593263012181,2.3450024450204685
117.08282723210984,-150.20244529935917,-425.99447863501086,997.2892750970096,784.0648353924302,212.8852947647503,1637.3317335213028,135.20916116583794
-0.000201428282902,-0.0023322611251202,19312.27820550404,17998.46808791994,22984.45734784385,-16888.968501535193,-386.3042459994237,291.0487672371063
0.002115913905152,-0.0006549762684533,984.6977509567292,-3054.618370742218,789.493038832136,3590.585720091449,1.3212449516163125,0.0009558752619205
0.0017533030575372,0.001549526676578,428.9354452534103,-1666.4022939817023,173.43620394045803,-894.5466893263849,0.0009414904294455,-0.00120825038254
24.4827173843656,24.4761179391906,19.675999243705068,30.724990926922136,29.718814098982342,28.422024226011946,25.066972451433788,23.08667908826021
25.370206869925163,56.70652443084808,65.72916534336613,61.66948439378396,36.0955096656684,57.98040398851858,70.98248662463746,67.18277209214753
52.34269535334363,596.9225097281022,456.3762900069444,698.8887913736035,470.5405348227472,473.7568012364976,531.341935049467,516.2653543109648
-0.058019690912904,2.4356303338727434,-0.4155672680603226,2.043255032072629,2.266852302655836,2.529758728134872,3.9111005083698,0.1584625732912417
-235.9221378463656,-136.8044014913869,1491.2381386990965,-323.55126011279026,259.74230962521455,478.9904346703572,1057.789351184829,-76.73769886822883
-0.0010291417116055,0.0028511591582915,850.962345094551,21989.202311658,12479.624354891172,11512.575139646606,12172.737762347731,-4191.219981071983
-0.0013545782463642,0.000175091520769,20.224896931589683,2389.883227395783,607.8248327819887,-481.6111854792434,1978.167477616112,-0.0007868889911834
0.0013338270206114,-0.0033011464748417,-187.2462426011065,2564.3653905611204,-2048.629799032388,-1399.6506053060466,709.9672466982031,-0.0021954826250289
30.162562416809912,26.185281337748865,13.607434017112048,24.13332509859688,30.282960860333755,20.03109271337426,21.10323144592641,18.634512869351425
69.80624877037059,59.31319044392332,78.5087480100593,75.30905756968768,59.27945301183848,39.43762470336126,101.187389681228,68.51661295164836
390.1211828354458,538.2387103684068,412.3387819224324,611.3627380566217,905.4773571476436,310.4045658912028,497.151545102415,666.5088297168176
1.575067127008747,2.3845955461627666,-0.3328536160622217,2.378461865381966,3.3540417358829004,2.85717854052256,3.652220628034372,1.921629766239073
-433.11066701675065,775.6710397191857,448.1957965821261,1189.0434071270815,486.6648486365604,532.9385890726466,402.0265437004754,1565.9574452031864
-0.0004932413348138,-0.0012299947810246,7349.494590713546,17618.318357070148,19494.810463320355,16112.471016358886,24030.22875272828,2817.458277082625
0.0002016090178339,-0.0025926684821442,-449.3023053391292,-1412.5365786313344,2515.146023370585,1755.6837398842736,-145.93842122245985,0.0005447457436837
0.0025434954620088,0.0019516027388968,-114.06685592594496,-1406.425093006495,-1357.836349525844,903.3481978466734,-412.3241211095951,0.0012103592064902
30.10133636539636,35.32921288927885,34.386728789513235,34.671285292912174,28.13540722115801,32.72225260108573,20.1469032994388,23.883192151855468
62.35748274424305,86.84350657053504,-2.025453130629316,11.386969851425569,44.98966116635477,51.25020146653912,61.87263141662099,55.6435419032386
465.52979265580086,510.3265834331026,623.3418529286375,620.1323364156536,662.2905941404138,576.2937506955449,400.5176185399524,676.3218905436994
1.961484064357042,4.456640271465037,-0.4535548834697458,2.609654831015676,0.3013675231438719,3.7451283798793007,-0.5646593263012181,2.3450024450204685
117.08282723210984,-150.20244529935917,-425.99447863501086,997.2892750970096,784.0648353924302,212.8852947647503,1637.3317335213028,135.20916116583794
-0.000201428282902,-0.0023322611251202,19312.27820550404,17998.46808791994,22984.45734784385,-16888.968501535193,-386.3042459994237,291.0487672371063
0.002115913905152,-0.0006549762684533,984.6977509567292,-3054.618370742218,789.493038832136,3590.585720091449,1.3212449516163125,0.0009558752619205
0.0017533030575372,0.001549526676578,428.9354452534103,-1666.4022939817023,173.43620394045803,-894.5466893263849,0.0009414904294455,-0.00120825038254
24.4827173843656,24.4761179391906,19.675999243705068,30.724990926922136,29.718814098982342,28.422024226011946,25.066972451433788,23.08667908826021
25.370206869925163,56.70652443084808,65.72916534336613,61.66948439378396,36.0955096656684,57.98040398851858,70.98248662463746,67.18277209214753
52.34269535334363,596.9225097281022,456.3762900069444,698.8887913736035,470.5405348227472,473.7568012364976,531.341935049467,516.2653543109648
-0.058019690912904,2.4356303338727434,-0.4155672680603226,2.043255032072629,2.266852302655836,2.529758728134872,3.9111005083698,0.1584625732912417
-235.9221378463656,-136.8044014913869,1491.2381386990965,-323.55126011279026,259.74230962521455,478.9904346703572,1057.789351184829,-76.73769886822883
-0.0010291417116055,0.0028511591582915,850.962345094551,21989.202311658,12479.624354891172,11512.575139646606,12172.737762347731,-4191.219981071983
-0.0013545782463642,0.000175091520769,20.224896931589683,2389.883227395783,607.8248327819887,-481.6111854792434,1978.167477616112,-0.0007868889911834
0.0013338270206114,-0.0033011464748417,-187.2462426011065,2564.3653905611204,-2048.629799032388,-1399.6506053060466,709.9672466982031,-0.0021954826250289
30.162562416809912,26.185281337748865,13.607434017112048,24.13332509859688,30.282960860333755,20.03109271337426,21.10323144592641,18.634512869351425
69.80624877037059,59.31319044392332,78.5087480100593,75.30905756968768,59.27945301183848,39.43762470336126,101.187389681228,68.51661295164836
390.1211828354458,538.2387103684068,412.3387819224324,611.3627380566217,905.4773571476436,310.4045658912028,497.151545102415,666.5088297168176
1.575067127008747,2.3845955461627666,-0.3328536160622217,2.378461865381966,3.3540417358829004,2.85717854052256,3.652220628034372,1.921629766239073
-433.11066701675065,775.6710397191857,448.1957965821261,1189.0434071270815,486.6648486365604,532.9385890726466,402.0265437004754,1565.9574452031864
-0.0004932413348138,-0.0012299947810246,7349.494590713546,17618.318357070148,19494.810463320355,16112.471016358886,24030.22875272828,2817.458277082625
0.0002016090178339,-0.0025926684821442,-449.3023053391292,-1412.5365786313344,2515.146023370585,1755.6837398842736,-145.93842122245985,0.0005447457436837
0.0025434954620088,0.0019516027388968,-114.06685592594496,-1406.425093006495,-1357.836349525844,903.3481978466734,-412.3241211095951,0.0012103592064902
30.10133636539636,35.32921288927885,34.386728789513235,34.671285292912174,28.13540722115801,32.72225260108573,20.1469032994388,23.883192151855468
62.35748274424305,86.84350657053504,-2.025453130629316,11.386969851425569,44.98966116635477,51.25020146653912,61.87263141662099,55.6435419032386
465.52979265580086,510.3265834331026,623.3418529286375,620.1323364156536,662.2905941404138,576.2937506955449,400.5176185399524,676.3218905436994
1.961484064357042,4.456640271465037,-0.4535548834697458,2.609654831015676,0.3013675231438719,3.7451283798793007,-0.5646593263012181,2.3450024450204685
117.08282723210984,-150.20244529935917,-425.99447863501086,997.2892750970096,784.0648353924302,212.8852947647503,1637.3317335213028,135.20916116583794
-0.000201428282902,-0.0023322611251202,19312.27820550404,17998.46808791994,22984.45734784385,-16888.968501535193,-386.3042459994237,291.0487672371063
0.002115913905152,-0.0006549762684533,984.6977509567292,-3054.618370742218,789.493038832136,3590.585720091449,1.3212449516163125,0.0009558752619205
0.0017533030575372,0.001549526676578,428.9354452534103,-1666.4022939817023,173.43620394045803,-894.5466893263849,0.0009414904294455,-0.00120825038254
24.4827173843656,24.4761179391906,19.675999243705068,30.724990926922136,29.718814098982342,28.422024226011946,25.066972451433788,23.08667908826021
25.370206869925163,56.70652443084808,65.72916534336613,61.66948439378396,36.0955096656684,57.98040398851858,70.98248662463746,67.18277209214753
52.34269535334363,596.9225097281022,456.3762900069444,698.8887913736035,470.5405348227472,473.7568012364976,531.341935049467,516.2653543109648
-0.058019690912904,2.4356303338727434,-0.4155672680603226,2.043255032072629,2.266852302655836,2.529758728134872,3.9111005083698,0.1584625732912417
-235.9221378463656,-136.8044014913869,1491.2381386990965,-323.55126011279026,259.74230962521455,478.9904346703572,1057.789351184829,-76.73769886822883
-0.0010291417116055,0.0028511591582915,850.962345094551,21989.202311658,12479.624354891172,11512.575139646606,12172.737762347731,-4191.219981071983
-0.0013545782463642,0.000175091520769,20.224896931589683,2389.883227395783,607.8248327819887,-481.6111854792434,1978.167477616112,-0.0007868889911834
0.0013338270206114,-0.0033011464748417,-187.2462426011065,2564.3653905611204,-2048.629799032388,-1399.6506053060466,709.9672466982031,-0.0021954826250289
30.162562416809912,26.185281337748865,13.607434017112048,24.13332509859688,30.282960860333755,20.03109271337426,21.10323144592641,18.634512869351425
69.80624877037059,59.31319044392332,78.5087480100593,75.30905756968768,59.27945301183848,39.43762470336126,101.187389681228,68.51661295164836
390.1211828354458,538.2387103684068,412.3387819224324,611.3627380566217,905.4773571476436,310.4045658912028,497.151545102415,666.5088297168176
1.575067127008747,2.3845955461627666,-0.3328536160622217,2.378461865381966,3.3540417358829004,2.85717854052256,3.652220628034372,1.921629766239073
-433.11066701675065,775.6710397191857,448.1957965821261,1189.0434071270815,486.6648486365604,532.9385890726466,402.0265437004754,1565.9574452031864
-0.0004932413348138,-0.0012299947810246,7349.494590713546,17618.318357070148,19494.810463320355,16112.471016358886,24030.22875272828,2817.458277082625
0.0002016090178339,-0.0025926684821442,-449.3023053391292,-1412.5365786313344,2515.146023370585,1755.6837398842736,-145.93842122245985,0.0005447457436837
0.0025434954620088,0.0019516027388968,-114.06685592594496,-1406.425093006495,-1357.836349525844,903.3481978466734,-412.3241211095951,0.0012103592064902
30.10133636539636,35.32921288927885,34.386728789513235,34.671285292912174,28.13540722115801,32.72225260108573,20.1469032994388,23.883192151855468
62.35748274424305,86.84350657053504,-2.025453130629316,11.386969851425569,44.98966116635477,51.25020146653912,61.87263141662099,55.6435419032386
465.52979265580086,510.3265834331026,623.3418529286375,620.1323364156536,662.2905941404138,576.2937506955449,400.5176185399524,676.3218905436994
1.961484064357042,4.456640271465037,-0.4535548834697458,2.609654831015676,0.3013675231438719,3.7451283798793007,-0.5646593263012181,2.3450024450204685
117.08282723210984,-150.20244529935917,-425.99447863501086,997.2892750970096,784.0648353924302,212.8852947647503,1637.3317335213028,135.20916116583794
-0.000201428282902,-0.0023322611251202,19312.27820550404,17998.46808791994,22984.45734784385,-16888.968501535193,-386.3042459994237,291.0487672371063
0.002115913905152,-0.0006549762684533,984.6977509567292,-3054.618370742218,789.493038832136,3590.585720091449,1.3212449516163125,0.0009558752619205
0.0017533030575372,0.001549526676578,428.9354452534103,-1666.4022939817023,173.43620394045803,-894.5466893263849,0.0009414904294455,-0.00120825038254
24.4827173843656,24.4761179391906,19.675999243705068,30.724990926922136,29.718814098982342,28.422024226011946,25.066972451433788,23.08667908826021
25.370206869925163,56.70652443084808,65.72916534336613,61.66948439378396,36.0955096656684,57.98040398851858,70.98248662463746,67.18277209214753
52.34269535334363,596.9225097281022,456.3762900069444,698.8887913736035,470.5405348227472,473.7568012364976,531.341935049467,516.2653543109648
-0.058019690912904,2.4356303338727434,-0.4155672680603226,2.043255032072629,2.266852302655836,2.529758728134872,3.9111005083698,0.1584625732912417
-235.9221378463656,-136.8044014913869,1491.2381386990965,-323.55126011279026,259.74230962521455,478.9904346703572,1057.789351184829,-76.73769886822883
-0.0010291417116055,0.0028511591582915,850.962345094551,21989.202311658,12479.624354891172,11512.575139646606,12172.737762347731,-4191.219981071983
-0.0013545782463642,0.000175091520769,20.224896931589683,2389.883227395783,607.8248327819887,-481.6111854792434,1978.167477616112,-0.0007868889911834
0.0013338270206114,-0.0033011464748417,-187.2462426011065,2564.3653905611204,-2048.629799032388,-1399.6506053060466,709.9672466982031,-0.0021954826250289
30.162562416809912,26.185281337748865,13.607434017112048,24.13332509859688,30.282960860333755,20.03109271337426,21.10323144592641,18.634512869351425
69.80624877037059,59.31319044392332,78.5087480100593,75.30905756968768,59.27945301183848,39.43762470336126,101.187389681228,68.51661295164836
390.1211828354458,538.2387103684068,412.3387819224324,611.3627380566217,905.4773571476436,310.4045658912028,497.151545102415,666.5088297168176
1.575067127008747,2.3845955461627666,-0.3328536160622217,2.378461865381966,3.3540417358829004,2.85717854052256,3.652220628034372,1.921629766239073
-433.11066701675065,775.6710397191857,448.1957965821261,1189.0434071270815,486.6648486365604,532.9385890726466,402.0265437004754,1565.9574452031864
-0.0004932413348138,-0.0012299947810246,7349.494590713546,17618.318357070148,19494.810463320355,16112.471016358886,24030.22875272828,2817.458277082625
0.0002016090178339,-0.0025926684821442,-449.3023053391292,-1412.5365786313344,2515.146023370585,1755.6837398842736,-145.93842122245985,0.0005447457436837
0.0025434954620088,0.0019516027388968,-114.06685592594496,-1406.425093006495,-1357.836349525844,903.3481978466734,-412.3241211095951,0.0012103592064902
30.10133636539636,35.32921288927885,34.386728789513235,34.671285292912174,28.13540722115801,32.72225260108573,20.1469032994388,23.883192151855468
62.35748274424305,86.84350657053504,-2.025453130629316,11.386969851425569,44.98966116635477,51.25020146653912,61.87263141662099,55.6435419032386
465.52979265580086,510.3265834331026,623.3418529286375,620.1323364156536,662.2905941404138,576.2937506955449,400.5176185399524,676.3218905436994
1.961484064357042,4.456640271465037,-0.4535548834697458,2.609654831015676,0.3013675231438719,3.7451283798793007,-0.5646593263012181,2.3450024450204685
117.08282723210984,-150.20244529935917,-425.99447863501086,997.2892750970096,784.0648353924302,212.8852947647503,1637.3317335213028,135.20916116583794
-0.000201428282902,-0.0023322611251202,19312.27820550404,17998.46808791994,22984.45734784385,-16888.968501535193,-386.3042459994237,291.0487672371063
0.002115913905152,-0.0006549762684533,984.6977509567292,-3054.618370742218,789.493038832136,3590.585720091449,1.3212449516163125,0.0009558752619205
0.0017533030575372,0.001549526676578,428.9354452534103,-1666.4022939817023,173.43620394045803,-894.5466893263849,0.0009414904294455,-0.00120825038254
24.4827173843656,24.4761179391906,19.675999243705068,30.724990926922136,29.718814098982342,28.422024226011946,25.066972451433788,23.08667908826021
25.370206869925163,56.70652443084808,65.72916534336613,61.66948439378396,36.0955096656684,57.98040398851858,70.98248662463746,67.18277209214753
52.34269535334363,596.9225097281022,456.3762900069444,698.8887913736035,470.5405348227472,473.7568012364976,531.341935049467,516.2653543109648
-0.058019690912904,2.4356303338727434,-0.4155672680603226,2.043255032072629,2.266852302655836,2.529758728134872,3.9111005083698,0.1584625732912417
-235.9221378463656,-136.8044014913869,1491.2381386990965,-323.55126011279026,259.74230962521455,478.9904346703572,1057.789351184829,-76.73769886822883
-0.0010291417116055,0.0028511591582915,850.962345094551,21989.202311658,12479.624354891172,11512.575139646606,12172.737762347731,-4191.219981071983
-0.0013545782463642,0.000175091520769,20.224896931589683,2389.883227395783,607.8248327819887,-481.6111854792434,1978.167477616112,-0.0007868889911834
0.0013338270206114,-0.0033011464748417,-187.2462426011065,2564.3653905611204,-2048.629799032388,-1399.6506053060466,709.9672466982031,-0.0021954826250289
30.162562416809912,26.185281337748865,13.607434017112048,24.13332509859688,30.282960860333755,20.03109271337426,21.10323144592641,18.634512869351425
69.80624877037059,59.31319044392332,78.5087480100593,75.30905756968768,59.27945301183848,39.43762470336126,101.187389681228,68.51661295164836
390.1211828354458,538.2387103684068,412.3387819224324,611.3627380566217,905.4773571476436,310.4045658912028,497.151545102415,666.5088297168176
1.575067127008747,2.3845955461627666,-0.3328536160622217,2.378461865381966,3.3540417358829004,2.85717854052256,3.652220628034372,1.921629766239073
-433.11066701675065,775.6710397191857,448.1957965821261,1189.0434071270815,486.6648486365604,532.9385890726466,402.0265437004754,1565.9574452031864
-0.0004932413348138,-0.0012299947810246,7349.494590713546,17618.318357070148,19494.810463320355,16112.471016358886,24030.22875272828,2817.458277082625
0.0002016090178339,-0.0025926684821442,-449.3023053391292,-1412.5365786313344,2515.146023370585,1755.6837398842736,-145.93842122245985,0.0005447457436837
0.0025434954620088,0.0019516027388968,-114.06685592594496,-1406.425093006495,-1357.836349525844,903.3481978466734,-412.3241211095951,0.0012103592064902
30.10133636539636,35.32921288927885,34.386728789513235,34.671285292912174,28.13540722115801,32.72225260108573,20.1469032994388,23.883192151855468
62.35748274424305,86.84350657053504,-2.025453130629316,11.386969851425569,44.98966116635477,51.25020146653912,61.87263141662099,55.6435419032386
465.52979265580086,510.3265834331026,623.3418529286375,620.1323364156536,662.2905941404138,576.2937506955449,400.5176185399524,676.3218905436994
1.961484064357042,4.456640271465037,-0.4535548834697458,2.609654831015676,0.3013675231438719,3.7451283798793007,-0.5646593263012181,2.3450024450204685
117.08282723210984,-150.20244529935917,-425.99447863501086,997.2892750970096,784.0648353924302,212.8852947647503,1637.3317335213028,135.20916116583794
-0.000201428282902,-0.0023322611251202,19312.27820550404,17998.46808791994,22984.45734784385,-16888.968501535193,-386.3042459994237,291.0487672371063
0.002115913905152,-0.0006549762684533,984.6977509567292,-3054.618370742218,789.493038832136,3590.585720091449,1.3212449516163125,0.0009558752619205
0.0017533030575372,0.001549526676578,428.9354452534103,-1666.4022939817023,173.43620394045803,-894.5466893263849,0.0009414904294455,-0.00120825038254
24.4827173843656,24.4761179391906,19.675999243705068,30.724990926922136,29.718814098982342,28.422024226011946,25.066972451433788,23.08667908826021
25.370206869925163,56.70652443084808,65.72916534336613,61.66948439378396,36.0955096656684,57.98040398851858,70.98248662463746,67.18277209214753
52.34269535334363,596.9225097281022,456.3762900069444,698.8887913736035,470.5405348227472,473.7568012364976,531.341935049467,516.2653543109648
-0.058019690912904,2.4356303338727434,-0.4155672680603226,2.043255032072629,2.266852302655836,2.529758728134872,3.9111005083698,0.1584625732912417
-235.9221378463656,-136.8044014913869,1491.2381386990965,-323.55126011279026,259.74230962521455,478.9904346703572,1057.789351184829,-76.73769886822883
-0.0010291417116055,0.0028511591582915,850.962345094551,21989.202311658,12479.624354891172,11512.575139646606,12172.737762347731,-4191.219981071983
-0.0013545782463642,0.000175091520769,20.224896931589683,2389.883227395783,607.8248327819887,-481.6111854792434,1978.167477616112,-0.0007868889911834
0.0013338270206114,-0.0033011464748417,-187.2462426011065,2564.3653905611204,-2048.629799032388,-1399.6506053060466,709.9672466982031,-0.0021954826250289
30.162562416809912,26.185281337748865,13.607434017112048,24.13332509859688,30.282960860333755,20.03109271337426,21.10323144592641,18.634512869351425
69.80624877037059,59.31319044392332,78.5087480100593,75.30905756968768,59.27945301183848,39.43762470336126,101.187389681228,68.51661295164836
390.1211828354458,538.2387103684068,412.3387819224324,611.3627380566217,905.4773571476436,310.4045658912028,497.151545102415,666.5088297168176
1.575067127008747,2.3845955461627666,-0.3328536160622217,2.378461865381966,3.3540417358829004,2.85717854052256,3.652220628034372,1.921629766239073
-433.11066701675065,775.6710397191857,448.1957965821261,1189.0434071270815,486.6648486365604,532.9385890726466,402.0265437004754,1565.9574452031864
-0.0004932413348138,-0.0012299947810246,7349.494590713546,17618.318357070148,19494.810463320355,16112.471016358886,24030.22875272828,2817.458277082625
0.0002016090178339,-0.0025926684821442,-449.3023053391292,-1412.5365786313344,2515.146023370585,1755.6837398842736,-145.93842122245985,0.0005447457436837
0.0025434954620088,0.0019516027388968,-114.06685592594496,-1406.425093006495,-1357.836349525844,903.3481978466734,-412.3241211095951,0.0012103592064902
30.10133636539636,35.32921288927885,34.386728789513235,34.671285292912174,28.13540722115801,32.72225260108573,20.1469032994388,23.883192151855468
62.35748274424305,86.84350657053504,-2.025453130629316,11.386969851425569,44.98966116635477,51.25020146653912,61.87263141662099,55.6435419032386
465.52979265580086,510.3265834331026,623.3418529286375,620.1323364156536,662.2905941404138,576.2937506955449,400.5176185399524,676.3218905436994
1.961484064357042,4.456640271465037,-0.4535548834697458,2.609654831015676,0.3013675231438719,3.7451283798793007,-0.5646593263012181,2.3450024450204685
117.08282723210984,-150.20244529935917,-425.99447863501086,997.2892750970096,784.0648353924302,212.8852947647503,1637.3317335213028,135.20916116583794
-0.000201428282902,-0.0023322611251202,19312.27820550404,17998.46808791994,22984.45734784385,-16888.968501535193,-386.3042459994237,291.0487672371063
0.002115913905152,-0.0006549762684533,984.6977509567292,-3054.618370742218,789.493038832136,3590.585720091449,1.3212449516163125,0.0009558752619205
0.0017533030575372,0.001549526676578,428.9354452534103,-1666.4022939817023,173.43620394045803,-894.5466893263849,0.0009414904294455,-0.00120825038254
24.4827173843656,24.4761179391906,19.675999243705068,30.724990926922136,29.718814098982342,28.422024226011946,25.066972451433788,23.08667908826021
25.370206869925163,56.70652443084808,65.72916534336613,61.66948439378396,36.0955096656684,57.98040398851858,70.98248662463746,67.18277209214753
52.34269535334363,596.9225097281022,456.3762900069444,698.8887913736035,470.5405348227472,473.7568012364976,531.341935049467,516.2653543109648
-0.058019690912904,2.4356303338727434,-0.4155672680603226,2.043255032072629,2.266852302655836,2.529758728134872,3.9111005083698,0.1584625732912417
-235.9221378463656,-136.8044014913869,1491.2381386990965,-323.55126011279026,259.74230962521455,478.9904346703572,1057.789351184829,-76.73769886822883
-0.0010291417116055,0.0028511591582915,850.962345094551,21989.202311658,12479.624354891172,11512.575139646606,12172.737762347731,-4191.219981071983
-0.0013545782463642,0.000175091520769,20.224896931589683,2389.883227395783,607.8248327819887,-481.6111854792434,1978.167477616112,-0.0007868889911834
0.0013338270206114,-0.0033011464748417,-187.2462426011065,2564.3653905611204,-2048.629799032388,-1399.6506053060466,709.9672466982031,-0.0021954826250289
30.162562416809912,26.185281337748865,13.607434017112048,24.13332509859688,30.282960860333755,20.03109271337426,21.10323144592641,18.634512869351425
69.80624877037059,59.31319044392332,78.5087480100593,75.30905756968768,59.27945301183848,39.43762470336126,101.187389681228,68.51661295164836
390.1211828354458,538.2387103684068,412.3387819224324,611.3627380566217,905.4773571476436,310.4045658912028,497.151545102415,666.5088297168176
1.575067127008747,2.3845955461627666,-0.3328536160622217,2.378461865381966,3.3540417358829004,2.85717854052256,3.652220628034372,1.921629766239073
-433.11066701675065,775.6710397191857,448.1957965821261,1189.0434071270815,486.6648486365604,532.9385890726466,402.0265437004754,1565.9574452031864
-0.0004932413348138,-0.0012299947810246,7349.494590713546,17618.318357070148,19494.810463320355,16112.471016358886,24030.22875272828,2817.458277082625
0.0002016090178339,-0.0025926684821442,-449.3023053391292,-1412.5365786313344,2515.146023370585,1755.6837398842736,-145.93842122245985,0.0005447457436837
0.0025434954620088,0.0019516027388968,-114.06685592594496,-1406.425093006495,-1357.836349525844,903.3481978466734,-412.3241211095951,0.0012103592064902
30.10133636539636,35.32921288927885,34.386728789513235,34.671285292912174,28.13540722115801,32.72225260108573,20.1469032994388,23.883192151855468
62.35748274424305,86.84350657053504,-2.025453130629316,11.386969851425569,44.98966116635477,51.25020146653912,61.87263141662099,55.6435419032386
465.52979265580086,510.3265834331026,623.3418529286375,620.1323364156536,662.2905941404138,576.2937506955449,400.5176185399524,676.3218905436994
1.961484064357042,4.456640271465037,-0.4535548834697458,2.609654831015676,0.3013675231438719,3.7451283798793007,-0.5646593263012181,2.3450024450204685
117.08282723210984,-150.20244529935917,-425.99447863501086,997.2892750970096,784.0648353924302,212.8852947647503,1637.3317335213028,135.20916116583794
-0.000201428282902,-0.0023322611251202,19312.27820550404,17998.46808791994,22984.45734784385,-16888.968501535193,-386.3042459994237,291.0487672371063
0.002115913905152,-0.0006549762684533,984.6977509567292,-3054.618370742218,789.493038832136,3590.585720091449,1.3212449516163125,0.0009558752619205
0.0017533030575372,0.001549526676578,428.9354452534103,-1666.4022939817023,173.43620394045803,-894.5466893263849,0.0009414904294455,-0.00120825038254
24.4827173843656,24.4761179391906,19.675999243705068,30.724990926922136,29.718814098982342,28.422024226011946,25.066972451433788,23.08667908826021
25.370206869925163,56.70652443084808,65.72916534336613,61.66948439378396,36.0955096656684,57.98040398851858,70.98248662463746,67.18277209214753
52.34269535334363,596.9225097281022,456.3762900069444,698.8887913736035,470.5405348227472,473.7568012364976,531.341935049467,516.2653543109648
-0.058019690912904,2.4356303338727434,-0.4155672680603226,2.043255032072629,2.266852302655836,2.529758728134872,3.9111005083698,0.1584625732912417
-235.9221378463656,-136.8044014913869,1491.2381386990965,-323.55126011279026,259.74230962521455,478.9904346703572,1057.789351184829,-76.73769886822883
-0.0010291417116055,0.0028511591582915,850.962345094551,21989.202311658,12479.624354891172,11512.575139646606,12172.737762347731,-4191.219981071983
-0.0013545782463642,0.000175091520769,20.224896931589683,2389.883227395783,607.8248327819887,-481.6111854792434,1978.167477616112,-0.0007868889911834
0.0013338270206114,-0.0033011464748417,-187.2462426011065,2564.3653905611204,-2048.629799032388,-1399.6506053060466,709.9672466982031,-0.0021954826250289
30.162562416809912,26.185281337748865,13.607434017112048,24.13332509859688,30.282960860333755,20.03109271337426,21.10323144592641,18.634512869351425
69.80624877037059,59.31319044392332,78.5087480100593,75.30905756968768,59.27945301183848,39.43762470336126,101.187389681228,68.51661295164836
390.1211828354458,538.2387103684068,412.3387819224324,611.3627380566217,905.4773571476436,310.4045658912028,497.151545102415,666.5088297168176
1.575067127008747,2.3845955461627666,-0.3328536160622217,2.378461865381966,3.3540417358829004,2.85717854052256,3.652220628034372,1.921629766239073
-433.11066701675065,775.6710397191857,448.1957965821261,1189.0434071270815,486.6648486365604,532.9385890726466,402.0265437004754,1565.9574452031864
-0.0004932413348138,-0.0012299947810246,7349.494590713546,17618.318357070148,19494.810463320355,16112.471016358886,24030.22875272828,2817.458277082625
0.0002016090178339,-0.0025926684821442,-449.3023053391292,-1412.5365786313344,2515.146023370585,1755.6837398842736,-145.93842122245985,0.0005447457436837
0.0025434954620088,0.0019516027388968,-114.06685592594496,-1406.425093006495,-1357.836349525844,903.3481978466734,-412.3241211095951,0.0012103592064902
30.10133636539636,35.32921288927885,34.386728789513235,34.671285292912174,28.13540722115801,32.72225260108573,20.1469032994388,23.883192151855468
62.35748274424305,86.84350657053504,-2.025453130629316,11.386969851425569,44.98966116635477,51.25020146653912,61.87263141662099,55.6435419032386
465.52979265580086,510.3265834331026,623.3418529286375,620.1323364156536,662.2905941404138,576.2937506955449,400.5176185399524,676.3218905436994
1.961484064357042,4.456640271465037,-0.4535548834697458,2.609654831015676,0.3013675231438719,3.7451283798793007,-0.5646593263012181,2.3450024450204685
117.08282723210984,-150.20244529935917,-425.99447863501086,997.2892750970096,784.0648353924302,212.8852947647503,1637.3317335213028,135.20916116583794
-0.000201428282902,-0.0023322611251202,19312.27820550404,17998.46808791994,22984.45734784385,-16888.968501535193,-386.3042459994237,291.0487672371063
0.002115913905152,-0.0006549762684533,984.6977509567292,-3054.618370742218,789.493038832136,3590.585720091449,1.3212449516163125,0.0009558752619205
0.0017533030575372,0.001549526676578,428.9354452534103,-1666.4022939817023,173.43620394045803,-894.5466893263849,0.0009414904294455,-0.00120825038254
24.4827173843656,24.4761179391906,19.675999243705068,30.724990926922136,29.718814098982342,28.422024226011946,25.066972451433788,23.08667908826021
25.370206869925163,56.70652443084808,65.72916534336613,61.66948439378396,36.0955096656684,57.98040398851858,70.98248662463746,67.18277209214753
52.34269535334363,596.9225097281022,456.3762900069444,698.8887913736035,470.5405348227472,473.7568012364976,531.341935049467,516.2653543109648
-0.058019690912904,2.4356303338727434,-0.4155672680603226,2.043255032072629,2.266852302655836,2.529758728134872,3.9111005083698,0.1584625732912417
-235.9221378463656,-136.8044014913869,1491.2381386990965,-323.55126011279026,259.74230962521455,478.9904346703572,1057.789351184829,-76.73769886822883
-0.0010291417116055,0.0028511591582915,850.962345094551,21989.202311658,12479.624354891172,11512.575139646606,12172.737762347731,-4191.219981071983
-0.0013545782463642,0.000175091520769,20.224896931589683,2389.883227395783,607.8248327819887,-481.6111854792434,1978.167477616112,-0.0007868889911834
0.0013338270206114,-0.0033011464748417,-187.2462426011065,2564.3653905611204,-2048.629799032388,-1399.6506053060466,709.9672466982031,-0.0021954826250289
30.162562416809912,26.185281337748865,13.607434017112048,24.13332509859688,30.282960860333755,20.03109271337426,21.10323144592641,18.634512869351425
69.80624877037059,59.31319044392332,78.5087480100593,75.30905756968768,59.27945301183848,39.43762470336126,101.187389681228,68.51661295164836
390.1211828354458,538.2387103684068,412.3387819224324,611.3627380566217,905.4773571476436,310.4045658912028,497.151545102415,666.5088297168176
1.575067127008747,2.3845955461627666,-0.3328536160622217,2.378461865381966,3.3540417358829004,2.85717854052256,3.652220628034372,1.921629766239073
-433.11066701675065,775.6710397191857,448.1957965821261,1189.0434071270815,486.6648486365604,532.9385890726466,402.0265437004754,1565.9574452031864
-0.0004932413348138,-0.0012299947810246,7349.494590713546,17618.318357070148,19494.810463320355,16112.471016358886,24030.22875272828,2817.458277082625
0.0002016090178339,-0.0025926684821442,-449.3023053391292,-1412.5365786313344,2515.146023370585,1755.6837398842736,-145.93842122245985,0.0005447457436837
0.0025434954620088,0.0019516027388968,-114.06685592594496,-1406.425093006495,-1357.836349525844,903.3481978466734,-412.3241211095951,0.0012103592064902
30.10133636539636,35.32921288927885,34.386728789513235,34.671285292912174,28.13540722115801,32.72225260108573,20.1469032994388,23.883192151855468
62.35748274424305,86.84350657053504,-2.025453130629316,11.386969851425569,44.98966116635477,51.25020146653912,61.87263141662099,55.6435419032386
465.52979265580086,510.3265834331026,623.3418529286375,620.1323364156536,662.2905941404138,576.2937506955449,400.5176185399524,676.3218905436994
1.961484064357042,4.456640271465037,-0.4535548834697458,2.609654831015676,0.3013675231438719,3.7451283798793007,-0.5646593263012181,2.3450024450204685
117.08282723210984,-150.20244529935917,-425.99447863501086,997.2892750970096,784.0648353924302,212.8852947647503,1637.3317335213028,135.20916116583794
-0.000201428282902,-0.0023322611251202,19312.27820550404,17998.46808791994,22984.45734784385,-16888.968501535193,-386.3042459994237,291.0487672371063
0.002115913905152,-0.0006549762684533,984.6977509567292,-3054.618370742218,789.493038832136,3590.585720091449,1.3212449516163125,0.0009558752619205
0.0017533030575372,0.001549526676578,428.9354452534103,-1666.4022939817023,173.43620394045803,-894.5466893263849,0.0009414904294455,-0.00120825038254
24.4827173843656,24.4761179391906,19.675999243705068,30.724990926922136,29.718814098982342,28.422024226011946,25.066972451433788,23.08667908826021
25.370206869925163,56.70652443084808,65.72916534336613,61.66948439378396,36.0955096656684,57.98040398851858,70.98248662463746,67.18277209214753
52.34269535334363,596.9225097281022,456.3762900069444,698.8887913736035,470.5405348227472,473.7568012364976,531.341935049467,516.2653543109648
-0.058019690912904,2.4356303338727434,-0.4155672680603226,2.043255032072629,2.266852302655836,2.529758728134872,3.9111005083698,0.1584625732912417
-235.9221378463656,-136.8044014913869,1491.2381386990965,-323.55126011279026,259.74230962521455,478.9904346703572,1057.789351184829,-76.73769886822883
-0.0010291417116055,0.0028511591582915,850.962345094551,21989.202311658,12479.624354891172,11512.575139646606,12172.737762347731,-4191.219981071983
-0.0013545782463642,0.000175091520769,20.224896931589683,2389.883227395783,607.8248327819887,-481.6111854792434,1978.167477616112,-0.0007868889911834
0.0013338270206114,-0.0033011464748417,-187.2462426011065,2564.3653905611204,-2048.629799032388,-1399.6506053060466,709.9672466982031,-0.0021954826250289
30.162562416809912,26.185281337748865,13.607434017112048,24.13332509859688,30.282960860333755,20.03109271337426,21.10323144592641,18.634512869351425
69.80624877037059,59.31319044392332,78.5087480100593,75.30905756968768,59.27945301183848,39.43762470336126,101.187389681228,68.51661295164836
390.1211828354458,538.2387103684068,412.3387819224324,611.3627380566217,905.4773571476436,310.4045658912028,497.151545102415,666.5088297168176
1.575067127008747,2.3845955461627666,-0.3328536160622217,2.378461865381966,3.3540417358829004,2.85717854052256,3.652220628034372,1.921629766239073
-433.11066701675065,775.6710397191857,448.1957965821261,1189.0434071270815,486.6648486365604,532.9385890726466,402.0265437004754,1565.9574452031864
-0.0004932413348138,-0.0012299947810246,7349.494590713546,17618.318357070148,19494.810463320355,16112.471016358886,24030.22875272828,2817.458277082625
0.0002016090178339,-0.0025926684821442,-449.3023053391292,-1412.5365786313344,2515.146023370585,1755.6837398842736,-145.93842122245985,0.0005447457436837
0.0025434954620088,0.0019516027388968,-114.06685592594496,-1406.425093006495,-1357.836349525844,903.3481978466734,-412.3241211095951,0.0012103592064902
30.10133636539636,35.32921288927885,34.386728789513235,34.671285292912174,28.13540722115801,32.72225260108573,20.1469032994388,23.883192151855468
62.35748274424305,86.84350657053504,-2.025453130629316,11.386969851425569,44.98966116635477,51.25020146653912,61.87263141662099,55.6435419032386
465.52979265580086,510.3265834331026,623.3418529286375,620.1323364156536,662.2905941404138,576.2937506955449,400.5176185399524,676.3218905436994
1.961484064357042,4.456640271465037,-0.4535548834697458,2.609654831015676,0.3013675231438719,3.7451283798793007,-0.5646593263012181,2.3450024450204685
117.08282723210984,-150.20244529935917,-425.99447863501086,997.2892750970096,784.0648353924302,212.8852947647503,1637.3317335213028,135.20916116583794
-0.000201428282902,-0.0023322611251202,19312.27820550404,17998.46808791994,22984.45734784385,-16888.968501535193,-386.3042459994237,291.0487672371063
0.002115913905152,-0.0006549762684533,984.6977509567292,-3054.618370742218,789.493038832136,3590.585720091449,1.3212449516163125,0.0009558752619205
0.0017533030575372,0.001549526676578,428.9354452534103,-1666.4022939817023,173.43620394045803,-894.5466893263849,0.0009414904294455,-0.00120825038254
24.4827173843656,24.4761179391906,19.675999243705068,30.724990926922136,29.718814098982342,28.422024226011946,25.066972451433788,23.08667908826021
25.370206869925163,56.70652443084808,65.72916534336613,61.66948439378396,36.0955096656684,57.98040398851858,70.98248662463746,67.18277209214753
52.34269535334363,596.9225097281022,456.3762900069444,698.8887913736035,470.5405348227472,473.7568012364976,531.341935049467,516.2653543109648
-0.058019690912904,2.4356303338727434,-0.4155672680603226,2.043255032072629,2.266852302655836,2.529758728134872,3.9111005083698,0.1584625732912417
-235.9221378463656,-136.8044014913869,1491.2381386990965,-323.55126011279026,259.74230962521455,478.9904346703572,1057.789351184829,-76.73769886822883
-0.0010291417116055,0.0028511591582915,850.962345094551,21989.202311658,12479.624354891172,11512.575139646606,12172.737762347731,-4191.219981071983
-0.0013545782463642,0.000175091520769,20.224896931589683,2389.883227395783,607.8248327819887,-481.6111854792434,1978.167477616112,-0.0007868889911834
0.0013338270206114,-0.0033011464748417,-187.2462426011065,2564.3653905611204,-2048.629799032388,-1399.6506053060466,709.9672466982031,-0.0021954826250289
30.162562416809912,26.185281337748865,13.607434017112048,24.13332509859688,30.282960860333755,20.03109271337426,21.10323144592641,18.634512869351425
69.80624877037059,59.31319044392332,78.5087480100593,75.30905756968768,59.27945301183848,39.43762470336126,101.187389681228,68.51661295164836
390.1211828354458,538.2387103684068,412.3387819224324,611.3627380566217,905.4773571476436,310.4045658912028,497.151545102415,666.5088297168176
1.575067127008747,2.3845955461627666,-0.3328536160622217,2.378461865381966,3.3540417358829004,2.85717854052256,3.652220628034372,1.921629766239073
-433.11066701675065,775.6710397191857,448.1957965821261,1189.0434071270815,486.6648486365604,532.9385890726466,402.0265437004754,1565.9574452031864
-0.0004932413348138,-0.0012299947810246,7349.494590713546,17618.318357070148,19494.810463320355,16112.471016358886,24030.22875272828,2817.458277082625
0.0002016090178339,-0.0025926684821442,-449.3023053391292,-1412.5365786313344,2515.146023370585,1755.6837398842736,-145.93842122245985,0.0005447457436837
0.0025434954620088,0.0019516027388968,-114.06685592594496,-1406.425093006495,-1357.836349525844,903.3481978466734,-412.3241211095951,0.0012103592064902
30.10133636539636,35.32921288927885,34.386728789513235,34.671285292912174,28.13540722115801,32.72225260108573,20.1469032994388,23.883192151855468
62.35748274424305,86.84350657053504,-2.025453130629316,11.386969851425569,44.98966116635477,51.25020146653912,61.87263141662099,55.6435419032386
465.52979265580086,510.3265834331026,623.3418529286375,620.1323364156536,662.2905941404138,576.2937506955449,400.5176185399524,676.3218905436994
1.961484064357042,4.456640271465037,-0.4535548834697458,2.609654831015676,0.3013675231438719,3.7451283798793007,-0.5646593263012181,2.3450024450204685
117.08282723210984,-150.20244529935917,-425.99447863501086,997.2892750970096,784.0648353924302,212.8852947647503,1637.3317335213028,135.20916116583794
-0.000201428282902,-0.0023322611251202,19312.27820550404,17998.46808791994,22984.45734784385,-16888.968501535193,-386.3042459994237,291.0487672371063
0.002115913905152,-0.0006549762684533,984.6977509567292,-3054.618370742218,789.493038832136,3590.585720091449,1.3212449516163125,0.0009558752619205
0.0017533030575372,0.001549526676578,428.9354452534103,-1666.4022939817023,173.43620394045803,-894.5466893263849,0.0009414904294455,-0.00120825038254
24.4827173843656,24.4761179391906,19.675999243705068,30.724990926922136,29.718814098982342,28.422024226011946,25.066972451433788,23.08667908826021
25.370206869925163,56.70652443084808,65.72916534336613,61.66948439378396,36.0955096656684,57.98040398851858,70.98248662463746,67.18277209214753
52.34269535334363,596.9225097281022,456.3762900069444,698.8887913736035,470.5405348227472,473.7568012364976,531.341935049467,516.2653543109648
-0.058019690912904,2.4356303338727434,-0.4155672680603226,2.043255032072629,2.266852302655836,2.529758728134872,3.9111005083698,0.1584625732912417
-235.9221378463656,-136.8044014913869,1491.2381386990965,-323.55126011279026,259.74230962521455,478.9904346703572,1057.789351184829,-76.73769886822883
-0.0010291417116055,0.0028511591582915,850.962345094551,21989.202311658,12479.624354891172,11512.575139646606,12172.737762347731,-4191.219981071983
-0.0013545782463642,0.000175091520769,20.224896931589683,2389.883227395783,607.8248327819887,-481.6111854792434,1978.167477616112,-0.0007868889911834
0.0013338270206114,-0.0033011464748417,-187.2462426011065,2564.3653905611204,-2048.629799032388,-1399.6506053060466,709.9672466982031,-0.0021954826250289
30.162562416809912,26.185281337748865,13.607434017112048,24.13332509859688,30.282960860333755,20.03109271337426,21.10323144592641,18.634512869351425
69.80624877037059,59.31319044392332,78.5087480100593,75.30905756968768,59.27945301183848,39.43762470336126,101.187389681228,68.51661295164836
390.1211828354458,538.2387103684068,412.3387819224324,611.3627380566217,905.4773571476436,310.4045658912028,497.151545102415,666.5088297168176
1.575067127008747,2.3845955461627666,-0.3328536160622217,2.378461865381966,3.3540417358829004,2.85717854052256,3.652220628034372,1.921629766239073
-433.11066701675065,775.6710397191857,448.1957965821261,1189.0434071270815,486.6648486365604,532.9385890726466,402.0265437004754,1565.9574452031864
-0.0004932413348138,-0.0012299947810246,7349.494590713546,17618.318357070148,19494.810463320355,16112.471016358886,24030.22875272828,2817.458277082625
0.0002016090178339,-0.0025926684821442,-449.3023053391292,-1412.5365786313344,2515.146023370585,1755.6837398842736,-145.93842122245985,0.0005447457436837
0.0025434954620088,0.0019516027388968,-114.06685592594496,-1406.425093006495,-1357.836349525844,903.3481978466734,-412.3241211095951,0.0012103592064902
30.10133636539636,35.32921288927885,34.386728789513235,34.671285292912174,28.13540722115801,32.72225260108573,20.1469032994388,23.883192151855468
62.35748274424305,86.84350657053504,-2.025453130629316,11.386969851425569,44.98966116635477,51.25020146653912,61.87263141662099,55.6435419032386
465.52979265580086,510.3265834331026,623.3418529286375,620.1323364156536,662.2905941404138,576.2937506955449,400.5176185399524,676.3218905436994
1.961484064357042,4.456640271465037,-0.4535548834697458,2.609654831015676,0.3013675231438719,3.7451283798793007,-0.5646593263012181,2.3450024450204685
117.08282723210984,-150.20244529935917,-425.99447863501086,997.2892750970096,784.0648353924302,212.8852947647503,1637.3317335213028,135.20916116583794
-0.000201428282902,-0.0023322611251202,19312.27820550404,17998.46808791994,22984.45734784385,-16888.968501535193,-386.3042459994237,291.0487672371063
0.002115913905152,-0.0006549762684533,984.6977509567292,-3054.618370742218,789.493038832136,3590.585720091449,1.3212449516163125,0.0009558752619205
0.0017533030575372,0.001549526676578,428.9354452534103,-1666.4022939817023,173.43620394045803,-894.5466893263849,0.0009414904294455,-0.00120825038254
24.4827173843656,24.4761179391906,19.675999243705068,30.724990926922136,29.718814098982342,28.422024226011946,25.066972451433788,23.08667908826021
25.370206869925163,56.70652443084808,65.72916534336613,61.66948439378396,36.0955096656684,57.98040398851858,70.98248662463746,67.18277209214753
52.34269535334363,596.9225097281022,456.3762900069444,698.8887913736035,470.5405348227472,473.7568012364976,531.341935049467,516.2653543109648
-0.058019690912904,2.4356303338727434,-0.4155672680603226,2.043255032072629,2.266852302655836,2.529758728134872,3.9111005083698,0.1584625732912417
-235.9221378463656,-136.8044014913869,1491.2381386990965,-323.55126011279026,259.74230962521455,478.9904346703572,1057.789351184829,-76.73769886822883
-0.0010291417116055,0.0028511591582915,850.962345094551,21989.202311658,12479.624354891172,11512.575139646606,12172.737762347731,-4191.219981071983
-0.0013545782463642,0.000175091520769,20.224896931589683,2389.883227395783,607.8248327819887,-481.6111854792434,1978.167477616112,-0.0007868889911834
0.0013338270206114,-0.0033011464748417,-187.2462426011065,2564.3653905611204,-2048.629799032388,-1399.6506053060466,709.9672466982031,-0.0021954826250289
30.162562416809912,26.185281337748865,13.607434017112048,24.13332509859688,30.282960860333755,20.03109271337426,21.10323144592641,18.634512869351425
69.80624877037059,59.31319044392332,78.5087480100593,75.30905756968768,59.27945301183848,39.43762470336126,101.187389681228,68.51661295164836
390.1211828354458,538.2387103684068,412.3387819224324,611.3627380566217,905.4773571476436,310.4045658912028,497.151545102415,666.5088297168176
1.575067127008747,2.3845955461627666,-0.3328536160622217,2.378461865381966,3.3540417358829004,2.85717854052256,3.652220628034372,1.921629766239073
-433.11066701675065,775.6710397191857,448.1957965821261,1189.0434071270815,486.6648486365604,532.9385890726466,402.0265437004754,1565.9574452031864
-0.0004932413348138,-0.0012299947810246,7349.494590713546,17618.318357070148,19494.810463320355,16112.471016358886,24030.22875272828,2817.458277082625
0.0002016090178339,-0.0025926684821442,-449.3023053391292,-1412.5365786313344,2515.146023370585,1755.6837398842736,-145.93842122245985,0.0005447457436837
0.0025434954620088,0.0019516027388968,-114.06685592594496,-1406.425093006495,-1357.836349525844,903.3481978466734,-412.3241211095951,0.0012103592064902
30.10133636539636,35.32921288927885,34.386728789513235,34.671285292912174,28.13540722115801,32.72225260108573,20.1469032994388,23.883192151855468
62.35748274424305,86.84350657053504,-2.025453130629316,11.386969851425569,44.98966116635477,51.25020146653912,61.87263141662099,55.6435419032386
465.52979265580086,510.3265834331026,623.3418529286375,620.1323364156536,662.2905941404138,576.2937506955449,400.5176185399524,676.3218905436994
1.961484064357042,4.456640271465037,-0.4535548834697458,2.609654831015676,0.3013675231438719,3.7451283798793007,-0.5646593263012181,2.3450024450204685
117.08282723210984,-150.20244529935917,-425.99447863501086,997.2892750970096,784.0648353924302,212.8852947647503,1637.3317335213028,135.20916116583794
-0.000201428282902,-0.0023322611251202,19312.27820550404,17998.46808791994,22984.45734784385,-16888.968501535193,-386.3042459994237,291.0487672371063
0.002115913905152,-0.0006549762684533,984.6977509567292,-3054.618370742218,789.493038832136,3590.585720091449,1.3212449516163125,0.0009558752619205
0.0017533030575372,0.001549526676578,428.9354452534103,-1666.4022939817023,173.43620394045803,-894.5466893263849,0.0009414904294455,-0.00120825038254
24.4827173843656,24.4761179391906,19.675999243705068,30.724990926922136,29.718814098982342,28.422024226011946,25.066972451433788,23.08667908826021
25.370206869925163,56.70652443084808,65.72916534336613,61.66948439378396,36.0955096656684,57.98040398851858,70.98248662463746,67.18277209214753
52.34269535334363,596.9225097281022,456.3762900069444,698.8887913736035,470.5405348227472,473.7568012364976,531.341935049467,516.2653543109648
-0.058019690912904,2.4356303338727434,-0.4155672680603226,2.043255032072629,2.266852302655836,2.529758728134872,3.9111005083698,0.1584625732912417
-235.9221378463656,-136.8044014913869,1491.2381386990965,-323.55126011279026,259.74230962521455,478.9904346703572,1057.789351184829,-76.73769886822883
-0.0010291417116055,0.0028511591582915,850.962345094551,21989.202311658,12479.624354891172,11512.575139646606,12172.737762347731,-4191.219981071983
-0.0013545782463642,0.000175091520769,20.224896931589683,2389.883227395783,607.8248327819887,-481.6111854792434,1978.167477616112,-0.0007868889911834
0.0013338270206114,-0.0033011464748417,-187.2462426011065,2564.3653905611204,-2048.629799032388,-1399.6506053060466,709.9672466982031,-0.0021954826250289
30.162562416809912,26.185281337748865,13.607434017112048,24.13332509859688,30.282960860333755,20.03109271337426,21.10323144592641,18.634512869351425
69.80624877037059,59.31319044392332,78.5087480100593,75.30905756968768,59.27945301183848,39.43762470336126,101.187389681228,68.51661295164836
390.1211828354458,538.2387103684068,412.3387819224324,611.3627380566217,905.4773571476436,310.4045658912028,497.151545102415,666.5088297168176
1.575067127008747,2.3845955461627666,-0.3328536160622217,2.378461865381966,3.3540417358829004,2.85717854052256,3.652220628034372,1.921629766239073
-433.11066701675065,775.6710397191857,448.1957965821261,1189.0434071270815,486.6648486365604,532.9385890726466,402.0265437004754,1565.9574452031864
-0.0004932413348138,-0.0012299947810246,7349.494590713546,17618.318357070148,19494.810463320355,16112.471016358886,24030.22875272828,2817.458277082625
0.0002016090178339,-0.0025926684821442,-449.3023053391292,-1412.5365786313344,2515.146023370585,1755.6837398842736,-145.93842122245985,0.0005447457436837
0.0025434954620088,0.0019516027388968,-114.06685592594496,-1406.425093006495,-1357.836349525844,903.3481978466734,-412.3241211095951,0.0012103592064902
30.10133636539636,35.32921288927885,34.386728789513235,34.671285292912174,28.13540722115801,32.72225260108573,20.1469032994388,23.883192151855468
62.35748274424305,86.84350657053504,-2.025453130629316,11.386969851425569,44.98966116635477,51.25020146653912,61.87263141662099,55.6435419032386
465.52979265580086,510.3265834331026,623.3418529286375,620.1323364156536,662.2905941404138,576.2937506955449,400.5176185399524,676.3218905436994
1.961484064357042,4.456640271465037,-0.4535548834697458,2.609654831015676,0.3013675231438719,3.7451283798793007,-0.5646593263012181,2.3450024450204685
117.08282723210984,-150.20244529935917,-425.99447863501086,997.2892750970096,784.0648353924302,212.8852947647503,1637.3317335213028,135.20916116583794
-0.000201428282902,-0.0023322611251202,19312.27820550404,17998.46808791994,22984.45734784385,-16888.968501535193,-386.3042459994237,291.0487672371063
0.002115913905152,-0.0006549762684533,984.6977509567292,-3054.618370742218,789.493038832136,3590.585720091449,1.3212449516163125,0.0009558752619205
0.0017533030575372,0.001549526676578,428.9354452534103,-1666.4022939817023,173.43620394045803,-894.5466893263849,0.0009414904294455,-0.00120825038254
24.4827173843656,24.4761179391906,19.675999243705068,30.724990926922136,29.718814098982342,28.422024226011946,25.066972451433788,23.08667908826021
25.370206869925163,56.70652443084808,65.72916534336613,61.66948439378396,36.0955096656684,57.98040398851858,70.98248662463746,67.18277209214753
52.34269535334363,596.9225097281022,456.3762900069444,698.8887913736035,470.5405348227472,473.7568012364976,531.341935049467,516.2653543109648
-0.058019690912904,2.4356303338727434,-0.4155672680603226,2.043255032072629,2.266852302655836,2.529758728134872,3.9111005083698,0.1584625732912417
-235.9221378463656,-136.8044014913869,1491.2381386990965,-323.55126011279026,259.74230962521455,478.9904346703572,1057.789351184829,-76.73769886822883
-0.0010291417116055,0.0028511591582915,850.962345094551,21989.202311658,12479.624354891172,11512.575139646606,12172.737762347731,-4191.219981071983
-0.0013545782463642,0.000175091520769,20.224896931589683,2389.883227395783,607.8248327819887,-481.6111854792434,1978.167477616112,-0.0007868889911834
0.0013338270206114,-0.0033011464748417,-187.2462426011065,2564.3653905611204,-2048.629799032388,-1399.6506053060466,709.9672466982031,-0.0021954826250289
30.162562416809912,26.185281337748865,13.607434017112048,24.13332509859688,30.282960860333755,20.03109271337426,21.10323144592641,18.634512869351425
69.80624877037059,59.31319044392332,78.5087480100593,75.30905756968768,59.27945301183848,39.43762470336126,101.187389681228,68.51661295164836
390.1211828354458,538.2387103684068,412.3387819224324,611.3627380566217,905.4773571476436,310.4045658912028,497.151545102415,666.5088297168176
1.575067127008747,2.3845955461627666,-0.3328536160622217,2.378461865381966,3.3540417358829004,2.85717854052256,3.652220628034372,1.921629766239073
-433.11066701675065,775.6710397191857,448.1957965821261,1189.0434071270815,486.6648486365604,532.9385890726466,402.0265437004754,1565.9574452031864
-0.0004932413348138,-0.0012299947810246,7349.494590713546,17618.318357070148,19494.810463320355,16112.471016358886,24030.22875272828,2817.458277082625
0.0002016090178339,-0.0025926684821442,-449.3023053391292,-1412.5365786313344,2515.146023370585,1755.6837398842736,-145.93842122245985,0.0005447457436837
0.0025434954620088,0.0019516027388968,-114.06685592594496,-1406.425093006495,-1357.836349525844,903.3481978466734,-412.3241211095951,0.0012103592064902
30.10133636539636,35.32921288927885,34.386728789513235,34.671285292912174,28.13540722115801,32.72225260108573,20.1469032994388,23.883192151855468
62.35748274424305,86.84350657053504,-2.025453130629316,11.386969851425569,44.98966116635477,51.25020146653912,61.87263141662099,55.6435419032386
465.52979265580086,510.3265834331026,623.3418529286375,620.1323364156536,662.2905941404138,576.2937506955449,400.5176185399524,676.3218905436994
1.961484064357042,4.456640271465037,-0.4535548834697458,2.609654831015676,0.3013675231438719,3.7451283798793007,-0.5646593263012181,2.3450024450204685
117.08282723210984,-150.20244529935917,-425.99447863501086,997.2892750970096,784.0648353924302,212.8852947647503,1637.3317335213028,135.20916116583794
-0.000201428282902,-0.0023322611251202,19312.27820550404,17998.46808791994,22984.45734784385,-16888.968501535193,-386.3042459994237,291.0487672371063
0.002115913905152,-0.0006549762684533,984.6977509567292,-3054.618370742218,789.493038832136,3590.585720091449,1.3212449516163125,0.0009558752619205
0.0017533030575372,0.001549526676578,428.9354452534103,-1666.4022939817023,173.43620394045803,-894.5466893263849,0.0009414904294455,-0.00120825038254
24.4827173843656,24.4761179391906,19.675999243705068,30.724990926922136,29.718814098982342,28.422024226011946,25.066972451433788,23.08667908826021
25.370206869925163,56.70652443084808,65.72916534336613,61.66948439378396,36.0955096656684,57.98040398851858,70.98248662463746,67.18277209214753
52.34269535334363,596.9225097281022,456.3762900069444,698.8887913736035,470.5405348227472,473.7568012364976,531.341935049467,516.2653543109648
-0.058019690912904,2.4356303338727434,-0.4155672680603226,2.043255032072629,2.266852302655836,2.529758728134872,3.9111005083698,0.1584625732912417
-235.9221378463656,-136.8044014913869,1491.2381386990965,-323.55126011279026,259.74230962521455,478.9904346703572,1057.789351184829,-76.73769886822883
-0.0010291417116055,0.0028511591582915,850.962345094551,21989.202311658,12479.624354891172,11512.575139646606,12172.737762347731,-4191.219981071983
-0.0013545782463642,0.000175091520769,20.224896931589683,2389.883227395783,607.8248327819887,-481.6111854792434,1978.167477616112,-0.0007868889911834
0.0013338270206114,-0.0033011464748417,-187.2462426011065,2564.3653905611204,-2048.629799032388,-1399.6506053060466,709.9672466982031,-0.0021954826250289
30.162562416809912,26.185281337748865,13.607434017112048,24.13332509859688,30.282960860333755,20.03109271337426,21.10323144592641,18.634512869351425
69.80624877037059,59.31319044392332,78.5087480100593,75.30905756968768,59.27945301183848,39.43762470336126,101.187389681228,68.51661295164836
390.1211828354458,538.2387103684068,412.3387819224324,611.3627380566217,905.4773571476436,310.4045658912028,497.151545102415,666.5088297168176
1.575067127008747,2.3845955461627666,-0.3328536160622217,2.378461865381966,3.3540417358829004,2.85717854052256,3.652220628034372,1.921629766239073
-433.11066701675065,775.6710397191857,448.1957965821261,1189.0434071270815,486.6648486365604,532.9385890726466,402.0265437004754,1565.9574452031864
-0.0004932413348138,-0.0012299947810246,7349.494590713546,17618.318357070148,19494.810463320355,16112.471016358886,24030.22875272828,2817.458277082625
0.0002016090178339,-0.0025926684821442,-449.3023053391292,-1412.5365786313344,2515.146023370585,1755.6837398842736,-145.93842122245985,0.0005447457436837
0.0025434954620088,0.0019516027388968,-114.06685592594496,-1406.425093006495,-1357.836349525844,903.3481978466734,-412.3241211095951,0.0012103592064902
30.10133636539636,35.32921288927885,34.386728789513235,34.671285292912174,28.13540722115801,32.72225260108573,20.1469032994388,23.883192151855468
62.35748274424305,86.84350657053504,-2.025453130629316,11.386969851425569,44.98966116635477,51.25020146653912,61.87263141662099,55.6435419032386
465.52979265580086,510.3265834331026,623.3418529286375,620.1323364156536,662.2905941404138,576.2937506955449,400.5176185399524,676.3218905436994
1.961484064357042,4.456640271465037,-0.4535548834697458,2.609654831015676,0.3013675231438719,3.7451283798793007,-0.5646593263012181,2.3450024450204685
117.08282723210984,-150.20244529935917,-425.99447863501086,997.2892750970096,784.0648353924302,212.8852947647503,1637.3317335213028,135.20916116583794
-0.000201428282902,-0.0023322611251202,19312.27820550404,17998.46808791994,22984.45734784385,-16888.968501535193,-386.3042459994237,291.0487672371063
0.002115913905152,-0.0006549762684533,984.6977509567292,-3054.618370742218,789.493038832136,3590.585720091449,1.3212449516163125,0.0009558752619205
0.0017533030575372,0.001549526676578,428.9354452534103,-1666.4022939817023,173.43620394045803,-894.5466893263849,0.0009414904294455,-0.00120825038254
