내부온도관측치,내부습도관측치,co2관측치,ec관측치,시간당분무량,시간당백색광량,시간당적색광량,시간당청색광량
14.867892088078069,19.57893438011795,27.006849359560853,36.21354338677705,25.719465606161847,37.071992168683984,24.74728744462593,16.486825153043725
30.34607561832696,74.29285891660248,49.99153029107895,55.02162253924975,35.388341212613895,19.1510268474682,40.64116001867767,83.8579562334855
517.3306067099454,572.385829209204,546.0955544394965,631.2285285731468,455.8454766493308,509.5067472017468,571.815682399053,424.1660662022121
0.965539290331993,3.2560743639279406,-0.2002738291329879,0.6218508847775824,3.361729576929367,0.8390249773884204,2.2312276043634425,0.0692663177275707
-31.475174656061863,38.6448942863245,1320.339503654789,-243.8544394281339,681.5970139192736,1777.058757825478,801.1784876565503,-232.4077048865256
-0.001761755317117,-0.0011849855770632,2674.4822362471773,22281.1576123271,14840.608987966549,22193.665603222034,18615.9751977088,434.5547324637587
-0.0032840259502256,-0.0020438237239233,-395.4924646655114,2071.4280883208603,-1668.491627072369,-1392.633739219406,-177.62076720606967,-0.0002121383649602
-0.0002043090860384,-0.0029248649698602,-10.329021313345102,3006.2274440915544,-1929.373813614161,41.28407767419753,444.4012957222736,0.0002418965658757
24.51516206420927,22.5014643806596,8.580275001853739,23.59791755241364,30.50575867970904,23.19793984852797,24.62386394431087,25.361645833848574
25.353589652004167,84.39184297873581,40.98504428933846,96.53540879103387,66.8511598187766,60.51082956578532,79.50150809069589,30.07895504643628
273.5528908648198,688.2086298753447,394.67089087968174,645.9818428643518,508.8860453720873,414.5764954738188,321.04810981961367,639.7220083411356
1.8257679387799628,3.0675092952132594,3.0591086637339027,0.2875894337715792,2.0434139522783723,-0.5641603094908438,3.845848990282158,0.6549254559325084
207.11774944478293,-278.2496192697789,-429.77041946614565,323.3153334302264,-707.5116012520828,-476.2929933710361,374.52759314692577,997.4223913642955
0.0029565223224139,0.0020411803147417,4760.909499290801,15844.473698284675,19800.85078005668,24022.172163159616,32906.93906706254,-903.7881675873296
-0.0027488270822537,-0.0009566033473279,305.0637651262922,-2033.416232869452,1480.9804675641572,2638.4539770535466,-153.44218362523063,0.002091571786598
0.0027330552911835,-0.0001228091529806,290.09249164378826,2100.559079580676,-2207.0473774131683,-1567.566696439243,-464.8356219254341,-0.0005129798794885
27.97223647103061,30.861005456852656,40.04206496185816,32.95856219225992,29.62637291882248,28.894217183190616,28.77260480989745,19.67921966996276
58.87319002523827,90.73973653944266,19.2623553472908,30.0191087817742,28.76383711165517,75.97099550960584,90.6180671119718,45.87856583480774
669.2333170473191,630.0701340891974,609.1103150419223,707.4784680755548,1099.8167858198462,566.4446631602708,393.3348235292464,487.27789797484127
1.587407319225028,3.7790033846129503,0.6248814117010935,2.8577121913622223,0.1152191293745916,5.019276559270086,1.0466777569239776,1.8224995799691168
773.8772420914638,401.4960556830829,522.7778133511931,750.975475420303,124.43825209406477,92.4082486145548,1759.3756507512735,431.6902790619205
-0.000871223119394,-0.0015832076949097,26266.76630206314,20122.565984231816,18174.38661617466,-20379.402254078712,-4734.079167667451,639.3187736844367
-0.0011012890042244,0.0013737051337035,1720.5218205120973,-2131.656543647276,-708.8947394066348,-1284.6597298738443,0.582388172886529,0.002269215126277
0.0007688892904324,-0.0016042295494882,1344.7990377434912,6000.196312290122,-343.58658771311883,951.4007011091566,0.0013090697418322,-0.003307078143002
14.867892088078069,19.57893438011795,27.006849359560853,36.21354338677705,25.719465606161847,37.071992168683984,24.74728744462593,16.486825153043725
30.34607561832696,74.29285891660248,49.99153029107895,55.02162253924975,35.388341212613895,19.1510268474682,40.64116001867767,83.8579562334855
517.3306067099454,572.385829209204,546.0955544394965,631.2285285731468,455.8454766493308,509.5067472017468,571.815682399053,424.1660662022121
0.965539290331993,3.2560743639279406,-0.2002738291329879,0.6218508847775824,3.361729576929367,0.8390249773884204,2.2312276043634425,0.0692663177275707
-31.475174656061863,38.6448942863245,1320.339503654789,-243.8544394281339,681.5970139192736,1777.058757825478,801.1784876565503,-232.4077048865256
-0.001761755317117,-0.0011849855770632,2674.4822362471773,22281.1576123271,14840.608987966549,22193.665603222034,18615.9751977088,434.5547324637587
-0.0032840259502256,-0.0020438237239233,-395.4924646655114,2071.4280883208603,-1668.491627072369,-1392.633739219406,-177.62076720606967,-0.0002121383649602
-0.0002043090860384,-0.0029248649698602,-10.329021313345102,3006.2274440915544,-1929.373813614161,41.28407767419753,444.4012957222736,0.0002418965658757
24.51516206420927,22.5014643806596,8.580275001853739,23.59791755241364,30.50575867970904,23.19793984852797,24.62386394431087,25.361645833848574
25.353589652004167,84.39184297873581,40.98504428933846,96.53540879103387,66.8511598187766,60.51082956578532,79.50150809069589,30.07895504643628
273.5528908648198,688.2086298753447,394.67089087968174,645.9818428643518,508.8860453720873,414.5764954738188,321.04810981961367,639.7220083411356
1.8257679387799628,3.0675092952132594,3.0591086637339027,0.2875894337715792,2.0434139522783723,-0.5641603094908438,3.845848990282158,0.6549254559325084
207.11774944478293,-278.2496192697789,-429.77041946614565,323.3153334302264,-707.5116012520828,-476.2929933710361,374.52759314692577,997.4223913642955
0.0029565223224139,0.0020411803147417,4760.909499290801,15844.473698284675,19800.85078005668,24022.172163159616,32906.93906706254,-903.7881675873296
-0.0027488270822537,-0.0009566033473279,305.0637651262922,-2033.416232869452,1480.9804675641572,2638.4539770535466,-153.44218362523063,0.002091571786598
0.0027330552911835,-0.0001228091529806,290.09249164378826,2100.559079580676,-2207.0473774131683,-1567.566696439243,-464.8356219254341,-0.0005129798794885
27.97223647103061,30.861005456852656,40.04206496185816,32.95856219225992,29.62637291882248,28.894217183190616,28.77260480989745,19.67921966996276
58.87319002523827,90.73973653944266,19.2623553472908,30.0191087817742,28.76383711165517,75.97099550960584,90.6180671119718,45.87856583480774
669.2333170473191,630.0701340891974,609.1103150419223,707.4784680755548,1099.8167858198462,566.4446631602708,393.3348235292464,487.27789797484127
1.587407319225028,3.7790033846129503,0.6248814117010935,2.8577121913622223,0.1152191293745916,5.019276559270086,1.0466777569239776,1.8224995799691168
773.8772420914638,401.4960556830829,522.7778133511931,750.975475420303,124.43825209406477,92.4082486145548,1759.3756507512735,431.6902790619205
-0.000871223119394,-0.0015832076949097,26266.76630206314,20122.565984231816,18174.38661617466,-20379.402254078712,-4734.079167667451,639.3187736844367
-0.0011012890042244,0.0013737051337035,1720.5218205120973,-2131.656543647276,-708.8947394066348,-1284.6597298738443,0.582388172886529,0.002269215126277
0.0007688892904324,-0.0016042295494882,1344.7990377434912,6000.196312290122,-343.58658771311883,951.4007011091566,0.0013090697418322,-0.003307078143002
14.867892088078069,19.57893438011795,27.006849359560853,36.21354338677705,25.719465606161847,37.071992168683984,24.74728744462593,16.486825153043725
30.34607561832696,74.29285891660248,49.99153029107895,55.02162253924975,35.388341212613895,19.1510268474682,40.64116001867767,83.8579562334855
517.3306067099454,572.385829209204,546.0955544394965,631.2285285731468,455.8454766493308,509.5067472017468,571.815682399053,424.1660662022121
0.965539290331993,3.2560743639279406,-0.2002738291329879,0.6218508847775824,3.361729576929367,0.8390249773884204,2.2312276043634425,0.0692663177275707
-31.475174656061863,38.6448942863245,1320.339503654789,-243.8544394281339,681.5970139192736,1777.058757825478,801.1784876565503,-232.4077048865256
-0.001761755317117,-0.0011849855770632,2674.4822362471773,22281.1576123271,14840.608987966549,22193.665603222034,18615.9751977088,434.5547324637587
-0.0032840259502256,-0.0020438237239233,-395.4924646655114,2071.4280883208603,-1668.491627072369,-1392.633739219406,-177.62076720606967,-0.0002121383649602
-0.0002043090860384,-0.0029248649698602,-10.329021313345102,3006.2274440915544,-1929.373813614161,41.28407767419753,444.4012957222736,0.0002418965658757
24.51516206420927,22.5014643806596,8.580275001853739,23.59791755241364,30.50575867970904,23.19793984852797,24.62386394431087,25.361645833848574
25.353589652004167,84.39184297873581,40.98504428933846,96.53540879103387,66.8511598187766,60.51082956578532,79.50150809069589,30.07895504643628
273.5528908648198,688.2086298753447,394.67089087968174,645.9818428643518,508.8860453720873,414.5764954738188,321.04810981961367,639.7220083411356
1.8257679387799628,3.0675092952132594,3.0591086637339027,0.2875894337715792,2.0434139522783723,-0.5641603094908438,3.845848990282158,0.6549254559325084
207.11774944478293,-278.2496192697789,-429.77041946614565,323.3153334302264,-707.5116012520828,-476.2929933710361,374.52759314692577,997.4223913642955
0.0029565223224139,0.0020411803147417,4760.909499290801,15844.473698284675,19800.85078005668,24022.172163159616,32906.93906706254,-903.7881675873296
-0.0027488270822537,-0.0009566033473279,305.0637651262922,-2033.416232869452,1480.9804675641572,2638.4539770535466,-153.44218362523063,0.002091571786598
0.0027330552911835,-0.0001228091529806,290.09249164378826,2100.559079580676,-2207.0473774131683,-1567.566696439243,-464.8356219254341,-0.0005129798794885
27.97223647103061,30.861005456852656,40.04206496185816,32.95856219225992,29.62637291882248,28.894217183190616,28.77260480989745,19.67921966996276
58.87319002523827,90.73973653944266,19.2623553472908,30.0191087817742,28.76383711165517,75.97099550960584,90.6180671119718,45.87856583480774
669.2333170473191,630.0701340891974,609.1103150419223,707.4784680755548,1099.8167858198462,566.4446631602708,393.3348235292464,487.27789797484127
1.587407319225028,3.7790033846129503,0.6248814117010935,2.8577121913622223,0.1152191293745916,5.019276559270086,1.0466777569239776,1.8224995799691168
773.8772420914638,401.4960556830829,522.7778133511931,750.975475420303,124.43825209406477,92.4082486145548,1759.3756507512735,431.6902790619205
-0.000871223119394,-0.0015832076949097,26266.76630206314,20122.565984231816,18174.38661617466,-20379.402254078712,-4734.079167667451,639.3187736844367
-0.0011012890042244,0.0013737051337035,1720.5218205120973,-2131.656543647276,-708.8947394066348,-1284.6597298738443,0.582388172886529,0.002269215126277
0.0007688892904324,-0.0016042295494882,1344.7990377434912,6000.196312290122,-343.58658771311883,951.4007011091566,0.0013090697418322,-0.003307078143002
14.867892088078069,19.57893438011795,27.006849359560853,36.21354338677705,25.719465606161847,37.071992168683984,24.74728744462593,16.486825153043725
30.34607561832696,74.29285891660248,49.99153029107895,55.02162253924975,35.388341212613895,19.1510268474682,40.64116001867767,83.8579562334855
517.3306067099454,572.385829209204,546.0955544394965,631.2285285731468,455.8454766493308,509.5067472017468,571.815682399053,424.1660662022121
0.965539290331993,3.2560743639279406,-0.2002738291329879,0.6218508847775824,3.361729576929367,0.8390249773884204,2.2312276043634425,0.0692663177275707
-31.475174656061863,38.6448942863245,1320.339503654789,-243.8544394281339,681.5970139192736,1777.058757825478,801.1784876565503,-232.4077048865256
-0.001761755317117,-0.0011849855770632,2674.4822362471773,22281.1576123271,14840.608987966549,22193.665603222034,18615.9751977088,434.5547324637587
-0.0032840259502256,-0.0020438237239233,-395.4924646655114,2071.4280883208603,-1668.491627072369,-1392.633739219406,-177.62076720606967,-0.0002121383649602
-0.0002043090860384,-0.0029248649698602,-10.329021313345102,3006.2274440915544,-1929.373813614161,41.28407767419753,444.4012957222736,0.0002418965658757
24.51516206420927,22.5014643806596,8.580275001853739,23.59791755241364,30.50575867970904,23.19793984852797,24.62386394431087,25.361645833848574
25.353589652004167,84.39184297873581,40.98504428933846,96.53540879103387,66.8511598187766,60.51082956578532,79.50150809069589,30.07895504643628
273.5528908648198,688.2086298753447,394.67089087968174,645.9818428643518,508.8860453720873,414.5764954738188,321.04810981961367,639.7220083411356
1.8257679387799628,3.0675092952132594,3.0591086637339027,0.2875894337715792,2.0434139522783723,-0.5641603094908438,3.845848990282158,0.6549254559325084
207.11774944478293,-278.2496192697789,-429.77041946614565,323.3153334302264,-707.5116012520828,-476.2929933710361,374.52759314692577,997.4223913642955
0.0029565223224139,0.0020411803147417,4760.909499290801,15844.473698284675,19800.85078005668,24022.172163159616,32906.93906706254,-903.7881675873296
-0.0027488270822537,-0.0009566033473279,305.0637651262922,-2033.416232869452,1480.9804675641572,2638.4539770535466,-153.44218362523063,0.002091571786598
0.0027330552911835,-0.0001228091529806,290.09249164378826,2100.559079580676,-2207.0473774131683,-1567.566696439243,-464.8356219254341,-0.0005129798794885
27.97223647103061,30.861005456852656,40.04206496185816,32.95856219225992,29.62637291882248,28.894217183190616,28.77260480989745,19.67921966996276
58.87319002523827,90.73973653944266,19.2623553472908,30.0191087817742,28.76383711165517,75.97099550960584,90.6180671119718,45.87856583480774
669.2333170473191,630.0701340891974,609.1103150419223,707.4784680755548,1099.8167858198462,566.4446631602708,393.3348235292464,487.27789797484127
1.587407319225028,3.7790033846129503,0.6248814117010935,2.8577121913622223,0.1152191293745916,5.019276559270086,1.0466777569239776,1.8224995799691168
773.8772420914638,401.4960556830829,522.7778133511931,750.975475420303,124.43825209406477,92.4082486145548,1759.3756507512735,431.6902790619205
-0.000871223119394,-0.0015832076949097,26266.76630206314,20122.565984231816,18174.38661617466,-20379.402254078712,-4734.079167667451,639.3187736844367
-0.0011012890042244,0.0013737051337035,1720.5218205120973,-2131.656543647276,-708.8947394066348,-1284.6597298738443,0.582388172886529,0.002269215126277
0.0007688892904324,-0.0016042295494882,1344.7990377434912,6000.196312290122,-343.58658771311883,951.4007011091566,0.0013090697418322,-0.003307078143002
14.867892088078069,19.57893438011795,27.006849359560853,36.21354338677705,25.719465606161847,37.071992168683984,24.74728744462593,16.486825153043725
30.34607561832696,74.29285891660248,49.99153029107895,55.02162253924975,35.388341212613895,19.1510268474682,40.64116001867767,83.8579562334855
517.3306067099454,572.385829209204,546.0955544394965,631.2285285731468,455.8454766493308,509.5067472017468,571.815682399053,424.1660662022121
0.965539290331993,3.2560743639279406,-0.2002738291329879,0.6218508847775824,3.361729576929367,0.8390249773884204,2.2312276043634425,0.0692663177275707
-31.475174656061863,38.6448942863245,1320.339503654789,-243.8544394281339,681.5970139192736,1777.058757825478,801.1784876565503,-232.4077048865256
-0.001761755317117,-0.0011849855770632,2674.4822362471773,22281.1576123271,14840.608987966549,22193.665603222034,18615.9751977088,434.5547324637587
-0.0032840259502256,-0.0020438237239233,-395.4924646655114,2071.4280883208603,-1668.491627072369,-1392.633739219406,-177.62076720606967,-0.0002121383649602
-0.0002043090860384,-0.0029248649698602,-10.329021313345102,3006.2274440915544,-1929.373813614161,41.28407767419753,444.4012957222736,0.0002418965658757
24.51516206420927,22.5014643806596,8.580275001853739,23.59791755241364,30.50575867970904,23.19793984852797,24.62386394431087,25.361645833848574
25.353589652004167,84.39184297873581,40.98504428933846,96.53540879103387,66.8511598187766,60.51082956578532,79.50150809069589,30.07895504643628
273.5528908648198,688.2086298753447,394.67089087968174,645.9818428643518,508.8860453720873,414.5764954738188,321.04810981961367,639.7220083411356
1.8257679387799628,3.0675092952132594,3.0591086637339027,0.2875894337715792,2.0434139522783723,-0.5641603094908438,3.845848990282158,0.6549254559325084
207.11774944478293,-278.2496192697789,-429.77041946614565,323.3153334302264,-707.5116012520828,-476.2929933710361,374.52759314692577,997.4223913642955
0.0029565223224139,0.0020411803147417,4760.909499290801,15844.473698284675,19800.85078005668,24022.172163159616,32906.93906706254,-903.7881675873296
-0.0027488270822537,-0.0009566033473279,305.0637651262922,-2033.416232869452,1480.9804675641572,2638.4539770535466,-153.44218362523063,0.002091571786598
0.0027330552911835,-0.0001228091529806,290.09249164378826,2100.559079580676,-2207.0473774131683,-1567.566696439243,-464.8356219254341,-0.0005129798794885
27.97223647103061,30.861005456852656,40.04206496185816,32.95856219225992,29.62637291882248,28.894217183190616,28.77260480989745,19.67921966996276
58.87319002523827,90.73973653944266,19.2623553472908,30.0191087817742,28.76383711165517,75.97099550960584,90.6180671119718,45.87856583480774
669.2333170473191,630.0701340891974,609.1103150419223,707.4784680755548,1099.8167858198462,566.4446631602708,393.3348235292464,487.27789797484127
1.587407319225028,3.7790033846129503,0.6248814117010935,2.8577121913622223,0.1152191293745916,5.019276559270086,1.0466777569239776,1.8224995799691168
773.8772420914638,401.4960556830829,522.7778133511931,750.975475420303,124.43825209406477,92.4082486145548,1759.3756507512735,431.6902790619205
-0.000871223119394,-0.0015832076949097,26266.76630206314,20122.565984231816,18174.38661617466,-20379.402254078712,-4734.079167667451,639.3187736844367
-0.0011012890042244,0.0013737051337035,1720.5218205120973,-2131.656543647276,-708.8947394066348,-1284.6597298738443,0.582388172886529,0.002269215126277
0.0007688892904324,-0.0016042295494882,1344.7990377434912,6000.196312290122,-343.58658771311883,951.4007011091566,0.0013090697418322,-0.003307078143002
14.867892088078069,19.57893438011795,27.006849359560853,36.21354338677705,25.719465606161847,37.071992168683984,24.74728744462593,16.486825153043725
30.34607561832696,74.29285891660248,49.99153029107895,55.02162253924975,35.388341212613895,19.1510268474682,40.64116001867767,83.8579562334855
517.3306067099454,572.385829209204,546.0955544394965,631.2285285731468,455.8454766493308,509.5067472017468,571.815682399053,424.1660662022121
0.965539290331993,3.2560743639279406,-0.2002738291329879,0.6218508847775824,3.361729576929367,0.8390249773884204,2.2312276043634425,0.0692663177275707
-31.475174656061863,38.6448942863245,1320.339503654789,-243.8544394281339,681.5970139192736,1777.058757825478,801.1784876565503,-232.4077048865256
-0.001761755317117,-0.0011849855770632,2674.4822362471773,22281.1576123271,14840.608987966549,22193.665603222034,18615.9751977088,434.5547324637587
-0.0032840259502256,-0.0020438237239233,-395.4924646655114,2071.4280883208603,-1668.491627072369,-1392.633739219406,-177.62076720606967,-0.0002121383649602
-0.0002043090860384,-0.0029248649698602,-10.329021313345102,3006.2274440915544,-1929.373813614161,41.28407767419753,444.4012957222736,0.0002418965658757
24.51516206420927,22.5014643806596,8.580275001853739,23.59791755241364,30.50575867970904,23.19793984852797,24.62386394431087,25.361645833848574
25.353589652004167,84.39184297873581,40.98504428933846,96.53540879103387,66.8511598187766,60.51082956578532,79.50150809069589,30.07895504643628
273.5528908648198,688.2086298753447,394.67089087968174,645.9818428643518,508.8860453720873,414.5764954738188,321.04810981961367,639.7220083411356
1.8257679387799628,3.0675092952132594,3.0591086637339027,0.2875894337715792,2.0434139522783723,-0.5641603094908438,3.845848990282158,0.6549254559325084
207.11774944478293,-278.2496192697789,-429.77041946614565,323.3153334302264,-707.5116012520828,-476.2929933710361,374.52759314692577,997.4223913642955
0.0029565223224139,0.0020411803147417,4760.909499290801,15844.473698284675,19800.85078005668,24022.172163159616,32906.93906706254,-903.7881675873296
-0.0027488270822537,-0.0009566033473279,305.0637651262922,-2033.416232869452,1480.9804675641572,2638.4539770535466,-153.44218362523063,0.002091571786598
0.0027330552911835,-0.0001228091529806,290.09249164378826,2100.559079580676,-2207.0473774131683,-1567.566696439243,-464.8356219254341,-0.0005129798794885
27.97223647103061,30.861005456852656,40.04206496185816,32.95856219225992,29.62637291882248,28.894217183190616,28.77260480989745,19.67921966996276
58.87319002523827,90.73973653944266,19.2623553472908,30.0191087817742,28.76383711165517,75.97099550960584,90.6180671119718,45.87856583480774
669.2333170473191,630.0701340891974,609.1103150419223,707.4784680755548,1099.8167858198462,566.4446631602708,393.3348235292464,487.27789797484127
1.587407319225028,3.7790033846129503,0.6248814117010935,2.8577121913622223,0.1152191293745916,5.019276559270086,1.0466777569239776,1.8224995799691168
773.8772420914638,401.4960556830829,522.7778133511931,750.975475420303,124.43825209406477,92.4082486145548,1759.3756507512735,431.6902790619205
-0.000871223119394,-0.0015832076949097,26266.76630206314,20122.565984231816,18174.38661617466,-20379.402254078712,-4734.079167667451,639.3187736844367
-0.0011012890042244,0.0013737051337035,1720.5218205120973,-2131.656543647276,-708.8947394066348,-1284.6597298738443,0.582388172886529,0.002269215126277
0.0007688892904324,-0.0016042295494882,1344.7990377434912,6000.196312290122,-343.58658771311883,951.4007011091566,0.0013090697418322,-0.003307078143002
14.867892088078069,19.57893438011795,27.006849359560853,36.21354338677705,25.719465606161847,37.071992168683984,24.74728744462593,16.486825153043725
30.34607561832696,74.29285891660248,49.99153029107895,55.02162253924975,35.388341212613895,19.1510268474682,40.64116001867767,83.8579562334855
517.3306067099454,572.385829209204,546.0955544394965,631.2285285731468,455.8454766493308,509.5067472017468,571.815682399053,424.1660662022121
0.965539290331993,3.2560743639279406,-0.2002738291329879,0.6218508847775824,3.361729576929367,0.8390249773884204,2.2312276043634425,0.0692663177275707
-31.475174656061863,38.6448942863245,1320.339503654789,-243.8544394281339,681.5970139192736,1777.058757825478,801.1784876565503,-232.4077048865256
-0.001761755317117,-0.0011849855770632,2674.4822362471773,22281.1576123271,14840.608987966549,22193.665603222034,18615.9751977088,434.5547324637587
-0.0032840259502256,-0.0020438237239233,-395.4924646655114,2071.4280883208603,-1668.491627072369,-1392.633739219406,-177.62076720606967,-0.0002121383649602
-0.0002043090860384,-0.0029248649698602,-10.329021313345102,3006.2274440915544,-1929.373813614161,41.28407767419753,444.4012957222736,0.0002418965658757
24.51516206420927,22.5014643806596,8.580275001853739,23.59791755241364,30.50575867970904,23.19793984852797,24.62386394431087,25.361645833848574
25.353589652004167,84.39184297873581,40.98504428933846,96.53540879103387,66.8511598187766,60.51082956578532,79.50150809069589,30.07895504643628
273.5528908648198,688.2086298753447,394.67089087968174,645.9818428643518,508.8860453720873,414.5764954738188,321.04810981961367,639.7220083411356
1.8257679387799628,3.0675092952132594,3.0591086637339027,0.2875894337715792,2.0434139522783723,-0.5641603094908438,3.845848990282158,0.6549254559325084
207.11774944478293,-278.2496192697789,-429.77041946614565,323.3153334302264,-707.5116012520828,-476.2929933710361,374.52759314692577,997.4223913642955
0.0029565223224139,0.0020411803147417,4760.909499290801,15844.473698284675,19800.85078005668,24022.172163159616,32906.93906706254,-903.7881675873296
-0.0027488270822537,-0.0009566033473279,305.0637651262922,-2033.416232869452,1480.9804675641572,2638.4539770535466,-153.44218362523063,0.002091571786598
0.0027330552911835,-0.0001228091529806,290.09249164378826,2100.559079580676,-2207.0473774131683,-1567.566696439243,-464.8356219254341,-0.0005129798794885
27.97223647103061,30.861005456852656,40.04206496185816,32.95856219225992,29.62637291882248,28.894217183190616,28.77260480989745,19.67921966996276
58.87319002523827,90.73973653944266,19.2623553472908,30.0191087817742,28.76383711165517,75.97099550960584,90.6180671119718,45.87856583480774
669.2333170473191,630.0701340891974,609.1103150419223,707.4784680755548,1099.8167858198462,566.4446631602708,393.3348235292464,487.27789797484127
1.587407319225028,3.7790033846129503,0.6248814117010935,2.8577121913622223,0.1152191293745916,5.019276559270086,1.0466777569239776,1.8224995799691168
773.8772420914638,401.4960556830829,522.7778133511931,750.975475420303,124.43825209406477,92.4082486145548,1759.3756507512735,431.6902790619205
-0.000871223119394,-0.0015832076949097,26266.76630206314,20122.565984231816,18174.38661617466,-20379.402254078712,-4734.079167667451,639.3187736844367
-0.0011012890042244,0.0013737051337035,1720.5218205120973,-2131.656543647276,-708.8947394066348,-1284.6597298738443,0.582388172886529,0.002269215126277
0.0007688892904324,-0.0016042295494882,1344.7990377434912,6000.196312290122,-343.58658771311883,951.4007011091566,0.0013090697418322,-0.003307078143002
14.867892088078069,19.57893438011795,27.006849359560853,36.21354338677705,25.719465606161847,37.071992168683984,24.74728744462593,16.486825153043725
30.34607561832696,74.29285891660248,49.99153029107895,55.02162253924975,35.388341212613895,19.1510268474682,40.64116001867767,83.8579562334855
517.3306067099454,572.385829209204,546.0955544394965,631.2285285731468,455.8454766493308,509.5067472017468,571.815682399053,424.1660662022121
0.965539290331993,3.2560743639279406,-0.2002738291329879,0.6218508847775824,3.361729576929367,0.8390249773884204,2.2312276043634425,0.0692663177275707
-31.475174656061863,38.6448942863245,1320.339503654789,-243.8544394281339,681.5970139192736,1777.058757825478,801.1784876565503,-232.4077048865256
-0.001761755317117,-0.0011849855770632,2674.4822362471773,22281.1576123271,14840.608987966549,22193.665603222034,18615.9751977088,434.5547324637587
-0.0032840259502256,-0.0020438237239233,-395.4924646655114,2071.4280883208603,-1668.491627072369,-1392.633739219406,-177.62076720606967,-0.0002121383649602
-0.0002043090860384,-0.0029248649698602,-10.329021313345102,3006.2274440915544,-1929.373813614161,41.28407767419753,444.4012957222736,0.0002418965658757
24.51516206420927,22.5014643806596,8.580275001853739,23.59791755241364,30.50575867970904,23.19793984852797,24.62386394431087,25.361645833848574
25.353589652004167,84.39184297873581,40.98504428933846,96.53540879103387,66.8511598187766,60.51082956578532,79.50150809069589,30.07895504643628
273.5528908648198,688.2086298753447,394.67089087968174,645.9818428643518,508.8860453720873,414.5764954738188,321.04810981961367,639.7220083411356
1.8257679387799628,3.0675092952132594,3.0591086637339027,0.2875894337715792,2.0434139522783723,-0.5641603094908438,3.845848990282158,0.6549254559325084
207.11774944478293,-278.2496192697789,-429.77041946614565,323.3153334302264,-707.5116012520828,-476.2929933710361,374.52759314692577,997.4223913642955
0.0029565223224139,0.0020411803147417,4760.909499290801,15844.473698284675,19800.85078005668,24022.172163159616,32906.93906706254,-903.7881675873296
-0.0027488270822537,-0.0009566033473279,305.0637651262922,-2033.416232869452,1480.9804675641572,2638.4539770535466,-153.44218362523063,0.002091571786598
0.0027330552911835,-0.0001228091529806,290.09249164378826,2100.559079580676,-2207.0473774131683,-1567.566696439243,-464.8356219254341,-0.0005129798794885
27.97223647103061,30.861005456852656,40.04206496185816,32.95856219225992,29.62637291882248,28.894217183190616,28.77260480989745,19.67921966996276
58.87319002523827,90.73973653944266,19.2623553472908,30.0191087817742,28.76383711165517,75.97099550960584,90.6180671119718,45.87856583480774
669.2333170473191,630.0701340891974,609.1103150419223,707.4784680755548,1099.8167858198462,566.4446631602708,393.3348235292464,487.27789797484127
1.587407319225028,3.7790033846129503,0.6248814117010935,2.8577121913622223,0.1152191293745916,5.019276559270086,1.0466777569239776,1.8224995799691168
773.8772420914638,401.4960556830829,522.7778133511931,750.975475420303,124.43825209406477,92.4082486145548,1759.3756507512735,431.6902790619205
-0.000871223119394,-0.0015832076949097,26266.76630206314,20122.565984231816,18174.38661617466,-20379.402254078712,-4734.079167667451,639.3187736844367
-0.0011012890042244,0.0013737051337035,1720.5218205120973,-2131.656543647276,-708.8947394066348,-1284.6597298738443,0.582388172886529,0.002269215126277
0.0007688892904324,-0.0016042295494882,1344.7990377434912,6000.196312290122,-343.58658771311883,951.4007011091566,0.0013090697418322,-0.003307078143002
14.867892088078069,19.57893438011795,27.006849359560853,36.21354338677705,25.719465606161847,37.071992168683984,24.74728744462593,16.486825153043725
30.34607561832696,74.29285891660248,49.99153029107895,55.02162253924975,35.388341212613895,19.1510268474682,40.64116001867767,83.8579562334855
517.3306067099454,572.385829209204,546.0955544394965,631.2285285731468,455.8454766493308,509.5067472017468,571.815682399053,424.1660662022121
0.965539290331993,3.2560743639279406,-0.2002738291329879,0.6218508847775824,3.361729576929367,0.8390249773884204,2.2312276043634425,0.0692663177275707
-31.475174656061863,38.6448942863245,1320.339503654789,-243.8544394281339,681.5970139192736,1777.058757825478,801.1784876565503,-232.4077048865256
-0.001761755317117,-0.0011849855770632,2674.4822362471773,22281.1576123271,14840.608987966549,22193.665603222034,18615.9751977088,434.5547324637587
-0.0032840259502256,-0.0020438237239233,-395.4924646655114,2071.4280883208603,-1668.491627072369,-1392.633739219406,-177.62076720606967,-0.0002121383649602
-0.0002043090860384,-0.0029248649698602,-10.329021313345102,3006.2274440915544,-1929.373813614161,41.28407767419753,444.4012957222736,0.0002418965658757
24.51516206420927,22.5014643806596,8.580275001853739,23.59791755241364,30.50575867970904,23.19793984852797,24.62386394431087,25.361645833848574
25.353589652004167,84.39184297873581,40.98504428933846,96.53540879103387,66.8511598187766,60.51082956578532,79.50150809069589,30.07895504643628
273.5528908648198,688.2086298753447,394.67089087968174,645.9818428643518,508.8860453720873,414.5764954738188,321.04810981961367,639.7220083411356
1.8257679387799628,3.0675092952132594,3.0591086637339027,0.2875894337715792,2.0434139522783723,-0.5641603094908438,3.845848990282158,0.6549254559325084
207.11774944478293,-278.2496192697789,-429.77041946614565,323.3153334302264,-707.5116012520828,-476.2929933710361,374.52759314692577,997.4223913642955
0.0029565223224139,0.0020411803147417,4760.909499290801,15844.473698284675,19800.85078005668,24022.172163159616,32906.93906706254,-903.7881675873296
-0.0027488270822537,-0.0009566033473279,305.0637651262922,-2033.416232869452,1480.9804675641572,2638.4539770535466,-153.44218362523063,0.002091571786598
0.0027330552911835,-0.0001228091529806,290.09249164378826,2100.559079580676,-2207.0473774131683,-1567.566696439243,-464.8356219254341,-0.0005129798794885
27.97223647103061,30.861005456852656,40.04206496185816,32.95856219225992,29.62637291882248,28.894217183190616,28.77260480989745,19.67921966996276
58.87319002523827,90.73973653944266,19.2623553472908,30.0191087817742,28.76383711165517,75.97099550960584,90.6180671119718,45.87856583480774
669.2333170473191,630.0701340891974,609.1103150419223,707.4784680755548,1099.8167858198462,566.4446631602708,393.3348235292464,487.27789797484127
1.587407319225028,3.7790033846129503,0.6248814117010935,2.8577121913622223,0.1152191293745916,5.019276559270086,1.0466777569239776,1.8224995799691168
773.8772420914638,401.4960556830829,522.7778133511931,750.975475420303,124.43825209406477,92.4082486145548,1759.3756507512735,431.6902790619205
-0.000871223119394,-0.0015832076949097,26266.76630206314,20122.565984231816,18174.38661617466,-20379.402254078712,-4734.079167667451,639.3187736844367
-0.0011012890042244,0.0013737051337035,1720.5218205120973,-2131.656543647276,-708.8947394066348,-1284.6597298738443,0.582388172886529,0.002269215126277
0.0007688892904324,-0.0016042295494882,1344.7990377434912,6000.196312290122,-343.58658771311883,951.4007011091566,0.0013090697418322,-0.003307078143002
14.867892088078069,19.57893438011795,27.006849359560853,36.21354338677705,25.719465606161847,37.071992168683984,24.74728744462593,16.486825153043725
30.34607561832696,74.29285891660248,49.99153029107895,55.02162253924975,35.388341212613895,19.1510268474682,40.64116001867767,83.8579562334855
517.3306067099454,572.385829209204,546.0955544394965,631.2285285731468,455.8454766493308,509.5067472017468,571.815682399053,424.1660662022121
0.965539290331993,3.2560743639279406,-0.2002738291329879,0.6218508847775824,3.361729576929367,0.8390249773884204,2.2312276043634425,0.0692663177275707
-31.475174656061863,38.6448942863245,1320.339503654789,-243.8544394281339,681.5970139192736,1777.058757825478,801.1784876565503,-232.4077048865256
-0.001761755317117,-0.0011849855770632,2674.4822362471773,22281.1576123271,14840.608987966549,22193.665603222034,18615.9751977088,434.5547324637587
-0.0032840259502256,-0.0020438237239233,-395.4924646655114,2071.4280883208603,-1668.491627072369,-1392.633739219406,-177.62076720606967,-0.0002121383649602
-0.0002043090860384,-0.0029248649698602,-10.329021313345102,3006.2274440915544,-1929.373813614161,41.28407767419753,444.4012957222736,0.0002418965658757
24.51516206420927,22.5014643806596,8.580275001853739,23.59791755241364,30.50575867970904,23.19793984852797,24.62386394431087,25.361645833848574
25.353589652004167,84.39184297873581,40.98504428933846,96.53540879103387,66.8511598187766,60.51082956578532,79.50150809069589,30.07895504643628
273.5528908648198,688.2086298753447,394.67089087968174,645.9818428643518,508.8860453720873,414.5764954738188,321.04810981961367,639.7220083411356
1.8257679387799628,3.0675092952132594,3.0591086637339027,0.2875894337715792,2.0434139522783723,-0.5641603094908438,3.845848990282158,0.6549254559325084
207.11774944478293,-278.2496192697789,-429.77041946614565,323.3153334302264,-707.5116012520828,-476.2929933710361,374.52759314692577,997.4223913642955
0.0029565223224139,0.0020411803147417,4760.909499290801,15844.473698284675,19800.85078005668,24022.172163159616,32906.93906706254,-903.7881675873296
-0.0027488270822537,-0.0009566033473279,305.0637651262922,-2033.416232869452,1480.9804675641572,2638.4539770535466,-153.44218362523063,0.002091571786598
0.0027330552911835,-0.0001228091529806,290.09249164378826,2100.559079580676,-2207.0473774131683,-1567.566696439243,-464.8356219254341,-0.0005129798794885
27.97223647103061,30.861005456852656,40.04206496185816,32.95856219225992,29.62637291882248,28.894217183190616,28.77260480989745,19.67921966996276
58.87319002523827,90.73973653944266,19.2623553472908,30.0191087817742,28.76383711165517,75.97099550960584,90.6180671119718,45.87856583480774
669.2333170473191,630.0701340891974,609.1103150419223,707.4784680755548,1099.8167858198462,566.4446631602708,393.3348235292464,487.27789797484127
1.587407319225028,3.7790033846129503,0.6248814117010935,2.8577121913622223,0.1152191293745916,5.019276559270086,1.0466777569239776,1.8224995799691168
773.8772420914638,401.4960556830829,522.7778133511931,750.975475420303,124.43825209406477,92.4082486145548,1759.3756507512735,431.6902790619205
-0.000871223119394,-0.0015832076949097,26266.76630206314,20122.565984231816,18174.38661617466,-20379.402254078712,-4734.079167667451,639.3187736844367
-0.0011012890042244,0.0013737051337035,1720.5218205120973,-2131.656543647276,-708.8947394066348,-1284.6597298738443,0.582388172886529,0.002269215126277
0.0007688892904324,-0.0016042295494882,1344.7990377434912,6000.196312290122,-343.58658771311883,951.4007011091566,0.0013090697418322,-0.003307078143002
14.867892088078069,19.57893438011795,27.006849359560853,36.21354338677705,25.719465606161847,37.071992168683984,24.74728744462593,16.486825153043725
30.34607561832696,74.29285891660248,49.99153029107895,55.02162253924975,35.388341212613895,19.1510268474682,40.64116001867767,83.8579562334855
517.3306067099454,572.385829209204,546.0955544394965,631.2285285731468,455.8454766493308,509.5067472017468,571.815682399053,424.1660662022121
0.965539290331993,3.2560743639279406,-0.2002738291329879,0.6218508847775824,3.361729576929367,0.8390249773884204,2.2312276043634425,0.0692663177275707
-31.475174656061863,38.6448942863245,1320.339503654789,-243.8544394281339,681.5970139192736,1777.058757825478,801.1784876565503,-232.4077048865256
-0.001761755317117,-0.0011849855770632,2674.4822362471773,22281.1576123271,14840.608987966549,22193.665603222034,18615.9751977088,434.5547324637587
-0.0032840259502256,-0.0020438237239233,-395.4924646655114,2071.4280883208603,-1668.491627072369,-1392.633739219406,-177.62076720606967,-0.0002121383649602
-0.0002043090860384,-0.0029248649698602,-10.329021313345102,3006.2274440915544,-1929.373813614161,41.28407767419753,444.4012957222736,0.0002418965658757
24.51516206420927,22.5014643806596,8.580275001853739,23.59791755241364,30.50575867970904,23.19793984852797,24.62386394431087,25.361645833848574
25.353589652004167,84.39184297873581,40.98504428933846,96.53540879103387,66.8511598187766,60.51082956578532,79.50150809069589,30.07895504643628
273.5528908648198,688.2086298753447,394.67089087968174,645.9818428643518,508.8860453720873,414.5764954738188,321.04810981961367,639.7220083411356
1.8257679387799628,3.0675092952132594,3.0591086637339027,0.2875894337715792,2.0434139522783723,-0.5641603094908438,3.845848990282158,0.6549254559325084
207.11774944478293,-278.2496192697789,-429.77041946614565,323.3153334302264,-707.5116012520828,-476.2929933710361,374.52759314692577,997.4223913642955
0.0029565223224139,0.0020411803147417,4760.909499290801,15844.473698284675,19800.85078005668,24022.172163159616,32906.93906706254,-903.7881675873296
-0.0027488270822537,-0.0009566033473279,305.0637651262922,-2033.416232869452,1480.9804675641572,2638.4539770535466,-153.44218362523063,0.002091571786598
0.0027330552911835,-0.0001228091529806,290.09249164378826,2100.559079580676,-2207.0473774131683,-1567.566696439243,-464.8356219254341,-0.0005129798794885
27.97223647103061,30.861005456852656,40.04206496185816,32.95856219225992,29.62637291882248,28.894217183190616,28.77260480989745,19.67921966996276
58.87319002523827,90.73973653944266,19.2623553472908,30.0191087817742,28.76383711165517,75.97099550960584,90.6180671119718,45.87856583480774
669.2333170473191,630.0701340891974,609.1103150419223,707.4784680755548,1099.8167858198462,566.4446631602708,393.3348235292464,487.27789797484127
1.587407319225028,3.7790033846129503,0.6248814117010935,2.8577121913622223,0.1152191293745916,5.019276559270086,1.0466777569239776,1.8224995799691168
773.8772420914638,401.4960556830829,522.7778133511931,750.975475420303,124.43825209406477,92.4082486145548,1759.3756507512735,431.6902790619205
-0.000871223119394,-0.0015832076949097,26266.76630206314,20122.565984231816,18174.38661617466,-20379.402254078712,-4734.079167667451,639.3187736844367
-0.0011012890042244,0.0013737051337035,1720.5218205120973,-2131.656543647276,-708.8947394066348,-1284.6597298738443,0.582388172886529,0.002269215126277
0.0007688892904324,-0.0016042295494882,1344.7990377434912,6000.196312290122,-343.58658771311883,951.4007011091566,0.0013090697418322,-0.003307078143002
14.867892088078069,19.57893438011795,27.006849359560853,36.21354338677705,25.719465606161847,37.071992168683984,24.74728744462593,16.486825153043725
30.34607561832696,74.29285891660248,49.99153029107895,55.02162253924975,35.388341212613895,19.1510268474682,40.64116001867767,83.8579562334855
517.3306067099454,572.385829209204,546.0955544394965,631.2285285731468,455.8454766493308,509.5067472017468,571.815682399053,424.1660662022121
0.965539290331993,3.2560743639279406,-0.2002738291329879,0.6218508847775824,3.361729576929367,0.8390249773884204,2.2312276043634425,0.0692663177275707
-31.475174656061863,38.6448942863245,1320.339503654789,-243.8544394281339,681.5970139192736,1777.058757825478,801.1784876565503,-232.4077048865256
-0.001761755317117,-0.0011849855770632,2674.4822362471773,22281.1576123271,14840.608987966549,22193.665603222034,18615.9751977088,434.5547324637587
-0.0032840259502256,-0.0020438237239233,-395.4924646655114,2071.4280883208603,-1668.491627072369,-1392.633739219406,-177.62076720606967,-0.0002121383649602
-0.0002043090860384,-0.0029248649698602,-10.329021313345102,3006.2274440915544,-1929.373813614161,41.28407767419753,444.4012957222736,0.0002418965658757
24.51516206420927,22.5014643806596,8.580275001853739,23.59791755241364,30.50575867970904,23.19793984852797,24.62386394431087,25.361645833848574
25.353589652004167,84.39184297873581,40.98504428933846,96.53540879103387,66.8511598187766,60.51082956578532,79.50150809069589,30.07895504643628
273.5528908648198,688.2086298753447,394.67089087968174,645.9818428643518,508.8860453720873,414.5764954738188,321.04810981961367,639.7220083411356
1.8257679387799628,3.0675092952132594,3.0591086637339027,0.2875894337715792,2.0434139522783723,-0.5641603094908438,3.845848990282158,0.6549254559325084
207.11774944478293,-278.2496192697789,-429.77041946614565,323.3153334302264,-707.5116012520828,-476.2929933710361,374.52759314692577,997.4223913642955
0.0029565223224139,0.0020411803147417,4760.909499290801,15844.473698284675,19800.85078005668,24022.172163159616,32906.93906706254,-903.7881675873296
-0.0027488270822537,-0.0009566033473279,305.0637651262922,-2033.416232869452,1480.9804675641572,2638.4539770535466,-153.44218362523063,0.002091571786598
0.0027330552911835,-0.0001228091529806,290.09249164378826,2100.559079580676,-2207.0473774131683,-1567.566696439243,-464.8356219254341,-0.0005129798794885
27.97223647103061,30.861005456852656,40.04206496185816,32.95856219225992,29.62637291882248,28.894217183190616,28.77260480989745,19.67921966996276
58.87319002523827,90.73973653944266,19.2623553472908,30.0191087817742,28.76383711165517,75.97099550960584,90.6180671119718,45.87856583480774
669.2333170473191,630.0701340891974,609.1103150419223,707.4784680755548,1099.8167858198462,566.4446631602708,393.3348235292464,487.27789797484127
1.587407319225028,3.7790033846129503,0.6248814117010935,2.8577121913622223,0.1152191293745916,5.019276559270086,1.0466777569239776,1.8224995799691168
773.8772420914638,401.4960556830829,522.7778133511931,750.975475420303,124.43825209406477,92.4082486145548,1759.3756507512735,431.6902790619205
-0.000871223119394,-0.0015832076949097,26266.76630206314,20122.565984231816,18174.38661617466,-20379.402254078712,-4734.079167667451,639.3187736844367
-0.0011012890042244,0.0013737051337035,1720.5218205120973,-2131.656543647276,-708.8947394066348,-1284.6597298738443,0.582388172886529,0.002269215126277
0.0007688892904324,-0.0016042295494882,1344.7990377434912,6000.196312290122,-343.58658771311883,951.4007011091566,0.0013090697418322,-0.003307078143002
14.867892088078069,19.57893438011795,27.006849359560853,36.21354338677705,25.719465606161847,37.071992168683984,24.74728744462593,16.486825153043725
30.34607561832696,74.29285891660248,49.99153029107895,55.02162253924975,35.388341212613895,19.1510268474682,40.64116001867767,83.8579562334855
517.3306067099454,572.385829209204,546.0955544394965,631.2285285731468,455.8454766493308,509.5067472017468,571.815682399053,424.1660662022121
0.965539290331993,3.2560743639279406,-0.2002738291329879,0.6218508847775824,3.361729576929367,0.8390249773884204,2.2312276043634425,0.0692663177275707
-31.475174656061863,38.6448942863245,1320.339503654789,-243.8544394281339,681.5970139192736,1777.058757825478,801.1784876565503,-232.4077048865256
-0.001761755317117,-0.0011849855770632,2674.4822362471773,22281.1576123271,14840.608987966549,22193.665603222034,18615.9751977088,434.5547324637587
-0.0032840259502256,-0.0020438237239233,-395.4924646655114,2071.4280883208603,-1668.491627072369,-1392.633739219406,-177.62076720606967,-0.0002121383649602
-0.0002043090860384,-0.0029248649698602,-10.329021313345102,3006.2274440915544,-1929.373813614161,41.28407767419753,444.4012957222736,0.0002418965658757
24.51516206420927,22.5014643806596,8.580275001853739,23.59791755241364,30.50575867970904,23.19793984852797,24.62386394431087,25.361645833848574
25.353589652004167,84.39184297873581,40.98504428933846,96.53540879103387,66.8511598187766,60.51082956578532,79.50150809069589,30.07895504643628
273.5528908648198,688.2086298753447,394.67089087968174,645.9818428643518,508.8860453720873,414.5764954738188,321.04810981961367,639.7220083411356
1.8257679387799628,3.0675092952132594,3.0591086637339027,0.2875894337715792,2.0434139522783723,-0.5641603094908438,3.845848990282158,0.6549254559325084
207.11774944478293,-278.2496192697789,-429.77041946614565,323.3153334302264,-707.5116012520828,-476.2929933710361,374.52759314692577,997.4223913642955
0.0029565223224139,0.0020411803147417,4760.909499290801,15844.473698284675,19800.85078005668,24022.172163159616,32906.93906706254,-903.7881675873296
-0.0027488270822537,-0.0009566033473279,305.0637651262922,-2033.416232869452,1480.9804675641572,2638.4539770535466,-153.44218362523063,0.002091571786598
0.0027330552911835,-0.0001228091529806,290.09249164378826,2100.559079580676,-2207.0473774131683,-1567.566696439243,-464.8356219254341,-0.0005129798794885
27.97223647103061,30.861005456852656,40.04206496185816,32.95856219225992,29.62637291882248,28.894217183190616,28.77260480989745,19.67921966996276
58.87319002523827,90.73973653944266,19.2623553472908,30.0191087817742,28.76383711165517,75.97099550960584,90.6180671119718,45.87856583480774
669.2333170473191,630.0701340891974,609.1103150419223,707.4784680755548,1099.8167858198462,566.4446631602708,393.3348235292464,487.27789797484127
1.587407319225028,3.7790033846129503,0.6248814117010935,2.8577121913622223,0.1152191293745916,5.019276559270086,1.0466777569239776,1.8224995799691168
773.8772420914638,401.4960556830829,522.7778133511931,750.975475420303,124.43825209406477,92.4082486145548,1759.3756507512735,431.6902790619205
-0.000871223119394,-0.0015832076949097,26266.76630206314,20122.565984231816,18174.38661617466,-20379.402254078712,-4734.079167667451,639.3187736844367
-0.0011012890042244,0.0013737051337035,1720.5218205120973,-2131.656543647276,-708.8947394066348,-1284.6597298738443,0.582388172886529,0.002269215126277
0.0007688892904324,-0.0016042295494882,1344.7990377434912,6000.196312290122,-343.58658771311883,951.4007011091566,0.0013090697418322,-0.003307078143002
14.867892088078069,19.57893438011795,27.006849359560853,36.21354338677705,25.719465606161847,37.071992168683984,24.74728744462593,16.486825153043725
30.34607561832696,74.29285891660248,49.99153029107895,55.02162253924975,35.388341212613895,19.1510268474682,40.64116001867767,83.8579562334855
517.3306067099454,572.385829209204,546.0955544394965,631.2285285731468,455.8454766493308,509.5067472017468,571.815682399053,424.1660662022121
0.965539290331993,3.2560743639279406,-0.2002738291329879,0.6218508847775824,3.361729576929367,0.8390249773884204,2.2312276043634425,0.0692663177275707
-31.475174656061863,38.6448942863245,1320.339503654789,-243.8544394281339,681.5970139192736,1777.058757825478,801.1784876565503,-232.4077048865256
-0.001761755317117,-0.0011849855770632,2674.4822362471773,22281.1576123271,14840.608987966549,22193.665603222034,18615.9751977088,434.5547324637587
-0.0032840259502256,-0.0020438237239233,-395.4924646655114,2071.4280883208603,-1668.491627072369,-1392.633739219406,-177.62076720606967,-0.0002121383649602
-0.0002043090860384,-0.0029248649698602,-10.329021313345102,3006.2274440915544,-1929.373813614161,41.28407767419753,444.4012957222736,0.0002418965658757
24.51516206420927,22.5014643806596,8.580275001853739,23.59791755241364,30.50575867970904,23.19793984852797,24.62386394431087,25.361645833848574
25.353589652004167,84.39184297873581,40.98504428933846,96.53540879103387,66.8511598187766,60.51082956578532,79.50150809069589,30.07895504643628
273.5528908648198,688.2086298753447,394.67089087968174,645.9818428643518,508.8860453720873,414.5764954738188,321.04810981961367,639.7220083411356
1.8257679387799628,3.0675092952132594,3.0591086637339027,0.2875894337715792,2.0434139522783723,-0.5641603094908438,3.845848990282158,0.6549254559325084
207.11774944478293,-278.2496192697789,-429.77041946614565,323.3153334302264,-707.5116012520828,-476.2929933710361,374.52759314692577,997.4223913642955
0.0029565223224139,0.0020411803147417,4760.909499290801,15844.473698284675,19800.85078005668,24022.172163159616,32906.93906706254,-903.7881675873296
-0.0027488270822537,-0.0009566033473279,305.0637651262922,-2033.416232869452,1480.9804675641572,2638.4539770535466,-153.44218362523063,0.002091571786598
0.0027330552911835,-0.0001228091529806,290.09249164378826,2100.559079580676,-2207.0473774131683,-1567.566696439243,-464.8356219254341,-0.0005129798794885
27.97223647103061,30.861005456852656,40.04206496185816,32.95856219225992,29.62637291882248,28.894217183190616,28.77260480989745,19.67921966996276
58.87319002523827,90.73973653944266,19.2623553472908,30.0191087817742,28.76383711165517,75.97099550960584,90.6180671119718,45.87856583480774
669.2333170473191,630.0701340891974,609.1103150419223,707.4784680755548,1099.8167858198462,566.4446631602708,393.3348235292464,487.27789797484127
1.587407319225028,3.7790033846129503,0.6248814117010935,2.8577121913622223,0.1152191293745916,5.019276559270086,1.0466777569239776,1.8224995799691168
773.8772420914638,401.4960556830829,522.7778133511931,750.975475420303,124.43825209406477,92.4082486145548,1759.3756507512735,431.6902790619205
-0.000871223119394,-0.0015832076949097,26266.76630206314,20122.565984231816,18174.38661617466,-20379.402254078712,-4734.079167667451,639.3187736844367
-0.0011012890042244,0.0013737051337035,1720.5218205120973,-2131.656543647276,-708.8947394066348,-1284.6597298738443,0.582388172886529,0.002269215126277
0.0007688892904324,-0.0016042295494882,1344.7990377434912,6000.196312290122,-343.58658771311883,951.4007011091566,0.0013090697418322,-0.003307078143002
14.867892088078069,19.57893438011795,27.006849359560853,36.21354338677705,25.719465606161847,37.071992168683984,24.74728744462593,16.486825153043725
30.34607561832696,74.29285891660248,49.99153029107895,55.02162253924975,35.388341212613895,19.1510268474682,40.64116001867767,83.8579562334855
517.3306067099454,572.385829209204,546.0955544394965,631.2285285731468,455.8454766493308,509.5067472017468,571.815682399053,424.1660662022121
0.965539290331993,3.2560743639279406,-0.2002738291329879,0.6218508847775824,3.361729576929367,0.8390249773884204,2.2312276043634425,0.0692663177275707
-31.475174656061863,38.6448942863245,1320.339503654789,-243.8544394281339,681.5970139192736,1777.058757825478,801.1784876565503,-232.4077048865256
-0.001761755317117,-0.0011849855770632,2674.4822362471773,22281.1576123271,14840.608987966549,22193.665603222034,18615.9751977088,434.5547324637587
-0.0032840259502256,-0.0020438237239233,-395.4924646655114,2071.4280883208603,-1668.491627072369,-1392.633739219406,-177.62076720606967,-0.0002121383649602
-0.0002043090860384,-0.0029248649698602,-10.329021313345102,3006.2274440915544,-1929.373813614161,41.28407767419753,444.4012957222736,0.0002418965658757
24.51516206420927,22.5014643806596,8.580275001853739,23.59791755241364,30.50575867970904,23.19793984852797,24.62386394431087,25.361645833848574
25.353589652004167,84.39184297873581,40.98504428933846,96.53540879103387,66.8511598187766,60.51082956578532,79.50150809069589,30.07895504643628
273.5528908648198,688.2086298753447,394.67089087968174,645.9818428643518,508.8860453720873,414.5764954738188,321.04810981961367,639.7220083411356
1.8257679387799628,3.0675092952132594,3.0591086637339027,0.2875894337715792,2.0434139522783723,-0.5641603094908438,3.845848990282158,0.6549254559325084
207.11774944478293,-278.2496192697789,-429.77041946614565,323.3153334302264,-707.5116012520828,-476.2929933710361,374.52759314692577,997.4223913642955
0.0029565223224139,0.0020411803147417,4760.909499290801,15844.473698284675,19800.85078005668,24022.172163159616,32906.93906706254,-903.7881675873296
-0.0027488270822537,-0.0009566033473279,305.0637651262922,-2033.416232869452,1480.9804675641572,2638.4539770535466,-153.44218362523063,0.002091571786598
0.0027330552911835,-0.0001228091529806,290.09249164378826,2100.559079580676,-2207.0473774131683,-1567.566696439243,-464.8356219254341,-0.0005129798794885
27.97223647103061,30.861005456852656,40.04206496185816,32.95856219225992,29.62637291882248,28.894217183190616,28.77260480989745,19.67921966996276
58.87319002523827,90.73973653944266,19.2623553472908,30.0191087817742,28.76383711165517,75.97099550960584,90.6180671119718,45.87856583480774
669.2333170473191,630.0701340891974,609.1103150419223,707.4784680755548,1099.8167858198462,566.4446631602708,393.3348235292464,487.27789797484127
1.587407319225028,3.7790033846129503,0.6248814117010935,2.8577121913622223,0.1152191293745916,5.019276559270086,1.0466777569239776,1.8224995799691168
773.8772420914638,401.4960556830829,522.7778133511931,750.975475420303,124.43825209406477,92.4082486145548,1759.3756507512735,431.6902790619205
-0.000871223119394,-0.0015832076949097,26266.76630206314,20122.565984231816,18174.38661617466,-20379.402254078712,-4734.079167667451,639.3187736844367
-0.0011012890042244,0.0013737051337035,1720.5218205120973,-2131.656543647276,-708.8947394066348,-1284.6597298738443,0.582388172886529,0.002269215126277
0.0007688892904324,-0.0016042295494882,1344.7990377434912,6000.196312290122,-343.58658771311883,951.4007011091566,0.0013090697418322,-0.003307078143002
14.867892088078069,19.57893438011795,27.006849359560853,36.21354338677705,25.719465606161847,37.071992168683984,24.74728744462593,16.486825153043725
30.34607561832696,74.29285891660248,49.99153029107895,55.02162253924975,35.388341212613895,19.1510268474682,40.64116001867767,83.8579562334855
517.3306067099454,572.385829209204,546.0955544394965,631.2285285731468,455.8454766493308,509.5067472017468,571.815682399053,424.1660662022121
0.965539290331993,3.2560743639279406,-0.2002738291329879,0.6218508847775824,3.361729576929367,0.8390249773884204,2.2312276043634425,0.0692663177275707
-31.475174656061863,38.6448942863245,1320.339503654789,-243.8544394281339,681.5970139192736,1777.058757825478,801.1784876565503,-232.4077048865256
-0.001761755317117,-0.0011849855770632,2674.4822362471773,22281.1576123271,14840.608987966549,22193.665603222034,18615.9751977088,434.5547324637587
-0.0032840259502256,-0.0020438237239233,-395.4924646655114,2071.4280883208603,-1668.491627072369,-1392.633739219406,-177.62076720606967,-0.0002121383649602
-0.0002043090860384,-0.0029248649698602,-10.329021313345102,3006.2274440915544,-1929.373813614161,41.28407767419753,444.4012957222736,0.0002418965658757
24.51516206420927,22.5014643806596,8.580275001853739,23.59791755241364,30.50575867970904,23.19793984852797,24.62386394431087,25.361645833848574
25.353589652004167,84.39184297873581,40.98504428933846,96.53540879103387,66.8511598187766,60.51082956578532,79.50150809069589,30.07895504643628
273.5528908648198,688.2086298753447,394.67089087968174,645.9818428643518,508.8860453720873,414.5764954738188,321.04810981961367,639.7220083411356
1.8257679387799628,3.0675092952132594,3.0591086637339027,0.2875894337715792,2.0434139522783723,-0.5641603094908438,3.845848990282158,0.6549254559325084
207.11774944478293,-278.2496192697789,-429.77041946614565,323.3153334302264,-707.5116012520828,-476.2929933710361,374.52759314692577,997.4223913642955
0.0029565223224139,0.0020411803147417,4760.909499290801,15844.473698284675,19800.85078005668,24022.172163159616,32906.93906706254,-903.7881675873296
-0.0027488270822537,-0.0009566033473279,305.0637651262922,-2033.416232869452,1480.9804675641572,2638.4539770535466,-153.44218362523063,0.002091571786598
0.0027330552911835,-0.0001228091529806,290.09249164378826,2100.559079580676,-2207.0473774131683,-1567.566696439243,-464.8356219254341,-0.0005129798794885
27.97223647103061,30.861005456852656,40.04206496185816,32.95856219225992,29.62637291882248,28.894217183190616,28.77260480989745,19.67921966996276
58.87319002523827,90.73973653944266,19.2623553472908,30.0191087817742,28.76383711165517,75.97099550960584,90.6180671119718,45.87856583480774
669.2333170473191,630.0701340891974,609.1103150419223,707.4784680755548,1099.8167858198462,566.4446631602708,393.3348235292464,487.27789797484127
1.587407319225028,3.7790033846129503,0.6248814117010935,2.8577121913622223,0.1152191293745916,5.019276559270086,1.0466777569239776,1.8224995799691168
773.8772420914638,401.4960556830829,522.7778133511931,750.975475420303,124.43825209406477,92.4082486145548,1759.3756507512735,431.6902790619205
-0.000871223119394,-0.0015832076949097,26266.76630206314,20122.565984231816,18174.38661617466,-20379.402254078712,-4734.079167667451,639.3187736844367
-0.0011012890042244,0.0013737051337035,1720.5218205120973,-2131.656543647276,-708.8947394066348,-1284.6597298738443,0.582388172886529,0.002269215126277
0.0007688892904324,-0.0016042295494882,1344.7990377434912,6000.196312290122,-343.58658771311883,951.4007011091566,0.0013090697418322,-0.003307078143002
14.867892088078069,19.57893438011795,27.006849359560853,36.21354338677705,25.719465606161847,37.071992168683984,24.74728744462593,16.486825153043725
30.34607561832696,74.29285891660248,49.99153029107895,55.02162253924975,35.388341212613895,19.1510268474682,40.64116001867767,83.8579562334855
517.3306067099454,572.385829209204,546.0955544394965,631.2285285731468,455.8454766493308,509.5067472017468,571.815682399053,424.1660662022121
0.965539290331993,3.2560743639279406,-0.2002738291329879,0.6218508847775824,3.361729576929367,0.8390249773884204,2.2312276043634425,0.0692663177275707
-31.475174656061863,38.6448942863245,1320.339503654789,-243.8544394281339,681.5970139192736,1777.058757825478,801.1784876565503,-232.4077048865256
-0.001761755317117,-0.0011849855770632,2674.4822362471773,22281.1576123271,14840.608987966549,22193.665603222034,18615.9751977088,434.5547324637587
-0.0032840259502256,-0.0020438237239233,-395.4924646655114,2071.4280883208603,-1668.491627072369,-1392.633739219406,-177.62076720606967,-0.0002121383649602
-0.0002043090860384,-0.0029248649698602,-10.329021313345102,3006.2274440915544,-1929.373813614161,41.28407767419753,444.4012957222736,0.0002418965658757
24.51516206420927,22.5014643806596,8.580275001853739,23.59791755241364,30.50575867970904,23.19793984852797,24.62386394431087,25.361645833848574
25.353589652004167,84.39184297873581,40.98504428933846,96.53540879103387,66.8511598187766,60.51082956578532,79.50150809069589,30.07895504643628
273.5528908648198,688.2086298753447,394.67089087968174,645.9818428643518,508.8860453720873,414.5764954738188,321.04810981961367,639.7220083411356
1.8257679387799628,3.0675092952132594,3.0591086637339027,0.2875894337715792,2.0434139522783723,-0.5641603094908438,3.845848990282158,0.6549254559325084
207.11774944478293,-278.2496192697789,-429.77041946614565,323.3153334302264,-707.5116012520828,-476.2929933710361,374.52759314692577,997.4223913642955
0.0029565223224139,0.0020411803147417,4760.909499290801,15844.473698284675,19800.85078005668,24022.172163159616,32906.93906706254,-903.7881675873296
-0.0027488270822537,-0.0009566033473279,305.0637651262922,-2033.416232869452,1480.9804675641572,2638.4539770535466,-153.44218362523063,0.002091571786598
0.0027330552911835,-0.0001228091529806,290.09249164378826,2100.559079580676,-2207.0473774131683,-1567.566696439243,-464.8356219254341,-0.0005129798794885
27.97223647103061,30.861005456852656,40.04206496185816,32.95856219225992,29.62637291882248,28.894217183190616,28.77260480989745,19.67921966996276
58.87319002523827,90.73973653944266,19.2623553472908,30.0191087817742,28.76383711165517,75.97099550960584,90.6180671119718,45.87856583480774
669.2333170473191,630.0701340891974,609.1103150419223,707.4784680755548,1099.8167858198462,566.4446631602708,393.3348235292464,487.27789797484127
1.587407319225028,3.7790033846129503,0.6248814117010935,2.8577121913622223,0.1152191293745916,5.019276559270086,1.0466777569239776,1.8224995799691168
773.8772420914638,401.4960556830829,522.7778133511931,750.975475420303,124.43825209406477,92.4082486145548,1759.3756507512735,431.6902790619205
-0.000871223119394,-0.0015832076949097,26266.76630206314,20122.565984231816,18174.38661617466,-20379.402254078712,-4734.079167667451,639.3187736844367
-0.0011012890042244,0.0013737051337035,1720.5218205120973,-2131.656543647276,-708.8947394066348,-1284.6597298738443,0.582388172886529,0.002269215126277
0.0007688892904324,-0.0016042295494882,1344.7990377434912,6000.196312290122,-343.58658771311883,951.4007011091566,0.0013090697418322,-0.003307078143002
14.867892088078069,19.57893438011795,27.006849359560853,36.21354338677705,25.719465606161847,37.071992168683984,24.74728744462593,16.486825153043725
30.34607561832696,74.29285891660248,49.99153029107895,55.02162253924975,35.388341212613895,19.1510268474682,40.64116001867767,83.8579562334855
517.3306067099454,572.385829209204,546.0955544394965,631.2285285731468,455.8454766493308,509.5067472017468,571.815682399053,424.1660662022121
0.965539290331993,3.2560743639279406,-0.2002738291329879,0.6218508847775824,3.361729576929367,0.8390249773884204,2.2312276043634425,0.0692663177275707
-31.475174656061863,38.6448942863245,1320.339503654789,-243.8544394281339,681.5970139192736,1777.058757825478,801.1784876565503,-232.4077048865256
-0.001761755317117,-0.0011849855770632,2674.4822362471773,22281.1576123271,14840.608987966549,22193.665603222034,18615.9751977088,434.5547324637587
-0.0032840259502256,-0.0020438237239233,-395.4924646655114,2071.4280883208603,-1668.491627072369,-1392.633739219406,-177.62076720606967,-0.0002121383649602
-0.0002043090860384,-0.0029248649698602,-10.329021313345102,3006.2274440915544,-1929.373813614161,41.28407767419753,444.4012957222736,0.0002418965658757
24.51516206420927,22.5014643806596,8.580275001853739,23.59791755241364,30.50575867970904,23.19793984852797,24.62386394431087,25.361645833848574
25.353589652004167,84.39184297873581,40.98504428933846,96.53540879103387,66.8511598187766,60.51082956578532,79.50150809069589,30.07895504643628
273.5528908648198,688.2086298753447,394.67089087968174,645.9818428643518,508.8860453720873,414.5764954738188,321.04810981961367,639.7220083411356
1.8257679387799628,3.0675092952132594,3.0591086637339027,0.2875894337715792,2.0434139522783723,-0.5641603094908438,3.845848990282158,0.6549254559325084
207.11774944478293,-278.2496192697789,-429.77041946614565,323.3153334302264,-707.5116012520828,-476.2929933710361,374.52759314692577,997.4223913642955
0.0029565223224139,0.0020411803147417,4760.909499290801,15844.473698284675,19800.85078005668,24022.172163159616,32906.93906706254,-903.7881675873296
-0.0027488270822537,-0.0009566033473279,305.0637651262922,-2033.416232869452,1480.9804675641572,2638.4539770535466,-153.44218362523063,0.002091571786598
0.0027330552911835,-0.0001228091529806,290.09249164378826,2100.559079580676,-2207.0473774131683,-1567.566696439243,-464.8356219254341,-0.0005129798794885
27.97223647103061,30.861005456852656,40.04206496185816,32.95856219225992,29.62637291882248,28.894217183190616,28.77260480989745,19.67921966996276
58.87319002523827,90.73973653944266,19.2623553472908,30.0191087817742,28.76383711165517,75.97099550960584,90.6180671119718,45.87856583480774
669.2333170473191,630.0701340891974,609.1103150419223,707.4784680755548,1099.8167858198462,566.4446631602708,393.3348235292464,487.27789797484127
1.587407319225028,3.7790033846129503,0.6248814117010935,2.8577121913622223,0.1152191293745916,5.019276559270086,1.0466777569239776,1.8224995799691168
773.8772420914638,401.4960556830829,522.7778133511931,750.975475420303,124.43825209406477,92.4082486145548,1759.3756507512735,431.6902790619205
-0.000871223119394,-0.0015832076949097,26266.76630206314,20122.565984231816,18174.38661617466,-20379.402254078712,-4734.079167667451,639.3187736844367
-0.0011012890042244,0.0013737051337035,1720.5218205120973,-2131.656543647276,-708.8947394066348,-1284.6597298738443,0.582388172886529,0.002269215126277
0.0007688892904324,-0.0016042295494882,1344.7990377434912,6000.196312290122,-343.58658771311883,951.4007011091566,0.0013090697418322,-0.003307078143002
14.867892088078069,19.57893438011795,27.006849359560853,36.21354338677705,25.719465606161847,37.071992168683984,24.74728744462593,16.486825153043725
30.34607561832696,74.29285891660248,49.99153029107895,55.02162253924975,35.388341212613895,19.1510268474682,40.64116001867767,83.8579562334855
517.3306067099454,572.385829209204,546.0955544394965,631.2285285731468,455.8454766493308,509.5067472017468,571.815682399053,424.1660662022121
0.965539290331993,3.2560743639279406,-0.2002738291329879,0.6218508847775824,3.361729576929367,0.8390249773884204,2.2312276043634425,0.0692663177275707
-31.475174656061863,38.6448942863245,1320.339503654789,-243.8544394281339,681.5970139192736,1777.058757825478,801.1784876565503,-232.4077048865256
-0.001761755317117,-0.0011849855770632,2674.4822362471773,22281.1576123271,14840.608987966549,22193.665603222034,18615.9751977088,434.5547324637587
-0.0032840259502256,-0.0020438237239233,-395.4924646655114,2071.4280883208603,-1668.491627072369,-1392.633739219406,-177.62076720606967,-0.0002121383649602
-0.0002043090860384,-0.0029248649698602,-10.329021313345102,3006.2274440915544,-1929.373813614161,41.28407767419753,444.4012957222736,0.0002418965658757
24.51516206420927,22.5014643806596,8.580275001853739,23.59791755241364,30.50575867970904,23.19793984852797,24.62386394431087,25.361645833848574
25.353589652004167,84.39184297873581,40.98504428933846,96.53540879103387,66.8511598187766,60.51082956578532,79.50150809069589,30.07895504643628
273.5528908648198,688.2086298753447,394.67089087968174,645.9818428643518,508.8860453720873,414.5764954738188,321.04810981961367,639.7220083411356
1.8257679387799628,3.0675092952132594,3.0591086637339027,0.2875894337715792,2.0434139522783723,-0.5641603094908438,3.845848990282158,0.6549254559325084
207.11774944478293,-278.2496192697789,-429.77041946614565,323.3153334302264,-707.5116012520828,-476.2929933710361,374.52759314692577,997.4223913642955
0.0029565223224139,0.0020411803147417,4760.909499290801,15844.473698284675,19800.85078005668,24022.172163159616,32906.93906706254,-903.7881675873296
-0.0027488270822537,-0.0009566033473279,305.0637651262922,-2033.416232869452,1480.9804675641572,2638.4539770535466,-153.44218362523063,0.002091571786598
0.0027330552911835,-0.0001228091529806,290.09249164378826,2100.559079580676,-2207.0473774131683,-1567.566696439243,-464.8356219254341,-0.0005129798794885
27.97223647103061,30.861005456852656,40.04206496185816,32.95856219225992,29.62637291882248,28.894217183190616,28.77260480989745,19.67921966996276
58.87319002523827,90.73973653944266,19.2623553472908,30.0191087817742,28.76383711165517,75.97099550960584,90.6180671119718,45.87856583480774
669.2333170473191,630.0701340891974,609.1103150419223,707.4784680755548,1099.8167858198462,566.4446631602708,393.3348235292464,487.27789797484127
1.587407319225028,3.7790033846129503,0.6248814117010935,2.8577121913622223,0.1152191293745916,5.019276559270086,1.0466777569239776,1.8224995799691168
773.8772420914638,401.4960556830829,522.7778133511931,750.975475420303,124.43825209406477,92.4082486145548,1759.3756507512735,431.6902790619205
-0.000871223119394,-0.0015832076949097,26266.76630206314,20122.565984231816,18174.38661617466,-20379.402254078712,-4734.079167667451,639.3187736844367
-0.0011012890042244,0.0013737051337035,1720.5218205120973,-2131.656543647276,-708.8947394066348,-1284.6597298738443,0.582388172886529,0.002269215126277
0.0007688892904324,-0.0016042295494882,1344.7990377434912,6000.196312290122,-343.58658771311883,951.4007011091566,0.0013090697418322,-0.003307078143002
14.867892088078069,19.57893438011795,27.006849359560853,36.21354338677705,25.719465606161847,37.071992168683984,24.74728744462593,16.486825153043725
30.34607561832696,74.29285891660248,49.99153029107895,55.02162253924975,35.388341212613895,19.1510268474682,40.64116001867767,83.8579562334855
517.3306067099454,572.385829209204,546.0955544394965,631.2285285731468,455.8454766493308,509.5067472017468,571.815682399053,424.1660662022121
0.965539290331993,3.2560743639279406,-0.2002738291329879,0.6218508847775824,3.361729576929367,0.8390249773884204,2.2312276043634425,0.0692663177275707
-31.475174656061863,38.6448942863245,1320.339503654789,-243.8544394281339,681.5970139192736,1777.058757825478,801.1784876565503,-232.4077048865256
-0.001761755317117,-0.0011849855770632,2674.4822362471773,22281.1576123271,14840.608987966549,22193.665603222034,18615.9751977088,434.5547324637587
-0.0032840259502256,-0.0020438237239233,-395.4924646655114,2071.4280883208603,-1668.491627072369,-1392.633739219406,-177.62076720606967,-0.0002121383649602
-0.0002043090860384,-0.0029248649698602,-10.329021313345102,3006.2274440915544,-1929.373813614161,41.28407767419753,444.4012957222736,0.0002418965658757
24.51516206420927,22.5014643806596,8.580275001853739,23.59791755241364,30.50575867970904,23.19793984852797,24.62386394431087,25.361645833848574
25.353589652004167,84.39184297873581,40.98504428933846,96.53540879103387,66.8511598187766,60.51082956578532,79.50150809069589,30.07895504643628
273.5528908648198,688.2086298753447,394.67089087968174,645.9818428643518,508.8860453720873,414.5764954738188,321.04810981961367,639.7220083411356
1.8257679387799628,3.0675092952132594,3.0591086637339027,0.2875894337715792,2.0434139522783723,-0.5641603094908438,3.845848990282158,0.6549254559325084
207.11774944478293,-278.2496192697789,-429.77041946614565,323.3153334302264,-707.5116012520828,-476.2929933710361,374.52759314692577,997.4223913642955
0.0029565223224139,0.0020411803147417,4760.909499290801,15844.473698284675,19800.85078005668,24022.172163159616,32906.93906706254,-903.7881675873296
-0.0027488270822537,-0.0009566033473279,305.0637651262922,-2033.416232869452,1480.9804675641572,2638.4539770535466,-153.44218362523063,0.002091571786598
0.0027330552911835,-0.0001228091529806,290.09249164378826,2100.559079580676,-2207.0473774131683,-1567.566696439243,-464.8356219254341,-0.0005129798794885
27.97223647103061,30.861005456852656,40.04206496185816,32.95856219225992,29.62637291882248,28.894217183190616,28.77260480989745,19.67921966996276
58.87319002523827,90.73973653944266,19.2623553472908,30.0191087817742,28.76383711165517,75.97099550960584,90.6180671119718,45.87856583480774
669.2333170473191,630.0701340891974,609.1103150419223,707.4784680755548,1099.8167858198462,566.4446631602708,393.3348235292464,487.27789797484127
1.587407319225028,3.7790033846129503,0.6248814117010935,2.8577121913622223,0.1152191293745916,5.019276559270086,1.0466777569239776,1.8224995799691168
773.8772420914638,401.4960556830829,522.7778133511931,750.975475420303,124.43825209406477,92.4082486145548,1759.3756507512735,431.6902790619205
-0.000871223119394,-0.0015832076949097,26266.76630206314,20122.565984231816,18174.38661617466,-20379.402254078712,-4734.079167667451,639.3187736844367
-0.0011012890042244,0.0013737051337035,1720.5218205120973,-2131.656543647276,-708.8947394066348,-1284.6597298738443,0.582388172886529,0.002269215126277
0.0007688892904324,-0.0016042295494882,1344.7990377434912,6000.196312290122,-343.58658771311883,951.4007011091566,0.0013090697418322,-0.003307078143002
14.867892088078069,19.57893438011795,27.006849359560853,36.21354338677705,25.719465606161847,37.071992168683984,24.74728744462593,16.486825153043725
30.34607561832696,74.29285891660248,49.99153029107895,55.02162253924975,35.388341212613895,19.1510268474682,40.64116001867767,83.8579562334855
517.3306067099454,572.385829209204,546.0955544394965,631.2285285731468,455.8454766493308,509.5067472017468,571.815682399053,424.1660662022121
0.965539290331993,3.2560743639279406,-0.2002738291329879,0.6218508847775824,3.361729576929367,0.8390249773884204,2.2312276043634425,0.0692663177275707
-31.475174656061863,38.6448942863245,1320.339503654789,-243.8544394281339,681.5970139192736,1777.058757825478,801.1784876565503,-232.4077048865256
-0.001761755317117,-0.0011849855770632,2674.4822362471773,22281.1576123271,14840.608987966549,22193.665603222034,18615.9751977088,434.5547324637587
-0.0032840259502256,-0.0020438237239233,-395.4924646655114,2071.4280883208603,-1668.491627072369,-1392.633739219406,-177.62076720606967,-0.0002121383649602
-0.0002043090860384,-0.0029248649698602,-10.329021313345102,3006.2274440915544,-1929.373813614161,41.28407767419753,444.4012957222736,0.0002418965658757
24.51516206420927,22.5014643806596,8.580275001853739,23.59791755241364,30.50575867970904,23.19793984852797,24.62386394431087,25.361645833848574
25.353589652004167,84.39184297873581,40.98504428933846,96.53540879103387,66.8511598187766,60.51082956578532,79.50150809069589,30.07895504643628
273.5528908648198,688.2086298753447,394.67089087968174,645.9818428643518,508.8860453720873,414.5764954738188,321.04810981961367,639.7220083411356
1.8257679387799628,3.0675092952132594,3.0591086637339027,0.2875894337715792,2.0434139522783723,-0.5641603094908438,3.845848990282158,0.6549254559325084
207.11774944478293,-278.2496192697789,-429.77041946614565,323.3153334302264,-707.5116012520828,-476.2929933710361,374.52759314692577,997.4223913642955
0.0029565223224139,0.0020411803147417,4760.909499290801,15844.473698284675,19800.85078005668,24022.172163159616,32906.93906706254,-903.7881675873296
-0.0027488270822537,-0.0009566033473279,305.0637651262922,-2033.416232869452,1480.9804675641572,2638.4539770535466,-153.44218362523063,0.002091571786598
0.0027330552911835,-0.0001228091529806,290.09249164378826,2100.559079580676,-2207.0473774131683,-1567.566696439243,-464.8356219254341,-0.0005129798794885
27.97223647103061,30.861005456852656,40.04206496185816,32.95856219225992,29.62637291882248,28.894217183190616,28.77260480989745,19.67921966996276
58.87319002523827,90.73973653944266,19.2623553472908,30.0191087817742,28.76383711165517,75.97099550960584,90.6180671119718,45.87856583480774
669.2333170473191,630.0701340891974,609.1103150419223,707.4784680755548,1099.8167858198462,566.4446631602708,393.3348235292464,487.27789797484127
1.587407319225028,3.7790033846129503,0.6248814117010935,2.8577121913622223,0.1152191293745916,5.019276559270086,1.0466777569239776,1.8224995799691168
773.8772420914638,401.4960556830829,522.7778133511931,750.975475420303,124.43825209406477,92.4082486145548,1759.3756507512735,431.6902790619205
-0.000871223119394,-0.0015832076949097,26266.76630206314,20122.565984231816,18174.38661617466,-20379.402254078712,-4734.079167667451,639.3187736844367
-0.0011012890042244,0.0013737051337035,1720.5218205120973,-2131.656543647276,-708.8947394066348,-1284.6597298738443,0.582388172886529,0.002269215126277
0.0007688892904324,-0.0016042295494882,1344.7990377434912,6000.196312290122,-343.58658771311883,951.4007011091566,0.0013090697418322,-0.003307078143002
14.867892088078069,19.57893438011795,27.006849359560853,36.21354338677705,25.719465606161847,37.071992168683984,24.74728744462593,16.486825153043725
30.34607561832696,74.29285891660248,49.99153029107895,55.02162253924975,35.388341212613895,19.1510268474682,40.64116001867767,83.8579562334855
517.3306067099454,572.385829209204,546.0955544394965,631.2285285731468,455.8454766493308,509.5067472017468,571.815682399053,424.1660662022121
0.965539290331993,3.2560743639279406,-0.2002738291329879,0.6218508847775824,3.361729576929367,0.8390249773884204,2.2312276043634425,0.0692663177275707
-31.475174656061863,38.6448942863245,1320.339503654789,-243.8544394281339,681.5970139192736,1777.058757825478,801.1784876565503,-232.4077048865256
-0.001761755317117,-0.0011849855770632,2674.4822362471773,22281.1576123271,14840.608987966549,22193.665603222034,18615.9751977088,434.5547324637587
-0.0032840259502256,-0.0020438237239233,-395.4924646655114,2071.4280883208603,-1668.491627072369,-1392.633739219406,-177.62076720606967,-0.0002121383649602
-0.0002043090860384,-0.0029248649698602,-10.329021313345102,3006.2274440915544,-1929.373813614161,41.28407767419753,444.4012957222736,0.0002418965658757
24.51516206420927,22.5014643806596,8.580275001853739,23.59791755241364,30.50575867970904,23.19793984852797,24.62386394431087,25.361645833848574
25.353589652004167,84.39184297873581,40.98504428933846,96.53540879103387,66.8511598187766,60.51082956578532,79.50150809069589,30.07895504643628
273.5528908648198,688.2086298753447,394.67089087968174,645.9818428643518,508.8860453720873,414.5764954738188,321.04810981961367,639.7220083411356
1.8257679387799628,3.0675092952132594,3.0591086637339027,0.2875894337715792,2.0434139522783723,-0.5641603094908438,3.845848990282158,0.6549254559325084
207.11774944478293,-278.2496192697789,-429.77041946614565,323.3153334302264,-707.5116012520828,-476.2929933710361,374.52759314692577,997.4223913642955
0.0029565223224139,0.0020411803147417,4760.909499290801,15844.473698284675,19800.85078005668,24022.172163159616,32906.93906706254,-903.7881675873296
-0.0027488270822537,-0.0009566033473279,305.0637651262922,-2033.416232869452,1480.9804675641572,2638.4539770535466,-153.44218362523063,0.002091571786598
0.0027330552911835,-0.0001228091529806,290.09249164378826,2100.559079580676,-2207.0473774131683,-1567.566696439243,-464.8356219254341,-0.0005129798794885
27.97223647103061,30.861005456852656,40.04206496185816,32.95856219225992,29.62637291882248,28.894217183190616,28.77260480989745,19.67921966996276
58.87319002523827,90.73973653944266,19.2623553472908,30.0191087817742,28.76383711165517,75.97099550960584,90.6180671119718,45.87856583480774
669.2333170473191,630.0701340891974,609.1103150419223,707.4784680755548,1099.8167858198462,566.4446631602708,393.3348235292464,487.27789797484127
1.587407319225028,3.7790033846129503,0.6248814117010935,2.8577121913622223,0.1152191293745916,5.019276559270086,1.0466777569239776,1.8224995799691168
773.8772420914638,401.4960556830829,522.7778133511931,750.975475420303,124.43825209406477,92.4082486145548,1759.3756507512735,431.6902790619205
-0.000871223119394,-0.0015832076949097,26266.76630206314,20122.565984231816,18174.38661617466,-20379.402254078712,-4734.079167667451,639.3187736844367
-0.0011012890042244,0.0013737051337035,1720.5218205120973,-2131.656543647276,-708.8947394066348,-1284.6597298738443,0.582388172886529,0.002269215126277
0.0007688892904324,-0.0016042295494882,1344.7990377434912,6000.196312290122,-343.58658771311883,951.4007011091566,0.0013090697418322,-0.003307078143002
14.867892088078069,19.57893438011795,27.006849359560853,36.21354338677705,25.719465606161847,37.071992168683984,24.74728744462593,16.486825153043725
30.34607561832696,74.29285891660248,49.99153029107895,55.02162253924975,35.388341212613895,19.1510268474682,40.64116001867767,83.8579562334855
517.3306067099454,572.385829209204,546.0955544394965,631.2285285731468,455.8454766493308,509.5067472017468,571.815682399053,424.1660662022121
0.965539290331993,3.2560743639279406,-0.2002738291329879,0.6218508847775824,3.361729576929367,0.8390249773884204,2.2312276043634425,0.0692663177275707
-31.475174656061863,38.6448942863245,1320.339503654789,-243.8544394281339,681.5970139192736,1777.058757825478,801.1784876565503,-232.4077048865256
-0.001761755317117,-0.0011849855770632,2674.4822362471773,22281.1576123271,14840.608987966549,22193.665603222034,18615.9751977088,434.5547324637587
-0.0032840259502256,-0.0020438237239233,-395.4924646655114,2071.4280883208603,-1668.491627072369,-1392.633739219406,-177.62076720606967,-0.0002121383649602
-0.0002043090860384,-0.0029248649698602,-10.329021313345102,3006.2274440915544,-1929.373813614161,41.28407767419753,444.4012957222736,0.0002418965658757
24.51516206420927,22.5014643806596,8.580275001853739,23.59791755241364,30.50575867970904,23.19793984852797,24.62386394431087,25.361645833848574
25.353589652004167,84.39184297873581,40.98504428933846,96.53540879103387,66.8511598187766,60.51082956578532,79.50150809069589,30.07895504643628
273.5528908648198,688.2086298753447,394.67089087968174,645.9818428643518,508.8860453720873,414.5764954738188,321.04810981961367,639.7220083411356
1.8257679387799628,3.0675092952132594,3.0591086637339027,0.2875894337715792,2.0434139522783723,-0.5641603094908438,3.845848990282158,0.6549254559325084
207.11774944478293,-278.2496192697789,-429.77041946614565,323.3153334302264,-707.5116012520828,-476.2929933710361,374.52759314692577,997.4223913642955
0.0029565223224139,0.0020411803147417,4760.909499290801,15844.473698284675,19800.85078005668,24022.172163159616,32906.93906706254,-903.7881675873296
-0.0027488270822537,-0.0009566033473279,305.0637651262922,-2033.416232869452,1480.9804675641572,2638.4539770535466,-153.44218362523063,0.002091571786598
0.0027330552911835,-0.0001228091529806,290.09249164378826,2100.559079580676,-2207.0473774131683,-1567.566696439243,-464.8356219254341,-0.0005129798794885
27.97223647103061,30.861005456852656,40.04206496185816,32.95856219225992,29.62637291882248,28.894217183190616,28.77260480989745,19.67921966996276
58.87319002523827,90.73973653944266,19.2623553472908,30.0191087817742,28.76383711165517,75.97099550960584,90.6180671119718,45.87856583480774
669.2333170473191,630.0701340891974,609.1103150419223,707.4784680755548,1099.8167858198462,566.4446631602708,393.3348235292464,487.27789797484127
1.587407319225028,3.7790033846129503,0.6248814117010935,2.8577121913622223,0.1152191293745916,5.019276559270086,1.0466777569239776,1.8224995799691168
773.8772420914638,401.4960556830829,522.7778133511931,750.975475420303,124.43825209406477,92.4082486145548,1759.3756507512735,431.6902790619205
-0.000871223119394,-0.0015832076949097,26266.76630206314,20122.565984231816,18174.38661617466,-20379.402254078712,-4734.079167667451,639.3187736844367
-0.0011012890042244,0.0013737051337035,1720.5218205120973,-2131.656543647276,-708.8947394066348,-1284.6597298738443,0.582388172886529,0.002269215126277
0.0007688892904324,-0.0016042295494882,1344.7990377434912,6000.196312290122,-343.58658771311883,951.4007011091566,0.0013090697418322,-0.003307078143002
14.867892088078069,19.57893438011795,27.006849359560853,36.21354338677705,25.719465606161847,37.071992168683984,24.74728744462593,16.486825153043725
30.34607561832696,74.29285891660248,49.99153029107895,55.02162253924975,35.388341212613895,19.1510268474682,40.64116001867767,83.8579562334855
517.3306067099454,572.385829209204,546.0955544394965,631.2285285731468,455.8454766493308,509.5067472017468,571.815682399053,424.1660662022121
0.965539290331993,3.2560743639279406,-0.2002738291329879,0.6218508847775824,3.361729576929367,0.8390249773884204,2.2312276043634425,0.0692663177275707
-31.475174656061863,38.6448942863245,1320.339503654789,-243.8544394281339,681.5970139192736,1777.058757825478,801.1784876565503,-232.4077048865256
-0.001761755317117,-0.0011849855770632,2674.4822362471773,22281.1576123271,14840.608987966549,22193.665603222034,18615.9751977088,434.5547324637587
-0.0032840259502256,-0.0020438237239233,-395.4924646655114,2071.4280883208603,-1668.491627072369,-1392.633739219406,-177.62076720606967,-0.0002121383649602
-0.0002043090860384,-0.0029248649698602,-10.329021313345102,3006.2274440915544,-1929.373813614161,41.28407767419753,444.4012957222736,0.0002418965658757
24.51516206420927,22.5014643806596,8.580275001853739,23.59791755241364,30.50575867970904,23.19793984852797,24.62386394431087,25.361645833848574
25.353589652004167,84.39184297873581,40.98504428933846,96.53540879103387,66.8511598187766,60.51082956578532,79.50150809069589,30.07895504643628
273.5528908648198,688.2086298753447,394.67089087968174,645.9818428643518,508.8860453720873,414.5764954738188,321.04810981961367,639.7220083411356
1.8257679387799628,3.0675092952132594,3.0591086637339027,0.2875894337715792,2.0434139522783723,-0.5641603094908438,3.845848990282158,0.6549254559325084
207.11774944478293,-278.2496192697789,-429.77041946614565,323.3153334302264,-707.5116012520828,-476.2929933710361,374.52759314692577,997.4223913642955
0.0029565223224139,0.0020411803147417,4760.909499290801,15844.473698284675,19800.85078005668,24022.172163159616,32906.93906706254,-903.7881675873296
-0.0027488270822537,-0.0009566033473279,305.0637651262922,-2033.416232869452,1480.9804675641572,2638.4539770535466,-153.44218362523063,0.002091571786598
0.0027330552911835,-0.0001228091529806,290.09249164378826,2100.559079580676,-2207.0473774131683,-1567.566696439243,-464.8356219254341,-0.0005129798794885
27.97223647103061,30.861005456852656,40.04206496185816,32.95856219225992,29.62637291882248,28.894217183190616,28.77260480989745,19.67921966996276
58.87319002523827,90.73973653944266,19.2623553472908,30.0191087817742,28.76383711165517,75.97099550960584,90.6180671119718,45.87856583480774
669.2333170473191,630.0701340891974,609.1103150419223,707.4784680755548,1099.8167858198462,566.4446631602708,393.3348235292464,487.27789797484127
1.587407319225028,3.7790033846129503,0.6248814117010935,2.8577121913622223,0.1152191293745916,5.019276559270086,1.0466777569239776,1.8224995799691168
773.8772420914638,401.4960556830829,522.7778133511931,750.975475420303,124.43825209406477,92.4082486145548,1759.3756507512735,431.6902790619205
-0.000871223119394,-0.0015832076949097,26266.76630206314,20122.565984231816,18174.38661617466,-20379.402254078712,-4734.079167667451,639.3187736844367
-0.0011012890042244,0.0013737051337035,1720.5218205120973,-2131.656543647276,-708.8947394066348,-1284.6597298738443,0.582388172886529,0.002269215126277
0.0007688892904324,-0.0016042295494882,1344.7990377434912,6000.196312290122,-343.58658771311883,951.4007011091566,0.0013090697418322,-0.003307078143002
14.867892088078069,19.57893438011795,27.006849359560853,36.21354338677705,25.719465606161847,37.071992168683984,24.74728744462593,16.486825153043725
30.34607561832696,74.29285891660248,49.99153029107895,55.02162253924975,35.388341212613895,19.1510268474682,40.64116001867767,83.8579562334855
517.3306067099454,572.385829209204,546.0955544394965,631.2285285731468,455.8454766493308,509.5067472017468,571.815682399053,424.1660662022121
0.965539290331993,3.2560743639279406,-0.2002738291329879,0.6218508847775824,3.361729576929367,0.8390249773884204,2.2312276043634425,0.0692663177275707
-31.475174656061863,38.6448942863245,1320.339503654789,-243.8544394281339,681.5970139192736,1777.058757825478,801.1784876565503,-232.4077048865256
-0.001761755317117,-0.0011849855770632,2674.4822362471773,22281.1576123271,14840.608987966549,22193.665603222034,18615.9751977088,434.5547324637587
-0.0032840259502256,-0.0020438237239233,-395.4924646655114,2071.4280883208603,-1668.491627072369,-1392.633739219406,-177.62076720606967,-0.0002121383649602
-0.0002043090860384,-0.0029248649698602,-10.329021313345102,3006.2274440915544,-1929.373813614161,41.28407767419753,444.4012957222736,0.0002418965658757
24.51516206420927,22.5014643806596,8.580275001853739,23.59791755241364,30.50575867970904,23.19793984852797,24.62386394431087,25.361645833848574
25.353589652004167,84.39184297873581,40.98504428933846,96.53540879103387,66.8511598187766,60.51082956578532,79.50150809069589,30.07895504643628
273.5528908648198,688.2086298753447,394.67089087968174,645.9818428643518,508.8860453720873,414.5764954738188,321.04810981961367,639.7220083411356
1.8257679387799628,3.0675092952132594,3.0591086637339027,0.2875894337715792,2.0434139522783723,-0.5641603094908438,3.845848990282158,0.6549254559325084
207.11774944478293,-278.2496192697789,-429.77041946614565,323.3153334302264,-707.5116012520828,-476.2929933710361,374.52759314692577,997.4223913642955
0.0029565223224139,0.0020411803147417,4760.909499290801,15844.473698284675,19800.85078005668,24022.172163159616,32906.93906706254,-903.7881675873296
-0.0027488270822537,-0.0009566033473279,305.0637651262922,-2033.416232869452,1480.9804675641572,2638.4539770535466,-153.44218362523063,0.002091571786598
0.0027330552911835,-0.0001228091529806,290.09249164378826,2100.559079580676,-2207.0473774131683,-1567.566696439243,-464.8356219254341,-0.0005129798794885
27.97223647103061,30.861005456852656,40.04206496185816,32.95856219225992,29.62637291882248,28.894217183190616,28.77260480989745,19.67921966996276
58.87319002523827,90.73973653944266,19.2623553472908,30.0191087817742,28.76383711165517,75.97099550960584,90.6180671119718,45.87856583480774
669.2333170473191,630.0701340891974,609.1103150419223,707.4784680755548,1099.8167858198462,566.4446631602708,393.3348235292464,487.27789797484127
1.587407319225028,3.7790033846129503,0.6248814117010935,2.8577121913622223,0.1152191293745916,5.019276559270086,1.0466777569239776,1.8224995799691168
773.8772420914638,401.4960556830829,522.7778133511931,750.975475420303,124.43825209406477,92.4082486145548,1759.3756507512735,431.6902790619205
-0.000871223119394,-0.0015832076949097,26266.76630206314,20122.565984231816,18174.38661617466,-20379.402254078712,-4734.079167667451,639.3187736844367
-0.0011012890042244,0.0013737051337035,1720.5218205120973,-2131.656543647276,-708.8947394066348,-1284.6597298738443,0.582388172886529,0.002269215126277
0.0007688892904324,-0.0016042295494882,1344.7990377434912,6000.196312290122,-343.58658771311883,951.4007011091566,0.0013090697418322,-0.003307078143002
14.867892088078069,19.57893438011795,27.006849359560853,36.21354338677705,25.719465606161847,37.071992168683984,24.74728744462593,16.486825153043725
30.34607561832696,74.29285891660248,49.99153029107895,55.02162253924975,35.388341212613895,19.1510268474682,40.64116001867767,83.8579562334855
517.3306067099454,572.385829209204,546.0955544394965,631.2285285731468,455.8454766493308,509.5067472017468,571.815682399053,424.1660662022121
0.965539290331993,3.2560743639279406,-0.2002738291329879,0.6218508847775824,3.361729576929367,0.8390249773884204,2.2312276043634425,0.0692663177275707
-31.475174656061863,38.6448942863245,1320.339503654789,-243.8544394281339,681.5970139192736,1777.058757825478,801.1784876565503,-232.4077048865256
-0.001761755317117,-0.0011849855770632,2674.4822362471773,22281.1576123271,14840.608987966549,22193.665603222034,18615.9751977088,434.5547324637587
-0.0032840259502256,-0.0020438237239233,-395.4924646655114,2071.4280883208603,-1668.491627072369,-1392.633739219406,-177.62076720606967,-0.0002121383649602
-0.0002043090860384,-0.0029248649698602,-10.329021313345102,3006.2274440915544,-1929.373813614161,41.28407767419753,444.4012957222736,0.0002418965658757
24.51516206420927,22.5014643806596,8.580275001853739,23.59791755241364,30.50575867970904,23.19793984852797,24.62386394431087,25.361645833848574
25.353589652004167,84.39184297873581,40.98504428933846,96.53540879103387,66.8511598187766,60.51082956578532,79.50150809069589,30.07895504643628
273.5528908648198,688.2086298753447,394.67089087968174,645.9818428643518,508.8860453720873,414.5764954738188,321.04810981961367,639.7220083411356
1.8257679387799628,3.0675092952132594,3.0591086637339027,0.2875894337715792,2.0434139522783723,-0.5641603094908438,3.845848990282158,0.6549254559325084
207.11774944478293,-278.2496192697789,-429.77041946614565,323.3153334302264,-707.5116012520828,-476.2929933710361,374.52759314692577,997.4223913642955
0.0029565223224139,0.0020411803147417,4760.909499290801,15844.473698284675,19800.85078005668,24022.172163159616,32906.93906706254,-903.7881675873296
-0.0027488270822537,-0.0009566033473279,305.0637651262922,-2033.416232869452,1480.9804675641572,2638.4539770535466,-153.44218362523063,0.002091571786598
0.0027330552911835,-0.0001228091529806,290.09249164378826,2100.559079580676,-2207.0473774131683,-1567.566696439243,-464.8356219254341,-0.0005129798794885
27.97223647103061,30.861005456852656,40.04206496185816,32.95856219225992,29.62637291882248,28.894217183190616,28.77260480989745,19.67921966996276
58.87319002523827,90.73973653944266,19.2623553472908,30.0191087817742,28.76383711165517,75.97099550960584,90.6180671119718,45.87856583480774
669.2333170473191,630.0701340891974,609.1103150419223,707.4784680755548,1099.8167858198462,566.4446631602708,393.3348235292464,487.27789797484127
1.587407319225028,3.7790033846129503,0.6248814117010935,2.8577121913622223,0.1152191293745916,5.019276559270086,1.0466777569239776,1.8224995799691168
773.8772420914638,401.4960556830829,522.7778133511931,750.975475420303,124.43825209406477,92.4082486145548,1759.3756507512735,431.6902790619205
-0.000871223119394,-0.0015832076949097,26266.76630206314,20122.565984231816,18174.38661617466,-20379.402254078712,-4734.079167667451,639.3187736844367
-0.0011012890042244,0.0013737051337035,1720.5218205120973,-2131.656543647276,-708.8947394066348,-1284.6597298738443,0.582388172886529,0.002269215126277
0.0007688892904324,-0.0016042295494882,1344.7990377434912,6000.196312290122,-343.58658771311883,951.4007011091566,0.0013090697418322,-0.003307078143002
14.867892088078069,19.57893438011795,27.006849359560853,36.21354338677705,25.719465606161847,37.071992168683984,24.74728744462593,16.486825153043725
30.34607561832696,74.29285891660248,49.99153029107895,55.02162253924975,35.388341212613895,19.1510268474682,40.64116001867767,83.8579562334855
517.3306067099454,572.385829209204,546.0955544394965,631.2285285731468,455.8454766493308,509.5067472017468,571.815682399053,424.1660662022121
0.965539290331993,3.2560743639279406,-0.2002738291329879,0.6218508847775824,3.361729576929367,0.8390249773884204,2.2312276043634425,0.0692663177275707
-31.475174656061863,38.6448942863245,1320.339503654789,-243.8544394281339,681.5970139192736,1777.058757825478,801.1784876565503,-232.4077048865256
-0.001761755317117,-0.0011849855770632,2674.4822362471773,22281.1576123271,14840.608987966549,22193.665603222034,18615.9751977088,434.5547324637587
-0.0032840259502256,-0.0020438237239233,-395.4924646655114,2071.4280883208603,-1668.491627072369,-1392.633739219406,-177.62076720606967,-0.0002121383649602
-0.0002043090860384,-0.0029248649698602,-10.329021313345102,3006.2274440915544,-1929.373813614161,41.28407767419753,444.4012957222736,0.0002418965658757
24.51516206420927,22.5014643806596,8.580275001853739,23.59791755241364,30.50575867970904,23.19793984852797,24.62386394431087,25.361645833848574
25.353589652004167,84.39184297873581,40.98504428933846,96.53540879103387,66.8511598187766,60.51082956578532,79.50150809069589,30.07895504643628
273.5528908648198,688.2086298753447,394.67089087968174,645.9818428643518,508.8860453720873,414.5764954738188,321.04810981961367,639.7220083411356
1.8257679387799628,3.0675092952132594,3.0591086637339027,0.2875894337715792,2.0434139522783723,-0.5641603094908438,3.845848990282158,0.6549254559325084
207.11774944478293,-278.2496192697789,-429.77041946614565,323.3153334302264,-707.5116012520828,-476.2929933710361,374.52759314692577,997.4223913642955
0.0029565223224139,0.0020411803147417,4760.909499290801,15844.473698284675,19800.85078005668,24022.172163159616,32906.93906706254,-903.7881675873296
-0.0027488270822537,-0.0009566033473279,305.0637651262922,-2033.416232869452,1480.9804675641572,2638.4539770535466,-153.44218362523063,0.002091571786598
0.0027330552911835,-0.0001228091529806,290.09249164378826,2100.559079580676,-2207.0473774131683,-1567.566696439243,-464.8356219254341,-0.0005129798794885
27.97223647103061,30.861005456852656,40.04206496185816,32.95856219225992,29.62637291882248,28.894217183190616,28.77260480989745,19.67921966996276
58.87319002523827,90.73973653944266,19.2623553472908,30.0191087817742,28.76383711165517,75.97099550960584,90.6180671119718,45.87856583480774
669.2333170473191,630.0701340891974,609.1103150419223,707.4784680755548,1099.8167858198462,566.4446631602708,393.3348235292464,487.27789797484127
1.587407319225028,3.7790033846129503,0.6248814117010935,2.8577121913622223,0.1152191293745916,5.019276559270086,1.0466777569239776,1.8224995799691168
773.8772420914638,401.4960556830829,522.7778133511931,750.975475420303,124.43825209406477,92.4082486145548,1759.3756507512735,431.6902790619205
-0.000871223119394,-0.0015832076949097,26266.76630206314,20122.565984231816,18174.38661617466,-20379.402254078712,-4734.079167667451,639.3187736844367
-0.0011012890042244,0.0013737051337035,1720.5218205120973,-2131.656543647276,-708.8947394066348,-1284.6597298738443,0.582388172886529,0.002269215126277
0.0007688892904324,-0.0016042295494882,1344.7990377434912,6000.196312290122,-343.58658771311883,951.4007011091566,0.0013090697418322,-0.003307078143002
14.867892088078069,19.57893438011795,27.006849359560853,36.21354338677705,25.719465606161847,37.071992168683984,24.74728744462593,16.486825153043725
30.34607561832696,74.29285891660248,49.99153029107895,55.02162253924975,35.388341212613895,19.1510268474682,40.64116001867767,83.8579562334855
517.3306067099454,572.385829209204,546.0955544394965,631.2285285731468,455.8454766493308,509.5067472017468,571.815682399053,424.1660662022121
0.965539290331993,3.2560743639279406,-0.2002738291329879,0.6218508847775824,3.361729576929367,0.8390249773884204,2.2312276043634425,0.0692663177275707
-31.475174656061863,38.6448942863245,1320.339503654789,-243.8544394281339,681.5970139192736,1777.058757825478,801.1784876565503,-232.4077048865256
-0.001761755317117,-0.0011849855770632,2674.4822362471773,22281.1576123271,14840.608987966549,22193.665603222034,18615.9751977088,434.5547324637587
-0.0032840259502256,-0.0020438237239233,-395.4924646655114,2071.4280883208603,-1668.491627072369,-1392.633739219406,-177.62076720606967,-0.0002121383649602
-0.0002043090860384,-0.0029248649698602,-10.329021313345102,3006.2274440915544,-1929.373813614161,41.28407767419753,444.4012957222736,0.0002418965658757
24.51516206420927,22.5014643806596,8.580275001853739,23.59791755241364,30.50575867970904,23.19793984852797,24.62386394431087,25.361645833848574
25.353589652004167,84.39184297873581,40.98504428933846,96.53540879103387,66.8511598187766,60.51082956578532,79.50150809069589,30.07895504643628
273.5528908648198,688.2086298753447,394.67089087968174,645.9818428643518,508.8860453720873,414.5764954738188,321.04810981961367,639.7220083411356
1.8257679387799628,3.0675092952132594,3.0591086637339027,0.2875894337715792,2.0434139522783723,-0.5641603094908438,3.845848990282158,0.6549254559325084
207.11774944478293,-278.2496192697789,-429.77041946614565,323.3153334302264,-707.5116012520828,-476.2929933710361,374.52759314692577,997.4223913642955
0.0029565223224139,0.0020411803147417,4760.909499290801,15844.473698284675,19800.85078005668,24022.172163159616,32906.93906706254,-903.7881675873296
-0.0027488270822537,-0.0009566033473279,305.0637651262922,-2033.416232869452,1480.9804675641572,2638.4539770535466,-153.44218362523063,0.002091571786598
0.0027330552911835,-0.0001228091529806,290.09249164378826,2100.559079580676,-2207.0473774131683,-1567.566696439243,-464.8356219254341,-0.0005129798794885
27.97223647103061,30.861005456852656,40.04206496185816,32.95856219225992,29.62637291882248,28.894217183190616,28.77260480989745,19.67921966996276
58.87319002523827,90.73973653944266,19.2623553472908,30.0191087817742,28.76383711165517,75.97099550960584,90.6180671119718,45.87856583480774
669.2333170473191,630.0701340891974,609.1103150419223,707.4784680755548,1099.8167858198462,566.4446631602708,393.3348235292464,487.27789797484127
1.587407319225028,3.7790033846129503,0.6248814117010935,2.8577121913622223,0.1152191293745916,5.019276559270086,1.0466777569239776,1.8224995799691168
773.8772420914638,401.4960556830829,522.7778133511931,750.975475420303,124.43825209406477,92.4082486145548,1759.3756507512735,431.6902790619205
-0.000871223119394,-0.0015832076949097,26266.76630206314,20122.565984231816,18174.38661617466,-20379.402254078712,-4734.079167667451,639.3187736844367
-0.0011012890042244,0.0013737051337035,1720.5218205120973,-2131.656543647276,-708.8947394066348,-1284.6597298738443,0.582388172886529,0.002269215126277
0.0007688892904324,-0.0016042295494882,1344.7990377434912,6000.196312290122,-343.58658771311883,951.4007011091566,0.0013090697418322,-0.003307078143002
