내부온도관측치,내부습도관측치,co2관측치,ec관측치,시간당분무량,시간당백색광량,시간당적색광량,시간당청색광량
18.18536275232651,28.976300429345944,34.295138373118384,31.36636834019937,30.88473715942663,36.76667314398564,27.59781130751772,16.842279040213818
32.89147300702315,54.89053954069915,43.04083245864926,83.69191530940363,30.74705317783343,13.423021352707124,66.29179149095509,63.53276848404437
1275.438746691222,601.5626161942931,483.5843384149021,562.812871775727,730.4958893681985,453.54233679660695,752.1117588448867,563.4568379533277
1.242691438646882,2.244762810417514,0.4542659024623379,-1.6819491872481724,1.3987153352053934,-1.0012498062568964,-0.0859389316962009,0.2488398113647867
-189.6411170927492,151.10407155150148,1612.3553308723124,277.77718977997665,-88.77172353775313,1814.693065553117,878.9349472151081,-159.24023697920836
-0.0014547634995862,0.0018660033954803,-1558.100775070111,29124.50957512969,8291.944771284094,39401.32642274376,5581.198230466491,8297.988163645443
-0.0014752167282827,0.0003756981206115,-393.0790423448178,1220.765507844623,-1876.537473372961,3429.356118769917,-751.0849772089707,-0.0007763397822989
-0.0026237321024225,-0.0022433175422535,-245.359368073878,5601.50395611419,-2018.023501539033,-518.004535342449,1852.0768438173293,-0.0008167480134939
22.674732505643394,15.250421671854738,16.87561941099108,30.00511895034563,28.96719680762424,32.650116419166935,31.83260890569338,16.35225004219653
19.087395472408524,87.40295915478276,61.53463937002884,83.44134681948701,52.96403279905445,24.58117402476503,85.87509250116099,50.4217809993548
-282.19407927981047,589.6050067445735,569.3475655262334,611.2666290728954,653.4274876156777,336.4761745772429,437.53721773821576,435.4522402955004
0.7806871027596951,3.7525592664052487,-0.9073923446917054,1.0536510249890043,1.885847267446511,3.182654161258643,4.150281121768117,1.5015116515609734
1473.0055359052662,-91.46004902578738,840.1320964519889,1598.7894518615476,5.041622777046371,573.9508220241862,473.338865670835,86.36705242936148
-0.0004147321160457,0.000599282993562,15776.04344186161,12500.905983164152,24466.31529365927,16173.157307671609,26566.068783806622,6090.05509456525
0.0006174111666682,0.0005908269454048,19.00629255464992,1127.674082047412,1572.46893725704,8490.52387355305,80.50799641139251,-0.0027325309973114
0.0020823342171286,0.0029288247683152,-555.558985837953,2611.495186587788,-543.6121002913675,-2217.7463969051405,117.3461409397087,0.0012162976601622
22.494577987971937,28.85592718363341,35.503201106269195,26.249796268873464,26.626834857134305,31.24212420006604,16.10777599699346,20.26306616119484
37.52846942767248,84.41557482344763,58.85059657656805,49.09939356189407,22.59223058258172,96.48974525185132,101.2538638598987,65.20069759987851
785.8513409869269,563.1707278529675,618.4032061754498,455.0722164328801,627.0577758737263,676.2982783428184,590.7883811105404,673.9943213646228
1.631681932068532,2.4124591703521587,-0.6647466063187328,3.0362253422447822,-0.7580212827159711,1.377050898104257,2.4831864370845818,0.7197287659426672
3.5876220417991007,1947.6828443440447,318.2979931836459,674.2137575356212,2185.199495799247,297.5217423282983,457.8423073901452,61.80939958600271
-0.0011659652222579,-0.0011312893348164,20943.67742339384,15547.239715622189,21774.88561893405,21291.48471887081,-3229.760329500569,-111.48888995153204
0.0021934759230301,-0.0005948660778009,1263.2550480812129,-5224.085987683839,-988.1514619809218,4710.009414648325,24.70926650406989,0.0021483235447714
0.0025667193282316,0.0007290222603428,-686.6405434172534,-110.3429351434708,737.8714784115277,-3420.366108449876,0.0012613675944535,-0.0004728522292031
18.18536275232651,28.976300429345944,34.295138373118384,31.36636834019937,30.88473715942663,36.76667314398564,27.59781130751772,16.842279040213818
32.89147300702315,54.89053954069915,43.04083245864926,83.69191530940363,30.74705317783343,13.423021352707124,66.29179149095509,63.53276848404437
1275.438746691222,601.5626161942931,483.5843384149021,562.812871775727,730.4958893681985,453.54233679660695,752.1117588448867,563.4568379533277
1.242691438646882,2.244762810417514,0.4542659024623379,-1.6819491872481724,1.3987153352053934,-1.0012498062568964,-0.0859389316962009,0.2488398113647867
-189.6411170927492,151.10407155150148,1612.3553308723124,277.77718977997665,-88.77172353775313,1814.693065553117,878.9349472151081,-159.24023697920836
-0.0014547634995862,0.0018660033954803,-1558.100775070111,29124.50957512969,8291.944771284094,39401.32642274376,5581.198230466491,8297.988163645443
-0.0014752167282827,0.0003756981206115,-393.0790423448178,1220.765507844623,-1876.537473372961,3429.356118769917,-751.0849772089707,-0.0007763397822989
-0.0026237321024225,-0.0022433175422535,-245.359368073878,5601.50395611419,-2018.023501539033,-518.004535342449,1852.0768438173293,-0.0008167480134939
22.674732505643394,15.250421671854738,16.87561941099108,30.00511895034563,28.96719680762424,32.650116419166935,31.83260890569338,16.35225004219653
19.087395472408524,87.40295915478276,61.53463937002884,83.44134681948701,52.96403279905445,24.58117402476503,85.87509250116099,50.4217809993548
-282.19407927981047,589.6050067445735,569.3475655262334,611.2666290728954,653.4274876156777,336.4761745772429,437.53721773821576,435.4522402955004
0.7806871027596951,3.7525592664052487,-0.9073923446917054,1.0536510249890043,1.885847267446511,3.182654161258643,4.150281121768117,1.5015116515609734
1473.0055359052662,-91.46004902578738,840.1320964519889,1598.7894518615476,5.041622777046371,573.9508220241862,473.338865670835,86.36705242936148
-0.0004147321160457,0.000599282993562,15776.04344186161,12500.905983164152,24466.31529365927,16173.157307671609,26566.068783806622,6090.05509456525
0.0006174111666682,0.0005908269454048,19.00629255464992,1127.674082047412,1572.46893725704,8490.52387355305,80.50799641139251,-0.0027325309973114
0.0020823342171286,0.0029288247683152,-555.558985837953,2611.495186587788,-543.6121002913675,-2217.7463969051405,117.3461409397087,0.0012162976601622
22.494577987971937,28.85592718363341,35.503201106269195,26.249796268873464,26.626834857134305,31.24212420006604,16.10777599699346,20.26306616119484
37.52846942767248,84.41557482344763,58.85059657656805,49.09939356189407,22.59223058258172,96.48974525185132,101.2538638598987,65.20069759987851
785.8513409869269,563.1707278529675,618.4032061754498,455.0722164328801,627.0577758737263,676.2982783428184,590.7883811105404,673.9943213646228
1.631681932068532,2.4124591703521587,-0.6647466063187328,3.0362253422447822,-0.7580212827159711,1.377050898104257,2.4831864370845818,0.7197287659426672
3.5876220417991007,1947.6828443440447,318.2979931836459,674.2137575356212,2185.199495799247,297.5217423282983,457.8423073901452,61.80939958600271
-0.0011659652222579,-0.0011312893348164,20943.67742339384,15547.239715622189,21774.88561893405,21291.48471887081,-3229.760329500569,-111.48888995153204
0.0021934759230301,-0.0005948660778009,1263.2550480812129,-5224.085987683839,-988.1514619809218,4710.009414648325,24.70926650406989,0.0021483235447714
0.0025667193282316,0.0007290222603428,-686.6405434172534,-110.3429351434708,737.8714784115277,-3420.366108449876,0.0012613675944535,-0.0004728522292031
18.18536275232651,28.976300429345944,34.295138373118384,31.36636834019937,30.88473715942663,36.76667314398564,27.59781130751772,16.842279040213818
32.89147300702315,54.89053954069915,43.04083245864926,83.69191530940363,30.74705317783343,13.423021352707124,66.29179149095509,63.53276848404437
1275.438746691222,601.5626161942931,483.5843384149021,562.812871775727,730.4958893681985,453.54233679660695,752.1117588448867,563.4568379533277
1.242691438646882,2.244762810417514,0.4542659024623379,-1.6819491872481724,1.3987153352053934,-1.0012498062568964,-0.0859389316962009,0.2488398113647867
-189.6411170927492,151.10407155150148,1612.3553308723124,277.77718977997665,-88.77172353775313,1814.693065553117,878.9349472151081,-159.24023697920836
-0.0014547634995862,0.0018660033954803,-1558.100775070111,29124.50957512969,8291.944771284094,39401.32642274376,5581.198230466491,8297.988163645443
-0.0014752167282827,0.0003756981206115,-393.0790423448178,1220.765507844623,-1876.537473372961,3429.356118769917,-751.0849772089707,-0.0007763397822989
-0.0026237321024225,-0.0022433175422535,-245.359368073878,5601.50395611419,-2018.023501539033,-518.004535342449,1852.0768438173293,-0.0008167480134939
22.674732505643394,15.250421671854738,16.87561941099108,30.00511895034563,28.96719680762424,32.650116419166935,31.83260890569338,16.35225004219653
19.087395472408524,87.40295915478276,61.53463937002884,83.44134681948701,52.96403279905445,24.58117402476503,85.87509250116099,50.4217809993548
-282.19407927981047,589.6050067445735,569.3475655262334,611.2666290728954,653.4274876156777,336.4761745772429,437.53721773821576,435.4522402955004
0.7806871027596951,3.7525592664052487,-0.9073923446917054,1.0536510249890043,1.885847267446511,3.182654161258643,4.150281121768117,1.5015116515609734
1473.0055359052662,-91.46004902578738,840.1320964519889,1598.7894518615476,5.041622777046371,573.9508220241862,473.338865670835,86.36705242936148
-0.0004147321160457,0.000599282993562,15776.04344186161,12500.905983164152,24466.31529365927,16173.157307671609,26566.068783806622,6090.05509456525
0.0006174111666682,0.0005908269454048,19.00629255464992,1127.674082047412,1572.46893725704,8490.52387355305,80.50799641139251,-0.0027325309973114
0.0020823342171286,0.0029288247683152,-555.558985837953,2611.495186587788,-543.6121002913675,-2217.7463969051405,117.3461409397087,0.0012162976601622
22.494577987971937,28.85592718363341,35.503201106269195,26.249796268873464,26.626834857134305,31.24212420006604,16.10777599699346,20.26306616119484
37.52846942767248,84.41557482344763,58.85059657656805,49.09939356189407,22.59223058258172,96.48974525185132,101.2538638598987,65.20069759987851
785.8513409869269,563.1707278529675,618.4032061754498,455.0722164328801,627.0577758737263,676.2982783428184,590.7883811105404,673.9943213646228
1.631681932068532,2.4124591703521587,-0.6647466063187328,3.0362253422447822,-0.7580212827159711,1.377050898104257,2.4831864370845818,0.7197287659426672
3.5876220417991007,1947.6828443440447,318.2979931836459,674.2137575356212,2185.199495799247,297.5217423282983,457.8423073901452,61.80939958600271
-0.0011659652222579,-0.0011312893348164,20943.67742339384,15547.239715622189,21774.88561893405,21291.48471887081,-3229.760329500569,-111.48888995153204
0.0021934759230301,-0.0005948660778009,1263.2550480812129,-5224.085987683839,-988.1514619809218,4710.009414648325,24.70926650406989,0.0021483235447714
0.0025667193282316,0.0007290222603428,-686.6405434172534,-110.3429351434708,737.8714784115277,-3420.366108449876,0.0012613675944535,-0.0004728522292031
18.18536275232651,28.976300429345944,34.295138373118384,31.36636834019937,30.88473715942663,36.76667314398564,27.59781130751772,16.842279040213818
32.89147300702315,54.89053954069915,43.04083245864926,83.69191530940363,30.74705317783343,13.423021352707124,66.29179149095509,63.53276848404437
1275.438746691222,601.5626161942931,483.5843384149021,562.812871775727,730.4958893681985,453.54233679660695,752.1117588448867,563.4568379533277
1.242691438646882,2.244762810417514,0.4542659024623379,-1.6819491872481724,1.3987153352053934,-1.0012498062568964,-0.0859389316962009,0.2488398113647867
-189.6411170927492,151.10407155150148,1612.3553308723124,277.77718977997665,-88.77172353775313,1814.693065553117,878.9349472151081,-159.24023697920836
-0.0014547634995862,0.0018660033954803,-1558.100775070111,29124.50957512969,8291.944771284094,39401.32642274376,5581.198230466491,8297.988163645443
-0.0014752167282827,0.0003756981206115,-393.0790423448178,1220.765507844623,-1876.537473372961,3429.356118769917,-751.0849772089707,-0.0007763397822989
-0.0026237321024225,-0.0022433175422535,-245.359368073878,5601.50395611419,-2018.023501539033,-518.004535342449,1852.0768438173293,-0.0008167480134939
22.674732505643394,15.250421671854738,16.87561941099108,30.00511895034563,28.96719680762424,32.650116419166935,31.83260890569338,16.35225004219653
19.087395472408524,87.40295915478276,61.53463937002884,83.44134681948701,52.96403279905445,24.58117402476503,85.87509250116099,50.4217809993548
-282.19407927981047,589.6050067445735,569.3475655262334,611.2666290728954,653.4274876156777,336.4761745772429,437.53721773821576,435.4522402955004
0.7806871027596951,3.7525592664052487,-0.9073923446917054,1.0536510249890043,1.885847267446511,3.182654161258643,4.150281121768117,1.5015116515609734
1473.0055359052662,-91.46004902578738,840.1320964519889,1598.7894518615476,5.041622777046371,573.9508220241862,473.338865670835,86.36705242936148
-0.0004147321160457,0.000599282993562,15776.04344186161,12500.905983164152,24466.31529365927,16173.157307671609,26566.068783806622,6090.05509456525
0.0006174111666682,0.0005908269454048,19.00629255464992,1127.674082047412,1572.46893725704,8490.52387355305,80.50799641139251,-0.0027325309973114
0.0020823342171286,0.0029288247683152,-555.558985837953,2611.495186587788,-543.6121002913675,-2217.7463969051405,117.3461409397087,0.0012162976601622
22.494577987971937,28.85592718363341,35.503201106269195,26.249796268873464,26.626834857134305,31.24212420006604,16.10777599699346,20.26306616119484
37.52846942767248,84.41557482344763,58.85059657656805,49.09939356189407,22.59223058258172,96.48974525185132,101.2538638598987,65.20069759987851
785.8513409869269,563.1707278529675,618.4032061754498,455.0722164328801,627.0577758737263,676.2982783428184,590.7883811105404,673.9943213646228
1.631681932068532,2.4124591703521587,-0.6647466063187328,3.0362253422447822,-0.7580212827159711,1.377050898104257,2.4831864370845818,0.7197287659426672
3.5876220417991007,1947.6828443440447,318.2979931836459,674.2137575356212,2185.199495799247,297.5217423282983,457.8423073901452,61.80939958600271
-0.0011659652222579,-0.0011312893348164,20943.67742339384,15547.239715622189,21774.88561893405,21291.48471887081,-3229.760329500569,-111.48888995153204
0.0021934759230301,-0.0005948660778009,1263.2550480812129,-5224.085987683839,-988.1514619809218,4710.009414648325,24.70926650406989,0.0021483235447714
0.0025667193282316,0.0007290222603428,-686.6405434172534,-110.3429351434708,737.8714784115277,-3420.366108449876,0.0012613675944535,-0.0004728522292031
18.18536275232651,28.976300429345944,34.295138373118384,31.36636834019937,30.88473715942663,36.76667314398564,27.59781130751772,16.842279040213818
32.89147300702315,54.89053954069915,43.04083245864926,83.69191530940363,30.74705317783343,13.423021352707124,66.29179149095509,63.53276848404437
1275.438746691222,601.5626161942931,483.5843384149021,562.812871775727,730.4958893681985,453.54233679660695,752.1117588448867,563.4568379533277
1.242691438646882,2.244762810417514,0.4542659024623379,-1.6819491872481724,1.3987153352053934,-1.0012498062568964,-0.0859389316962009,0.2488398113647867
-189.6411170927492,151.10407155150148,1612.3553308723124,277.77718977997665,-88.77172353775313,1814.693065553117,878.9349472151081,-159.24023697920836
-0.0014547634995862,0.0018660033954803,-1558.100775070111,29124.50957512969,8291.944771284094,39401.32642274376,5581.198230466491,8297.988163645443
-0.0014752167282827,0.0003756981206115,-393.0790423448178,1220.765507844623,-1876.537473372961,3429.356118769917,-751.0849772089707,-0.0007763397822989
-0.0026237321024225,-0.0022433175422535,-245.359368073878,5601.50395611419,-2018.023501539033,-518.004535342449,1852.0768438173293,-0.0008167480134939
22.674732505643394,15.250421671854738,16.87561941099108,30.00511895034563,28.96719680762424,32.650116419166935,31.83260890569338,16.35225004219653
19.087395472408524,87.40295915478276,61.53463937002884,83.44134681948701,52.96403279905445,24.58117402476503,85.87509250116099,50.4217809993548
-282.19407927981047,589.6050067445735,569.3475655262334,611.2666290728954,653.4274876156777,336.4761745772429,437.53721773821576,435.4522402955004
0.7806871027596951,3.7525592664052487,-0.9073923446917054,1.0536510249890043,1.885847267446511,3.182654161258643,4.150281121768117,1.5015116515609734
1473.0055359052662,-91.46004902578738,840.1320964519889,1598.7894518615476,5.041622777046371,573.9508220241862,473.338865670835,86.36705242936148
-0.0004147321160457,0.000599282993562,15776.04344186161,12500.905983164152,24466.31529365927,16173.157307671609,26566.068783806622,6090.05509456525
0.0006174111666682,0.0005908269454048,19.00629255464992,1127.674082047412,1572.46893725704,8490.52387355305,80.50799641139251,-0.0027325309973114
0.0020823342171286,0.0029288247683152,-555.558985837953,2611.495186587788,-543.6121002913675,-2217.7463969051405,117.3461409397087,0.0012162976601622
22.494577987971937,28.85592718363341,35.503201106269195,26.249796268873464,26.626834857134305,31.24212420006604,16.10777599699346,20.26306616119484
37.52846942767248,84.41557482344763,58.85059657656805,49.09939356189407,22.59223058258172,96.48974525185132,101.2538638598987,65.20069759987851
785.8513409869269,563.1707278529675,618.4032061754498,455.0722164328801,627.0577758737263,676.2982783428184,590.7883811105404,673.9943213646228
1.631681932068532,2.4124591703521587,-0.6647466063187328,3.0362253422447822,-0.7580212827159711,1.377050898104257,2.4831864370845818,0.7197287659426672
3.5876220417991007,1947.6828443440447,318.2979931836459,674.2137575356212,2185.199495799247,297.5217423282983,457.8423073901452,61.80939958600271
-0.0011659652222579,-0.0011312893348164,20943.67742339384,15547.239715622189,21774.88561893405,21291.48471887081,-3229.760329500569,-111.48888995153204
0.0021934759230301,-0.0005948660778009,1263.2550480812129,-5224.085987683839,-988.1514619809218,4710.009414648325,24.70926650406989,0.0021483235447714
0.0025667193282316,0.0007290222603428,-686.6405434172534,-110.3429351434708,737.8714784115277,-3420.366108449876,0.0012613675944535,-0.0004728522292031
18.18536275232651,28.976300429345944,34.295138373118384,31.36636834019937,30.88473715942663,36.76667314398564,27.59781130751772,16.842279040213818
32.89147300702315,54.89053954069915,43.04083245864926,83.69191530940363,30.74705317783343,13.423021352707124,66.29179149095509,63.53276848404437
1275.438746691222,601.5626161942931,483.5843384149021,562.812871775727,730.4958893681985,453.54233679660695,752.1117588448867,563.4568379533277
1.242691438646882,2.244762810417514,0.4542659024623379,-1.6819491872481724,1.3987153352053934,-1.0012498062568964,-0.0859389316962009,0.2488398113647867
-189.6411170927492,151.10407155150148,1612.3553308723124,277.77718977997665,-88.77172353775313,1814.693065553117,878.9349472151081,-159.24023697920836
-0.0014547634995862,0.0018660033954803,-1558.100775070111,29124.50957512969,8291.944771284094,39401.32642274376,5581.198230466491,8297.988163645443
-0.0014752167282827,0.0003756981206115,-393.0790423448178,1220.765507844623,-1876.537473372961,3429.356118769917,-751.0849772089707,-0.0007763397822989
-0.0026237321024225,-0.0022433175422535,-245.359368073878,5601.50395611419,-2018.023501539033,-518.004535342449,1852.0768438173293,-0.0008167480134939
22.674732505643394,15.250421671854738,16.87561941099108,30.00511895034563,28.96719680762424,32.650116419166935,31.83260890569338,16.35225004219653
19.087395472408524,87.40295915478276,61.53463937002884,83.44134681948701,52.96403279905445,24.58117402476503,85.87509250116099,50.4217809993548
-282.19407927981047,589.6050067445735,569.3475655262334,611.2666290728954,653.4274876156777,336.4761745772429,437.53721773821576,435.4522402955004
0.7806871027596951,3.7525592664052487,-0.9073923446917054,1.0536510249890043,1.885847267446511,3.182654161258643,4.150281121768117,1.5015116515609734
1473.0055359052662,-91.46004902578738,840.1320964519889,1598.7894518615476,5.041622777046371,573.9508220241862,473.338865670835,86.36705242936148
-0.0004147321160457,0.000599282993562,15776.04344186161,12500.905983164152,24466.31529365927,16173.157307671609,26566.068783806622,6090.05509456525
0.0006174111666682,0.0005908269454048,19.00629255464992,1127.674082047412,1572.46893725704,8490.52387355305,80.50799641139251,-0.0027325309973114
0.0020823342171286,0.0029288247683152,-555.558985837953,2611.495186587788,-543.6121002913675,-2217.7463969051405,117.3461409397087,0.0012162976601622
22.494577987971937,28.85592718363341,35.503201106269195,26.249796268873464,26.626834857134305,31.24212420006604,16.10777599699346,20.26306616119484
37.52846942767248,84.41557482344763,58.85059657656805,49.09939356189407,22.59223058258172,96.48974525185132,101.2538638598987,65.20069759987851
785.8513409869269,563.1707278529675,618.4032061754498,455.0722164328801,627.0577758737263,676.2982783428184,590.7883811105404,673.9943213646228
1.631681932068532,2.4124591703521587,-0.6647466063187328,3.0362253422447822,-0.7580212827159711,1.377050898104257,2.4831864370845818,0.7197287659426672
3.5876220417991007,1947.6828443440447,318.2979931836459,674.2137575356212,2185.199495799247,297.5217423282983,457.8423073901452,61.80939958600271
-0.0011659652222579,-0.0011312893348164,20943.67742339384,15547.239715622189,21774.88561893405,21291.48471887081,-3229.760329500569,-111.48888995153204
0.0021934759230301,-0.0005948660778009,1263.2550480812129,-5224.085987683839,-988.1514619809218,4710.009414648325,24.70926650406989,0.0021483235447714
0.0025667193282316,0.0007290222603428,-686.6405434172534,-110.3429351434708,737.8714784115277,-3420.366108449876,0.0012613675944535,-0.0004728522292031
18.18536275232651,28.976300429345944,34.295138373118384,31.36636834019937,30.88473715942663,36.76667314398564,27.59781130751772,16.842279040213818
32.89147300702315,54.89053954069915,43.04083245864926,83.69191530940363,30.74705317783343,13.423021352707124,66.29179149095509,63.53276848404437
1275.438746691222,601.5626161942931,483.5843384149021,562.812871775727,730.4958893681985,453.54233679660695,752.1117588448867,563.4568379533277
1.242691438646882,2.244762810417514,0.4542659024623379,-1.6819491872481724,1.3987153352053934,-1.0012498062568964,-0.0859389316962009,0.2488398113647867
-189.6411170927492,151.10407155150148,1612.3553308723124,277.77718977997665,-88.77172353775313,1814.693065553117,878.9349472151081,-159.24023697920836
-0.0014547634995862,0.0018660033954803,-1558.100775070111,29124.50957512969,8291.944771284094,39401.32642274376,5581.198230466491,8297.988163645443
-0.0014752167282827,0.0003756981206115,-393.0790423448178,1220.765507844623,-1876.537473372961,3429.356118769917,-751.0849772089707,-0.0007763397822989
-0.0026237321024225,-0.0022433175422535,-245.359368073878,5601.50395611419,-2018.023501539033,-518.004535342449,1852.0768438173293,-0.0008167480134939
22.674732505643394,15.250421671854738,16.87561941099108,30.00511895034563,28.96719680762424,32.650116419166935,31.83260890569338,16.35225004219653
19.087395472408524,87.40295915478276,61.53463937002884,83.44134681948701,52.96403279905445,24.58117402476503,85.87509250116099,50.4217809993548
-282.19407927981047,589.6050067445735,569.3475655262334,611.2666290728954,653.4274876156777,336.4761745772429,437.53721773821576,435.4522402955004
0.7806871027596951,3.7525592664052487,-0.9073923446917054,1.0536510249890043,1.885847267446511,3.182654161258643,4.150281121768117,1.5015116515609734
1473.0055359052662,-91.46004902578738,840.1320964519889,1598.7894518615476,5.041622777046371,573.9508220241862,473.338865670835,86.36705242936148
-0.0004147321160457,0.000599282993562,15776.04344186161,12500.905983164152,24466.31529365927,16173.157307671609,26566.068783806622,6090.05509456525
0.0006174111666682,0.0005908269454048,19.00629255464992,1127.674082047412,1572.46893725704,8490.52387355305,80.50799641139251,-0.0027325309973114
0.0020823342171286,0.0029288247683152,-555.558985837953,2611.495186587788,-543.6121002913675,-2217.7463969051405,117.3461409397087,0.0012162976601622
22.494577987971937,28.85592718363341,35.503201106269195,26.249796268873464,26.626834857134305,31.24212420006604,16.10777599699346,20.26306616119484
37.52846942767248,84.41557482344763,58.85059657656805,49.09939356189407,22.59223058258172,96.48974525185132,101.2538638598987,65.20069759987851
785.8513409869269,563.1707278529675,618.4032061754498,455.0722164328801,627.0577758737263,676.2982783428184,590.7883811105404,673.9943213646228
1.631681932068532,2.4124591703521587,-0.6647466063187328,3.0362253422447822,-0.7580212827159711,1.377050898104257,2.4831864370845818,0.7197287659426672
3.5876220417991007,1947.6828443440447,318.2979931836459,674.2137575356212,2185.199495799247,297.5217423282983,457.8423073901452,61.80939958600271
-0.0011659652222579,-0.0011312893348164,20943.67742339384,15547.239715622189,21774.88561893405,21291.48471887081,-3229.760329500569,-111.48888995153204
0.0021934759230301,-0.0005948660778009,1263.2550480812129,-5224.085987683839,-988.1514619809218,4710.009414648325,24.70926650406989,0.0021483235447714
0.0025667193282316,0.0007290222603428,-686.6405434172534,-110.3429351434708,737.8714784115277,-3420.366108449876,0.0012613675944535,-0.0004728522292031
18.18536275232651,28.976300429345944,34.295138373118384,31.36636834019937,30.88473715942663,36.76667314398564,27.59781130751772,16.842279040213818
32.89147300702315,54.89053954069915,43.04083245864926,83.69191530940363,30.74705317783343,13.423021352707124,66.29179149095509,63.53276848404437
1275.438746691222,601.5626161942931,483.5843384149021,562.812871775727,730.4958893681985,453.54233679660695,752.1117588448867,563.4568379533277
1.242691438646882,2.244762810417514,0.4542659024623379,-1.6819491872481724,1.3987153352053934,-1.0012498062568964,-0.0859389316962009,0.2488398113647867
-189.6411170927492,151.10407155150148,1612.3553308723124,277.77718977997665,-88.77172353775313,1814.693065553117,878.9349472151081,-159.24023697920836
-0.0014547634995862,0.0018660033954803,-1558.100775070111,29124.50957512969,8291.944771284094,39401.32642274376,5581.198230466491,8297.988163645443
-0.0014752167282827,0.0003756981206115,-393.0790423448178,1220.765507844623,-1876.537473372961,3429.356118769917,-751.0849772089707,-0.0007763397822989
-0.0026237321024225,-0.0022433175422535,-245.359368073878,5601.50395611419,-2018.023501539033,-518.004535342449,1852.0768438173293,-0.0008167480134939
22.674732505643394,15.250421671854738,16.87561941099108,30.00511895034563,28.96719680762424,32.650116419166935,31.83260890569338,16.35225004219653
19.087395472408524,87.40295915478276,61.53463937002884,83.44134681948701,52.96403279905445,24.58117402476503,85.87509250116099,50.4217809993548
-282.19407927981047,589.6050067445735,569.3475655262334,611.2666290728954,653.4274876156777,336.4761745772429,437.53721773821576,435.4522402955004
0.7806871027596951,3.7525592664052487,-0.9073923446917054,1.0536510249890043,1.885847267446511,3.182654161258643,4.150281121768117,1.5015116515609734
1473.0055359052662,-91.46004902578738,840.1320964519889,1598.7894518615476,5.041622777046371,573.9508220241862,473.338865670835,86.36705242936148
-0.0004147321160457,0.000599282993562,15776.04344186161,12500.905983164152,24466.31529365927,16173.157307671609,26566.068783806622,6090.05509456525
0.0006174111666682,0.0005908269454048,19.00629255464992,1127.674082047412,1572.46893725704,8490.52387355305,80.50799641139251,-0.0027325309973114
0.0020823342171286,0.0029288247683152,-555.558985837953,2611.495186587788,-543.6121002913675,-2217.7463969051405,117.3461409397087,0.0012162976601622
22.494577987971937,28.85592718363341,35.503201106269195,26.249796268873464,26.626834857134305,31.24212420006604,16.10777599699346,20.26306616119484
37.52846942767248,84.41557482344763,58.85059657656805,49.09939356189407,22.59223058258172,96.48974525185132,101.2538638598987,65.20069759987851
785.8513409869269,563.1707278529675,618.4032061754498,455.0722164328801,627.0577758737263,676.2982783428184,590.7883811105404,673.9943213646228
1.631681932068532,2.4124591703521587,-0.6647466063187328,3.0362253422447822,-0.7580212827159711,1.377050898104257,2.4831864370845818,0.7197287659426672
3.5876220417991007,1947.6828443440447,318.2979931836459,674.2137575356212,2185.199495799247,297.5217423282983,457.8423073901452,61.80939958600271
-0.0011659652222579,-0.0011312893348164,20943.67742339384,15547.239715622189,21774.88561893405,21291.48471887081,-3229.760329500569,-111.48888995153204
0.0021934759230301,-0.0005948660778009,1263.2550480812129,-5224.085987683839,-988.1514619809218,4710.009414648325,24.70926650406989,0.0021483235447714
0.0025667193282316,0.0007290222603428,-686.6405434172534,-110.3429351434708,737.8714784115277,-3420.366108449876,0.0012613675944535,-0.0004728522292031
18.18536275232651,28.976300429345944,34.295138373118384,31.36636834019937,30.88473715942663,36.76667314398564,27.59781130751772,16.842279040213818
32.89147300702315,54.89053954069915,43.04083245864926,83.69191530940363,30.74705317783343,13.423021352707124,66.29179149095509,63.53276848404437
1275.438746691222,601.5626161942931,483.5843384149021,562.812871775727,730.4958893681985,453.54233679660695,752.1117588448867,563.4568379533277
1.242691438646882,2.244762810417514,0.4542659024623379,-1.6819491872481724,1.3987153352053934,-1.0012498062568964,-0.0859389316962009,0.2488398113647867
-189.6411170927492,151.10407155150148,1612.3553308723124,277.77718977997665,-88.77172353775313,1814.693065553117,878.9349472151081,-159.24023697920836
-0.0014547634995862,0.0018660033954803,-1558.100775070111,29124.50957512969,8291.944771284094,39401.32642274376,5581.198230466491,8297.988163645443
-0.0014752167282827,0.0003756981206115,-393.0790423448178,1220.765507844623,-1876.537473372961,3429.356118769917,-751.0849772089707,-0.0007763397822989
-0.0026237321024225,-0.0022433175422535,-245.359368073878,5601.50395611419,-2018.023501539033,-518.004535342449,1852.0768438173293,-0.0008167480134939
22.674732505643394,15.250421671854738,16.87561941099108,30.00511895034563,28.96719680762424,32.650116419166935,31.83260890569338,16.35225004219653
19.087395472408524,87.40295915478276,61.53463937002884,83.44134681948701,52.96403279905445,24.58117402476503,85.87509250116099,50.4217809993548
-282.19407927981047,589.6050067445735,569.3475655262334,611.2666290728954,653.4274876156777,336.4761745772429,437.53721773821576,435.4522402955004
0.7806871027596951,3.7525592664052487,-0.9073923446917054,1.0536510249890043,1.885847267446511,3.182654161258643,4.150281121768117,1.5015116515609734
1473.0055359052662,-91.46004902578738,840.1320964519889,1598.7894518615476,5.041622777046371,573.9508220241862,473.338865670835,86.36705242936148
-0.0004147321160457,0.000599282993562,15776.04344186161,12500.905983164152,24466.31529365927,16173.157307671609,26566.068783806622,6090.05509456525
0.0006174111666682,0.0005908269454048,19.00629255464992,1127.674082047412,1572.46893725704,8490.52387355305,80.50799641139251,-0.0027325309973114
0.0020823342171286,0.0029288247683152,-555.558985837953,2611.495186587788,-543.6121002913675,-2217.7463969051405,117.3461409397087,0.0012162976601622
22.494577987971937,28.85592718363341,35.503201106269195,26.249796268873464,26.626834857134305,31.24212420006604,16.10777599699346,20.26306616119484
37.52846942767248,84.41557482344763,58.85059657656805,49.09939356189407,22.59223058258172,96.48974525185132,101.2538638598987,65.20069759987851
785.8513409869269,563.1707278529675,618.4032061754498,455.0722164328801,627.0577758737263,676.2982783428184,590.7883811105404,673.9943213646228
1.631681932068532,2.4124591703521587,-0.6647466063187328,3.0362253422447822,-0.7580212827159711,1.377050898104257,2.4831864370845818,0.7197287659426672
3.5876220417991007,1947.6828443440447,318.2979931836459,674.2137575356212,2185.199495799247,297.5217423282983,457.8423073901452,61.80939958600271
-0.0011659652222579,-0.0011312893348164,20943.67742339384,15547.239715622189,21774.88561893405,21291.48471887081,-3229.760329500569,-111.48888995153204
0.0021934759230301,-0.0005948660778009,1263.2550480812129,-5224.085987683839,-988.1514619809218,4710.009414648325,24.70926650406989,0.0021483235447714
0.0025667193282316,0.0007290222603428,-686.6405434172534,-110.3429351434708,737.8714784115277,-3420.366108449876,0.0012613675944535,-0.0004728522292031
18.18536275232651,28.976300429345944,34.295138373118384,31.36636834019937,30.88473715942663,36.76667314398564,27.59781130751772,16.842279040213818
32.89147300702315,54.89053954069915,43.04083245864926,83.69191530940363,30.74705317783343,13.423021352707124,66.29179149095509,63.53276848404437
1275.438746691222,601.5626161942931,483.5843384149021,562.812871775727,730.4958893681985,453.54233679660695,752.1117588448867,563.4568379533277
1.242691438646882,2.244762810417514,0.4542659024623379,-1.6819491872481724,1.3987153352053934,-1.0012498062568964,-0.0859389316962009,0.2488398113647867
-189.6411170927492,151.10407155150148,1612.3553308723124,277.77718977997665,-88.77172353775313,1814.693065553117,878.9349472151081,-159.24023697920836
-0.0014547634995862,0.0018660033954803,-1558.100775070111,29124.50957512969,8291.944771284094,39401.32642274376,5581.198230466491,8297.988163645443
-0.0014752167282827,0.0003756981206115,-393.0790423448178,1220.765507844623,-1876.537473372961,3429.356118769917,-751.0849772089707,-0.0007763397822989
-0.0026237321024225,-0.0022433175422535,-245.359368073878,5601.50395611419,-2018.023501539033,-518.004535342449,1852.0768438173293,-0.0008167480134939
22.674732505643394,15.250421671854738,16.87561941099108,30.00511895034563,28.96719680762424,32.650116419166935,31.83260890569338,16.35225004219653
19.087395472408524,87.40295915478276,61.53463937002884,83.44134681948701,52.96403279905445,24.58117402476503,85.87509250116099,50.4217809993548
-282.19407927981047,589.6050067445735,569.3475655262334,611.2666290728954,653.4274876156777,336.4761745772429,437.53721773821576,435.4522402955004
0.7806871027596951,3.7525592664052487,-0.9073923446917054,1.0536510249890043,1.885847267446511,3.182654161258643,4.150281121768117,1.5015116515609734
1473.0055359052662,-91.46004902578738,840.1320964519889,1598.7894518615476,5.041622777046371,573.9508220241862,473.338865670835,86.36705242936148
-0.0004147321160457,0.000599282993562,15776.04344186161,12500.905983164152,24466.31529365927,16173.157307671609,26566.068783806622,6090.05509456525
0.0006174111666682,0.0005908269454048,19.00629255464992,1127.674082047412,1572.46893725704,8490.52387355305,80.50799641139251,-0.0027325309973114
0.0020823342171286,0.0029288247683152,-555.558985837953,2611.495186587788,-543.6121002913675,-2217.7463969051405,117.3461409397087,0.0012162976601622
22.494577987971937,28.85592718363341,35.503201106269195,26.249796268873464,26.626834857134305,31.24212420006604,16.10777599699346,20.26306616119484
37.52846942767248,84.41557482344763,58.85059657656805,49.09939356189407,22.59223058258172,96.48974525185132,101.2538638598987,65.20069759987851
785.8513409869269,563.1707278529675,618.4032061754498,455.0722164328801,627.0577758737263,676.2982783428184,590.7883811105404,673.9943213646228
1.631681932068532,2.4124591703521587,-0.6647466063187328,3.0362253422447822,-0.7580212827159711,1.377050898104257,2.4831864370845818,0.7197287659426672
3.5876220417991007,1947.6828443440447,318.2979931836459,674.2137575356212,2185.199495799247,297.5217423282983,457.8423073901452,61.80939958600271
-0.0011659652222579,-0.0011312893348164,20943.67742339384,15547.239715622189,21774.88561893405,21291.48471887081,-3229.760329500569,-111.48888995153204
0.0021934759230301,-0.0005948660778009,1263.2550480812129,-5224.085987683839,-988.1514619809218,4710.009414648325,24.70926650406989,0.0021483235447714
0.0025667193282316,0.0007290222603428,-686.6405434172534,-110.3429351434708,737.8714784115277,-3420.366108449876,0.0012613675944535,-0.0004728522292031
18.18536275232651,28.976300429345944,34.295138373118384,31.36636834019937,30.88473715942663,36.76667314398564,27.59781130751772,16.842279040213818
32.89147300702315,54.89053954069915,43.04083245864926,83.69191530940363,30.74705317783343,13.423021352707124,66.29179149095509,63.53276848404437
1275.438746691222,601.5626161942931,483.5843384149021,562.812871775727,730.4958893681985,453.54233679660695,752.1117588448867,563.4568379533277
1.242691438646882,2.244762810417514,0.4542659024623379,-1.6819491872481724,1.3987153352053934,-1.0012498062568964,-0.0859389316962009,0.2488398113647867
-189.6411170927492,151.10407155150148,1612.3553308723124,277.77718977997665,-88.77172353775313,1814.693065553117,878.9349472151081,-159.24023697920836
-0.0014547634995862,0.0018660033954803,-1558.100775070111,29124.50957512969,8291.944771284094,39401.32642274376,5581.198230466491,8297.988163645443
-0.0014752167282827,0.0003756981206115,-393.0790423448178,1220.765507844623,-1876.537473372961,3429.356118769917,-751.0849772089707,-0.0007763397822989
-0.0026237321024225,-0.0022433175422535,-245.359368073878,5601.50395611419,-2018.023501539033,-518.004535342449,1852.0768438173293,-0.0008167480134939
22.674732505643394,15.250421671854738,16.87561941099108,30.00511895034563,28.96719680762424,32.650116419166935,31.83260890569338,16.35225004219653
19.087395472408524,87.40295915478276,61.53463937002884,83.44134681948701,52.96403279905445,24.58117402476503,85.87509250116099,50.4217809993548
-282.19407927981047,589.6050067445735,569.3475655262334,611.2666290728954,653.4274876156777,336.4761745772429,437.53721773821576,435.4522402955004
0.7806871027596951,3.7525592664052487,-0.9073923446917054,1.0536510249890043,1.885847267446511,3.182654161258643,4.150281121768117,1.5015116515609734
1473.0055359052662,-91.46004902578738,840.1320964519889,1598.7894518615476,5.041622777046371,573.9508220241862,473.338865670835,86.36705242936148
-0.0004147321160457,0.000599282993562,15776.04344186161,12500.905983164152,24466.31529365927,16173.157307671609,26566.068783806622,6090.05509456525
0.0006174111666682,0.0005908269454048,19.00629255464992,1127.674082047412,1572.46893725704,8490.52387355305,80.50799641139251,-0.0027325309973114
0.0020823342171286,0.0029288247683152,-555.558985837953,2611.495186587788,-543.6121002913675,-2217.7463969051405,117.3461409397087,0.0012162976601622
22.494577987971937,28.85592718363341,35.503201106269195,26.249796268873464,26.626834857134305,31.24212420006604,16.10777599699346,20.26306616119484
37.52846942767248,84.41557482344763,58.85059657656805,49.09939356189407,22.59223058258172,96.48974525185132,101.2538638598987,65.20069759987851
785.8513409869269,563.1707278529675,618.4032061754498,455.0722164328801,627.0577758737263,676.2982783428184,590.7883811105404,673.9943213646228
1.631681932068532,2.4124591703521587,-0.6647466063187328,3.0362253422447822,-0.7580212827159711,1.377050898104257,2.4831864370845818,0.7197287659426672
3.5876220417991007,1947.6828443440447,318.2979931836459,674.2137575356212,2185.199495799247,297.5217423282983,457.8423073901452,61.80939958600271
-0.0011659652222579,-0.0011312893348164,20943.67742339384,15547.239715622189,21774.88561893405,21291.48471887081,-3229.760329500569,-111.48888995153204
0.0021934759230301,-0.0005948660778009,1263.2550480812129,-5224.085987683839,-988.1514619809218,4710.009414648325,24.70926650406989,0.0021483235447714
0.0025667193282316,0.0007290222603428,-686.6405434172534,-110.3429351434708,737.8714784115277,-3420.366108449876,0.0012613675944535,-0.0004728522292031
18.18536275232651,28.976300429345944,34.295138373118384,31.36636834019937,30.88473715942663,36.76667314398564,27.59781130751772,16.842279040213818
32.89147300702315,54.89053954069915,43.04083245864926,83.69191530940363,30.74705317783343,13.423021352707124,66.29179149095509,63.53276848404437
1275.438746691222,601.5626161942931,483.5843384149021,562.812871775727,730.4958893681985,453.54233679660695,752.1117588448867,563.4568379533277
1.242691438646882,2.244762810417514,0.4542659024623379,-1.6819491872481724,1.3987153352053934,-1.0012498062568964,-0.0859389316962009,0.2488398113647867
-189.6411170927492,151.10407155150148,1612.3553308723124,277.77718977997665,-88.77172353775313,1814.693065553117,878.9349472151081,-159.24023697920836
-0.0014547634995862,0.0018660033954803,-1558.100775070111,29124.50957512969,8291.944771284094,39401.32642274376,5581.198230466491,8297.988163645443
-0.0014752167282827,0.0003756981206115,-393.0790423448178,1220.765507844623,-1876.537473372961,3429.356118769917,-751.0849772089707,-0.0007763397822989
-0.0026237321024225,-0.0022433175422535,-245.359368073878,5601.50395611419,-2018.023501539033,-518.004535342449,1852.0768438173293,-0.0008167480134939
22.674732505643394,15.250421671854738,16.87561941099108,30.00511895034563,28.96719680762424,32.650116419166935,31.83260890569338,16.35225004219653
19.087395472408524,87.40295915478276,61.53463937002884,83.44134681948701,52.96403279905445,24.58117402476503,85.87509250116099,50.4217809993548
-282.19407927981047,589.6050067445735,569.3475655262334,611.2666290728954,653.4274876156777,336.4761745772429,437.53721773821576,435.4522402955004
0.7806871027596951,3.7525592664052487,-0.9073923446917054,1.0536510249890043,1.885847267446511,3.182654161258643,4.150281121768117,1.5015116515609734
1473.0055359052662,-91.46004902578738,840.1320964519889,1598.7894518615476,5.041622777046371,573.9508220241862,473.338865670835,86.36705242936148
-0.0004147321160457,0.000599282993562,15776.04344186161,12500.905983164152,24466.31529365927,16173.157307671609,26566.068783806622,6090.05509456525
0.0006174111666682,0.0005908269454048,19.00629255464992,1127.674082047412,1572.46893725704,8490.52387355305,80.50799641139251,-0.0027325309973114
0.0020823342171286,0.0029288247683152,-555.558985837953,2611.495186587788,-543.6121002913675,-2217.7463969051405,117.3461409397087,0.0012162976601622
22.494577987971937,28.85592718363341,35.503201106269195,26.249796268873464,26.626834857134305,31.24212420006604,16.10777599699346,20.26306616119484
37.52846942767248,84.41557482344763,58.85059657656805,49.09939356189407,22.59223058258172,96.48974525185132,101.2538638598987,65.20069759987851
785.8513409869269,563.1707278529675,618.4032061754498,455.0722164328801,627.0577758737263,676.2982783428184,590.7883811105404,673.9943213646228
1.631681932068532,2.4124591703521587,-0.6647466063187328,3.0362253422447822,-0.7580212827159711,1.377050898104257,2.4831864370845818,0.7197287659426672
3.5876220417991007,1947.6828443440447,318.2979931836459,674.2137575356212,2185.199495799247,297.5217423282983,457.8423073901452,61.80939958600271
-0.0011659652222579,-0.0011312893348164,20943.67742339384,15547.239715622189,21774.88561893405,21291.48471887081,-3229.760329500569,-111.48888995153204
0.0021934759230301,-0.0005948660778009,1263.2550480812129,-5224.085987683839,-988.1514619809218,4710.009414648325,24.70926650406989,0.0021483235447714
0.0025667193282316,0.0007290222603428,-686.6405434172534,-110.3429351434708,737.8714784115277,-3420.366108449876,0.0012613675944535,-0.0004728522292031
18.18536275232651,28.976300429345944,34.295138373118384,31.36636834019937,30.88473715942663,36.76667314398564,27.59781130751772,16.842279040213818
32.89147300702315,54.89053954069915,43.04083245864926,83.69191530940363,30.74705317783343,13.423021352707124,66.29179149095509,63.53276848404437
1275.438746691222,601.5626161942931,483.5843384149021,562.812871775727,730.4958893681985,453.54233679660695,752.1117588448867,563.4568379533277
1.242691438646882,2.244762810417514,0.4542659024623379,-1.6819491872481724,1.3987153352053934,-1.0012498062568964,-0.0859389316962009,0.2488398113647867
-189.6411170927492,151.10407155150148,1612.3553308723124,277.77718977997665,-88.77172353775313,1814.693065553117,878.9349472151081,-159.24023697920836
-0.0014547634995862,0.0018660033954803,-1558.100775070111,29124.50957512969,8291.944771284094,39401.32642274376,5581.198230466491,8297.988163645443
-0.0014752167282827,0.0003756981206115,-393.0790423448178,1220.765507844623,-1876.537473372961,3429.356118769917,-751.0849772089707,-0.0007763397822989
-0.0026237321024225,-0.0022433175422535,-245.359368073878,5601.50395611419,-2018.023501539033,-518.004535342449,1852.0768438173293,-0.0008167480134939
22.674732505643394,15.250421671854738,16.87561941099108,30.00511895034563,28.96719680762424,32.650116419166935,31.83260890569338,16.35225004219653
19.087395472408524,87.40295915478276,61.53463937002884,83.44134681948701,52.96403279905445,24.58117402476503,85.87509250116099,50.4217809993548
-282.19407927981047,589.6050067445735,569.3475655262334,611.2666290728954,653.4274876156777,336.4761745772429,437.53721773821576,435.4522402955004
0.7806871027596951,3.7525592664052487,-0.9073923446917054,1.0536510249890043,1.885847267446511,3.182654161258643,4.150281121768117,1.5015116515609734
1473.0055359052662,-91.46004902578738,840.1320964519889,1598.7894518615476,5.041622777046371,573.9508220241862,473.338865670835,86.36705242936148
-0.0004147321160457,0.000599282993562,15776.04344186161,12500.905983164152,24466.31529365927,16173.157307671609,26566.068783806622,6090.05509456525
0.0006174111666682,0.0005908269454048,19.00629255464992,1127.674082047412,1572.46893725704,8490.52387355305,80.50799641139251,-0.0027325309973114
0.0020823342171286,0.0029288247683152,-555.558985837953,2611.495186587788,-543.6121002913675,-2217.7463969051405,117.3461409397087,0.0012162976601622
22.494577987971937,28.85592718363341,35.503201106269195,26.249796268873464,26.626834857134305,31.24212420006604,16.10777599699346,20.26306616119484
37.52846942767248,84.41557482344763,58.85059657656805,49.09939356189407,22.59223058258172,96.48974525185132,101.2538638598987,65.20069759987851
785.8513409869269,563.1707278529675,618.4032061754498,455.0722164328801,627.0577758737263,676.2982783428184,590.7883811105404,673.9943213646228
1.631681932068532,2.4124591703521587,-0.6647466063187328,3.0362253422447822,-0.7580212827159711,1.377050898104257,2.4831864370845818,0.7197287659426672
3.5876220417991007,1947.6828443440447,318.2979931836459,674.2137575356212,2185.199495799247,297.5217423282983,457.8423073901452,61.80939958600271
-0.0011659652222579,-0.0011312893348164,20943.67742339384,15547.239715622189,21774.88561893405,21291.48471887081,-3229.760329500569,-111.48888995153204
0.0021934759230301,-0.0005948660778009,1263.2550480812129,-5224.085987683839,-988.1514619809218,4710.009414648325,24.70926650406989,0.0021483235447714
0.0025667193282316,0.0007290222603428,-686.6405434172534,-110.3429351434708,737.8714784115277,-3420.366108449876,0.0012613675944535,-0.0004728522292031
18.18536275232651,28.976300429345944,34.295138373118384,31.36636834019937,30.88473715942663,36.76667314398564,27.59781130751772,16.842279040213818
32.89147300702315,54.89053954069915,43.04083245864926,83.69191530940363,30.74705317783343,13.423021352707124,66.29179149095509,63.53276848404437
1275.438746691222,601.5626161942931,483.5843384149021,562.812871775727,730.4958893681985,453.54233679660695,752.1117588448867,563.4568379533277
1.242691438646882,2.244762810417514,0.4542659024623379,-1.6819491872481724,1.3987153352053934,-1.0012498062568964,-0.0859389316962009,0.2488398113647867
-189.6411170927492,151.10407155150148,1612.3553308723124,277.77718977997665,-88.77172353775313,1814.693065553117,878.9349472151081,-159.24023697920836
-0.0014547634995862,0.0018660033954803,-1558.100775070111,29124.50957512969,8291.944771284094,39401.32642274376,5581.198230466491,8297.988163645443
-0.0014752167282827,0.0003756981206115,-393.0790423448178,1220.765507844623,-1876.537473372961,3429.356118769917,-751.0849772089707,-0.0007763397822989
-0.0026237321024225,-0.0022433175422535,-245.359368073878,5601.50395611419,-2018.023501539033,-518.004535342449,1852.0768438173293,-0.0008167480134939
22.674732505643394,15.250421671854738,16.87561941099108,30.00511895034563,28.96719680762424,32.650116419166935,31.83260890569338,16.35225004219653
19.087395472408524,87.40295915478276,61.53463937002884,83.44134681948701,52.96403279905445,24.58117402476503,85.87509250116099,50.4217809993548
-282.19407927981047,589.6050067445735,569.3475655262334,611.2666290728954,653.4274876156777,336.4761745772429,437.53721773821576,435.4522402955004
0.7806871027596951,3.7525592664052487,-0.9073923446917054,1.0536510249890043,1.885847267446511,3.182654161258643,4.150281121768117,1.5015116515609734
1473.0055359052662,-91.46004902578738,840.1320964519889,1598.7894518615476,5.041622777046371,573.9508220241862,473.338865670835,86.36705242936148
-0.0004147321160457,0.000599282993562,15776.04344186161,12500.905983164152,24466.31529365927,16173.157307671609,26566.068783806622,6090.05509456525
0.0006174111666682,0.0005908269454048,19.00629255464992,1127.674082047412,1572.46893725704,8490.52387355305,80.50799641139251,-0.0027325309973114
0.0020823342171286,0.0029288247683152,-555.558985837953,2611.495186587788,-543.6121002913675,-2217.7463969051405,117.3461409397087,0.0012162976601622
22.494577987971937,28.85592718363341,35.503201106269195,26.249796268873464,26.626834857134305,31.24212420006604,16.10777599699346,20.26306616119484
37.52846942767248,84.41557482344763,58.85059657656805,49.09939356189407,22.59223058258172,96.48974525185132,101.2538638598987,65.20069759987851
785.8513409869269,563.1707278529675,618.4032061754498,455.0722164328801,627.0577758737263,676.2982783428184,590.7883811105404,673.9943213646228
1.631681932068532,2.4124591703521587,-0.6647466063187328,3.0362253422447822,-0.7580212827159711,1.377050898104257,2.4831864370845818,0.7197287659426672
3.5876220417991007,1947.6828443440447,318.2979931836459,674.2137575356212,2185.199495799247,297.5217423282983,457.8423073901452,61.80939958600271
-0.0011659652222579,-0.0011312893348164,20943.67742339384,15547.239715622189,21774.88561893405,21291.48471887081,-3229.760329500569,-111.48888995153204
0.0021934759230301,-0.0005948660778009,1263.2550480812129,-5224.085987683839,-988.1514619809218,4710.009414648325,24.70926650406989,0.0021483235447714
0.0025667193282316,0.0007290222603428,-686.6405434172534,-110.3429351434708,737.8714784115277,-3420.366108449876,0.0012613675944535,-0.0004728522292031
18.18536275232651,28.976300429345944,34.295138373118384,31.36636834019937,30.88473715942663,36.76667314398564,27.59781130751772,16.842279040213818
32.89147300702315,54.89053954069915,43.04083245864926,83.69191530940363,30.74705317783343,13.423021352707124,66.29179149095509,63.53276848404437
1275.438746691222,601.5626161942931,483.5843384149021,562.812871775727,730.4958893681985,453.54233679660695,752.1117588448867,563.4568379533277
1.242691438646882,2.244762810417514,0.4542659024623379,-1.6819491872481724,1.3987153352053934,-1.0012498062568964,-0.0859389316962009,0.2488398113647867
-189.6411170927492,151.10407155150148,1612.3553308723124,277.77718977997665,-88.77172353775313,1814.693065553117,878.9349472151081,-159.24023697920836
-0.0014547634995862,0.0018660033954803,-1558.100775070111,29124.50957512969,8291.944771284094,39401.32642274376,5581.198230466491,8297.988163645443
-0.0014752167282827,0.0003756981206115,-393.0790423448178,1220.765507844623,-1876.537473372961,3429.356118769917,-751.0849772089707,-0.0007763397822989
-0.0026237321024225,-0.0022433175422535,-245.359368073878,5601.50395611419,-2018.023501539033,-518.004535342449,1852.0768438173293,-0.0008167480134939
22.674732505643394,15.250421671854738,16.87561941099108,30.00511895034563,28.96719680762424,32.650116419166935,31.83260890569338,16.35225004219653
19.087395472408524,87.40295915478276,61.53463937002884,83.44134681948701,52.96403279905445,24.58117402476503,85.87509250116099,50.4217809993548
-282.19407927981047,589.6050067445735,569.3475655262334,611.2666290728954,653.4274876156777,336.4761745772429,437.53721773821576,435.4522402955004
0.7806871027596951,3.7525592664052487,-0.9073923446917054,1.0536510249890043,1.885847267446511,3.182654161258643,4.150281121768117,1.5015116515609734
1473.0055359052662,-91.46004902578738,840.1320964519889,1598.7894518615476,5.041622777046371,573.9508220241862,473.338865670835,86.36705242936148
-0.0004147321160457,0.000599282993562,15776.04344186161,12500.905983164152,24466.31529365927,16173.157307671609,26566.068783806622,6090.05509456525
0.0006174111666682,0.0005908269454048,19.00629255464992,1127.674082047412,1572.46893725704,8490.52387355305,80.50799641139251,-0.0027325309973114
0.0020823342171286,0.0029288247683152,-555.558985837953,2611.495186587788,-543.6121002913675,-2217.7463969051405,117.3461409397087,0.0012162976601622
22.494577987971937,28.85592718363341,35.503201106269195,26.249796268873464,26.626834857134305,31.24212420006604,16.10777599699346,20.26306616119484
37.52846942767248,84.41557482344763,58.85059657656805,49.09939356189407,22.59223058258172,96.48974525185132,101.2538638598987,65.20069759987851
785.8513409869269,563.1707278529675,618.4032061754498,455.0722164328801,627.0577758737263,676.2982783428184,590.7883811105404,673.9943213646228
1.631681932068532,2.4124591703521587,-0.6647466063187328,3.0362253422447822,-0.7580212827159711,1.377050898104257,2.4831864370845818,0.7197287659426672
3.5876220417991007,1947.6828443440447,318.2979931836459,674.2137575356212,2185.199495799247,297.5217423282983,457.8423073901452,61.80939958600271
-0.0011659652222579,-0.0011312893348164,20943.67742339384,15547.239715622189,21774.88561893405,21291.48471887081,-3229.760329500569,-111.48888995153204
0.0021934759230301,-0.0005948660778009,1263.2550480812129,-5224.085987683839,-988.1514619809218,4710.009414648325,24.70926650406989,0.0021483235447714
0.0025667193282316,0.0007290222603428,-686.6405434172534,-110.3429351434708,737.8714784115277,-3420.366108449876,0.0012613675944535,-0.0004728522292031
18.18536275232651,28.976300429345944,34.295138373118384,31.36636834019937,30.88473715942663,36.76667314398564,27.59781130751772,16.842279040213818
32.89147300702315,54.89053954069915,43.04083245864926,83.69191530940363,30.74705317783343,13.423021352707124,66.29179149095509,63.53276848404437
1275.438746691222,601.5626161942931,483.5843384149021,562.812871775727,730.4958893681985,453.54233679660695,752.1117588448867,563.4568379533277
1.242691438646882,2.244762810417514,0.4542659024623379,-1.6819491872481724,1.3987153352053934,-1.0012498062568964,-0.0859389316962009,0.2488398113647867
-189.6411170927492,151.10407155150148,1612.3553308723124,277.77718977997665,-88.77172353775313,1814.693065553117,878.9349472151081,-159.24023697920836
-0.0014547634995862,0.0018660033954803,-1558.100775070111,29124.50957512969,8291.944771284094,39401.32642274376,5581.198230466491,8297.988163645443
-0.0014752167282827,0.0003756981206115,-393.0790423448178,1220.765507844623,-1876.537473372961,3429.356118769917,-751.0849772089707,-0.0007763397822989
-0.0026237321024225,-0.0022433175422535,-245.359368073878,5601.50395611419,-2018.023501539033,-518.004535342449,1852.0768438173293,-0.0008167480134939
22.674732505643394,15.250421671854738,16.87561941099108,30.00511895034563,28.96719680762424,32.650116419166935,31.83260890569338,16.35225004219653
19.087395472408524,87.40295915478276,61.53463937002884,83.44134681948701,52.96403279905445,24.58117402476503,85.87509250116099,50.4217809993548
-282.19407927981047,589.6050067445735,569.3475655262334,611.2666290728954,653.4274876156777,336.4761745772429,437.53721773821576,435.4522402955004
0.7806871027596951,3.7525592664052487,-0.9073923446917054,1.0536510249890043,1.885847267446511,3.182654161258643,4.150281121768117,1.5015116515609734
1473.0055359052662,-91.46004902578738,840.1320964519889,1598.7894518615476,5.041622777046371,573.9508220241862,473.338865670835,86.36705242936148
-0.0004147321160457,0.000599282993562,15776.04344186161,12500.905983164152,24466.31529365927,16173.157307671609,26566.068783806622,6090.05509456525
0.0006174111666682,0.0005908269454048,19.00629255464992,1127.674082047412,1572.46893725704,8490.52387355305,80.50799641139251,-0.0027325309973114
0.0020823342171286,0.0029288247683152,-555.558985837953,2611.495186587788,-543.6121002913675,-2217.7463969051405,117.3461409397087,0.0012162976601622
22.494577987971937,28.85592718363341,35.503201106269195,26.249796268873464,26.626834857134305,31.24212420006604,16.10777599699346,20.26306616119484
37.52846942767248,84.41557482344763,58.85059657656805,49.09939356189407,22.59223058258172,96.48974525185132,101.2538638598987,65.20069759987851
785.8513409869269,563.1707278529675,618.4032061754498,455.0722164328801,627.0577758737263,676.2982783428184,590.7883811105404,673.9943213646228
1.631681932068532,2.4124591703521587,-0.6647466063187328,3.0362253422447822,-0.7580212827159711,1.377050898104257,2.4831864370845818,0.7197287659426672
3.5876220417991007,1947.6828443440447,318.2979931836459,674.2137575356212,2185.199495799247,297.5217423282983,457.8423073901452,61.80939958600271
-0.0011659652222579,-0.0011312893348164,20943.67742339384,15547.239715622189,21774.88561893405,21291.48471887081,-3229.760329500569,-111.48888995153204
0.0021934759230301,-0.0005948660778009,1263.2550480812129,-5224.085987683839,-988.1514619809218,4710.009414648325,24.70926650406989,0.0021483235447714
0.0025667193282316,0.0007290222603428,-686.6405434172534,-110.3429351434708,737.8714784115277,-3420.366108449876,0.0012613675944535,-0.0004728522292031
18.18536275232651,28.976300429345944,34.295138373118384,31.36636834019937,30.88473715942663,36.76667314398564,27.59781130751772,16.842279040213818
32.89147300702315,54.89053954069915,43.04083245864926,83.69191530940363,30.74705317783343,13.423021352707124,66.29179149095509,63.53276848404437
1275.438746691222,601.5626161942931,483.5843384149021,562.812871775727,730.4958893681985,453.54233679660695,752.1117588448867,563.4568379533277
1.242691438646882,2.244762810417514,0.4542659024623379,-1.6819491872481724,1.3987153352053934,-1.0012498062568964,-0.0859389316962009,0.2488398113647867
-189.6411170927492,151.10407155150148,1612.3553308723124,277.77718977997665,-88.77172353775313,1814.693065553117,878.9349472151081,-159.24023697920836
-0.0014547634995862,0.0018660033954803,-1558.100775070111,29124.50957512969,8291.944771284094,39401.32642274376,5581.198230466491,8297.988163645443
-0.0014752167282827,0.0003756981206115,-393.0790423448178,1220.765507844623,-1876.537473372961,3429.356118769917,-751.0849772089707,-0.0007763397822989
-0.0026237321024225,-0.0022433175422535,-245.359368073878,5601.50395611419,-2018.023501539033,-518.004535342449,1852.0768438173293,-0.0008167480134939
22.674732505643394,15.250421671854738,16.87561941099108,30.00511895034563,28.96719680762424,32.650116419166935,31.83260890569338,16.35225004219653
19.087395472408524,87.40295915478276,61.53463937002884,83.44134681948701,52.96403279905445,24.58117402476503,85.87509250116099,50.4217809993548
-282.19407927981047,589.6050067445735,569.3475655262334,611.2666290728954,653.4274876156777,336.4761745772429,437.53721773821576,435.4522402955004
0.7806871027596951,3.7525592664052487,-0.9073923446917054,1.0536510249890043,1.885847267446511,3.182654161258643,4.150281121768117,1.5015116515609734
1473.0055359052662,-91.46004902578738,840.1320964519889,1598.7894518615476,5.041622777046371,573.9508220241862,473.338865670835,86.36705242936148
-0.0004147321160457,0.000599282993562,15776.04344186161,12500.905983164152,24466.31529365927,16173.157307671609,26566.068783806622,6090.05509456525
0.0006174111666682,0.0005908269454048,19.00629255464992,1127.674082047412,1572.46893725704,8490.52387355305,80.50799641139251,-0.0027325309973114
0.0020823342171286,0.0029288247683152,-555.558985837953,2611.495186587788,-543.6121002913675,-2217.7463969051405,117.3461409397087,0.0012162976601622
22.494577987971937,28.85592718363341,35.503201106269195,26.249796268873464,26.626834857134305,31.24212420006604,16.10777599699346,20.26306616119484
37.52846942767248,84.41557482344763,58.85059657656805,49.09939356189407,22.59223058258172,96.48974525185132,101.2538638598987,65.20069759987851
785.8513409869269,563.1707278529675,618.4032061754498,455.0722164328801,627.0577758737263,676.2982783428184,590.7883811105404,673.9943213646228
1.631681932068532,2.4124591703521587,-0.6647466063187328,3.0362253422447822,-0.7580212827159711,1.377050898104257,2.4831864370845818,0.7197287659426672
3.5876220417991007,1947.6828443440447,318.2979931836459,674.2137575356212,2185.199495799247,297.5217423282983,457.8423073901452,61.80939958600271
-0.0011659652222579,-0.0011312893348164,20943.67742339384,15547.239715622189,21774.88561893405,21291.48471887081,-3229.760329500569,-111.48888995153204
0.0021934759230301,-0.0005948660778009,1263.2550480812129,-5224.085987683839,-988.1514619809218,4710.009414648325,24.70926650406989,0.0021483235447714
0.0025667193282316,0.0007290222603428,-686.6405434172534,-110.3429351434708,737.8714784115277,-3420.366108449876,0.0012613675944535,-0.0004728522292031
18.18536275232651,28.976300429345944,34.295138373118384,31.36636834019937,30.88473715942663,36.76667314398564,27.59781130751772,16.842279040213818
32.89147300702315,54.89053954069915,43.04083245864926,83.69191530940363,30.74705317783343,13.423021352707124,66.29179149095509,63.53276848404437
1275.438746691222,601.5626161942931,483.5843384149021,562.812871775727,730.4958893681985,453.54233679660695,752.1117588448867,563.4568379533277
1.242691438646882,2.244762810417514,0.4542659024623379,-1.6819491872481724,1.3987153352053934,-1.0012498062568964,-0.0859389316962009,0.2488398113647867
-189.6411170927492,151.10407155150148,1612.3553308723124,277.77718977997665,-88.77172353775313,1814.693065553117,878.9349472151081,-159.24023697920836
-0.0014547634995862,0.0018660033954803,-1558.100775070111,29124.50957512969,8291.944771284094,39401.32642274376,5581.198230466491,8297.988163645443
-0.0014752167282827,0.0003756981206115,-393.0790423448178,1220.765507844623,-1876.537473372961,3429.356118769917,-751.0849772089707,-0.0007763397822989
-0.0026237321024225,-0.0022433175422535,-245.359368073878,5601.50395611419,-2018.023501539033,-518.004535342449,1852.0768438173293,-0.0008167480134939
22.674732505643394,15.250421671854738,16.87561941099108,30.00511895034563,28.96719680762424,32.650116419166935,31.83260890569338,16.35225004219653
19.087395472408524,87.40295915478276,61.53463937002884,83.44134681948701,52.96403279905445,24.58117402476503,85.87509250116099,50.4217809993548
-282.19407927981047,589.6050067445735,569.3475655262334,611.2666290728954,653.4274876156777,336.4761745772429,437.53721773821576,435.4522402955004
0.7806871027596951,3.7525592664052487,-0.9073923446917054,1.0536510249890043,1.885847267446511,3.182654161258643,4.150281121768117,1.5015116515609734
1473.0055359052662,-91.46004902578738,840.1320964519889,1598.7894518615476,5.041622777046371,573.9508220241862,473.338865670835,86.36705242936148
-0.0004147321160457,0.000599282993562,15776.04344186161,12500.905983164152,24466.31529365927,16173.157307671609,26566.068783806622,6090.05509456525
0.0006174111666682,0.0005908269454048,19.00629255464992,1127.674082047412,1572.46893725704,8490.52387355305,80.50799641139251,-0.0027325309973114
0.0020823342171286,0.0029288247683152,-555.558985837953,2611.495186587788,-543.6121002913675,-2217.7463969051405,117.3461409397087,0.0012162976601622
22.494577987971937,28.85592718363341,35.503201106269195,26.249796268873464,26.626834857134305,31.24212420006604,16.10777599699346,20.26306616119484
37.52846942767248,84.41557482344763,58.85059657656805,49.09939356189407,22.59223058258172,96.48974525185132,101.2538638598987,65.20069759987851
785.8513409869269,563.1707278529675,618.4032061754498,455.0722164328801,627.0577758737263,676.2982783428184,590.7883811105404,673.9943213646228
1.631681932068532,2.4124591703521587,-0.6647466063187328,3.0362253422447822,-0.7580212827159711,1.377050898104257,2.4831864370845818,0.7197287659426672
3.5876220417991007,1947.6828443440447,318.2979931836459,674.2137575356212,2185.199495799247,297.5217423282983,457.8423073901452,61.80939958600271
-0.0011659652222579,-0.0011312893348164,20943.67742339384,15547.239715622189,21774.88561893405,21291.48471887081,-3229.760329500569,-111.48888995153204
0.0021934759230301,-0.0005948660778009,1263.2550480812129,-5224.085987683839,-988.1514619809218,4710.009414648325,24.70926650406989,0.0021483235447714
0.0025667193282316,0.0007290222603428,-686.6405434172534,-110.3429351434708,737.8714784115277,-3420.366108449876,0.0012613675944535,-0.0004728522292031
18.18536275232651,28.976300429345944,34.295138373118384,31.36636834019937,30.88473715942663,36.76667314398564,27.59781130751772,16.842279040213818
32.89147300702315,54.89053954069915,43.04083245864926,83.69191530940363,30.74705317783343,13.423021352707124,66.29179149095509,63.53276848404437
1275.438746691222,601.5626161942931,483.5843384149021,562.812871775727,730.4958893681985,453.54233679660695,752.1117588448867,563.4568379533277
1.242691438646882,2.244762810417514,0.4542659024623379,-1.6819491872481724,1.3987153352053934,-1.0012498062568964,-0.0859389316962009,0.2488398113647867
-189.6411170927492,151.10407155150148,1612.3553308723124,277.77718977997665,-88.77172353775313,1814.693065553117,878.9349472151081,-159.24023697920836
-0.0014547634995862,0.0018660033954803,-1558.100775070111,29124.50957512969,8291.944771284094,39401.32642274376,5581.198230466491,8297.988163645443
-0.0014752167282827,0.0003756981206115,-393.0790423448178,1220.765507844623,-1876.537473372961,3429.356118769917,-751.0849772089707,-0.0007763397822989
-0.0026237321024225,-0.0022433175422535,-245.359368073878,5601.50395611419,-2018.023501539033,-518.004535342449,1852.0768438173293,-0.0008167480134939
22.674732505643394,15.250421671854738,16.87561941099108,30.00511895034563,28.96719680762424,32.650116419166935,31.83260890569338,16.35225004219653
19.087395472408524,87.40295915478276,61.53463937002884,83.44134681948701,52.96403279905445,24.58117402476503,85.87509250116099,50.4217809993548
-282.19407927981047,589.6050067445735,569.3475655262334,611.2666290728954,653.4274876156777,336.4761745772429,437.53721773821576,435.4522402955004
0.7806871027596951,3.7525592664052487,-0.9073923446917054,1.0536510249890043,1.885847267446511,3.182654161258643,4.150281121768117,1.5015116515609734
1473.0055359052662,-91.46004902578738,840.1320964519889,1598.7894518615476,5.041622777046371,573.9508220241862,473.338865670835,86.36705242936148
-0.0004147321160457,0.000599282993562,15776.04344186161,12500.905983164152,24466.31529365927,16173.157307671609,26566.068783806622,6090.05509456525
0.0006174111666682,0.0005908269454048,19.00629255464992,1127.674082047412,1572.46893725704,8490.52387355305,80.50799641139251,-0.0027325309973114
0.0020823342171286,0.0029288247683152,-555.558985837953,2611.495186587788,-543.6121002913675,-2217.7463969051405,117.3461409397087,0.0012162976601622
22.494577987971937,28.85592718363341,35.503201106269195,26.249796268873464,26.626834857134305,31.24212420006604,16.10777599699346,20.26306616119484
37.52846942767248,84.41557482344763,58.85059657656805,49.09939356189407,22.59223058258172,96.48974525185132,101.2538638598987,65.20069759987851
785.8513409869269,563.1707278529675,618.4032061754498,455.0722164328801,627.0577758737263,676.2982783428184,590.7883811105404,673.9943213646228
1.631681932068532,2.4124591703521587,-0.6647466063187328,3.0362253422447822,-0.7580212827159711,1.377050898104257,2.4831864370845818,0.7197287659426672
3.5876220417991007,1947.6828443440447,318.2979931836459,674.2137575356212,2185.199495799247,297.5217423282983,457.8423073901452,61.80939958600271
-0.0011659652222579,-0.0011312893348164,20943.67742339384,15547.239715622189,21774.88561893405,21291.48471887081,-3229.760329500569,-111.48888995153204
0.0021934759230301,-0.0005948660778009,1263.2550480812129,-5224.085987683839,-988.1514619809218,4710.009414648325,24.70926650406989,0.0021483235447714
0.0025667193282316,0.0007290222603428,-686.6405434172534,-110.3429351434708,737.8714784115277,-3420.366108449876,0.0012613675944535,-0.0004728522292031
18.18536275232651,28.976300429345944,34.295138373118384,31.36636834019937,30.88473715942663,36.76667314398564,27.59781130751772,16.842279040213818
32.89147300702315,54.89053954069915,43.04083245864926,83.69191530940363,30.74705317783343,13.423021352707124,66.29179149095509,63.53276848404437
1275.438746691222,601.5626161942931,483.5843384149021,562.812871775727,730.4958893681985,453.54233679660695,752.1117588448867,563.4568379533277
1.242691438646882,2.244762810417514,0.4542659024623379,-1.6819491872481724,1.3987153352053934,-1.0012498062568964,-0.0859389316962009,0.2488398113647867
-189.6411170927492,151.10407155150148,1612.3553308723124,277.77718977997665,-88.77172353775313,1814.693065553117,878.9349472151081,-159.24023697920836
-0.0014547634995862,0.0018660033954803,-1558.100775070111,29124.50957512969,8291.944771284094,39401.32642274376,5581.198230466491,8297.988163645443
-0.0014752167282827,0.0003756981206115,-393.0790423448178,1220.765507844623,-1876.537473372961,3429.356118769917,-751.0849772089707,-0.0007763397822989
-0.0026237321024225,-0.0022433175422535,-245.359368073878,5601.50395611419,-2018.023501539033,-518.004535342449,1852.0768438173293,-0.0008167480134939
22.674732505643394,15.250421671854738,16.87561941099108,30.00511895034563,28.96719680762424,32.650116419166935,31.83260890569338,16.35225004219653
19.087395472408524,87.40295915478276,61.53463937002884,83.44134681948701,52.96403279905445,24.58117402476503,85.87509250116099,50.4217809993548
-282.19407927981047,589.6050067445735,569.3475655262334,611.2666290728954,653.4274876156777,336.4761745772429,437.53721773821576,435.4522402955004
0.7806871027596951,3.7525592664052487,-0.9073923446917054,1.0536510249890043,1.885847267446511,3.182654161258643,4.150281121768117,1.5015116515609734
1473.0055359052662,-91.46004902578738,840.1320964519889,1598.7894518615476,5.041622777046371,573.9508220241862,473.338865670835,86.36705242936148
-0.0004147321160457,0.000599282993562,15776.04344186161,12500.905983164152,24466.31529365927,16173.157307671609,26566.068783806622,6090.05509456525
0.0006174111666682,0.0005908269454048,19.00629255464992,1127.674082047412,1572.46893725704,8490.52387355305,80.50799641139251,-0.0027325309973114
0.0020823342171286,0.0029288247683152,-555.558985837953,2611.495186587788,-543.6121002913675,-2217.7463969051405,117.3461409397087,0.0012162976601622
22.494577987971937,28.85592718363341,35.503201106269195,26.249796268873464,26.626834857134305,31.24212420006604,16.10777599699346,20.26306616119484
37.52846942767248,84.41557482344763,58.85059657656805,49.09939356189407,22.59223058258172,96.48974525185132,101.2538638598987,65.20069759987851
785.8513409869269,563.1707278529675,618.4032061754498,455.0722164328801,627.0577758737263,676.2982783428184,590.7883811105404,673.9943213646228
1.631681932068532,2.4124591703521587,-0.6647466063187328,3.0362253422447822,-0.7580212827159711,1.377050898104257,2.4831864370845818,0.7197287659426672
3.5876220417991007,1947.6828443440447,318.2979931836459,674.2137575356212,2185.199495799247,297.5217423282983,457.8423073901452,61.80939958600271
-0.0011659652222579,-0.0011312893348164,20943.67742339384,15547.239715622189,21774.88561893405,21291.48471887081,-3229.760329500569,-111.48888995153204
0.0021934759230301,-0.0005948660778009,1263.2550480812129,-5224.085987683839,-988.1514619809218,4710.009414648325,24.70926650406989,0.0021483235447714
0.0025667193282316,0.0007290222603428,-686.6405434172534,-110.3429351434708,737.8714784115277,-3420.366108449876,0.0012613675944535,-0.0004728522292031
18.18536275232651,28.976300429345944,34.295138373118384,31.36636834019937,30.88473715942663,36.76667314398564,27.59781130751772,16.842279040213818
32.89147300702315,54.89053954069915,43.04083245864926,83.69191530940363,30.74705317783343,13.423021352707124,66.29179149095509,63.53276848404437
1275.438746691222,601.5626161942931,483.5843384149021,562.812871775727,730.4958893681985,453.54233679660695,752.1117588448867,563.4568379533277
1.242691438646882,2.244762810417514,0.4542659024623379,-1.6819491872481724,1.3987153352053934,-1.0012498062568964,-0.0859389316962009,0.2488398113647867
-189.6411170927492,151.10407155150148,1612.3553308723124,277.77718977997665,-88.77172353775313,1814.693065553117,878.9349472151081,-159.24023697920836
-0.0014547634995862,0.0018660033954803,-1558.100775070111,29124.50957512969,8291.944771284094,39401.32642274376,5581.198230466491,8297.988163645443
-0.0014752167282827,0.0003756981206115,-393.0790423448178,1220.765507844623,-1876.537473372961,3429.356118769917,-751.0849772089707,-0.0007763397822989
-0.0026237321024225,-0.0022433175422535,-245.359368073878,5601.50395611419,-2018.023501539033,-518.004535342449,1852.0768438173293,-0.0008167480134939
22.674732505643394,15.250421671854738,16.87561941099108,30.00511895034563,28.96719680762424,32.650116419166935,31.83260890569338,16.35225004219653
19.087395472408524,87.40295915478276,61.53463937002884,83.44134681948701,52.96403279905445,24.58117402476503,85.87509250116099,50.4217809993548
-282.19407927981047,589.6050067445735,569.3475655262334,611.2666290728954,653.4274876156777,336.4761745772429,437.53721773821576,435.4522402955004
0.7806871027596951,3.7525592664052487,-0.9073923446917054,1.0536510249890043,1.885847267446511,3.182654161258643,4.150281121768117,1.5015116515609734
1473.0055359052662,-91.46004902578738,840.1320964519889,1598.7894518615476,5.041622777046371,573.9508220241862,473.338865670835,86.36705242936148
-0.0004147321160457,0.000599282993562,15776.04344186161,12500.905983164152,24466.31529365927,16173.157307671609,26566.068783806622,6090.05509456525
0.0006174111666682,0.0005908269454048,19.00629255464992,1127.674082047412,1572.46893725704,8490.52387355305,80.50799641139251,-0.0027325309973114
0.0020823342171286,0.0029288247683152,-555.558985837953,2611.495186587788,-543.6121002913675,-2217.7463969051405,117.3461409397087,0.0012162976601622
22.494577987971937,28.85592718363341,35.503201106269195,26.249796268873464,26.626834857134305,31.24212420006604,16.10777599699346,20.26306616119484
37.52846942767248,84.41557482344763,58.85059657656805,49.09939356189407,22.59223058258172,96.48974525185132,101.2538638598987,65.20069759987851
785.8513409869269,563.1707278529675,618.4032061754498,455.0722164328801,627.0577758737263,676.2982783428184,590.7883811105404,673.9943213646228
1.631681932068532,2.4124591703521587,-0.6647466063187328,3.0362253422447822,-0.7580212827159711,1.377050898104257,2.4831864370845818,0.7197287659426672
3.5876220417991007,1947.6828443440447,318.2979931836459,674.2137575356212,2185.199495799247,297.5217423282983,457.8423073901452,61.80939958600271
-0.0011659652222579,-0.0011312893348164,20943.67742339384,15547.239715622189,21774.88561893405,21291.48471887081,-3229.760329500569,-111.48888995153204
0.0021934759230301,-0.0005948660778009,1263.2550480812129,-5224.085987683839,-988.1514619809218,4710.009414648325,24.70926650406989,0.0021483235447714
0.0025667193282316,0.0007290222603428,-686.6405434172534,-110.3429351434708,737.8714784115277,-3420.366108449876,0.0012613675944535,-0.0004728522292031
18.18536275232651,28.976300429345944,34.295138373118384,31.36636834019937,30.88473715942663,36.76667314398564,27.59781130751772,16.842279040213818
32.89147300702315,54.89053954069915,43.04083245864926,83.69191530940363,30.74705317783343,13.423021352707124,66.29179149095509,63.53276848404437
1275.438746691222,601.5626161942931,483.5843384149021,562.812871775727,730.4958893681985,453.54233679660695,752.1117588448867,563.4568379533277
1.242691438646882,2.244762810417514,0.4542659024623379,-1.6819491872481724,1.3987153352053934,-1.0012498062568964,-0.0859389316962009,0.2488398113647867
-189.6411170927492,151.10407155150148,1612.3553308723124,277.77718977997665,-88.77172353775313,1814.693065553117,878.9349472151081,-159.24023697920836
-0.0014547634995862,0.0018660033954803,-1558.100775070111,29124.50957512969,8291.944771284094,39401.32642274376,5581.198230466491,8297.988163645443
-0.0014752167282827,0.0003756981206115,-393.0790423448178,1220.765507844623,-1876.537473372961,3429.356118769917,-751.0849772089707,-0.0007763397822989
-0.0026237321024225,-0.0022433175422535,-245.359368073878,5601.50395611419,-2018.023501539033,-518.004535342449,1852.0768438173293,-0.0008167480134939
22.674732505643394,15.250421671854738,16.87561941099108,30.00511895034563,28.96719680762424,32.650116419166935,31.83260890569338,16.35225004219653
19.087395472408524,87.40295915478276,61.53463937002884,83.44134681948701,52.96403279905445,24.58117402476503,85.87509250116099,50.4217809993548
-282.19407927981047,589.6050067445735,569.3475655262334,611.2666290728954,653.4274876156777,336.4761745772429,437.53721773821576,435.4522402955004
0.7806871027596951,3.7525592664052487,-0.9073923446917054,1.0536510249890043,1.885847267446511,3.182654161258643,4.150281121768117,1.5015116515609734
1473.0055359052662,-91.46004902578738,840.1320964519889,1598.7894518615476,5.041622777046371,573.9508220241862,473.338865670835,86.36705242936148
-0.0004147321160457,0.000599282993562,15776.04344186161,12500.905983164152,24466.31529365927,16173.157307671609,26566.068783806622,6090.05509456525
0.0006174111666682,0.0005908269454048,19.00629255464992,1127.674082047412,1572.46893725704,8490.52387355305,80.50799641139251,-0.0027325309973114
0.0020823342171286,0.0029288247683152,-555.558985837953,2611.495186587788,-543.6121002913675,-2217.7463969051405,117.3461409397087,0.0012162976601622
22.494577987971937,28.85592718363341,35.503201106269195,26.249796268873464,26.626834857134305,31.24212420006604,16.10777599699346,20.26306616119484
37.52846942767248,84.41557482344763,58.85059657656805,49.09939356189407,22.59223058258172,96.48974525185132,101.2538638598987,65.20069759987851
785.8513409869269,563.1707278529675,618.4032061754498,455.0722164328801,627.0577758737263,676.2982783428184,590.7883811105404,673.9943213646228
1.631681932068532,2.4124591703521587,-0.6647466063187328,3.0362253422447822,-0.7580212827159711,1.377050898104257,2.4831864370845818,0.7197287659426672
3.5876220417991007,1947.6828443440447,318.2979931836459,674.2137575356212,2185.199495799247,297.5217423282983,457.8423073901452,61.80939958600271
-0.0011659652222579,-0.0011312893348164,20943.67742339384,15547.239715622189,21774.88561893405,21291.48471887081,-3229.760329500569,-111.48888995153204
0.0021934759230301,-0.0005948660778009,1263.2550480812129,-5224.085987683839,-988.1514619809218,4710.009414648325,24.70926650406989,0.0021483235447714
0.0025667193282316,0.0007290222603428,-686.6405434172534,-110.3429351434708,737.8714784115277,-3420.366108449876,0.0012613675944535,-0.0004728522292031
18.18536275232651,28.976300429345944,34.295138373118384,31.36636834019937,30.88473715942663,36.76667314398564,27.59781130751772,16.842279040213818
32.89147300702315,54.89053954069915,43.04083245864926,83.69191530940363,30.74705317783343,13.423021352707124,66.29179149095509,63.53276848404437
1275.438746691222,601.5626161942931,483.5843384149021,562.812871775727,730.4958893681985,453.54233679660695,752.1117588448867,563.4568379533277
1.242691438646882,2.244762810417514,0.4542659024623379,-1.6819491872481724,1.3987153352053934,-1.0012498062568964,-0.0859389316962009,0.2488398113647867
-189.6411170927492,151.10407155150148,1612.3553308723124,277.77718977997665,-88.77172353775313,1814.693065553117,878.9349472151081,-159.24023697920836
-0.0014547634995862,0.0018660033954803,-1558.100775070111,29124.50957512969,8291.944771284094,39401.32642274376,5581.198230466491,8297.988163645443
-0.0014752167282827,0.0003756981206115,-393.0790423448178,1220.765507844623,-1876.537473372961,3429.356118769917,-751.0849772089707,-0.0007763397822989
-0.0026237321024225,-0.0022433175422535,-245.359368073878,5601.50395611419,-2018.023501539033,-518.004535342449,1852.0768438173293,-0.0008167480134939
22.674732505643394,15.250421671854738,16.87561941099108,30.00511895034563,28.96719680762424,32.650116419166935,31.83260890569338,16.35225004219653
19.087395472408524,87.40295915478276,61.53463937002884,83.44134681948701,52.96403279905445,24.58117402476503,85.87509250116099,50.4217809993548
-282.19407927981047,589.6050067445735,569.3475655262334,611.2666290728954,653.4274876156777,336.4761745772429,437.53721773821576,435.4522402955004
0.7806871027596951,3.7525592664052487,-0.9073923446917054,1.0536510249890043,1.885847267446511,3.182654161258643,4.150281121768117,1.5015116515609734
1473.0055359052662,-91.46004902578738,840.1320964519889,1598.7894518615476,5.041622777046371,573.9508220241862,473.338865670835,86.36705242936148
-0.0004147321160457,0.000599282993562,15776.04344186161,12500.905983164152,24466.31529365927,16173.157307671609,26566.068783806622,6090.05509456525
0.0006174111666682,0.0005908269454048,19.00629255464992,1127.674082047412,1572.46893725704,8490.52387355305,80.50799641139251,-0.0027325309973114
0.0020823342171286,0.0029288247683152,-555.558985837953,2611.495186587788,-543.6121002913675,-2217.7463969051405,117.3461409397087,0.0012162976601622
22.494577987971937,28.85592718363341,35.503201106269195,26.249796268873464,26.626834857134305,31.24212420006604,16.10777599699346,20.26306616119484
37.52846942767248,84.41557482344763,58.85059657656805,49.09939356189407,22.59223058258172,96.48974525185132,101.2538638598987,65.20069759987851
785.8513409869269,563.1707278529675,618.4032061754498,455.0722164328801,627.0577758737263,676.2982783428184,590.7883811105404,673.9943213646228
1.631681932068532,2.4124591703521587,-0.6647466063187328,3.0362253422447822,-0.7580212827159711,1.377050898104257,2.4831864370845818,0.7197287659426672
3.5876220417991007,1947.6828443440447,318.2979931836459,674.2137575356212,2185.199495799247,297.5217423282983,457.8423073901452,61.80939958600271
-0.0011659652222579,-0.0011312893348164,20943.67742339384,15547.239715622189,21774.88561893405,21291.48471887081,-3229.760329500569,-111.48888995153204
0.0021934759230301,-0.0005948660778009,1263.2550480812129,-5224.085987683839,-988.1514619809218,4710.009414648325,24.70926650406989,0.0021483235447714
0.0025667193282316,0.0007290222603428,-686.6405434172534,-110.3429351434708,737.8714784115277,-3420.366108449876,0.0012613675944535,-0.0004728522292031
18.18536275232651,28.976300429345944,34.295138373118384,31.36636834019937,30.88473715942663,36.76667314398564,27.59781130751772,16.842279040213818
32.89147300702315,54.89053954069915,43.04083245864926,83.69191530940363,30.74705317783343,13.423021352707124,66.29179149095509,63.53276848404437
1275.438746691222,601.5626161942931,483.5843384149021,562.812871775727,730.4958893681985,453.54233679660695,752.1117588448867,563.4568379533277
1.242691438646882,2.244762810417514,0.4542659024623379,-1.6819491872481724,1.3987153352053934,-1.0012498062568964,-0.0859389316962009,0.2488398113647867
-189.6411170927492,151.10407155150148,1612.3553308723124,277.77718977997665,-88.77172353775313,1814.693065553117,878.9349472151081,-159.24023697920836
-0.0014547634995862,0.0018660033954803,-1558.100775070111,29124.50957512969,8291.944771284094,39401.32642274376,5581.198230466491,8297.988163645443
-0.0014752167282827,0.0003756981206115,-393.0790423448178,1220.765507844623,-1876.537473372961,3429.356118769917,-751.0849772089707,-0.0007763397822989
-0.0026237321024225,-0.0022433175422535,-245.359368073878,5601.50395611419,-2018.023501539033,-518.004535342449,1852.0768438173293,-0.0008167480134939
22.674732505643394,15.250421671854738,16.87561941099108,30.00511895034563,28.96719680762424,32.650116419166935,31.83260890569338,16.35225004219653
19.087395472408524,87.40295915478276,61.53463937002884,83.44134681948701,52.96403279905445,24.58117402476503,85.87509250116099,50.4217809993548
-282.19407927981047,589.6050067445735,569.3475655262334,611.2666290728954,653.4274876156777,336.4761745772429,437.53721773821576,435.4522402955004
0.7806871027596951,3.7525592664052487,-0.9073923446917054,1.0536510249890043,1.885847267446511,3.182654161258643,4.150281121768117,1.5015116515609734
1473.0055359052662,-91.46004902578738,840.1320964519889,1598.7894518615476,5.041622777046371,573.9508220241862,473.338865670835,86.36705242936148
-0.0004147321160457,0.000599282993562,15776.04344186161,12500.905983164152,24466.31529365927,16173.157307671609,26566.068783806622,6090.05509456525
0.0006174111666682,0.0005908269454048,19.00629255464992,1127.674082047412,1572.46893725704,8490.52387355305,80.50799641139251,-0.0027325309973114
0.0020823342171286,0.0029288247683152,-555.558985837953,2611.495186587788,-543.6121002913675,-2217.7463969051405,117.3461409397087,0.0012162976601622
22.494577987971937,28.85592718363341,35.503201106269195,26.249796268873464,26.626834857134305,31.24212420006604,16.10777599699346,20.26306616119484
37.52846942767248,84.41557482344763,58.85059657656805,49.09939356189407,22.59223058258172,96.48974525185132,101.2538638598987,65.20069759987851
785.8513409869269,563.1707278529675,618.4032061754498,455.0722164328801,627.0577758737263,676.2982783428184,590.7883811105404,673.9943213646228
1.631681932068532,2.4124591703521587,-0.6647466063187328,3.0362253422447822,-0.7580212827159711,1.377050898104257,2.4831864370845818,0.7197287659426672
3.5876220417991007,1947.6828443440447,318.2979931836459,674.2137575356212,2185.199495799247,297.5217423282983,457.8423073901452,61.80939958600271
-0.0011659652222579,-0.0011312893348164,20943.67742339384,15547.239715622189,21774.88561893405,21291.48471887081,-3229.760329500569,-111.48888995153204
0.0021934759230301,-0.0005948660778009,1263.2550480812129,-5224.085987683839,-988.1514619809218,4710.009414648325,24.70926650406989,0.0021483235447714
0.0025667193282316,0.0007290222603428,-686.6405434172534,-110.3429351434708,737.8714784115277,-3420.366108449876,0.0012613675944535,-0.0004728522292031
18.18536275232651,28.976300429345944,34.295138373118384,31.36636834019937,30.88473715942663,36.76667314398564,27.59781130751772,16.842279040213818
32.89147300702315,54.89053954069915,43.04083245864926,83.69191530940363,30.74705317783343,13.423021352707124,66.29179149095509,63.53276848404437
1275.438746691222,601.5626161942931,483.5843384149021,562.812871775727,730.4958893681985,453.54233679660695,752.1117588448867,563.4568379533277
1.242691438646882,2.244762810417514,0.4542659024623379,-1.6819491872481724,1.3987153352053934,-1.0012498062568964,-0.0859389316962009,0.2488398113647867
-189.6411170927492,151.10407155150148,1612.3553308723124,277.77718977997665,-88.77172353775313,1814.693065553117,878.9349472151081,-159.24023697920836
-0.0014547634995862,0.0018660033954803,-1558.100775070111,29124.50957512969,8291.944771284094,39401.32642274376,5581.198230466491,8297.988163645443
-0.0014752167282827,0.0003756981206115,-393.0790423448178,1220.765507844623,-1876.537473372961,3429.356118769917,-751.0849772089707,-0.0007763397822989
-0.0026237321024225,-0.0022433175422535,-245.359368073878,5601.50395611419,-2018.023501539033,-518.004535342449,1852.0768438173293,-0.0008167480134939
22.674732505643394,15.250421671854738,16.87561941099108,30.00511895034563,28.96719680762424,32.650116419166935,31.83260890569338,16.35225004219653
19.087395472408524,87.40295915478276,61.53463937002884,83.44134681948701,52.96403279905445,24.58117402476503,85.87509250116099,50.4217809993548
-282.19407927981047,589.6050067445735,569.3475655262334,611.2666290728954,653.4274876156777,336.4761745772429,437.53721773821576,435.4522402955004
0.7806871027596951,3.7525592664052487,-0.9073923446917054,1.0536510249890043,1.885847267446511,3.182654161258643,4.150281121768117,1.5015116515609734
1473.0055359052662,-91.46004902578738,840.1320964519889,1598.7894518615476,5.041622777046371,573.9508220241862,473.338865670835,86.36705242936148
-0.0004147321160457,0.000599282993562,15776.04344186161,12500.905983164152,24466.31529365927,16173.157307671609,26566.068783806622,6090.05509456525
0.0006174111666682,0.0005908269454048,19.00629255464992,1127.674082047412,1572.46893725704,8490.52387355305,80.50799641139251,-0.0027325309973114
0.0020823342171286,0.0029288247683152,-555.558985837953,2611.495186587788,-543.6121002913675,-2217.7463969051405,117.3461409397087,0.0012162976601622
22.494577987971937,28.85592718363341,35.503201106269195,26.249796268873464,26.626834857134305,31.24212420006604,16.10777599699346,20.26306616119484
37.52846942767248,84.41557482344763,58.85059657656805,49.09939356189407,22.59223058258172,96.48974525185132,101.2538638598987,65.20069759987851
785.8513409869269,563.1707278529675,618.4032061754498,455.0722164328801,627.0577758737263,676.2982783428184,590.7883811105404,673.9943213646228
1.631681932068532,2.4124591703521587,-0.6647466063187328,3.0362253422447822,-0.7580212827159711,1.377050898104257,2.4831864370845818,0.7197287659426672
3.5876220417991007,1947.6828443440447,318.2979931836459,674.2137575356212,2185.199495799247,297.5217423282983,457.8423073901452,61.80939958600271
-0.0011659652222579,-0.0011312893348164,20943.67742339384,15547.239715622189,21774.88561893405,21291.48471887081,-3229.760329500569,-111.48888995153204
0.0021934759230301,-0.0005948660778009,1263.2550480812129,-5224.085987683839,-988.1514619809218,4710.009414648325,24.70926650406989,0.0021483235447714
0.0025667193282316,0.0007290222603428,-686.6405434172534,-110.3429351434708,737.8714784115277,-3420.366108449876,0.0012613675944535,-0.0004728522292031
18.18536275232651,28.976300429345944,34.295138373118384,31.36636834019937,30.88473715942663,36.76667314398564,27.59781130751772,16.842279040213818
32.89147300702315,54.89053954069915,43.04083245864926,83.69191530940363,30.74705317783343,13.423021352707124,66.29179149095509,63.53276848404437
1275.438746691222,601.5626161942931,483.5843384149021,562.812871775727,730.4958893681985,453.54233679660695,752.1117588448867,563.4568379533277
1.242691438646882,2.244762810417514,0.4542659024623379,-1.6819491872481724,1.3987153352053934,-1.0012498062568964,-0.0859389316962009,0.2488398113647867
-189.6411170927492,151.10407155150148,1612.3553308723124,277.77718977997665,-88.77172353775313,1814.693065553117,878.9349472151081,-159.24023697920836
-0.0014547634995862,0.0018660033954803,-1558.100775070111,29124.50957512969,8291.944771284094,39401.32642274376,5581.198230466491,8297.988163645443
-0.0014752167282827,0.0003756981206115,-393.0790423448178,1220.765507844623,-1876.537473372961,3429.356118769917,-751.0849772089707,-0.0007763397822989
-0.0026237321024225,-0.0022433175422535,-245.359368073878,5601.50395611419,-2018.023501539033,-518.004535342449,1852.0768438173293,-0.0008167480134939
22.674732505643394,15.250421671854738,16.87561941099108,30.00511895034563,28.96719680762424,32.650116419166935,31.83260890569338,16.35225004219653
19.087395472408524,87.40295915478276,61.53463937002884,83.44134681948701,52.96403279905445,24.58117402476503,85.87509250116099,50.4217809993548
-282.19407927981047,589.6050067445735,569.3475655262334,611.2666290728954,653.4274876156777,336.4761745772429,437.53721773821576,435.4522402955004
0.7806871027596951,3.7525592664052487,-0.9073923446917054,1.0536510249890043,1.885847267446511,3.182654161258643,4.150281121768117,1.5015116515609734
1473.0055359052662,-91.46004902578738,840.1320964519889,1598.7894518615476,5.041622777046371,573.9508220241862,473.338865670835,86.36705242936148
-0.0004147321160457,0.000599282993562,15776.04344186161,12500.905983164152,24466.31529365927,16173.157307671609,26566.068783806622,6090.05509456525
0.0006174111666682,0.0005908269454048,19.00629255464992,1127.674082047412,1572.46893725704,8490.52387355305,80.50799641139251,-0.0027325309973114
0.0020823342171286,0.0029288247683152,-555.558985837953,2611.495186587788,-543.6121002913675,-2217.7463969051405,117.3461409397087,0.0012162976601622
22.494577987971937,28.85592718363341,35.503201106269195,26.249796268873464,26.626834857134305,31.24212420006604,16.10777599699346,20.26306616119484
37.52846942767248,84.41557482344763,58.85059657656805,49.09939356189407,22.59223058258172,96.48974525185132,101.2538638598987,65.20069759987851
785.8513409869269,563.1707278529675,618.4032061754498,455.0722164328801,627.0577758737263,676.2982783428184,590.7883811105404,673.9943213646228
1.631681932068532,2.4124591703521587,-0.6647466063187328,3.0362253422447822,-0.7580212827159711,1.377050898104257,2.4831864370845818,0.7197287659426672
3.5876220417991007,1947.6828443440447,318.2979931836459,674.2137575356212,2185.199495799247,297.5217423282983,457.8423073901452,61.80939958600271
-0.0011659652222579,-0.0011312893348164,20943.67742339384,15547.239715622189,21774.88561893405,21291.48471887081,-3229.760329500569,-111.48888995153204
0.0021934759230301,-0.0005948660778009,1263.2550480812129,-5224.085987683839,-988.1514619809218,4710.009414648325,24.70926650406989,0.0021483235447714
0.0025667193282316,0.0007290222603428,-686.6405434172534,-110.3429351434708,737.8714784115277,-3420.366108449876,0.0012613675944535,-0.0004728522292031
18.18536275232651,28.976300429345944,34.295138373118384,31.36636834019937,30.88473715942663,36.76667314398564,27.59781130751772,16.842279040213818
32.89147300702315,54.89053954069915,43.04083245864926,83.69191530940363,30.74705317783343,13.423021352707124,66.29179149095509,63.53276848404437
1275.438746691222,601.5626161942931,483.5843384149021,562.812871775727,730.4958893681985,453.54233679660695,752.1117588448867,563.4568379533277
1.242691438646882,2.244762810417514,0.4542659024623379,-1.6819491872481724,1.3987153352053934,-1.0012498062568964,-0.0859389316962009,0.2488398113647867
-189.6411170927492,151.10407155150148,1612.3553308723124,277.77718977997665,-88.77172353775313,1814.693065553117,878.9349472151081,-159.24023697920836
-0.0014547634995862,0.0018660033954803,-1558.100775070111,29124.50957512969,8291.944771284094,39401.32642274376,5581.198230466491,8297.988163645443
-0.0014752167282827,0.0003756981206115,-393.0790423448178,1220.765507844623,-1876.537473372961,3429.356118769917,-751.0849772089707,-0.0007763397822989
-0.0026237321024225,-0.0022433175422535,-245.359368073878,5601.50395611419,-2018.023501539033,-518.004535342449,1852.0768438173293,-0.0008167480134939
22.674732505643394,15.250421671854738,16.87561941099108,30.00511895034563,28.96719680762424,32.650116419166935,31.83260890569338,16.35225004219653
19.087395472408524,87.40295915478276,61.53463937002884,83.44134681948701,52.96403279905445,24.58117402476503,85.87509250116099,50.4217809993548
-282.19407927981047,589.6050067445735,569.3475655262334,611.2666290728954,653.4274876156777,336.4761745772429,437.53721773821576,435.4522402955004
0.7806871027596951,3.7525592664052487,-0.9073923446917054,1.0536510249890043,1.885847267446511,3.182654161258643,4.150281121768117,1.5015116515609734
1473.0055359052662,-91.46004902578738,840.1320964519889,1598.7894518615476,5.041622777046371,573.9508220241862,473.338865670835,86.36705242936148
-0.0004147321160457,0.000599282993562,15776.04344186161,12500.905983164152,24466.31529365927,16173.157307671609,26566.068783806622,6090.05509456525
0.0006174111666682,0.0005908269454048,19.00629255464992,1127.674082047412,1572.46893725704,8490.52387355305,80.50799641139251,-0.0027325309973114
0.0020823342171286,0.0029288247683152,-555.558985837953,2611.495186587788,-543.6121002913675,-2217.7463969051405,117.3461409397087,0.0012162976601622
22.494577987971937,28.85592718363341,35.503201106269195,26.249796268873464,26.626834857134305,31.24212420006604,16.10777599699346,20.26306616119484
37.52846942767248,84.41557482344763,58.85059657656805,49.09939356189407,22.59223058258172,96.48974525185132,101.2538638598987,65.20069759987851
785.8513409869269,563.1707278529675,618.4032061754498,455.0722164328801,627.0577758737263,676.2982783428184,590.7883811105404,673.9943213646228
1.631681932068532,2.4124591703521587,-0.6647466063187328,3.0362253422447822,-0.7580212827159711,1.377050898104257,2.4831864370845818,0.7197287659426672
3.5876220417991007,1947.6828443440447,318.2979931836459,674.2137575356212,2185.199495799247,297.5217423282983,457.8423073901452,61.80939958600271
-0.0011659652222579,-0.0011312893348164,20943.67742339384,15547.239715622189,21774.88561893405,21291.48471887081,-3229.760329500569,-111.48888995153204
0.0021934759230301,-0.0005948660778009,1263.2550480812129,-5224.085987683839,-988.1514619809218,4710.009414648325,24.70926650406989,0.0021483235447714
0.0025667193282316,0.0007290222603428,-686.6405434172534,-110.3429351434708,737.8714784115277,-3420.366108449876,0.0012613675944535,-0.0004728522292031
18.18536275232651,28.976300429345944,34.295138373118384,31.36636834019937,30.88473715942663,36.76667314398564,27.59781130751772,16.842279040213818
32.89147300702315,54.89053954069915,43.04083245864926,83.69191530940363,30.74705317783343,13.423021352707124,66.29179149095509,63.53276848404437
1275.438746691222,601.5626161942931,483.5843384149021,562.812871775727,730.4958893681985,453.54233679660695,752.1117588448867,563.4568379533277
1.242691438646882,2.244762810417514,0.4542659024623379,-1.6819491872481724,1.3987153352053934,-1.0012498062568964,-0.0859389316962009,0.2488398113647867
-189.6411170927492,151.10407155150148,1612.3553308723124,277.77718977997665,-88.77172353775313,1814.693065553117,878.9349472151081,-159.24023697920836
-0.0014547634995862,0.0018660033954803,-1558.100775070111,29124.50957512969,8291.944771284094,39401.32642274376,5581.198230466491,8297.988163645443
-0.0014752167282827,0.0003756981206115,-393.0790423448178,1220.765507844623,-1876.537473372961,3429.356118769917,-751.0849772089707,-0.0007763397822989
-0.0026237321024225,-0.0022433175422535,-245.359368073878,5601.50395611419,-2018.023501539033,-518.004535342449,1852.0768438173293,-0.0008167480134939
22.674732505643394,15.250421671854738,16.87561941099108,30.00511895034563,28.96719680762424,32.650116419166935,31.83260890569338,16.35225004219653
19.087395472408524,87.40295915478276,61.53463937002884,83.44134681948701,52.96403279905445,24.58117402476503,85.87509250116099,50.4217809993548
-282.19407927981047,589.6050067445735,569.3475655262334,611.2666290728954,653.4274876156777,336.4761745772429,437.53721773821576,435.4522402955004
0.7806871027596951,3.7525592664052487,-0.9073923446917054,1.0536510249890043,1.885847267446511,3.182654161258643,4.150281121768117,1.5015116515609734
1473.0055359052662,-91.46004902578738,840.1320964519889,1598.7894518615476,5.041622777046371,573.9508220241862,473.338865670835,86.36705242936148
-0.0004147321160457,0.000599282993562,15776.04344186161,12500.905983164152,24466.31529365927,16173.157307671609,26566.068783806622,6090.05509456525
0.0006174111666682,0.0005908269454048,19.00629255464992,1127.674082047412,1572.46893725704,8490.52387355305,80.50799641139251,-0.0027325309973114
0.0020823342171286,0.0029288247683152,-555.558985837953,2611.495186587788,-543.6121002913675,-2217.7463969051405,117.3461409397087,0.0012162976601622
22.494577987971937,28.85592718363341,35.503201106269195,26.249796268873464,26.626834857134305,31.24212420006604,16.10777599699346,20.26306616119484
37.52846942767248,84.41557482344763,58.85059657656805,49.09939356189407,22.59223058258172,96.48974525185132,101.2538638598987,65.20069759987851
785.8513409869269,563.1707278529675,618.4032061754498,455.0722164328801,627.0577758737263,676.2982783428184,590.7883811105404,673.9943213646228
1.631681932068532,2.4124591703521587,-0.6647466063187328,3.0362253422447822,-0.7580212827159711,1.377050898104257,2.4831864370845818,0.7197287659426672
3.5876220417991007,1947.6828443440447,318.2979931836459,674.2137575356212,2185.199495799247,297.5217423282983,457.8423073901452,61.80939958600271
-0.0011659652222579,-0.0011312893348164,20943.67742339384,15547.239715622189,21774.88561893405,21291.48471887081,-3229.760329500569,-111.48888995153204
0.0021934759230301,-0.0005948660778009,1263.2550480812129,-5224.085987683839,-988.1514619809218,4710.009414648325,24.70926650406989,0.0021483235447714
0.0025667193282316,0.0007290222603428,-686.6405434172534,-110.3429351434708,737.8714784115277,-3420.366108449876,0.0012613675944535,-0.0004728522292031
