내부온도관측치,내부습도관측치,co2관측치,ec관측치,시간당분무량,시간당백색광량,시간당적색광량,시간당청색광량
19.767334475830943,24.109920928335697,16.2904311125938,32.13636728165609,29.67801782415567,28.223337046496,24.903652665676027,16.94093454298728
54.26197277714251,16.264373018312277,70.17494087763954,84.74101473091756,6.393295724601401,6.758451041206143,37.416448593964375,92.4222204144112
616.9203770608925,634.0684044417344,483.42678604192207,695.625425132796,523.3792493317313,517.3088066102664,779.4375325511893,439.6661525417098
-0.2044317478065667,4.237972129799962,-0.8993466246735595,-0.7015674786353197,2.89925036097916,0.2416306087757129,0.0437810551804387,2.436663219145022
-292.96114714170307,-100.3256187379667,1874.220043906092,-620.7069054928452,173.4686858377056,1817.056283763228,788.4593063074611,-139.0701809557018
-0.0027167049221474,0.0025498659265935,9214.321049791595,22385.54449458803,4916.630213413291,20492.524727459808,15681.676128250368,-6201.507611012505
-0.0005177210296179,0.0011529438252707,-48.49782894132126,692.1287319226395,-1256.7308709781562,-651.5877195187154,337.58339283104056,0.001527760564456
-0.0029062335379682,-0.0013669343239274,-25.217937922646747,-806.5577670541468,5222.889549114068,-464.0103896609535,1758.8066814311603,0.003089353464155
26.184625665840297,28.00870042128526,15.162805317813138,19.396905497604656,26.38080126684058,25.23063021224404,17.982005232938114,28.858293481282377
88.22712821441226,81.82518469286876,63.2734900015389,35.40864728427803,78.25758235638989,14.051502277038496,79.5628834886386,77.61553720674513
1174.3946053725274,560.8298885562464,469.11514734542266,723.4641711351048,580.3786850648431,408.7671471761147,436.7420077850169,748.524255591658
1.304527378156623,-0.0900033832699003,-0.219837072084714,3.41373332991357,4.354796783992171,4.292817145299058,0.7677963684888305,3.305826730647752
-378.6708859308689,1153.6459630089698,536.321502243523,1199.0243059892157,895.0932300425105,-92.47522925230362,959.250408352458,-125.1898374903206
-0.002965080888344,0.0002344276117627,12974.262644206778,17668.315441270406,15255.543371561012,18817.67087846391,-6054.549695399833,1069.785672788407
-0.0022920777770927,-0.0024371454582989,5627.371991568909,-193.688813756436,-735.1108963416034,737.7292843187378,-16.467975358440885,-0.0032294220326947
0.0023458059112445,0.000741498780739,-648.2166663540298,2703.144813142826,-390.6207362019841,671.6350205245471,-375.571495297382,-0.0031598492763136
34.9832326334143,29.06658710004843,26.780167065057427,30.2578262953392,29.690789552778945,29.6184779831175,19.21407680194511,15.86272140015643
-3.687866075699091,79.26140284283976,19.334561000705463,19.43627419831829,36.51778490258944,67.05964605190975,65.33197596254197,98.92817007073528
660.9528755429512,482.5121643070448,568.552272320497,673.5269072786058,609.840679137309,507.7824647483319,583.3926087706654,647.0777319059292
2.6255030809453928,2.5850063020835257,0.6837720743416132,3.114138482257738,1.1981513076068522,3.4920828146260314,-0.9046984654950244,-0.4899102639600534
165.0562298838622,383.6713834112735,-661.4302509410672,-234.8540566567458,343.0967700528457,-713.0791668200802,1404.755968224448,44.79644583422042
-0.0024020483036716,-0.0019694762291298,14523.07129073707,32679.049399073177,21705.08752212278,-12483.191816658513,-3673.4607862132016,193.6975127762268
0.0027401689954851,-0.0011227494290435,1256.204395306939,28.48836518571761,583.0137914932913,3620.7830232349816,0.0648960794571537,0.0020571072678465
0.0017763075255478,0.0007502405554855,792.8939316185001,4016.892026312914,-76.39840703912296,-3184.504074540137,0.0011347151134992,-0.0021346174896519
19.767334475830943,24.109920928335697,16.2904311125938,32.13636728165609,29.67801782415567,28.223337046496,24.903652665676027,16.94093454298728
54.26197277714251,16.264373018312277,70.17494087763954,84.74101473091756,6.393295724601401,6.758451041206143,37.416448593964375,92.4222204144112
616.9203770608925,634.0684044417344,483.42678604192207,695.625425132796,523.3792493317313,517.3088066102664,779.4375325511893,439.6661525417098
-0.2044317478065667,4.237972129799962,-0.8993466246735595,-0.7015674786353197,2.89925036097916,0.2416306087757129,0.0437810551804387,2.436663219145022
-292.96114714170307,-100.3256187379667,1874.220043906092,-620.7069054928452,173.4686858377056,1817.056283763228,788.4593063074611,-139.0701809557018
-0.0027167049221474,0.0025498659265935,9214.321049791595,22385.54449458803,4916.630213413291,20492.524727459808,15681.676128250368,-6201.507611012505
-0.0005177210296179,0.0011529438252707,-48.49782894132126,692.1287319226395,-1256.7308709781562,-651.5877195187154,337.58339283104056,0.001527760564456
-0.0029062335379682,-0.0013669343239274,-25.217937922646747,-806.5577670541468,5222.889549114068,-464.0103896609535,1758.8066814311603,0.003089353464155
26.184625665840297,28.00870042128526,15.162805317813138,19.396905497604656,26.38080126684058,25.23063021224404,17.982005232938114,28.858293481282377
88.22712821441226,81.82518469286876,63.2734900015389,35.40864728427803,78.25758235638989,14.051502277038496,79.5628834886386,77.61553720674513
1174.3946053725274,560.8298885562464,469.11514734542266,723.4641711351048,580.3786850648431,408.7671471761147,436.7420077850169,748.524255591658
1.304527378156623,-0.0900033832699003,-0.219837072084714,3.41373332991357,4.354796783992171,4.292817145299058,0.7677963684888305,3.305826730647752
-378.6708859308689,1153.6459630089698,536.321502243523,1199.0243059892157,895.0932300425105,-92.47522925230362,959.250408352458,-125.1898374903206
-0.002965080888344,0.0002344276117627,12974.262644206778,17668.315441270406,15255.543371561012,18817.67087846391,-6054.549695399833,1069.785672788407
-0.0022920777770927,-0.0024371454582989,5627.371991568909,-193.688813756436,-735.1108963416034,737.7292843187378,-16.467975358440885,-0.0032294220326947
0.0023458059112445,0.000741498780739,-648.2166663540298,2703.144813142826,-390.6207362019841,671.6350205245471,-375.571495297382,-0.0031598492763136
34.9832326334143,29.06658710004843,26.780167065057427,30.2578262953392,29.690789552778945,29.6184779831175,19.21407680194511,15.86272140015643
-3.687866075699091,79.26140284283976,19.334561000705463,19.43627419831829,36.51778490258944,67.05964605190975,65.33197596254197,98.92817007073528
660.9528755429512,482.5121643070448,568.552272320497,673.5269072786058,609.840679137309,507.7824647483319,583.3926087706654,647.0777319059292
2.6255030809453928,2.5850063020835257,0.6837720743416132,3.114138482257738,1.1981513076068522,3.4920828146260314,-0.9046984654950244,-0.4899102639600534
165.0562298838622,383.6713834112735,-661.4302509410672,-234.8540566567458,343.0967700528457,-713.0791668200802,1404.755968224448,44.79644583422042
-0.0024020483036716,-0.0019694762291298,14523.07129073707,32679.049399073177,21705.08752212278,-12483.191816658513,-3673.4607862132016,193.6975127762268
0.0027401689954851,-0.0011227494290435,1256.204395306939,28.48836518571761,583.0137914932913,3620.7830232349816,0.0648960794571537,0.0020571072678465
0.0017763075255478,0.0007502405554855,792.8939316185001,4016.892026312914,-76.39840703912296,-3184.504074540137,0.0011347151134992,-0.0021346174896519
19.767334475830943,24.109920928335697,16.2904311125938,32.13636728165609,29.67801782415567,28.223337046496,24.903652665676027,16.94093454298728
54.26197277714251,16.264373018312277,70.17494087763954,84.74101473091756,6.393295724601401,6.758451041206143,37.416448593964375,92.4222204144112
616.9203770608925,634.0684044417344,483.42678604192207,695.625425132796,523.3792493317313,517.3088066102664,779.4375325511893,439.6661525417098
-0.2044317478065667,4.237972129799962,-0.8993466246735595,-0.7015674786353197,2.89925036097916,0.2416306087757129,0.0437810551804387,2.436663219145022
-292.96114714170307,-100.3256187379667,1874.220043906092,-620.7069054928452,173.4686858377056,1817.056283763228,788.4593063074611,-139.0701809557018
-0.0027167049221474,0.0025498659265935,9214.321049791595,22385.54449458803,4916.630213413291,20492.524727459808,15681.676128250368,-6201.507611012505
-0.0005177210296179,0.0011529438252707,-48.49782894132126,692.1287319226395,-1256.7308709781562,-651.5877195187154,337.58339283104056,0.001527760564456
-0.0029062335379682,-0.0013669343239274,-25.217937922646747,-806.5577670541468,5222.889549114068,-464.0103896609535,1758.8066814311603,0.003089353464155
26.184625665840297,28.00870042128526,15.162805317813138,19.396905497604656,26.38080126684058,25.23063021224404,17.982005232938114,28.858293481282377
88.22712821441226,81.82518469286876,63.2734900015389,35.40864728427803,78.25758235638989,14.051502277038496,79.5628834886386,77.61553720674513
1174.3946053725274,560.8298885562464,469.11514734542266,723.4641711351048,580.3786850648431,408.7671471761147,436.7420077850169,748.524255591658
1.304527378156623,-0.0900033832699003,-0.219837072084714,3.41373332991357,4.354796783992171,4.292817145299058,0.7677963684888305,3.305826730647752
-378.6708859308689,1153.6459630089698,536.321502243523,1199.0243059892157,895.0932300425105,-92.47522925230362,959.250408352458,-125.1898374903206
-0.002965080888344,0.0002344276117627,12974.262644206778,17668.315441270406,15255.543371561012,18817.67087846391,-6054.549695399833,1069.785672788407
-0.0022920777770927,-0.0024371454582989,5627.371991568909,-193.688813756436,-735.1108963416034,737.7292843187378,-16.467975358440885,-0.0032294220326947
0.0023458059112445,0.000741498780739,-648.2166663540298,2703.144813142826,-390.6207362019841,671.6350205245471,-375.571495297382,-0.0031598492763136
34.9832326334143,29.06658710004843,26.780167065057427,30.2578262953392,29.690789552778945,29.6184779831175,19.21407680194511,15.86272140015643
-3.687866075699091,79.26140284283976,19.334561000705463,19.43627419831829,36.51778490258944,67.05964605190975,65.33197596254197,98.92817007073528
660.9528755429512,482.5121643070448,568.552272320497,673.5269072786058,609.840679137309,507.7824647483319,583.3926087706654,647.0777319059292
2.6255030809453928,2.5850063020835257,0.6837720743416132,3.114138482257738,1.1981513076068522,3.4920828146260314,-0.9046984654950244,-0.4899102639600534
165.0562298838622,383.6713834112735,-661.4302509410672,-234.8540566567458,343.0967700528457,-713.0791668200802,1404.755968224448,44.79644583422042
-0.0024020483036716,-0.0019694762291298,14523.07129073707,32679.049399073177,21705.08752212278,-12483.191816658513,-3673.4607862132016,193.6975127762268
0.0027401689954851,-0.0011227494290435,1256.204395306939,28.48836518571761,583.0137914932913,3620.7830232349816,0.0648960794571537,0.0020571072678465
0.0017763075255478,0.0007502405554855,792.8939316185001,4016.892026312914,-76.39840703912296,-3184.504074540137,0.0011347151134992,-0.0021346174896519
19.767334475830943,24.109920928335697,16.2904311125938,32.13636728165609,29.67801782415567,28.223337046496,24.903652665676027,16.94093454298728
54.26197277714251,16.264373018312277,70.17494087763954,84.74101473091756,6.393295724601401,6.758451041206143,37.416448593964375,92.4222204144112
616.9203770608925,634.0684044417344,483.42678604192207,695.625425132796,523.3792493317313,517.3088066102664,779.4375325511893,439.6661525417098
-0.2044317478065667,4.237972129799962,-0.8993466246735595,-0.7015674786353197,2.89925036097916,0.2416306087757129,0.0437810551804387,2.436663219145022
-292.96114714170307,-100.3256187379667,1874.220043906092,-620.7069054928452,173.4686858377056,1817.056283763228,788.4593063074611,-139.0701809557018
-0.0027167049221474,0.0025498659265935,9214.321049791595,22385.54449458803,4916.630213413291,20492.524727459808,15681.676128250368,-6201.507611012505
-0.0005177210296179,0.0011529438252707,-48.49782894132126,692.1287319226395,-1256.7308709781562,-651.5877195187154,337.58339283104056,0.001527760564456
-0.0029062335379682,-0.0013669343239274,-25.217937922646747,-806.5577670541468,5222.889549114068,-464.0103896609535,1758.8066814311603,0.003089353464155
26.184625665840297,28.00870042128526,15.162805317813138,19.396905497604656,26.38080126684058,25.23063021224404,17.982005232938114,28.858293481282377
88.22712821441226,81.82518469286876,63.2734900015389,35.40864728427803,78.25758235638989,14.051502277038496,79.5628834886386,77.61553720674513
1174.3946053725274,560.8298885562464,469.11514734542266,723.4641711351048,580.3786850648431,408.7671471761147,436.7420077850169,748.524255591658
1.304527378156623,-0.0900033832699003,-0.219837072084714,3.41373332991357,4.354796783992171,4.292817145299058,0.7677963684888305,3.305826730647752
-378.6708859308689,1153.6459630089698,536.321502243523,1199.0243059892157,895.0932300425105,-92.47522925230362,959.250408352458,-125.1898374903206
-0.002965080888344,0.0002344276117627,12974.262644206778,17668.315441270406,15255.543371561012,18817.67087846391,-6054.549695399833,1069.785672788407
-0.0022920777770927,-0.0024371454582989,5627.371991568909,-193.688813756436,-735.1108963416034,737.7292843187378,-16.467975358440885,-0.0032294220326947
0.0023458059112445,0.000741498780739,-648.2166663540298,2703.144813142826,-390.6207362019841,671.6350205245471,-375.571495297382,-0.0031598492763136
34.9832326334143,29.06658710004843,26.780167065057427,30.2578262953392,29.690789552778945,29.6184779831175,19.21407680194511,15.86272140015643
-3.687866075699091,79.26140284283976,19.334561000705463,19.43627419831829,36.51778490258944,67.05964605190975,65.33197596254197,98.92817007073528
660.9528755429512,482.5121643070448,568.552272320497,673.5269072786058,609.840679137309,507.7824647483319,583.3926087706654,647.0777319059292
2.6255030809453928,2.5850063020835257,0.6837720743416132,3.114138482257738,1.1981513076068522,3.4920828146260314,-0.9046984654950244,-0.4899102639600534
165.0562298838622,383.6713834112735,-661.4302509410672,-234.8540566567458,343.0967700528457,-713.0791668200802,1404.755968224448,44.79644583422042
-0.0024020483036716,-0.0019694762291298,14523.07129073707,32679.049399073177,21705.08752212278,-12483.191816658513,-3673.4607862132016,193.6975127762268
0.0027401689954851,-0.0011227494290435,1256.204395306939,28.48836518571761,583.0137914932913,3620.7830232349816,0.0648960794571537,0.0020571072678465
0.0017763075255478,0.0007502405554855,792.8939316185001,4016.892026312914,-76.39840703912296,-3184.504074540137,0.0011347151134992,-0.0021346174896519
19.767334475830943,24.109920928335697,16.2904311125938,32.13636728165609,29.67801782415567,28.223337046496,24.903652665676027,16.94093454298728
54.26197277714251,16.264373018312277,70.17494087763954,84.74101473091756,6.393295724601401,6.758451041206143,37.416448593964375,92.4222204144112
616.9203770608925,634.0684044417344,483.42678604192207,695.625425132796,523.3792493317313,517.3088066102664,779.4375325511893,439.6661525417098
-0.2044317478065667,4.237972129799962,-0.8993466246735595,-0.7015674786353197,2.89925036097916,0.2416306087757129,0.0437810551804387,2.436663219145022
-292.96114714170307,-100.3256187379667,1874.220043906092,-620.7069054928452,173.4686858377056,1817.056283763228,788.4593063074611,-139.0701809557018
-0.0027167049221474,0.0025498659265935,9214.321049791595,22385.54449458803,4916.630213413291,20492.524727459808,15681.676128250368,-6201.507611012505
-0.0005177210296179,0.0011529438252707,-48.49782894132126,692.1287319226395,-1256.7308709781562,-651.5877195187154,337.58339283104056,0.001527760564456
-0.0029062335379682,-0.0013669343239274,-25.217937922646747,-806.5577670541468,5222.889549114068,-464.0103896609535,1758.8066814311603,0.003089353464155
26.184625665840297,28.00870042128526,15.162805317813138,19.396905497604656,26.38080126684058,25.23063021224404,17.982005232938114,28.858293481282377
88.22712821441226,81.82518469286876,63.2734900015389,35.40864728427803,78.25758235638989,14.051502277038496,79.5628834886386,77.61553720674513
1174.3946053725274,560.8298885562464,469.11514734542266,723.4641711351048,580.3786850648431,408.7671471761147,436.7420077850169,748.524255591658
1.304527378156623,-0.0900033832699003,-0.219837072084714,3.41373332991357,4.354796783992171,4.292817145299058,0.7677963684888305,3.305826730647752
-378.6708859308689,1153.6459630089698,536.321502243523,1199.0243059892157,895.0932300425105,-92.47522925230362,959.250408352458,-125.1898374903206
-0.002965080888344,0.0002344276117627,12974.262644206778,17668.315441270406,15255.543371561012,18817.67087846391,-6054.549695399833,1069.785672788407
-0.0022920777770927,-0.0024371454582989,5627.371991568909,-193.688813756436,-735.1108963416034,737.7292843187378,-16.467975358440885,-0.0032294220326947
0.0023458059112445,0.000741498780739,-648.2166663540298,2703.144813142826,-390.6207362019841,671.6350205245471,-375.571495297382,-0.0031598492763136
34.9832326334143,29.06658710004843,26.780167065057427,30.2578262953392,29.690789552778945,29.6184779831175,19.21407680194511,15.86272140015643
-3.687866075699091,79.26140284283976,19.334561000705463,19.43627419831829,36.51778490258944,67.05964605190975,65.33197596254197,98.92817007073528
660.9528755429512,482.5121643070448,568.552272320497,673.5269072786058,609.840679137309,507.7824647483319,583.3926087706654,647.0777319059292
2.6255030809453928,2.5850063020835257,0.6837720743416132,3.114138482257738,1.1981513076068522,3.4920828146260314,-0.9046984654950244,-0.4899102639600534
165.0562298838622,383.6713834112735,-661.4302509410672,-234.8540566567458,343.0967700528457,-713.0791668200802,1404.755968224448,44.79644583422042
-0.0024020483036716,-0.0019694762291298,14523.07129073707,32679.049399073177,21705.08752212278,-12483.191816658513,-3673.4607862132016,193.6975127762268
0.0027401689954851,-0.0011227494290435,1256.204395306939,28.48836518571761,583.0137914932913,3620.7830232349816,0.0648960794571537,0.0020571072678465
0.0017763075255478,0.0007502405554855,792.8939316185001,4016.892026312914,-76.39840703912296,-3184.504074540137,0.0011347151134992,-0.0021346174896519
19.767334475830943,24.109920928335697,16.2904311125938,32.13636728165609,29.67801782415567,28.223337046496,24.903652665676027,16.94093454298728
54.26197277714251,16.264373018312277,70.17494087763954,84.74101473091756,6.393295724601401,6.758451041206143,37.416448593964375,92.4222204144112
616.9203770608925,634.0684044417344,483.42678604192207,695.625425132796,523.3792493317313,517.3088066102664,779.4375325511893,439.6661525417098
-0.2044317478065667,4.237972129799962,-0.8993466246735595,-0.7015674786353197,2.89925036097916,0.2416306087757129,0.0437810551804387,2.436663219145022
-292.96114714170307,-100.3256187379667,1874.220043906092,-620.7069054928452,173.4686858377056,1817.056283763228,788.4593063074611,-139.0701809557018
-0.0027167049221474,0.0025498659265935,9214.321049791595,22385.54449458803,4916.630213413291,20492.524727459808,15681.676128250368,-6201.507611012505
-0.0005177210296179,0.0011529438252707,-48.49782894132126,692.1287319226395,-1256.7308709781562,-651.5877195187154,337.58339283104056,0.001527760564456
-0.0029062335379682,-0.0013669343239274,-25.217937922646747,-806.5577670541468,5222.889549114068,-464.0103896609535,1758.8066814311603,0.003089353464155
26.184625665840297,28.00870042128526,15.162805317813138,19.396905497604656,26.38080126684058,25.23063021224404,17.982005232938114,28.858293481282377
88.22712821441226,81.82518469286876,63.2734900015389,35.40864728427803,78.25758235638989,14.051502277038496,79.5628834886386,77.61553720674513
1174.3946053725274,560.8298885562464,469.11514734542266,723.4641711351048,580.3786850648431,408.7671471761147,436.7420077850169,748.524255591658
1.304527378156623,-0.0900033832699003,-0.219837072084714,3.41373332991357,4.354796783992171,4.292817145299058,0.7677963684888305,3.305826730647752
-378.6708859308689,1153.6459630089698,536.321502243523,1199.0243059892157,895.0932300425105,-92.47522925230362,959.250408352458,-125.1898374903206
-0.002965080888344,0.0002344276117627,12974.262644206778,17668.315441270406,15255.543371561012,18817.67087846391,-6054.549695399833,1069.785672788407
-0.0022920777770927,-0.0024371454582989,5627.371991568909,-193.688813756436,-735.1108963416034,737.7292843187378,-16.467975358440885,-0.0032294220326947
0.0023458059112445,0.000741498780739,-648.2166663540298,2703.144813142826,-390.6207362019841,671.6350205245471,-375.571495297382,-0.0031598492763136
34.9832326334143,29.06658710004843,26.780167065057427,30.2578262953392,29.690789552778945,29.6184779831175,19.21407680194511,15.86272140015643
-3.687866075699091,79.26140284283976,19.334561000705463,19.43627419831829,36.51778490258944,67.05964605190975,65.33197596254197,98.92817007073528
660.9528755429512,482.5121643070448,568.552272320497,673.5269072786058,609.840679137309,507.7824647483319,583.3926087706654,647.0777319059292
2.6255030809453928,2.5850063020835257,0.6837720743416132,3.114138482257738,1.1981513076068522,3.4920828146260314,-0.9046984654950244,-0.4899102639600534
165.0562298838622,383.6713834112735,-661.4302509410672,-234.8540566567458,343.0967700528457,-713.0791668200802,1404.755968224448,44.79644583422042
-0.0024020483036716,-0.0019694762291298,14523.07129073707,32679.049399073177,21705.08752212278,-12483.191816658513,-3673.4607862132016,193.6975127762268
0.0027401689954851,-0.0011227494290435,1256.204395306939,28.48836518571761,583.0137914932913,3620.7830232349816,0.0648960794571537,0.0020571072678465
0.0017763075255478,0.0007502405554855,792.8939316185001,4016.892026312914,-76.39840703912296,-3184.504074540137,0.0011347151134992,-0.0021346174896519
19.767334475830943,24.109920928335697,16.2904311125938,32.13636728165609,29.67801782415567,28.223337046496,24.903652665676027,16.94093454298728
54.26197277714251,16.264373018312277,70.17494087763954,84.74101473091756,6.393295724601401,6.758451041206143,37.416448593964375,92.4222204144112
616.9203770608925,634.0684044417344,483.42678604192207,695.625425132796,523.3792493317313,517.3088066102664,779.4375325511893,439.6661525417098
-0.2044317478065667,4.237972129799962,-0.8993466246735595,-0.7015674786353197,2.89925036097916,0.2416306087757129,0.0437810551804387,2.436663219145022
-292.96114714170307,-100.3256187379667,1874.220043906092,-620.7069054928452,173.4686858377056,1817.056283763228,788.4593063074611,-139.0701809557018
-0.0027167049221474,0.0025498659265935,9214.321049791595,22385.54449458803,4916.630213413291,20492.524727459808,15681.676128250368,-6201.507611012505
-0.0005177210296179,0.0011529438252707,-48.49782894132126,692.1287319226395,-1256.7308709781562,-651.5877195187154,337.58339283104056,0.001527760564456
-0.0029062335379682,-0.0013669343239274,-25.217937922646747,-806.5577670541468,5222.889549114068,-464.0103896609535,1758.8066814311603,0.003089353464155
26.184625665840297,28.00870042128526,15.162805317813138,19.396905497604656,26.38080126684058,25.23063021224404,17.982005232938114,28.858293481282377
88.22712821441226,81.82518469286876,63.2734900015389,35.40864728427803,78.25758235638989,14.051502277038496,79.5628834886386,77.61553720674513
1174.3946053725274,560.8298885562464,469.11514734542266,723.4641711351048,580.3786850648431,408.7671471761147,436.7420077850169,748.524255591658
1.304527378156623,-0.0900033832699003,-0.219837072084714,3.41373332991357,4.354796783992171,4.292817145299058,0.7677963684888305,3.305826730647752
-378.6708859308689,1153.6459630089698,536.321502243523,1199.0243059892157,895.0932300425105,-92.47522925230362,959.250408352458,-125.1898374903206
-0.002965080888344,0.0002344276117627,12974.262644206778,17668.315441270406,15255.543371561012,18817.67087846391,-6054.549695399833,1069.785672788407
-0.0022920777770927,-0.0024371454582989,5627.371991568909,-193.688813756436,-735.1108963416034,737.7292843187378,-16.467975358440885,-0.0032294220326947
0.0023458059112445,0.000741498780739,-648.2166663540298,2703.144813142826,-390.6207362019841,671.6350205245471,-375.571495297382,-0.0031598492763136
34.9832326334143,29.06658710004843,26.780167065057427,30.2578262953392,29.690789552778945,29.6184779831175,19.21407680194511,15.86272140015643
-3.687866075699091,79.26140284283976,19.334561000705463,19.43627419831829,36.51778490258944,67.05964605190975,65.33197596254197,98.92817007073528
660.9528755429512,482.5121643070448,568.552272320497,673.5269072786058,609.840679137309,507.7824647483319,583.3926087706654,647.0777319059292
2.6255030809453928,2.5850063020835257,0.6837720743416132,3.114138482257738,1.1981513076068522,3.4920828146260314,-0.9046984654950244,-0.4899102639600534
165.0562298838622,383.6713834112735,-661.4302509410672,-234.8540566567458,343.0967700528457,-713.0791668200802,1404.755968224448,44.79644583422042
-0.0024020483036716,-0.0019694762291298,14523.07129073707,32679.049399073177,21705.08752212278,-12483.191816658513,-3673.4607862132016,193.6975127762268
0.0027401689954851,-0.0011227494290435,1256.204395306939,28.48836518571761,583.0137914932913,3620.7830232349816,0.0648960794571537,0.0020571072678465
0.0017763075255478,0.0007502405554855,792.8939316185001,4016.892026312914,-76.39840703912296,-3184.504074540137,0.0011347151134992,-0.0021346174896519
19.767334475830943,24.109920928335697,16.2904311125938,32.13636728165609,29.67801782415567,28.223337046496,24.903652665676027,16.94093454298728
54.26197277714251,16.264373018312277,70.17494087763954,84.74101473091756,6.393295724601401,6.758451041206143,37.416448593964375,92.4222204144112
616.9203770608925,634.0684044417344,483.42678604192207,695.625425132796,523.3792493317313,517.3088066102664,779.4375325511893,439.6661525417098
-0.2044317478065667,4.237972129799962,-0.8993466246735595,-0.7015674786353197,2.89925036097916,0.2416306087757129,0.0437810551804387,2.436663219145022
-292.96114714170307,-100.3256187379667,1874.220043906092,-620.7069054928452,173.4686858377056,1817.056283763228,788.4593063074611,-139.0701809557018
-0.0027167049221474,0.0025498659265935,9214.321049791595,22385.54449458803,4916.630213413291,20492.524727459808,15681.676128250368,-6201.507611012505
-0.0005177210296179,0.0011529438252707,-48.49782894132126,692.1287319226395,-1256.7308709781562,-651.5877195187154,337.58339283104056,0.001527760564456
-0.0029062335379682,-0.0013669343239274,-25.217937922646747,-806.5577670541468,5222.889549114068,-464.0103896609535,1758.8066814311603,0.003089353464155
26.184625665840297,28.00870042128526,15.162805317813138,19.396905497604656,26.38080126684058,25.23063021224404,17.982005232938114,28.858293481282377
88.22712821441226,81.82518469286876,63.2734900015389,35.40864728427803,78.25758235638989,14.051502277038496,79.5628834886386,77.61553720674513
1174.3946053725274,560.8298885562464,469.11514734542266,723.4641711351048,580.3786850648431,408.7671471761147,436.7420077850169,748.524255591658
1.304527378156623,-0.0900033832699003,-0.219837072084714,3.41373332991357,4.354796783992171,4.292817145299058,0.7677963684888305,3.305826730647752
-378.6708859308689,1153.6459630089698,536.321502243523,1199.0243059892157,895.0932300425105,-92.47522925230362,959.250408352458,-125.1898374903206
-0.002965080888344,0.0002344276117627,12974.262644206778,17668.315441270406,15255.543371561012,18817.67087846391,-6054.549695399833,1069.785672788407
-0.0022920777770927,-0.0024371454582989,5627.371991568909,-193.688813756436,-735.1108963416034,737.7292843187378,-16.467975358440885,-0.0032294220326947
0.0023458059112445,0.000741498780739,-648.2166663540298,2703.144813142826,-390.6207362019841,671.6350205245471,-375.571495297382,-0.0031598492763136
34.9832326334143,29.06658710004843,26.780167065057427,30.2578262953392,29.690789552778945,29.6184779831175,19.21407680194511,15.86272140015643
-3.687866075699091,79.26140284283976,19.334561000705463,19.43627419831829,36.51778490258944,67.05964605190975,65.33197596254197,98.92817007073528
660.9528755429512,482.5121643070448,568.552272320497,673.5269072786058,609.840679137309,507.7824647483319,583.3926087706654,647.0777319059292
2.6255030809453928,2.5850063020835257,0.6837720743416132,3.114138482257738,1.1981513076068522,3.4920828146260314,-0.9046984654950244,-0.4899102639600534
165.0562298838622,383.6713834112735,-661.4302509410672,-234.8540566567458,343.0967700528457,-713.0791668200802,1404.755968224448,44.79644583422042
-0.0024020483036716,-0.0019694762291298,14523.07129073707,32679.049399073177,21705.08752212278,-12483.191816658513,-3673.4607862132016,193.6975127762268
0.0027401689954851,-0.0011227494290435,1256.204395306939,28.48836518571761,583.0137914932913,3620.7830232349816,0.0648960794571537,0.0020571072678465
0.0017763075255478,0.0007502405554855,792.8939316185001,4016.892026312914,-76.39840703912296,-3184.504074540137,0.0011347151134992,-0.0021346174896519
19.767334475830943,24.109920928335697,16.2904311125938,32.13636728165609,29.67801782415567,28.223337046496,24.903652665676027,16.94093454298728
54.26197277714251,16.264373018312277,70.17494087763954,84.74101473091756,6.393295724601401,6.758451041206143,37.416448593964375,92.4222204144112
616.9203770608925,634.0684044417344,483.42678604192207,695.625425132796,523.3792493317313,517.3088066102664,779.4375325511893,439.6661525417098
-0.2044317478065667,4.237972129799962,-0.8993466246735595,-0.7015674786353197,2.89925036097916,0.2416306087757129,0.0437810551804387,2.436663219145022
-292.96114714170307,-100.3256187379667,1874.220043906092,-620.7069054928452,173.4686858377056,1817.056283763228,788.4593063074611,-139.0701809557018
-0.0027167049221474,0.0025498659265935,9214.321049791595,22385.54449458803,4916.630213413291,20492.524727459808,15681.676128250368,-6201.507611012505
-0.0005177210296179,0.0011529438252707,-48.49782894132126,692.1287319226395,-1256.7308709781562,-651.5877195187154,337.58339283104056,0.001527760564456
-0.0029062335379682,-0.0013669343239274,-25.217937922646747,-806.5577670541468,5222.889549114068,-464.0103896609535,1758.8066814311603,0.003089353464155
26.184625665840297,28.00870042128526,15.162805317813138,19.396905497604656,26.38080126684058,25.23063021224404,17.982005232938114,28.858293481282377
88.22712821441226,81.82518469286876,63.2734900015389,35.40864728427803,78.25758235638989,14.051502277038496,79.5628834886386,77.61553720674513
1174.3946053725274,560.8298885562464,469.11514734542266,723.4641711351048,580.3786850648431,408.7671471761147,436.7420077850169,748.524255591658
1.304527378156623,-0.0900033832699003,-0.219837072084714,3.41373332991357,4.354796783992171,4.292817145299058,0.7677963684888305,3.305826730647752
-378.6708859308689,1153.6459630089698,536.321502243523,1199.0243059892157,895.0932300425105,-92.47522925230362,959.250408352458,-125.1898374903206
-0.002965080888344,0.0002344276117627,12974.262644206778,17668.315441270406,15255.543371561012,18817.67087846391,-6054.549695399833,1069.785672788407
-0.0022920777770927,-0.0024371454582989,5627.371991568909,-193.688813756436,-735.1108963416034,737.7292843187378,-16.467975358440885,-0.0032294220326947
0.0023458059112445,0.000741498780739,-648.2166663540298,2703.144813142826,-390.6207362019841,671.6350205245471,-375.571495297382,-0.0031598492763136
34.9832326334143,29.06658710004843,26.780167065057427,30.2578262953392,29.690789552778945,29.6184779831175,19.21407680194511,15.86272140015643
-3.687866075699091,79.26140284283976,19.334561000705463,19.43627419831829,36.51778490258944,67.05964605190975,65.33197596254197,98.92817007073528
660.9528755429512,482.5121643070448,568.552272320497,673.5269072786058,609.840679137309,507.7824647483319,583.3926087706654,647.0777319059292
2.6255030809453928,2.5850063020835257,0.6837720743416132,3.114138482257738,1.1981513076068522,3.4920828146260314,-0.9046984654950244,-0.4899102639600534
165.0562298838622,383.6713834112735,-661.4302509410672,-234.8540566567458,343.0967700528457,-713.0791668200802,1404.755968224448,44.79644583422042
-0.0024020483036716,-0.0019694762291298,14523.07129073707,32679.049399073177,21705.08752212278,-12483.191816658513,-3673.4607862132016,193.6975127762268
0.0027401689954851,-0.0011227494290435,1256.204395306939,28.48836518571761,583.0137914932913,3620.7830232349816,0.0648960794571537,0.0020571072678465
0.0017763075255478,0.0007502405554855,792.8939316185001,4016.892026312914,-76.39840703912296,-3184.504074540137,0.0011347151134992,-0.0021346174896519
19.767334475830943,24.109920928335697,16.2904311125938,32.13636728165609,29.67801782415567,28.223337046496,24.903652665676027,16.94093454298728
54.26197277714251,16.264373018312277,70.17494087763954,84.74101473091756,6.393295724601401,6.758451041206143,37.416448593964375,92.4222204144112
616.9203770608925,634.0684044417344,483.42678604192207,695.625425132796,523.3792493317313,517.3088066102664,779.4375325511893,439.6661525417098
-0.2044317478065667,4.237972129799962,-0.8993466246735595,-0.7015674786353197,2.89925036097916,0.2416306087757129,0.0437810551804387,2.436663219145022
-292.96114714170307,-100.3256187379667,1874.220043906092,-620.7069054928452,173.4686858377056,1817.056283763228,788.4593063074611,-139.0701809557018
-0.0027167049221474,0.0025498659265935,9214.321049791595,22385.54449458803,4916.630213413291,20492.524727459808,15681.676128250368,-6201.507611012505
-0.0005177210296179,0.0011529438252707,-48.49782894132126,692.1287319226395,-1256.7308709781562,-651.5877195187154,337.58339283104056,0.001527760564456
-0.0029062335379682,-0.0013669343239274,-25.217937922646747,-806.5577670541468,5222.889549114068,-464.0103896609535,1758.8066814311603,0.003089353464155
26.184625665840297,28.00870042128526,15.162805317813138,19.396905497604656,26.38080126684058,25.23063021224404,17.982005232938114,28.858293481282377
88.22712821441226,81.82518469286876,63.2734900015389,35.40864728427803,78.25758235638989,14.051502277038496,79.5628834886386,77.61553720674513
1174.3946053725274,560.8298885562464,469.11514734542266,723.4641711351048,580.3786850648431,408.7671471761147,436.7420077850169,748.524255591658
1.304527378156623,-0.0900033832699003,-0.219837072084714,3.41373332991357,4.354796783992171,4.292817145299058,0.7677963684888305,3.305826730647752
-378.6708859308689,1153.6459630089698,536.321502243523,1199.0243059892157,895.0932300425105,-92.47522925230362,959.250408352458,-125.1898374903206
-0.002965080888344,0.0002344276117627,12974.262644206778,17668.315441270406,15255.543371561012,18817.67087846391,-6054.549695399833,1069.785672788407
-0.0022920777770927,-0.0024371454582989,5627.371991568909,-193.688813756436,-735.1108963416034,737.7292843187378,-16.467975358440885,-0.0032294220326947
0.0023458059112445,0.000741498780739,-648.2166663540298,2703.144813142826,-390.6207362019841,671.6350205245471,-375.571495297382,-0.0031598492763136
34.9832326334143,29.06658710004843,26.780167065057427,30.2578262953392,29.690789552778945,29.6184779831175,19.21407680194511,15.86272140015643
-3.687866075699091,79.26140284283976,19.334561000705463,19.43627419831829,36.51778490258944,67.05964605190975,65.33197596254197,98.92817007073528
660.9528755429512,482.5121643070448,568.552272320497,673.5269072786058,609.840679137309,507.7824647483319,583.3926087706654,647.0777319059292
2.6255030809453928,2.5850063020835257,0.6837720743416132,3.114138482257738,1.1981513076068522,3.4920828146260314,-0.9046984654950244,-0.4899102639600534
165.0562298838622,383.6713834112735,-661.4302509410672,-234.8540566567458,343.0967700528457,-713.0791668200802,1404.755968224448,44.79644583422042
-0.0024020483036716,-0.0019694762291298,14523.07129073707,32679.049399073177,21705.08752212278,-12483.191816658513,-3673.4607862132016,193.6975127762268
0.0027401689954851,-0.0011227494290435,1256.204395306939,28.48836518571761,583.0137914932913,3620.7830232349816,0.0648960794571537,0.0020571072678465
0.0017763075255478,0.0007502405554855,792.8939316185001,4016.892026312914,-76.39840703912296,-3184.504074540137,0.0011347151134992,-0.0021346174896519
19.767334475830943,24.109920928335697,16.2904311125938,32.13636728165609,29.67801782415567,28.223337046496,24.903652665676027,16.94093454298728
54.26197277714251,16.264373018312277,70.17494087763954,84.74101473091756,6.393295724601401,6.758451041206143,37.416448593964375,92.4222204144112
616.9203770608925,634.0684044417344,483.42678604192207,695.625425132796,523.3792493317313,517.3088066102664,779.4375325511893,439.6661525417098
-0.2044317478065667,4.237972129799962,-0.8993466246735595,-0.7015674786353197,2.89925036097916,0.2416306087757129,0.0437810551804387,2.436663219145022
-292.96114714170307,-100.3256187379667,1874.220043906092,-620.7069054928452,173.4686858377056,1817.056283763228,788.4593063074611,-139.0701809557018
-0.0027167049221474,0.0025498659265935,9214.321049791595,22385.54449458803,4916.630213413291,20492.524727459808,15681.676128250368,-6201.507611012505
-0.0005177210296179,0.0011529438252707,-48.49782894132126,692.1287319226395,-1256.7308709781562,-651.5877195187154,337.58339283104056,0.001527760564456
-0.0029062335379682,-0.0013669343239274,-25.217937922646747,-806.5577670541468,5222.889549114068,-464.0103896609535,1758.8066814311603,0.003089353464155
26.184625665840297,28.00870042128526,15.162805317813138,19.396905497604656,26.38080126684058,25.23063021224404,17.982005232938114,28.858293481282377
88.22712821441226,81.82518469286876,63.2734900015389,35.40864728427803,78.25758235638989,14.051502277038496,79.5628834886386,77.61553720674513
1174.3946053725274,560.8298885562464,469.11514734542266,723.4641711351048,580.3786850648431,408.7671471761147,436.7420077850169,748.524255591658
1.304527378156623,-0.0900033832699003,-0.219837072084714,3.41373332991357,4.354796783992171,4.292817145299058,0.7677963684888305,3.305826730647752
-378.6708859308689,1153.6459630089698,536.321502243523,1199.0243059892157,895.0932300425105,-92.47522925230362,959.250408352458,-125.1898374903206
-0.002965080888344,0.0002344276117627,12974.262644206778,17668.315441270406,15255.543371561012,18817.67087846391,-6054.549695399833,1069.785672788407
-0.0022920777770927,-0.0024371454582989,5627.371991568909,-193.688813756436,-735.1108963416034,737.7292843187378,-16.467975358440885,-0.0032294220326947
0.0023458059112445,0.000741498780739,-648.2166663540298,2703.144813142826,-390.6207362019841,671.6350205245471,-375.571495297382,-0.0031598492763136
34.9832326334143,29.06658710004843,26.780167065057427,30.2578262953392,29.690789552778945,29.6184779831175,19.21407680194511,15.86272140015643
-3.687866075699091,79.26140284283976,19.334561000705463,19.43627419831829,36.51778490258944,67.05964605190975,65.33197596254197,98.92817007073528
660.9528755429512,482.5121643070448,568.552272320497,673.5269072786058,609.840679137309,507.7824647483319,583.3926087706654,647.0777319059292
2.6255030809453928,2.5850063020835257,0.6837720743416132,3.114138482257738,1.1981513076068522,3.4920828146260314,-0.9046984654950244,-0.4899102639600534
165.0562298838622,383.6713834112735,-661.4302509410672,-234.8540566567458,343.0967700528457,-713.0791668200802,1404.755968224448,44.79644583422042
-0.0024020483036716,-0.0019694762291298,14523.07129073707,32679.049399073177,21705.08752212278,-12483.191816658513,-3673.4607862132016,193.6975127762268
0.0027401689954851,-0.0011227494290435,1256.204395306939,28.48836518571761,583.0137914932913,3620.7830232349816,0.0648960794571537,0.0020571072678465
0.0017763075255478,0.0007502405554855,792.8939316185001,4016.892026312914,-76.39840703912296,-3184.504074540137,0.0011347151134992,-0.0021346174896519
19.767334475830943,24.109920928335697,16.2904311125938,32.13636728165609,29.67801782415567,28.223337046496,24.903652665676027,16.94093454298728
54.26197277714251,16.264373018312277,70.17494087763954,84.74101473091756,6.393295724601401,6.758451041206143,37.416448593964375,92.4222204144112
616.9203770608925,634.0684044417344,483.42678604192207,695.625425132796,523.3792493317313,517.3088066102664,779.4375325511893,439.6661525417098
-0.2044317478065667,4.237972129799962,-0.8993466246735595,-0.7015674786353197,2.89925036097916,0.2416306087757129,0.0437810551804387,2.436663219145022
-292.96114714170307,-100.3256187379667,1874.220043906092,-620.7069054928452,173.4686858377056,1817.056283763228,788.4593063074611,-139.0701809557018
-0.0027167049221474,0.0025498659265935,9214.321049791595,22385.54449458803,4916.630213413291,20492.524727459808,15681.676128250368,-6201.507611012505
-0.0005177210296179,0.0011529438252707,-48.49782894132126,692.1287319226395,-1256.7308709781562,-651.5877195187154,337.58339283104056,0.001527760564456
-0.0029062335379682,-0.0013669343239274,-25.217937922646747,-806.5577670541468,5222.889549114068,-464.0103896609535,1758.8066814311603,0.003089353464155
26.184625665840297,28.00870042128526,15.162805317813138,19.396905497604656,26.38080126684058,25.23063021224404,17.982005232938114,28.858293481282377
88.22712821441226,81.82518469286876,63.2734900015389,35.40864728427803,78.25758235638989,14.051502277038496,79.5628834886386,77.61553720674513
1174.3946053725274,560.8298885562464,469.11514734542266,723.4641711351048,580.3786850648431,408.7671471761147,436.7420077850169,748.524255591658
1.304527378156623,-0.0900033832699003,-0.219837072084714,3.41373332991357,4.354796783992171,4.292817145299058,0.7677963684888305,3.305826730647752
-378.6708859308689,1153.6459630089698,536.321502243523,1199.0243059892157,895.0932300425105,-92.47522925230362,959.250408352458,-125.1898374903206
-0.002965080888344,0.0002344276117627,12974.262644206778,17668.315441270406,15255.543371561012,18817.67087846391,-6054.549695399833,1069.785672788407
-0.0022920777770927,-0.0024371454582989,5627.371991568909,-193.688813756436,-735.1108963416034,737.7292843187378,-16.467975358440885,-0.0032294220326947
0.0023458059112445,0.000741498780739,-648.2166663540298,2703.144813142826,-390.6207362019841,671.6350205245471,-375.571495297382,-0.0031598492763136
34.9832326334143,29.06658710004843,26.780167065057427,30.2578262953392,29.690789552778945,29.6184779831175,19.21407680194511,15.86272140015643
-3.687866075699091,79.26140284283976,19.334561000705463,19.43627419831829,36.51778490258944,67.05964605190975,65.33197596254197,98.92817007073528
660.9528755429512,482.5121643070448,568.552272320497,673.5269072786058,609.840679137309,507.7824647483319,583.3926087706654,647.0777319059292
2.6255030809453928,2.5850063020835257,0.6837720743416132,3.114138482257738,1.1981513076068522,3.4920828146260314,-0.9046984654950244,-0.4899102639600534
165.0562298838622,383.6713834112735,-661.4302509410672,-234.8540566567458,343.0967700528457,-713.0791668200802,1404.755968224448,44.79644583422042
-0.0024020483036716,-0.0019694762291298,14523.07129073707,32679.049399073177,21705.08752212278,-12483.191816658513,-3673.4607862132016,193.6975127762268
0.0027401689954851,-0.0011227494290435,1256.204395306939,28.48836518571761,583.0137914932913,3620.7830232349816,0.0648960794571537,0.0020571072678465
0.0017763075255478,0.0007502405554855,792.8939316185001,4016.892026312914,-76.39840703912296,-3184.504074540137,0.0011347151134992,-0.0021346174896519
19.767334475830943,24.109920928335697,16.2904311125938,32.13636728165609,29.67801782415567,28.223337046496,24.903652665676027,16.94093454298728
54.26197277714251,16.264373018312277,70.17494087763954,84.74101473091756,6.393295724601401,6.758451041206143,37.416448593964375,92.4222204144112
616.9203770608925,634.0684044417344,483.42678604192207,695.625425132796,523.3792493317313,517.3088066102664,779.4375325511893,439.6661525417098
-0.2044317478065667,4.237972129799962,-0.8993466246735595,-0.7015674786353197,2.89925036097916,0.2416306087757129,0.0437810551804387,2.436663219145022
-292.96114714170307,-100.3256187379667,1874.220043906092,-620.7069054928452,173.4686858377056,1817.056283763228,788.4593063074611,-139.0701809557018
-0.0027167049221474,0.0025498659265935,9214.321049791595,22385.54449458803,4916.630213413291,20492.524727459808,15681.676128250368,-6201.507611012505
-0.0005177210296179,0.0011529438252707,-48.49782894132126,692.1287319226395,-1256.7308709781562,-651.5877195187154,337.58339283104056,0.001527760564456
-0.0029062335379682,-0.0013669343239274,-25.217937922646747,-806.5577670541468,5222.889549114068,-464.0103896609535,1758.8066814311603,0.003089353464155
26.184625665840297,28.00870042128526,15.162805317813138,19.396905497604656,26.38080126684058,25.23063021224404,17.982005232938114,28.858293481282377
88.22712821441226,81.82518469286876,63.2734900015389,35.40864728427803,78.25758235638989,14.051502277038496,79.5628834886386,77.61553720674513
1174.3946053725274,560.8298885562464,469.11514734542266,723.4641711351048,580.3786850648431,408.7671471761147,436.7420077850169,748.524255591658
1.304527378156623,-0.0900033832699003,-0.219837072084714,3.41373332991357,4.354796783992171,4.292817145299058,0.7677963684888305,3.305826730647752
-378.6708859308689,1153.6459630089698,536.321502243523,1199.0243059892157,895.0932300425105,-92.47522925230362,959.250408352458,-125.1898374903206
-0.002965080888344,0.0002344276117627,12974.262644206778,17668.315441270406,15255.543371561012,18817.67087846391,-6054.549695399833,1069.785672788407
-0.0022920777770927,-0.0024371454582989,5627.371991568909,-193.688813756436,-735.1108963416034,737.7292843187378,-16.467975358440885,-0.0032294220326947
0.0023458059112445,0.000741498780739,-648.2166663540298,2703.144813142826,-390.6207362019841,671.6350205245471,-375.571495297382,-0.0031598492763136
34.9832326334143,29.06658710004843,26.780167065057427,30.2578262953392,29.690789552778945,29.6184779831175,19.21407680194511,15.86272140015643
-3.687866075699091,79.26140284283976,19.334561000705463,19.43627419831829,36.51778490258944,67.05964605190975,65.33197596254197,98.92817007073528
660.9528755429512,482.5121643070448,568.552272320497,673.5269072786058,609.840679137309,507.7824647483319,583.3926087706654,647.0777319059292
2.6255030809453928,2.5850063020835257,0.6837720743416132,3.114138482257738,1.1981513076068522,3.4920828146260314,-0.9046984654950244,-0.4899102639600534
165.0562298838622,383.6713834112735,-661.4302509410672,-234.8540566567458,343.0967700528457,-713.0791668200802,1404.755968224448,44.79644583422042
-0.0024020483036716,-0.0019694762291298,14523.07129073707,32679.049399073177,21705.08752212278,-12483.191816658513,-3673.4607862132016,193.6975127762268
0.0027401689954851,-0.0011227494290435,1256.204395306939,28.48836518571761,583.0137914932913,3620.7830232349816,0.0648960794571537,0.0020571072678465
0.0017763075255478,0.0007502405554855,792.8939316185001,4016.892026312914,-76.39840703912296,-3184.504074540137,0.0011347151134992,-0.0021346174896519
19.767334475830943,24.109920928335697,16.2904311125938,32.13636728165609,29.67801782415567,28.223337046496,24.903652665676027,16.94093454298728
54.26197277714251,16.264373018312277,70.17494087763954,84.74101473091756,6.393295724601401,6.758451041206143,37.416448593964375,92.4222204144112
616.9203770608925,634.0684044417344,483.42678604192207,695.625425132796,523.3792493317313,517.3088066102664,779.4375325511893,439.6661525417098
-0.2044317478065667,4.237972129799962,-0.8993466246735595,-0.7015674786353197,2.89925036097916,0.2416306087757129,0.0437810551804387,2.436663219145022
-292.96114714170307,-100.3256187379667,1874.220043906092,-620.7069054928452,173.4686858377056,1817.056283763228,788.4593063074611,-139.0701809557018
-0.0027167049221474,0.0025498659265935,9214.321049791595,22385.54449458803,4916.630213413291,20492.524727459808,15681.676128250368,-6201.507611012505
-0.0005177210296179,0.0011529438252707,-48.49782894132126,692.1287319226395,-1256.7308709781562,-651.5877195187154,337.58339283104056,0.001527760564456
-0.0029062335379682,-0.0013669343239274,-25.217937922646747,-806.5577670541468,5222.889549114068,-464.0103896609535,1758.8066814311603,0.003089353464155
26.184625665840297,28.00870042128526,15.162805317813138,19.396905497604656,26.38080126684058,25.23063021224404,17.982005232938114,28.858293481282377
88.22712821441226,81.82518469286876,63.2734900015389,35.40864728427803,78.25758235638989,14.051502277038496,79.5628834886386,77.61553720674513
1174.3946053725274,560.8298885562464,469.11514734542266,723.4641711351048,580.3786850648431,408.7671471761147,436.7420077850169,748.524255591658
1.304527378156623,-0.0900033832699003,-0.219837072084714,3.41373332991357,4.354796783992171,4.292817145299058,0.7677963684888305,3.305826730647752
-378.6708859308689,1153.6459630089698,536.321502243523,1199.0243059892157,895.0932300425105,-92.47522925230362,959.250408352458,-125.1898374903206
-0.002965080888344,0.0002344276117627,12974.262644206778,17668.315441270406,15255.543371561012,18817.67087846391,-6054.549695399833,1069.785672788407
-0.0022920777770927,-0.0024371454582989,5627.371991568909,-193.688813756436,-735.1108963416034,737.7292843187378,-16.467975358440885,-0.0032294220326947
0.0023458059112445,0.000741498780739,-648.2166663540298,2703.144813142826,-390.6207362019841,671.6350205245471,-375.571495297382,-0.0031598492763136
34.9832326334143,29.06658710004843,26.780167065057427,30.2578262953392,29.690789552778945,29.6184779831175,19.21407680194511,15.86272140015643
-3.687866075699091,79.26140284283976,19.334561000705463,19.43627419831829,36.51778490258944,67.05964605190975,65.33197596254197,98.92817007073528
660.9528755429512,482.5121643070448,568.552272320497,673.5269072786058,609.840679137309,507.7824647483319,583.3926087706654,647.0777319059292
2.6255030809453928,2.5850063020835257,0.6837720743416132,3.114138482257738,1.1981513076068522,3.4920828146260314,-0.9046984654950244,-0.4899102639600534
165.0562298838622,383.6713834112735,-661.4302509410672,-234.8540566567458,343.0967700528457,-713.0791668200802,1404.755968224448,44.79644583422042
-0.0024020483036716,-0.0019694762291298,14523.07129073707,32679.049399073177,21705.08752212278,-12483.191816658513,-3673.4607862132016,193.6975127762268
0.0027401689954851,-0.0011227494290435,1256.204395306939,28.48836518571761,583.0137914932913,3620.7830232349816,0.0648960794571537,0.0020571072678465
0.0017763075255478,0.0007502405554855,792.8939316185001,4016.892026312914,-76.39840703912296,-3184.504074540137,0.0011347151134992,-0.0021346174896519
19.767334475830943,24.109920928335697,16.2904311125938,32.13636728165609,29.67801782415567,28.223337046496,24.903652665676027,16.94093454298728
54.26197277714251,16.264373018312277,70.17494087763954,84.74101473091756,6.393295724601401,6.758451041206143,37.416448593964375,92.4222204144112
616.9203770608925,634.0684044417344,483.42678604192207,695.625425132796,523.3792493317313,517.3088066102664,779.4375325511893,439.6661525417098
-0.2044317478065667,4.237972129799962,-0.8993466246735595,-0.7015674786353197,2.89925036097916,0.2416306087757129,0.0437810551804387,2.436663219145022
-292.96114714170307,-100.3256187379667,1874.220043906092,-620.7069054928452,173.4686858377056,1817.056283763228,788.4593063074611,-139.0701809557018
-0.0027167049221474,0.0025498659265935,9214.321049791595,22385.54449458803,4916.630213413291,20492.524727459808,15681.676128250368,-6201.507611012505
-0.0005177210296179,0.0011529438252707,-48.49782894132126,692.1287319226395,-1256.7308709781562,-651.5877195187154,337.58339283104056,0.001527760564456
-0.0029062335379682,-0.0013669343239274,-25.217937922646747,-806.5577670541468,5222.889549114068,-464.0103896609535,1758.8066814311603,0.003089353464155
26.184625665840297,28.00870042128526,15.162805317813138,19.396905497604656,26.38080126684058,25.23063021224404,17.982005232938114,28.858293481282377
88.22712821441226,81.82518469286876,63.2734900015389,35.40864728427803,78.25758235638989,14.051502277038496,79.5628834886386,77.61553720674513
1174.3946053725274,560.8298885562464,469.11514734542266,723.4641711351048,580.3786850648431,408.7671471761147,436.7420077850169,748.524255591658
1.304527378156623,-0.0900033832699003,-0.219837072084714,3.41373332991357,4.354796783992171,4.292817145299058,0.7677963684888305,3.305826730647752
-378.6708859308689,1153.6459630089698,536.321502243523,1199.0243059892157,895.0932300425105,-92.47522925230362,959.250408352458,-125.1898374903206
-0.002965080888344,0.0002344276117627,12974.262644206778,17668.315441270406,15255.543371561012,18817.67087846391,-6054.549695399833,1069.785672788407
-0.0022920777770927,-0.0024371454582989,5627.371991568909,-193.688813756436,-735.1108963416034,737.7292843187378,-16.467975358440885,-0.0032294220326947
0.0023458059112445,0.000741498780739,-648.2166663540298,2703.144813142826,-390.6207362019841,671.6350205245471,-375.571495297382,-0.0031598492763136
34.9832326334143,29.06658710004843,26.780167065057427,30.2578262953392,29.690789552778945,29.6184779831175,19.21407680194511,15.86272140015643
-3.687866075699091,79.26140284283976,19.334561000705463,19.43627419831829,36.51778490258944,67.05964605190975,65.33197596254197,98.92817007073528
660.9528755429512,482.5121643070448,568.552272320497,673.5269072786058,609.840679137309,507.7824647483319,583.3926087706654,647.0777319059292
2.6255030809453928,2.5850063020835257,0.6837720743416132,3.114138482257738,1.1981513076068522,3.4920828146260314,-0.9046984654950244,-0.4899102639600534
165.0562298838622,383.6713834112735,-661.4302509410672,-234.8540566567458,343.0967700528457,-713.0791668200802,1404.755968224448,44.79644583422042
-0.0024020483036716,-0.0019694762291298,14523.07129073707,32679.049399073177,21705.08752212278,-12483.191816658513,-3673.4607862132016,193.6975127762268
0.0027401689954851,-0.0011227494290435,1256.204395306939,28.48836518571761,583.0137914932913,3620.7830232349816,0.0648960794571537,0.0020571072678465
0.0017763075255478,0.0007502405554855,792.8939316185001,4016.892026312914,-76.39840703912296,-3184.504074540137,0.0011347151134992,-0.0021346174896519
19.767334475830943,24.109920928335697,16.2904311125938,32.13636728165609,29.67801782415567,28.223337046496,24.903652665676027,16.94093454298728
54.26197277714251,16.264373018312277,70.17494087763954,84.74101473091756,6.393295724601401,6.758451041206143,37.416448593964375,92.4222204144112
616.9203770608925,634.0684044417344,483.42678604192207,695.625425132796,523.3792493317313,517.3088066102664,779.4375325511893,439.6661525417098
-0.2044317478065667,4.237972129799962,-0.8993466246735595,-0.7015674786353197,2.89925036097916,0.2416306087757129,0.0437810551804387,2.436663219145022
-292.96114714170307,-100.3256187379667,1874.220043906092,-620.7069054928452,173.4686858377056,1817.056283763228,788.4593063074611,-139.0701809557018
-0.0027167049221474,0.0025498659265935,9214.321049791595,22385.54449458803,4916.630213413291,20492.524727459808,15681.676128250368,-6201.507611012505
-0.0005177210296179,0.0011529438252707,-48.49782894132126,692.1287319226395,-1256.7308709781562,-651.5877195187154,337.58339283104056,0.001527760564456
-0.0029062335379682,-0.0013669343239274,-25.217937922646747,-806.5577670541468,5222.889549114068,-464.0103896609535,1758.8066814311603,0.003089353464155
26.184625665840297,28.00870042128526,15.162805317813138,19.396905497604656,26.38080126684058,25.23063021224404,17.982005232938114,28.858293481282377
88.22712821441226,81.82518469286876,63.2734900015389,35.40864728427803,78.25758235638989,14.051502277038496,79.5628834886386,77.61553720674513
1174.3946053725274,560.8298885562464,469.11514734542266,723.4641711351048,580.3786850648431,408.7671471761147,436.7420077850169,748.524255591658
1.304527378156623,-0.0900033832699003,-0.219837072084714,3.41373332991357,4.354796783992171,4.292817145299058,0.7677963684888305,3.305826730647752
-378.6708859308689,1153.6459630089698,536.321502243523,1199.0243059892157,895.0932300425105,-92.47522925230362,959.250408352458,-125.1898374903206
-0.002965080888344,0.0002344276117627,12974.262644206778,17668.315441270406,15255.543371561012,18817.67087846391,-6054.549695399833,1069.785672788407
-0.0022920777770927,-0.0024371454582989,5627.371991568909,-193.688813756436,-735.1108963416034,737.7292843187378,-16.467975358440885,-0.0032294220326947
0.0023458059112445,0.000741498780739,-648.2166663540298,2703.144813142826,-390.6207362019841,671.6350205245471,-375.571495297382,-0.0031598492763136
34.9832326334143,29.06658710004843,26.780167065057427,30.2578262953392,29.690789552778945,29.6184779831175,19.21407680194511,15.86272140015643
-3.687866075699091,79.26140284283976,19.334561000705463,19.43627419831829,36.51778490258944,67.05964605190975,65.33197596254197,98.92817007073528
660.9528755429512,482.5121643070448,568.552272320497,673.5269072786058,609.840679137309,507.7824647483319,583.3926087706654,647.0777319059292
2.6255030809453928,2.5850063020835257,0.6837720743416132,3.114138482257738,1.1981513076068522,3.4920828146260314,-0.9046984654950244,-0.4899102639600534
165.0562298838622,383.6713834112735,-661.4302509410672,-234.8540566567458,343.0967700528457,-713.0791668200802,1404.755968224448,44.79644583422042
-0.0024020483036716,-0.0019694762291298,14523.07129073707,32679.049399073177,21705.08752212278,-12483.191816658513,-3673.4607862132016,193.6975127762268
0.0027401689954851,-0.0011227494290435,1256.204395306939,28.48836518571761,583.0137914932913,3620.7830232349816,0.0648960794571537,0.0020571072678465
0.0017763075255478,0.0007502405554855,792.8939316185001,4016.892026312914,-76.39840703912296,-3184.504074540137,0.0011347151134992,-0.0021346174896519
19.767334475830943,24.109920928335697,16.2904311125938,32.13636728165609,29.67801782415567,28.223337046496,24.903652665676027,16.94093454298728
54.26197277714251,16.264373018312277,70.17494087763954,84.74101473091756,6.393295724601401,6.758451041206143,37.416448593964375,92.4222204144112
616.9203770608925,634.0684044417344,483.42678604192207,695.625425132796,523.3792493317313,517.3088066102664,779.4375325511893,439.6661525417098
-0.2044317478065667,4.237972129799962,-0.8993466246735595,-0.7015674786353197,2.89925036097916,0.2416306087757129,0.0437810551804387,2.436663219145022
-292.96114714170307,-100.3256187379667,1874.220043906092,-620.7069054928452,173.4686858377056,1817.056283763228,788.4593063074611,-139.0701809557018
-0.0027167049221474,0.0025498659265935,9214.321049791595,22385.54449458803,4916.630213413291,20492.524727459808,15681.676128250368,-6201.507611012505
-0.0005177210296179,0.0011529438252707,-48.49782894132126,692.1287319226395,-1256.7308709781562,-651.5877195187154,337.58339283104056,0.001527760564456
-0.0029062335379682,-0.0013669343239274,-25.217937922646747,-806.5577670541468,5222.889549114068,-464.0103896609535,1758.8066814311603,0.003089353464155
26.184625665840297,28.00870042128526,15.162805317813138,19.396905497604656,26.38080126684058,25.23063021224404,17.982005232938114,28.858293481282377
88.22712821441226,81.82518469286876,63.2734900015389,35.40864728427803,78.25758235638989,14.051502277038496,79.5628834886386,77.61553720674513
1174.3946053725274,560.8298885562464,469.11514734542266,723.4641711351048,580.3786850648431,408.7671471761147,436.7420077850169,748.524255591658
1.304527378156623,-0.0900033832699003,-0.219837072084714,3.41373332991357,4.354796783992171,4.292817145299058,0.7677963684888305,3.305826730647752
-378.6708859308689,1153.6459630089698,536.321502243523,1199.0243059892157,895.0932300425105,-92.47522925230362,959.250408352458,-125.1898374903206
-0.002965080888344,0.0002344276117627,12974.262644206778,17668.315441270406,15255.543371561012,18817.67087846391,-6054.549695399833,1069.785672788407
-0.0022920777770927,-0.0024371454582989,5627.371991568909,-193.688813756436,-735.1108963416034,737.7292843187378,-16.467975358440885,-0.0032294220326947
0.0023458059112445,0.000741498780739,-648.2166663540298,2703.144813142826,-390.6207362019841,671.6350205245471,-375.571495297382,-0.0031598492763136
34.9832326334143,29.06658710004843,26.780167065057427,30.2578262953392,29.690789552778945,29.6184779831175,19.21407680194511,15.86272140015643
-3.687866075699091,79.26140284283976,19.334561000705463,19.43627419831829,36.51778490258944,67.05964605190975,65.33197596254197,98.92817007073528
660.9528755429512,482.5121643070448,568.552272320497,673.5269072786058,609.840679137309,507.7824647483319,583.3926087706654,647.0777319059292
2.6255030809453928,2.5850063020835257,0.6837720743416132,3.114138482257738,1.1981513076068522,3.4920828146260314,-0.9046984654950244,-0.4899102639600534
165.0562298838622,383.6713834112735,-661.4302509410672,-234.8540566567458,343.0967700528457,-713.0791668200802,1404.755968224448,44.79644583422042
-0.0024020483036716,-0.0019694762291298,14523.07129073707,32679.049399073177,21705.08752212278,-12483.191816658513,-3673.4607862132016,193.6975127762268
0.0027401689954851,-0.0011227494290435,1256.204395306939,28.48836518571761,583.0137914932913,3620.7830232349816,0.0648960794571537,0.0020571072678465
0.0017763075255478,0.0007502405554855,792.8939316185001,4016.892026312914,-76.39840703912296,-3184.504074540137,0.0011347151134992,-0.0021346174896519
19.767334475830943,24.109920928335697,16.2904311125938,32.13636728165609,29.67801782415567,28.223337046496,24.903652665676027,16.94093454298728
54.26197277714251,16.264373018312277,70.17494087763954,84.74101473091756,6.393295724601401,6.758451041206143,37.416448593964375,92.4222204144112
616.9203770608925,634.0684044417344,483.42678604192207,695.625425132796,523.3792493317313,517.3088066102664,779.4375325511893,439.6661525417098
-0.2044317478065667,4.237972129799962,-0.8993466246735595,-0.7015674786353197,2.89925036097916,0.2416306087757129,0.0437810551804387,2.436663219145022
-292.96114714170307,-100.3256187379667,1874.220043906092,-620.7069054928452,173.4686858377056,1817.056283763228,788.4593063074611,-139.0701809557018
-0.0027167049221474,0.0025498659265935,9214.321049791595,22385.54449458803,4916.630213413291,20492.524727459808,15681.676128250368,-6201.507611012505
-0.0005177210296179,0.0011529438252707,-48.49782894132126,692.1287319226395,-1256.7308709781562,-651.5877195187154,337.58339283104056,0.001527760564456
-0.0029062335379682,-0.0013669343239274,-25.217937922646747,-806.5577670541468,5222.889549114068,-464.0103896609535,1758.8066814311603,0.003089353464155
26.184625665840297,28.00870042128526,15.162805317813138,19.396905497604656,26.38080126684058,25.23063021224404,17.982005232938114,28.858293481282377
88.22712821441226,81.82518469286876,63.2734900015389,35.40864728427803,78.25758235638989,14.051502277038496,79.5628834886386,77.61553720674513
1174.3946053725274,560.8298885562464,469.11514734542266,723.4641711351048,580.3786850648431,408.7671471761147,436.7420077850169,748.524255591658
1.304527378156623,-0.0900033832699003,-0.219837072084714,3.41373332991357,4.354796783992171,4.292817145299058,0.7677963684888305,3.305826730647752
-378.6708859308689,1153.6459630089698,536.321502243523,1199.0243059892157,895.0932300425105,-92.47522925230362,959.250408352458,-125.1898374903206
-0.002965080888344,0.0002344276117627,12974.262644206778,17668.315441270406,15255.543371561012,18817.67087846391,-6054.549695399833,1069.785672788407
-0.0022920777770927,-0.0024371454582989,5627.371991568909,-193.688813756436,-735.1108963416034,737.7292843187378,-16.467975358440885,-0.0032294220326947
0.0023458059112445,0.000741498780739,-648.2166663540298,2703.144813142826,-390.6207362019841,671.6350205245471,-375.571495297382,-0.0031598492763136
34.9832326334143,29.06658710004843,26.780167065057427,30.2578262953392,29.690789552778945,29.6184779831175,19.21407680194511,15.86272140015643
-3.687866075699091,79.26140284283976,19.334561000705463,19.43627419831829,36.51778490258944,67.05964605190975,65.33197596254197,98.92817007073528
660.9528755429512,482.5121643070448,568.552272320497,673.5269072786058,609.840679137309,507.7824647483319,583.3926087706654,647.0777319059292
2.6255030809453928,2.5850063020835257,0.6837720743416132,3.114138482257738,1.1981513076068522,3.4920828146260314,-0.9046984654950244,-0.4899102639600534
165.0562298838622,383.6713834112735,-661.4302509410672,-234.8540566567458,343.0967700528457,-713.0791668200802,1404.755968224448,44.79644583422042
-0.0024020483036716,-0.0019694762291298,14523.07129073707,32679.049399073177,21705.08752212278,-12483.191816658513,-3673.4607862132016,193.6975127762268
0.0027401689954851,-0.0011227494290435,1256.204395306939,28.48836518571761,583.0137914932913,3620.7830232349816,0.0648960794571537,0.0020571072678465
0.0017763075255478,0.0007502405554855,792.8939316185001,4016.892026312914,-76.39840703912296,-3184.504074540137,0.0011347151134992,-0.0021346174896519
19.767334475830943,24.109920928335697,16.2904311125938,32.13636728165609,29.67801782415567,28.223337046496,24.903652665676027,16.94093454298728
54.26197277714251,16.264373018312277,70.17494087763954,84.74101473091756,6.393295724601401,6.758451041206143,37.416448593964375,92.4222204144112
616.9203770608925,634.0684044417344,483.42678604192207,695.625425132796,523.3792493317313,517.3088066102664,779.4375325511893,439.6661525417098
-0.2044317478065667,4.237972129799962,-0.8993466246735595,-0.7015674786353197,2.89925036097916,0.2416306087757129,0.0437810551804387,2.436663219145022
-292.96114714170307,-100.3256187379667,1874.220043906092,-620.7069054928452,173.4686858377056,1817.056283763228,788.4593063074611,-139.0701809557018
-0.0027167049221474,0.0025498659265935,9214.321049791595,22385.54449458803,4916.630213413291,20492.524727459808,15681.676128250368,-6201.507611012505
-0.0005177210296179,0.0011529438252707,-48.49782894132126,692.1287319226395,-1256.7308709781562,-651.5877195187154,337.58339283104056,0.001527760564456
-0.0029062335379682,-0.0013669343239274,-25.217937922646747,-806.5577670541468,5222.889549114068,-464.0103896609535,1758.8066814311603,0.003089353464155
26.184625665840297,28.00870042128526,15.162805317813138,19.396905497604656,26.38080126684058,25.23063021224404,17.982005232938114,28.858293481282377
88.22712821441226,81.82518469286876,63.2734900015389,35.40864728427803,78.25758235638989,14.051502277038496,79.5628834886386,77.61553720674513
1174.3946053725274,560.8298885562464,469.11514734542266,723.4641711351048,580.3786850648431,408.7671471761147,436.7420077850169,748.524255591658
1.304527378156623,-0.0900033832699003,-0.219837072084714,3.41373332991357,4.354796783992171,4.292817145299058,0.7677963684888305,3.305826730647752
-378.6708859308689,1153.6459630089698,536.321502243523,1199.0243059892157,895.0932300425105,-92.47522925230362,959.250408352458,-125.1898374903206
-0.002965080888344,0.0002344276117627,12974.262644206778,17668.315441270406,15255.543371561012,18817.67087846391,-6054.549695399833,1069.785672788407
-0.0022920777770927,-0.0024371454582989,5627.371991568909,-193.688813756436,-735.1108963416034,737.7292843187378,-16.467975358440885,-0.0032294220326947
0.0023458059112445,0.000741498780739,-648.2166663540298,2703.144813142826,-390.6207362019841,671.6350205245471,-375.571495297382,-0.0031598492763136
34.9832326334143,29.06658710004843,26.780167065057427,30.2578262953392,29.690789552778945,29.6184779831175,19.21407680194511,15.86272140015643
-3.687866075699091,79.26140284283976,19.334561000705463,19.43627419831829,36.51778490258944,67.05964605190975,65.33197596254197,98.92817007073528
660.9528755429512,482.5121643070448,568.552272320497,673.5269072786058,609.840679137309,507.7824647483319,583.3926087706654,647.0777319059292
2.6255030809453928,2.5850063020835257,0.6837720743416132,3.114138482257738,1.1981513076068522,3.4920828146260314,-0.9046984654950244,-0.4899102639600534
165.0562298838622,383.6713834112735,-661.4302509410672,-234.8540566567458,343.0967700528457,-713.0791668200802,1404.755968224448,44.79644583422042
-0.0024020483036716,-0.0019694762291298,14523.07129073707,32679.049399073177,21705.08752212278,-12483.191816658513,-3673.4607862132016,193.6975127762268
0.0027401689954851,-0.0011227494290435,1256.204395306939,28.48836518571761,583.0137914932913,3620.7830232349816,0.0648960794571537,0.0020571072678465
0.0017763075255478,0.0007502405554855,792.8939316185001,4016.892026312914,-76.39840703912296,-3184.504074540137,0.0011347151134992,-0.0021346174896519
19.767334475830943,24.109920928335697,16.2904311125938,32.13636728165609,29.67801782415567,28.223337046496,24.903652665676027,16.94093454298728
54.26197277714251,16.264373018312277,70.17494087763954,84.74101473091756,6.393295724601401,6.758451041206143,37.416448593964375,92.4222204144112
616.9203770608925,634.0684044417344,483.42678604192207,695.625425132796,523.3792493317313,517.3088066102664,779.4375325511893,439.6661525417098
-0.2044317478065667,4.237972129799962,-0.8993466246735595,-0.7015674786353197,2.89925036097916,0.2416306087757129,0.0437810551804387,2.436663219145022
-292.96114714170307,-100.3256187379667,1874.220043906092,-620.7069054928452,173.4686858377056,1817.056283763228,788.4593063074611,-139.0701809557018
-0.0027167049221474,0.0025498659265935,9214.321049791595,22385.54449458803,4916.630213413291,20492.524727459808,15681.676128250368,-6201.507611012505
-0.0005177210296179,0.0011529438252707,-48.49782894132126,692.1287319226395,-1256.7308709781562,-651.5877195187154,337.58339283104056,0.001527760564456
-0.0029062335379682,-0.0013669343239274,-25.217937922646747,-806.5577670541468,5222.889549114068,-464.0103896609535,1758.8066814311603,0.003089353464155
26.184625665840297,28.00870042128526,15.162805317813138,19.396905497604656,26.38080126684058,25.23063021224404,17.982005232938114,28.858293481282377
88.22712821441226,81.82518469286876,63.2734900015389,35.40864728427803,78.25758235638989,14.051502277038496,79.5628834886386,77.61553720674513
1174.3946053725274,560.8298885562464,469.11514734542266,723.4641711351048,580.3786850648431,408.7671471761147,436.7420077850169,748.524255591658
1.304527378156623,-0.0900033832699003,-0.219837072084714,3.41373332991357,4.354796783992171,4.292817145299058,0.7677963684888305,3.305826730647752
-378.6708859308689,1153.6459630089698,536.321502243523,1199.0243059892157,895.0932300425105,-92.47522925230362,959.250408352458,-125.1898374903206
-0.002965080888344,0.0002344276117627,12974.262644206778,17668.315441270406,15255.543371561012,18817.67087846391,-6054.549695399833,1069.785672788407
-0.0022920777770927,-0.0024371454582989,5627.371991568909,-193.688813756436,-735.1108963416034,737.7292843187378,-16.467975358440885,-0.0032294220326947
0.0023458059112445,0.000741498780739,-648.2166663540298,2703.144813142826,-390.6207362019841,671.6350205245471,-375.571495297382,-0.0031598492763136
34.9832326334143,29.06658710004843,26.780167065057427,30.2578262953392,29.690789552778945,29.6184779831175,19.21407680194511,15.86272140015643
-3.687866075699091,79.26140284283976,19.334561000705463,19.43627419831829,36.51778490258944,67.05964605190975,65.33197596254197,98.92817007073528
660.9528755429512,482.5121643070448,568.552272320497,673.5269072786058,609.840679137309,507.7824647483319,583.3926087706654,647.0777319059292
2.6255030809453928,2.5850063020835257,0.6837720743416132,3.114138482257738,1.1981513076068522,3.4920828146260314,-0.9046984654950244,-0.4899102639600534
165.0562298838622,383.6713834112735,-661.4302509410672,-234.8540566567458,343.0967700528457,-713.0791668200802,1404.755968224448,44.79644583422042
-0.0024020483036716,-0.0019694762291298,14523.07129073707,32679.049399073177,21705.08752212278,-12483.191816658513,-3673.4607862132016,193.6975127762268
0.0027401689954851,-0.0011227494290435,1256.204395306939,28.48836518571761,583.0137914932913,3620.7830232349816,0.0648960794571537,0.0020571072678465
0.0017763075255478,0.0007502405554855,792.8939316185001,4016.892026312914,-76.39840703912296,-3184.504074540137,0.0011347151134992,-0.0021346174896519
19.767334475830943,24.109920928335697,16.2904311125938,32.13636728165609,29.67801782415567,28.223337046496,24.903652665676027,16.94093454298728
54.26197277714251,16.264373018312277,70.17494087763954,84.74101473091756,6.393295724601401,6.758451041206143,37.416448593964375,92.4222204144112
616.9203770608925,634.0684044417344,483.42678604192207,695.625425132796,523.3792493317313,517.3088066102664,779.4375325511893,439.6661525417098
-0.2044317478065667,4.237972129799962,-0.8993466246735595,-0.7015674786353197,2.89925036097916,0.2416306087757129,0.0437810551804387,2.436663219145022
-292.96114714170307,-100.3256187379667,1874.220043906092,-620.7069054928452,173.4686858377056,1817.056283763228,788.4593063074611,-139.0701809557018
-0.0027167049221474,0.0025498659265935,9214.321049791595,22385.54449458803,4916.630213413291,20492.524727459808,15681.676128250368,-6201.507611012505
-0.0005177210296179,0.0011529438252707,-48.49782894132126,692.1287319226395,-1256.7308709781562,-651.5877195187154,337.58339283104056,0.001527760564456
-0.0029062335379682,-0.0013669343239274,-25.217937922646747,-806.5577670541468,5222.889549114068,-464.0103896609535,1758.8066814311603,0.003089353464155
26.184625665840297,28.00870042128526,15.162805317813138,19.396905497604656,26.38080126684058,25.23063021224404,17.982005232938114,28.858293481282377
88.22712821441226,81.82518469286876,63.2734900015389,35.40864728427803,78.25758235638989,14.051502277038496,79.5628834886386,77.61553720674513
1174.3946053725274,560.8298885562464,469.11514734542266,723.4641711351048,580.3786850648431,408.7671471761147,436.7420077850169,748.524255591658
1.304527378156623,-0.0900033832699003,-0.219837072084714,3.41373332991357,4.354796783992171,4.292817145299058,0.7677963684888305,3.305826730647752
-378.6708859308689,1153.6459630089698,536.321502243523,1199.0243059892157,895.0932300425105,-92.47522925230362,959.250408352458,-125.1898374903206
-0.002965080888344,0.0002344276117627,12974.262644206778,17668.315441270406,15255.543371561012,18817.67087846391,-6054.549695399833,1069.785672788407
-0.0022920777770927,-0.0024371454582989,5627.371991568909,-193.688813756436,-735.1108963416034,737.7292843187378,-16.467975358440885,-0.0032294220326947
0.0023458059112445,0.000741498780739,-648.2166663540298,2703.144813142826,-390.6207362019841,671.6350205245471,-375.571495297382,-0.0031598492763136
34.9832326334143,29.06658710004843,26.780167065057427,30.2578262953392,29.690789552778945,29.6184779831175,19.21407680194511,15.86272140015643
-3.687866075699091,79.26140284283976,19.334561000705463,19.43627419831829,36.51778490258944,67.05964605190975,65.33197596254197,98.92817007073528
660.9528755429512,482.5121643070448,568.552272320497,673.5269072786058,609.840679137309,507.7824647483319,583.3926087706654,647.0777319059292
2.6255030809453928,2.5850063020835257,0.6837720743416132,3.114138482257738,1.1981513076068522,3.4920828146260314,-0.9046984654950244,-0.4899102639600534
165.0562298838622,383.6713834112735,-661.4302509410672,-234.8540566567458,343.0967700528457,-713.0791668200802,1404.755968224448,44.79644583422042
-0.0024020483036716,-0.0019694762291298,14523.07129073707,32679.049399073177,21705.08752212278,-12483.191816658513,-3673.4607862132016,193.6975127762268
0.0027401689954851,-0.0011227494290435,1256.204395306939,28.48836518571761,583.0137914932913,3620.7830232349816,0.0648960794571537,0.0020571072678465
0.0017763075255478,0.0007502405554855,792.8939316185001,4016.892026312914,-76.39840703912296,-3184.504074540137,0.0011347151134992,-0.0021346174896519
19.767334475830943,24.109920928335697,16.2904311125938,32.13636728165609,29.67801782415567,28.223337046496,24.903652665676027,16.94093454298728
54.26197277714251,16.264373018312277,70.17494087763954,84.74101473091756,6.393295724601401,6.758451041206143,37.416448593964375,92.4222204144112
616.9203770608925,634.0684044417344,483.42678604192207,695.625425132796,523.3792493317313,517.3088066102664,779.4375325511893,439.6661525417098
-0.2044317478065667,4.237972129799962,-0.8993466246735595,-0.7015674786353197,2.89925036097916,0.2416306087757129,0.0437810551804387,2.436663219145022
-292.96114714170307,-100.3256187379667,1874.220043906092,-620.7069054928452,173.4686858377056,1817.056283763228,788.4593063074611,-139.0701809557018
-0.0027167049221474,0.0025498659265935,9214.321049791595,22385.54449458803,4916.630213413291,20492.524727459808,15681.676128250368,-6201.507611012505
-0.0005177210296179,0.0011529438252707,-48.49782894132126,692.1287319226395,-1256.7308709781562,-651.5877195187154,337.58339283104056,0.001527760564456
-0.0029062335379682,-0.0013669343239274,-25.217937922646747,-806.5577670541468,5222.889549114068,-464.0103896609535,1758.8066814311603,0.003089353464155
26.184625665840297,28.00870042128526,15.162805317813138,19.396905497604656,26.38080126684058,25.23063021224404,17.982005232938114,28.858293481282377
88.22712821441226,81.82518469286876,63.2734900015389,35.40864728427803,78.25758235638989,14.051502277038496,79.5628834886386,77.61553720674513
1174.3946053725274,560.8298885562464,469.11514734542266,723.4641711351048,580.3786850648431,408.7671471761147,436.7420077850169,748.524255591658
1.304527378156623,-0.0900033832699003,-0.219837072084714,3.41373332991357,4.354796783992171,4.292817145299058,0.7677963684888305,3.305826730647752
-378.6708859308689,1153.6459630089698,536.321502243523,1199.0243059892157,895.0932300425105,-92.47522925230362,959.250408352458,-125.1898374903206
-0.002965080888344,0.0002344276117627,12974.262644206778,17668.315441270406,15255.543371561012,18817.67087846391,-6054.549695399833,1069.785672788407
-0.0022920777770927,-0.0024371454582989,5627.371991568909,-193.688813756436,-735.1108963416034,737.7292843187378,-16.467975358440885,-0.0032294220326947
0.0023458059112445,0.000741498780739,-648.2166663540298,2703.144813142826,-390.6207362019841,671.6350205245471,-375.571495297382,-0.0031598492763136
34.9832326334143,29.06658710004843,26.780167065057427,30.2578262953392,29.690789552778945,29.6184779831175,19.21407680194511,15.86272140015643
-3.687866075699091,79.26140284283976,19.334561000705463,19.43627419831829,36.51778490258944,67.05964605190975,65.33197596254197,98.92817007073528
660.9528755429512,482.5121643070448,568.552272320497,673.5269072786058,609.840679137309,507.7824647483319,583.3926087706654,647.0777319059292
2.6255030809453928,2.5850063020835257,0.6837720743416132,3.114138482257738,1.1981513076068522,3.4920828146260314,-0.9046984654950244,-0.4899102639600534
165.0562298838622,383.6713834112735,-661.4302509410672,-234.8540566567458,343.0967700528457,-713.0791668200802,1404.755968224448,44.79644583422042
-0.0024020483036716,-0.0019694762291298,14523.07129073707,32679.049399073177,21705.08752212278,-12483.191816658513,-3673.4607862132016,193.6975127762268
0.0027401689954851,-0.0011227494290435,1256.204395306939,28.48836518571761,583.0137914932913,3620.7830232349816,0.0648960794571537,0.0020571072678465
0.0017763075255478,0.0007502405554855,792.8939316185001,4016.892026312914,-76.39840703912296,-3184.504074540137,0.0011347151134992,-0.0021346174896519
19.767334475830943,24.109920928335697,16.2904311125938,32.13636728165609,29.67801782415567,28.223337046496,24.903652665676027,16.94093454298728
54.26197277714251,16.264373018312277,70.17494087763954,84.74101473091756,6.393295724601401,6.758451041206143,37.416448593964375,92.4222204144112
616.9203770608925,634.0684044417344,483.42678604192207,695.625425132796,523.3792493317313,517.3088066102664,779.4375325511893,439.6661525417098
-0.2044317478065667,4.237972129799962,-0.8993466246735595,-0.7015674786353197,2.89925036097916,0.2416306087757129,0.0437810551804387,2.436663219145022
-292.96114714170307,-100.3256187379667,1874.220043906092,-620.7069054928452,173.4686858377056,1817.056283763228,788.4593063074611,-139.0701809557018
-0.0027167049221474,0.0025498659265935,9214.321049791595,22385.54449458803,4916.630213413291,20492.524727459808,15681.676128250368,-6201.507611012505
-0.0005177210296179,0.0011529438252707,-48.49782894132126,692.1287319226395,-1256.7308709781562,-651.5877195187154,337.58339283104056,0.001527760564456
-0.0029062335379682,-0.0013669343239274,-25.217937922646747,-806.5577670541468,5222.889549114068,-464.0103896609535,1758.8066814311603,0.003089353464155
26.184625665840297,28.00870042128526,15.162805317813138,19.396905497604656,26.38080126684058,25.23063021224404,17.982005232938114,28.858293481282377
88.22712821441226,81.82518469286876,63.2734900015389,35.40864728427803,78.25758235638989,14.051502277038496,79.5628834886386,77.61553720674513
1174.3946053725274,560.8298885562464,469.11514734542266,723.4641711351048,580.3786850648431,408.7671471761147,436.7420077850169,748.524255591658
1.304527378156623,-0.0900033832699003,-0.219837072084714,3.41373332991357,4.354796783992171,4.292817145299058,0.7677963684888305,3.305826730647752
-378.6708859308689,1153.6459630089698,536.321502243523,1199.0243059892157,895.0932300425105,-92.47522925230362,959.250408352458,-125.1898374903206
-0.002965080888344,0.0002344276117627,12974.262644206778,17668.315441270406,15255.543371561012,18817.67087846391,-6054.549695399833,1069.785672788407
-0.0022920777770927,-0.0024371454582989,5627.371991568909,-193.688813756436,-735.1108963416034,737.7292843187378,-16.467975358440885,-0.0032294220326947
0.0023458059112445,0.000741498780739,-648.2166663540298,2703.144813142826,-390.6207362019841,671.6350205245471,-375.571495297382,-0.0031598492763136
34.9832326334143,29.06658710004843,26.780167065057427,30.2578262953392,29.690789552778945,29.6184779831175,19.21407680194511,15.86272140015643
-3.687866075699091,79.26140284283976,19.334561000705463,19.43627419831829,36.51778490258944,67.05964605190975,65.33197596254197,98.92817007073528
660.9528755429512,482.5121643070448,568.552272320497,673.5269072786058,609.840679137309,507.7824647483319,583.3926087706654,647.0777319059292
2.6255030809453928,2.5850063020835257,0.6837720743416132,3.114138482257738,1.1981513076068522,3.4920828146260314,-0.9046984654950244,-0.4899102639600534
165.0562298838622,383.6713834112735,-661.4302509410672,-234.8540566567458,343.0967700528457,-713.0791668200802,1404.755968224448,44.79644583422042
-0.0024020483036716,-0.0019694762291298,14523.07129073707,32679.049399073177,21705.08752212278,-12483.191816658513,-3673.4607862132016,193.6975127762268
0.0027401689954851,-0.0011227494290435,1256.204395306939,28.48836518571761,583.0137914932913,3620.7830232349816,0.0648960794571537,0.0020571072678465
0.0017763075255478,0.0007502405554855,792.8939316185001,4016.892026312914,-76.39840703912296,-3184.504074540137,0.0011347151134992,-0.0021346174896519
19.767334475830943,24.109920928335697,16.2904311125938,32.13636728165609,29.67801782415567,28.223337046496,24.903652665676027,16.94093454298728
54.26197277714251,16.264373018312277,70.17494087763954,84.74101473091756,6.393295724601401,6.758451041206143,37.416448593964375,92.4222204144112
616.9203770608925,634.0684044417344,483.42678604192207,695.625425132796,523.3792493317313,517.3088066102664,779.4375325511893,439.6661525417098
-0.2044317478065667,4.237972129799962,-0.8993466246735595,-0.7015674786353197,2.89925036097916,0.2416306087757129,0.0437810551804387,2.436663219145022
-292.96114714170307,-100.3256187379667,1874.220043906092,-620.7069054928452,173.4686858377056,1817.056283763228,788.4593063074611,-139.0701809557018
-0.0027167049221474,0.0025498659265935,9214.321049791595,22385.54449458803,4916.630213413291,20492.524727459808,15681.676128250368,-6201.507611012505
-0.0005177210296179,0.0011529438252707,-48.49782894132126,692.1287319226395,-1256.7308709781562,-651.5877195187154,337.58339283104056,0.001527760564456
-0.0029062335379682,-0.0013669343239274,-25.217937922646747,-806.5577670541468,5222.889549114068,-464.0103896609535,1758.8066814311603,0.003089353464155
26.184625665840297,28.00870042128526,15.162805317813138,19.396905497604656,26.38080126684058,25.23063021224404,17.982005232938114,28.858293481282377
88.22712821441226,81.82518469286876,63.2734900015389,35.40864728427803,78.25758235638989,14.051502277038496,79.5628834886386,77.61553720674513
1174.3946053725274,560.8298885562464,469.11514734542266,723.4641711351048,580.3786850648431,408.7671471761147,436.7420077850169,748.524255591658
1.304527378156623,-0.0900033832699003,-0.219837072084714,3.41373332991357,4.354796783992171,4.292817145299058,0.7677963684888305,3.305826730647752
-378.6708859308689,1153.6459630089698,536.321502243523,1199.0243059892157,895.0932300425105,-92.47522925230362,959.250408352458,-125.1898374903206
-0.002965080888344,0.0002344276117627,12974.262644206778,17668.315441270406,15255.543371561012,18817.67087846391,-6054.549695399833,1069.785672788407
-0.0022920777770927,-0.0024371454582989,5627.371991568909,-193.688813756436,-735.1108963416034,737.7292843187378,-16.467975358440885,-0.0032294220326947
0.0023458059112445,0.000741498780739,-648.2166663540298,2703.144813142826,-390.6207362019841,671.6350205245471,-375.571495297382,-0.0031598492763136
34.9832326334143,29.06658710004843,26.780167065057427,30.2578262953392,29.690789552778945,29.6184779831175,19.21407680194511,15.86272140015643
-3.687866075699091,79.26140284283976,19.334561000705463,19.43627419831829,36.51778490258944,67.05964605190975,65.33197596254197,98.92817007073528
660.9528755429512,482.5121643070448,568.552272320497,673.5269072786058,609.840679137309,507.7824647483319,583.3926087706654,647.0777319059292
2.6255030809453928,2.5850063020835257,0.6837720743416132,3.114138482257738,1.1981513076068522,3.4920828146260314,-0.9046984654950244,-0.4899102639600534
165.0562298838622,383.6713834112735,-661.4302509410672,-234.8540566567458,343.0967700528457,-713.0791668200802,1404.755968224448,44.79644583422042
-0.0024020483036716,-0.0019694762291298,14523.07129073707,32679.049399073177,21705.08752212278,-12483.191816658513,-3673.4607862132016,193.6975127762268
0.0027401689954851,-0.0011227494290435,1256.204395306939,28.48836518571761,583.0137914932913,3620.7830232349816,0.0648960794571537,0.0020571072678465
0.0017763075255478,0.0007502405554855,792.8939316185001,4016.892026312914,-76.39840703912296,-3184.504074540137,0.0011347151134992,-0.0021346174896519
19.767334475830943,24.109920928335697,16.2904311125938,32.13636728165609,29.67801782415567,28.223337046496,24.903652665676027,16.94093454298728
54.26197277714251,16.264373018312277,70.17494087763954,84.74101473091756,6.393295724601401,6.758451041206143,37.416448593964375,92.4222204144112
616.9203770608925,634.0684044417344,483.42678604192207,695.625425132796,523.3792493317313,517.3088066102664,779.4375325511893,439.6661525417098
-0.2044317478065667,4.237972129799962,-0.8993466246735595,-0.7015674786353197,2.89925036097916,0.2416306087757129,0.0437810551804387,2.436663219145022
-292.96114714170307,-100.3256187379667,1874.220043906092,-620.7069054928452,173.4686858377056,1817.056283763228,788.4593063074611,-139.0701809557018
-0.0027167049221474,0.0025498659265935,9214.321049791595,22385.54449458803,4916.630213413291,20492.524727459808,15681.676128250368,-6201.507611012505
-0.0005177210296179,0.0011529438252707,-48.49782894132126,692.1287319226395,-1256.7308709781562,-651.5877195187154,337.58339283104056,0.001527760564456
-0.0029062335379682,-0.0013669343239274,-25.217937922646747,-806.5577670541468,5222.889549114068,-464.0103896609535,1758.8066814311603,0.003089353464155
26.184625665840297,28.00870042128526,15.162805317813138,19.396905497604656,26.38080126684058,25.23063021224404,17.982005232938114,28.858293481282377
88.22712821441226,81.82518469286876,63.2734900015389,35.40864728427803,78.25758235638989,14.051502277038496,79.5628834886386,77.61553720674513
1174.3946053725274,560.8298885562464,469.11514734542266,723.4641711351048,580.3786850648431,408.7671471761147,436.7420077850169,748.524255591658
1.304527378156623,-0.0900033832699003,-0.219837072084714,3.41373332991357,4.354796783992171,4.292817145299058,0.7677963684888305,3.305826730647752
-378.6708859308689,1153.6459630089698,536.321502243523,1199.0243059892157,895.0932300425105,-92.47522925230362,959.250408352458,-125.1898374903206
-0.002965080888344,0.0002344276117627,12974.262644206778,17668.315441270406,15255.543371561012,18817.67087846391,-6054.549695399833,1069.785672788407
-0.0022920777770927,-0.0024371454582989,5627.371991568909,-193.688813756436,-735.1108963416034,737.7292843187378,-16.467975358440885,-0.0032294220326947
0.0023458059112445,0.000741498780739,-648.2166663540298,2703.144813142826,-390.6207362019841,671.6350205245471,-375.571495297382,-0.0031598492763136
34.9832326334143,29.06658710004843,26.780167065057427,30.2578262953392,29.690789552778945,29.6184779831175,19.21407680194511,15.86272140015643
-3.687866075699091,79.26140284283976,19.334561000705463,19.43627419831829,36.51778490258944,67.05964605190975,65.33197596254197,98.92817007073528
660.9528755429512,482.5121643070448,568.552272320497,673.5269072786058,609.840679137309,507.7824647483319,583.3926087706654,647.0777319059292
2.6255030809453928,2.5850063020835257,0.6837720743416132,3.114138482257738,1.1981513076068522,3.4920828146260314,-0.9046984654950244,-0.4899102639600534
165.0562298838622,383.6713834112735,-661.4302509410672,-234.8540566567458,343.0967700528457,-713.0791668200802,1404.755968224448,44.79644583422042
-0.0024020483036716,-0.0019694762291298,14523.07129073707,32679.049399073177,21705.08752212278,-12483.191816658513,-3673.4607862132016,193.6975127762268
0.0027401689954851,-0.0011227494290435,1256.204395306939,28.48836518571761,583.0137914932913,3620.7830232349816,0.0648960794571537,0.0020571072678465
0.0017763075255478,0.0007502405554855,792.8939316185001,4016.892026312914,-76.39840703912296,-3184.504074540137,0.0011347151134992,-0.0021346174896519
19.767334475830943,24.109920928335697,16.2904311125938,32.13636728165609,29.67801782415567,28.223337046496,24.903652665676027,16.94093454298728
54.26197277714251,16.264373018312277,70.17494087763954,84.74101473091756,6.393295724601401,6.758451041206143,37.416448593964375,92.4222204144112
616.9203770608925,634.0684044417344,483.42678604192207,695.625425132796,523.3792493317313,517.3088066102664,779.4375325511893,439.6661525417098
-0.2044317478065667,4.237972129799962,-0.8993466246735595,-0.7015674786353197,2.89925036097916,0.2416306087757129,0.0437810551804387,2.436663219145022
-292.96114714170307,-100.3256187379667,1874.220043906092,-620.7069054928452,173.4686858377056,1817.056283763228,788.4593063074611,-139.0701809557018
-0.0027167049221474,0.0025498659265935,9214.321049791595,22385.54449458803,4916.630213413291,20492.524727459808,15681.676128250368,-6201.507611012505
-0.0005177210296179,0.0011529438252707,-48.49782894132126,692.1287319226395,-1256.7308709781562,-651.5877195187154,337.58339283104056,0.001527760564456
-0.0029062335379682,-0.0013669343239274,-25.217937922646747,-806.5577670541468,5222.889549114068,-464.0103896609535,1758.8066814311603,0.003089353464155
26.184625665840297,28.00870042128526,15.162805317813138,19.396905497604656,26.38080126684058,25.23063021224404,17.982005232938114,28.858293481282377
88.22712821441226,81.82518469286876,63.2734900015389,35.40864728427803,78.25758235638989,14.051502277038496,79.5628834886386,77.61553720674513
1174.3946053725274,560.8298885562464,469.11514734542266,723.4641711351048,580.3786850648431,408.7671471761147,436.7420077850169,748.524255591658
1.304527378156623,-0.0900033832699003,-0.219837072084714,3.41373332991357,4.354796783992171,4.292817145299058,0.7677963684888305,3.305826730647752
-378.6708859308689,1153.6459630089698,536.321502243523,1199.0243059892157,895.0932300425105,-92.47522925230362,959.250408352458,-125.1898374903206
-0.002965080888344,0.0002344276117627,12974.262644206778,17668.315441270406,15255.543371561012,18817.67087846391,-6054.549695399833,1069.785672788407
-0.0022920777770927,-0.0024371454582989,5627.371991568909,-193.688813756436,-735.1108963416034,737.7292843187378,-16.467975358440885,-0.0032294220326947
0.0023458059112445,0.000741498780739,-648.2166663540298,2703.144813142826,-390.6207362019841,671.6350205245471,-375.571495297382,-0.0031598492763136
34.9832326334143,29.06658710004843,26.780167065057427,30.2578262953392,29.690789552778945,29.6184779831175,19.21407680194511,15.86272140015643
-3.687866075699091,79.26140284283976,19.334561000705463,19.43627419831829,36.51778490258944,67.05964605190975,65.33197596254197,98.92817007073528
660.9528755429512,482.5121643070448,568.552272320497,673.5269072786058,609.840679137309,507.7824647483319,583.3926087706654,647.0777319059292
2.6255030809453928,2.5850063020835257,0.6837720743416132,3.114138482257738,1.1981513076068522,3.4920828146260314,-0.9046984654950244,-0.4899102639600534
165.0562298838622,383.6713834112735,-661.4302509410672,-234.8540566567458,343.0967700528457,-713.0791668200802,1404.755968224448,44.79644583422042
-0.0024020483036716,-0.0019694762291298,14523.07129073707,32679.049399073177,21705.08752212278,-12483.191816658513,-3673.4607862132016,193.6975127762268
0.0027401689954851,-0.0011227494290435,1256.204395306939,28.48836518571761,583.0137914932913,3620.7830232349816,0.0648960794571537,0.0020571072678465
0.0017763075255478,0.0007502405554855,792.8939316185001,4016.892026312914,-76.39840703912296,-3184.504074540137,0.0011347151134992,-0.0021346174896519
19.767334475830943,24.109920928335697,16.2904311125938,32.13636728165609,29.67801782415567,28.223337046496,24.903652665676027,16.94093454298728
54.26197277714251,16.264373018312277,70.17494087763954,84.74101473091756,6.393295724601401,6.758451041206143,37.416448593964375,92.4222204144112
616.9203770608925,634.0684044417344,483.42678604192207,695.625425132796,523.3792493317313,517.3088066102664,779.4375325511893,439.6661525417098
-0.2044317478065667,4.237972129799962,-0.8993466246735595,-0.7015674786353197,2.89925036097916,0.2416306087757129,0.0437810551804387,2.436663219145022
-292.96114714170307,-100.3256187379667,1874.220043906092,-620.7069054928452,173.4686858377056,1817.056283763228,788.4593063074611,-139.0701809557018
-0.0027167049221474,0.0025498659265935,9214.321049791595,22385.54449458803,4916.630213413291,20492.524727459808,15681.676128250368,-6201.507611012505
-0.0005177210296179,0.0011529438252707,-48.49782894132126,692.1287319226395,-1256.7308709781562,-651.5877195187154,337.58339283104056,0.001527760564456
-0.0029062335379682,-0.0013669343239274,-25.217937922646747,-806.5577670541468,5222.889549114068,-464.0103896609535,1758.8066814311603,0.003089353464155
26.184625665840297,28.00870042128526,15.162805317813138,19.396905497604656,26.38080126684058,25.23063021224404,17.982005232938114,28.858293481282377
88.22712821441226,81.82518469286876,63.2734900015389,35.40864728427803,78.25758235638989,14.051502277038496,79.5628834886386,77.61553720674513
1174.3946053725274,560.8298885562464,469.11514734542266,723.4641711351048,580.3786850648431,408.7671471761147,436.7420077850169,748.524255591658
1.304527378156623,-0.0900033832699003,-0.219837072084714,3.41373332991357,4.354796783992171,4.292817145299058,0.7677963684888305,3.305826730647752
-378.6708859308689,1153.6459630089698,536.321502243523,1199.0243059892157,895.0932300425105,-92.47522925230362,959.250408352458,-125.1898374903206
-0.002965080888344,0.0002344276117627,12974.262644206778,17668.315441270406,15255.543371561012,18817.67087846391,-6054.549695399833,1069.785672788407
-0.0022920777770927,-0.0024371454582989,5627.371991568909,-193.688813756436,-735.1108963416034,737.7292843187378,-16.467975358440885,-0.0032294220326947
0.0023458059112445,0.000741498780739,-648.2166663540298,2703.144813142826,-390.6207362019841,671.6350205245471,-375.571495297382,-0.0031598492763136
34.9832326334143,29.06658710004843,26.780167065057427,30.2578262953392,29.690789552778945,29.6184779831175,19.21407680194511,15.86272140015643
-3.687866075699091,79.26140284283976,19.334561000705463,19.43627419831829,36.51778490258944,67.05964605190975,65.33197596254197,98.92817007073528
660.9528755429512,482.5121643070448,568.552272320497,673.5269072786058,609.840679137309,507.7824647483319,583.3926087706654,647.0777319059292
2.6255030809453928,2.5850063020835257,0.6837720743416132,3.114138482257738,1.1981513076068522,3.4920828146260314,-0.9046984654950244,-0.4899102639600534
165.0562298838622,383.6713834112735,-661.4302509410672,-234.8540566567458,343.0967700528457,-713.0791668200802,1404.755968224448,44.79644583422042
-0.0024020483036716,-0.0019694762291298,14523.07129073707,32679.049399073177,21705.08752212278,-12483.191816658513,-3673.4607862132016,193.6975127762268
0.0027401689954851,-0.0011227494290435,1256.204395306939,28.48836518571761,583.0137914932913,3620.7830232349816,0.0648960794571537,0.0020571072678465
0.0017763075255478,0.0007502405554855,792.8939316185001,4016.892026312914,-76.39840703912296,-3184.504074540137,0.0011347151134992,-0.0021346174896519
19.767334475830943,24.109920928335697,16.2904311125938,32.13636728165609,29.67801782415567,28.223337046496,24.903652665676027,16.94093454298728
54.26197277714251,16.264373018312277,70.17494087763954,84.74101473091756,6.393295724601401,6.758451041206143,37.416448593964375,92.4222204144112
616.9203770608925,634.0684044417344,483.42678604192207,695.625425132796,523.3792493317313,517.3088066102664,779.4375325511893,439.6661525417098
-0.2044317478065667,4.237972129799962,-0.8993466246735595,-0.7015674786353197,2.89925036097916,0.2416306087757129,0.0437810551804387,2.436663219145022
-292.96114714170307,-100.3256187379667,1874.220043906092,-620.7069054928452,173.4686858377056,1817.056283763228,788.4593063074611,-139.0701809557018
-0.0027167049221474,0.0025498659265935,9214.321049791595,22385.54449458803,4916.630213413291,20492.524727459808,15681.676128250368,-6201.507611012505
-0.0005177210296179,0.0011529438252707,-48.49782894132126,692.1287319226395,-1256.7308709781562,-651.5877195187154,337.58339283104056,0.001527760564456
-0.0029062335379682,-0.0013669343239274,-25.217937922646747,-806.5577670541468,5222.889549114068,-464.0103896609535,1758.8066814311603,0.003089353464155
26.184625665840297,28.00870042128526,15.162805317813138,19.396905497604656,26.38080126684058,25.23063021224404,17.982005232938114,28.858293481282377
88.22712821441226,81.82518469286876,63.2734900015389,35.40864728427803,78.25758235638989,14.051502277038496,79.5628834886386,77.61553720674513
1174.3946053725274,560.8298885562464,469.11514734542266,723.4641711351048,580.3786850648431,408.7671471761147,436.7420077850169,748.524255591658
1.304527378156623,-0.0900033832699003,-0.219837072084714,3.41373332991357,4.354796783992171,4.292817145299058,0.7677963684888305,3.305826730647752
-378.6708859308689,1153.6459630089698,536.321502243523,1199.0243059892157,895.0932300425105,-92.47522925230362,959.250408352458,-125.1898374903206
-0.002965080888344,0.0002344276117627,12974.262644206778,17668.315441270406,15255.543371561012,18817.67087846391,-6054.549695399833,1069.785672788407
-0.0022920777770927,-0.0024371454582989,5627.371991568909,-193.688813756436,-735.1108963416034,737.7292843187378,-16.467975358440885,-0.0032294220326947
0.0023458059112445,0.000741498780739,-648.2166663540298,2703.144813142826,-390.6207362019841,671.6350205245471,-375.571495297382,-0.0031598492763136
34.9832326334143,29.06658710004843,26.780167065057427,30.2578262953392,29.690789552778945,29.6184779831175,19.21407680194511,15.86272140015643
-3.687866075699091,79.26140284283976,19.334561000705463,19.43627419831829,36.51778490258944,67.05964605190975,65.33197596254197,98.92817007073528
660.9528755429512,482.5121643070448,568.552272320497,673.5269072786058,609.840679137309,507.7824647483319,583.3926087706654,647.0777319059292
2.6255030809453928,2.5850063020835257,0.6837720743416132,3.114138482257738,1.1981513076068522,3.4920828146260314,-0.9046984654950244,-0.4899102639600534
165.0562298838622,383.6713834112735,-661.4302509410672,-234.8540566567458,343.0967700528457,-713.0791668200802,1404.755968224448,44.79644583422042
-0.0024020483036716,-0.0019694762291298,14523.07129073707,32679.049399073177,21705.08752212278,-12483.191816658513,-3673.4607862132016,193.6975127762268
0.0027401689954851,-0.0011227494290435,1256.204395306939,28.48836518571761,583.0137914932913,3620.7830232349816,0.0648960794571537,0.0020571072678465
0.0017763075255478,0.0007502405554855,792.8939316185001,4016.892026312914,-76.39840703912296,-3184.504074540137,0.0011347151134992,-0.0021346174896519
