내부온도관측치,내부습도관측치,co2관측치,ec관측치,시간당분무량,시간당백색광량,시간당적색광량,시간당청색광량
19.18922670625255,29.66959294998771,27.504054562227378,36.03932743094542,29.93831890336076,33.100374963870685,26.376839292541188,14.999997188780496
23.929170226326512,44.62870157241399,52.16993174625917,48.8354700794938,23.076918976737343,16.581694088715807,35.310545354903695,73.05224497958055
838.6958644844374,582.6844773135939,430.270638581024,579.7242541367793,716.6360422841329,442.11070475574513,724.6081399375058,550.1092219122631
0.4836319502330219,2.804618587598103,2.171708112468319,1.8940545569616425,1.2555286229438318,1.1059600757937658,-0.0608260024949187,0.78173711902578
-104.59169032986122,-81.9165896892543,1437.2333749814482,-308.6143747287754,840.2485677567479,1603.485135280218,869.8776237152049,-76.80583897903489
-0.000304235401306,-0.0005842850901032,1216.05385081329,26819.38665429587,21894.56297626816,30489.84929583528,17998.64867248827,-6571.472366955153
0.0011826079337571,-0.0015480014066356,58.02798094108548,1196.302788309312,72.6880462726852,1426.1974472261754,-1131.8330467859184,0.0003027332303765
-0.0026131134551347,-0.0007517597184673,-172.16643394074202,6855.641503324164,843.4794081532075,-1994.0861893752608,1642.7598055024723,-0.0008661205276738
21.293814334258585,26.137690437619444,17.777523894577058,21.050608207333514,27.27076816853881,30.31577641575408,17.32536947095354,20.71106495408768
18.56137101163253,29.185607040855707,41.43930093380348,101.39155773002425,69.85043335134154,31.01057874585237,51.68812501464557,68.81416117515167
391.744305767074,593.2982044961383,462.0808328719418,675.2953641804062,664.6006341740638,415.3277760362068,355.7323912000467,532.1783102130887
1.2250806379457488,2.566374657386738,0.0920207608466594,0.1342403114530965,3.3552294556085407,3.958402917281211,3.724306547374066,1.9116934484573656
-222.89967630379732,-775.856166765183,1018.0372935782276,845.0957229475277,523.379869415353,822.01387986977,111.3098536037524,105.45874507639934
-0.0002541547907053,-0.000941336002508,5243.607749819432,8266.302066802431,21629.950320301192,19469.05700312056,-6918.913744616685,1486.433994348238
-0.0018173397410912,-0.0027884300428456,1713.9082834060632,382.3078300502824,5171.790722280516,3447.936812606684,0.4546540388294566,-0.00055745975699
0.0021238898218092,0.0022882998303517,-1142.441762244295,-398.8158997288548,-2900.1674613470136,-1436.0693194175208,-262.06407833763967,-0.0005515762659629
24.36106560804858,30.80698549373411,34.756221339785675,32.34208345126284,28.80943447844984,23.83619711984222,23.91367882996977,28.948855308188733
37.18221078201618,94.62555858059471,29.45843971770951,15.970468520910238,25.121041036394747,92.56926814155295,65.28644525372528,104.13749671064755
688.6553535950528,664.5132445073245,534.4802553562039,473.2618187450157,562.1497916626064,586.3987540192018,531.7909875433121,503.9062300478615
0.4816692905715403,3.5937768982182225,-0.0058475317612123,0.547793576193123,0.1338410922815767,2.698630476109888,-0.1319998575143508,2.0467465980287014
289.5075092992012,-81.62220430644868,-193.3206928420302,1414.5842369409838,2372.0914775872698,659.2834998178039,580.4593905326288,6.702098501690195
0.0001038549286416,-0.0009854734378514,26142.913112843788,20771.07986276985,20915.582265740475,19118.65790086458,-4538.770896343382,-9.50714443630143
0.0016104540124791,0.001971642390654,1244.6982376126955,-94.4160773835028,2102.122180557326,1010.1684472377336,-1.907941015629666,0.0024432295742891
-0.001614174621646,-0.0026997418214032,507.8025202982683,1964.4643864178545,-1764.1395954587445,-3070.935573164325,0.0009156901609692,-0.0003023074960621
19.18922670625255,29.66959294998771,27.504054562227378,36.03932743094542,29.93831890336076,33.100374963870685,26.376839292541188,14.999997188780496
23.929170226326512,44.62870157241399,52.16993174625917,48.8354700794938,23.076918976737343,16.581694088715807,35.310545354903695,73.05224497958055
838.6958644844374,582.6844773135939,430.270638581024,579.7242541367793,716.6360422841329,442.11070475574513,724.6081399375058,550.1092219122631
0.4836319502330219,2.804618587598103,2.171708112468319,1.8940545569616425,1.2555286229438318,1.1059600757937658,-0.0608260024949187,0.78173711902578
-104.59169032986122,-81.9165896892543,1437.2333749814482,-308.6143747287754,840.2485677567479,1603.485135280218,869.8776237152049,-76.80583897903489
-0.000304235401306,-0.0005842850901032,1216.05385081329,26819.38665429587,21894.56297626816,30489.84929583528,17998.64867248827,-6571.472366955153
0.0011826079337571,-0.0015480014066356,58.02798094108548,1196.302788309312,72.6880462726852,1426.1974472261754,-1131.8330467859184,0.0003027332303765
-0.0026131134551347,-0.0007517597184673,-172.16643394074202,6855.641503324164,843.4794081532075,-1994.0861893752608,1642.7598055024723,-0.0008661205276738
21.293814334258585,26.137690437619444,17.777523894577058,21.050608207333514,27.27076816853881,30.31577641575408,17.32536947095354,20.71106495408768
18.56137101163253,29.185607040855707,41.43930093380348,101.39155773002425,69.85043335134154,31.01057874585237,51.68812501464557,68.81416117515167
391.744305767074,593.2982044961383,462.0808328719418,675.2953641804062,664.6006341740638,415.3277760362068,355.7323912000467,532.1783102130887
1.2250806379457488,2.566374657386738,0.0920207608466594,0.1342403114530965,3.3552294556085407,3.958402917281211,3.724306547374066,1.9116934484573656
-222.89967630379732,-775.856166765183,1018.0372935782276,845.0957229475277,523.379869415353,822.01387986977,111.3098536037524,105.45874507639934
-0.0002541547907053,-0.000941336002508,5243.607749819432,8266.302066802431,21629.950320301192,19469.05700312056,-6918.913744616685,1486.433994348238
-0.0018173397410912,-0.0027884300428456,1713.9082834060632,382.3078300502824,5171.790722280516,3447.936812606684,0.4546540388294566,-0.00055745975699
0.0021238898218092,0.0022882998303517,-1142.441762244295,-398.8158997288548,-2900.1674613470136,-1436.0693194175208,-262.06407833763967,-0.0005515762659629
24.36106560804858,30.80698549373411,34.756221339785675,32.34208345126284,28.80943447844984,23.83619711984222,23.91367882996977,28.948855308188733
37.18221078201618,94.62555858059471,29.45843971770951,15.970468520910238,25.121041036394747,92.56926814155295,65.28644525372528,104.13749671064755
688.6553535950528,664.5132445073245,534.4802553562039,473.2618187450157,562.1497916626064,586.3987540192018,531.7909875433121,503.9062300478615
0.4816692905715403,3.5937768982182225,-0.0058475317612123,0.547793576193123,0.1338410922815767,2.698630476109888,-0.1319998575143508,2.0467465980287014
289.5075092992012,-81.62220430644868,-193.3206928420302,1414.5842369409838,2372.0914775872698,659.2834998178039,580.4593905326288,6.702098501690195
0.0001038549286416,-0.0009854734378514,26142.913112843788,20771.07986276985,20915.582265740475,19118.65790086458,-4538.770896343382,-9.50714443630143
0.0016104540124791,0.001971642390654,1244.6982376126955,-94.4160773835028,2102.122180557326,1010.1684472377336,-1.907941015629666,0.0024432295742891
-0.001614174621646,-0.0026997418214032,507.8025202982683,1964.4643864178545,-1764.1395954587445,-3070.935573164325,0.0009156901609692,-0.0003023074960621
19.18922670625255,29.66959294998771,27.504054562227378,36.03932743094542,29.93831890336076,33.100374963870685,26.376839292541188,14.999997188780496
23.929170226326512,44.62870157241399,52.16993174625917,48.8354700794938,23.076918976737343,16.581694088715807,35.310545354903695,73.05224497958055
838.6958644844374,582.6844773135939,430.270638581024,579.7242541367793,716.6360422841329,442.11070475574513,724.6081399375058,550.1092219122631
0.4836319502330219,2.804618587598103,2.171708112468319,1.8940545569616425,1.2555286229438318,1.1059600757937658,-0.0608260024949187,0.78173711902578
-104.59169032986122,-81.9165896892543,1437.2333749814482,-308.6143747287754,840.2485677567479,1603.485135280218,869.8776237152049,-76.80583897903489
-0.000304235401306,-0.0005842850901032,1216.05385081329,26819.38665429587,21894.56297626816,30489.84929583528,17998.64867248827,-6571.472366955153
0.0011826079337571,-0.0015480014066356,58.02798094108548,1196.302788309312,72.6880462726852,1426.1974472261754,-1131.8330467859184,0.0003027332303765
-0.0026131134551347,-0.0007517597184673,-172.16643394074202,6855.641503324164,843.4794081532075,-1994.0861893752608,1642.7598055024723,-0.0008661205276738
21.293814334258585,26.137690437619444,17.777523894577058,21.050608207333514,27.27076816853881,30.31577641575408,17.32536947095354,20.71106495408768
18.56137101163253,29.185607040855707,41.43930093380348,101.39155773002425,69.85043335134154,31.01057874585237,51.68812501464557,68.81416117515167
391.744305767074,593.2982044961383,462.0808328719418,675.2953641804062,664.6006341740638,415.3277760362068,355.7323912000467,532.1783102130887
1.2250806379457488,2.566374657386738,0.0920207608466594,0.1342403114530965,3.3552294556085407,3.958402917281211,3.724306547374066,1.9116934484573656
-222.89967630379732,-775.856166765183,1018.0372935782276,845.0957229475277,523.379869415353,822.01387986977,111.3098536037524,105.45874507639934
-0.0002541547907053,-0.000941336002508,5243.607749819432,8266.302066802431,21629.950320301192,19469.05700312056,-6918.913744616685,1486.433994348238
-0.0018173397410912,-0.0027884300428456,1713.9082834060632,382.3078300502824,5171.790722280516,3447.936812606684,0.4546540388294566,-0.00055745975699
0.0021238898218092,0.0022882998303517,-1142.441762244295,-398.8158997288548,-2900.1674613470136,-1436.0693194175208,-262.06407833763967,-0.0005515762659629
24.36106560804858,30.80698549373411,34.756221339785675,32.34208345126284,28.80943447844984,23.83619711984222,23.91367882996977,28.948855308188733
37.18221078201618,94.62555858059471,29.45843971770951,15.970468520910238,25.121041036394747,92.56926814155295,65.28644525372528,104.13749671064755
688.6553535950528,664.5132445073245,534.4802553562039,473.2618187450157,562.1497916626064,586.3987540192018,531.7909875433121,503.9062300478615
0.4816692905715403,3.5937768982182225,-0.0058475317612123,0.547793576193123,0.1338410922815767,2.698630476109888,-0.1319998575143508,2.0467465980287014
289.5075092992012,-81.62220430644868,-193.3206928420302,1414.5842369409838,2372.0914775872698,659.2834998178039,580.4593905326288,6.702098501690195
0.0001038549286416,-0.0009854734378514,26142.913112843788,20771.07986276985,20915.582265740475,19118.65790086458,-4538.770896343382,-9.50714443630143
0.0016104540124791,0.001971642390654,1244.6982376126955,-94.4160773835028,2102.122180557326,1010.1684472377336,-1.907941015629666,0.0024432295742891
-0.001614174621646,-0.0026997418214032,507.8025202982683,1964.4643864178545,-1764.1395954587445,-3070.935573164325,0.0009156901609692,-0.0003023074960621
19.18922670625255,29.66959294998771,27.504054562227378,36.03932743094542,29.93831890336076,33.100374963870685,26.376839292541188,14.999997188780496
23.929170226326512,44.62870157241399,52.16993174625917,48.8354700794938,23.076918976737343,16.581694088715807,35.310545354903695,73.05224497958055
838.6958644844374,582.6844773135939,430.270638581024,579.7242541367793,716.6360422841329,442.11070475574513,724.6081399375058,550.1092219122631
0.4836319502330219,2.804618587598103,2.171708112468319,1.8940545569616425,1.2555286229438318,1.1059600757937658,-0.0608260024949187,0.78173711902578
-104.59169032986122,-81.9165896892543,1437.2333749814482,-308.6143747287754,840.2485677567479,1603.485135280218,869.8776237152049,-76.80583897903489
-0.000304235401306,-0.0005842850901032,1216.05385081329,26819.38665429587,21894.56297626816,30489.84929583528,17998.64867248827,-6571.472366955153
0.0011826079337571,-0.0015480014066356,58.02798094108548,1196.302788309312,72.6880462726852,1426.1974472261754,-1131.8330467859184,0.0003027332303765
-0.0026131134551347,-0.0007517597184673,-172.16643394074202,6855.641503324164,843.4794081532075,-1994.0861893752608,1642.7598055024723,-0.0008661205276738
21.293814334258585,26.137690437619444,17.777523894577058,21.050608207333514,27.27076816853881,30.31577641575408,17.32536947095354,20.71106495408768
18.56137101163253,29.185607040855707,41.43930093380348,101.39155773002425,69.85043335134154,31.01057874585237,51.68812501464557,68.81416117515167
391.744305767074,593.2982044961383,462.0808328719418,675.2953641804062,664.6006341740638,415.3277760362068,355.7323912000467,532.1783102130887
1.2250806379457488,2.566374657386738,0.0920207608466594,0.1342403114530965,3.3552294556085407,3.958402917281211,3.724306547374066,1.9116934484573656
-222.89967630379732,-775.856166765183,1018.0372935782276,845.0957229475277,523.379869415353,822.01387986977,111.3098536037524,105.45874507639934
-0.0002541547907053,-0.000941336002508,5243.607749819432,8266.302066802431,21629.950320301192,19469.05700312056,-6918.913744616685,1486.433994348238
-0.0018173397410912,-0.0027884300428456,1713.9082834060632,382.3078300502824,5171.790722280516,3447.936812606684,0.4546540388294566,-0.00055745975699
0.0021238898218092,0.0022882998303517,-1142.441762244295,-398.8158997288548,-2900.1674613470136,-1436.0693194175208,-262.06407833763967,-0.0005515762659629
24.36106560804858,30.80698549373411,34.756221339785675,32.34208345126284,28.80943447844984,23.83619711984222,23.91367882996977,28.948855308188733
37.18221078201618,94.62555858059471,29.45843971770951,15.970468520910238,25.121041036394747,92.56926814155295,65.28644525372528,104.13749671064755
688.6553535950528,664.5132445073245,534.4802553562039,473.2618187450157,562.1497916626064,586.3987540192018,531.7909875433121,503.9062300478615
0.4816692905715403,3.5937768982182225,-0.0058475317612123,0.547793576193123,0.1338410922815767,2.698630476109888,-0.1319998575143508,2.0467465980287014
289.5075092992012,-81.62220430644868,-193.3206928420302,1414.5842369409838,2372.0914775872698,659.2834998178039,580.4593905326288,6.702098501690195
0.0001038549286416,-0.0009854734378514,26142.913112843788,20771.07986276985,20915.582265740475,19118.65790086458,-4538.770896343382,-9.50714443630143
0.0016104540124791,0.001971642390654,1244.6982376126955,-94.4160773835028,2102.122180557326,1010.1684472377336,-1.907941015629666,0.0024432295742891
-0.001614174621646,-0.0026997418214032,507.8025202982683,1964.4643864178545,-1764.1395954587445,-3070.935573164325,0.0009156901609692,-0.0003023074960621
19.18922670625255,29.66959294998771,27.504054562227378,36.03932743094542,29.93831890336076,33.100374963870685,26.376839292541188,14.999997188780496
23.929170226326512,44.62870157241399,52.16993174625917,48.8354700794938,23.076918976737343,16.581694088715807,35.310545354903695,73.05224497958055
838.6958644844374,582.6844773135939,430.270638581024,579.7242541367793,716.6360422841329,442.11070475574513,724.6081399375058,550.1092219122631
0.4836319502330219,2.804618587598103,2.171708112468319,1.8940545569616425,1.2555286229438318,1.1059600757937658,-0.0608260024949187,0.78173711902578
-104.59169032986122,-81.9165896892543,1437.2333749814482,-308.6143747287754,840.2485677567479,1603.485135280218,869.8776237152049,-76.80583897903489
-0.000304235401306,-0.0005842850901032,1216.05385081329,26819.38665429587,21894.56297626816,30489.84929583528,17998.64867248827,-6571.472366955153
0.0011826079337571,-0.0015480014066356,58.02798094108548,1196.302788309312,72.6880462726852,1426.1974472261754,-1131.8330467859184,0.0003027332303765
-0.0026131134551347,-0.0007517597184673,-172.16643394074202,6855.641503324164,843.4794081532075,-1994.0861893752608,1642.7598055024723,-0.0008661205276738
21.293814334258585,26.137690437619444,17.777523894577058,21.050608207333514,27.27076816853881,30.31577641575408,17.32536947095354,20.71106495408768
18.56137101163253,29.185607040855707,41.43930093380348,101.39155773002425,69.85043335134154,31.01057874585237,51.68812501464557,68.81416117515167
391.744305767074,593.2982044961383,462.0808328719418,675.2953641804062,664.6006341740638,415.3277760362068,355.7323912000467,532.1783102130887
1.2250806379457488,2.566374657386738,0.0920207608466594,0.1342403114530965,3.3552294556085407,3.958402917281211,3.724306547374066,1.9116934484573656
-222.89967630379732,-775.856166765183,1018.0372935782276,845.0957229475277,523.379869415353,822.01387986977,111.3098536037524,105.45874507639934
-0.0002541547907053,-0.000941336002508,5243.607749819432,8266.302066802431,21629.950320301192,19469.05700312056,-6918.913744616685,1486.433994348238
-0.0018173397410912,-0.0027884300428456,1713.9082834060632,382.3078300502824,5171.790722280516,3447.936812606684,0.4546540388294566,-0.00055745975699
0.0021238898218092,0.0022882998303517,-1142.441762244295,-398.8158997288548,-2900.1674613470136,-1436.0693194175208,-262.06407833763967,-0.0005515762659629
24.36106560804858,30.80698549373411,34.756221339785675,32.34208345126284,28.80943447844984,23.83619711984222,23.91367882996977,28.948855308188733
37.18221078201618,94.62555858059471,29.45843971770951,15.970468520910238,25.121041036394747,92.56926814155295,65.28644525372528,104.13749671064755
688.6553535950528,664.5132445073245,534.4802553562039,473.2618187450157,562.1497916626064,586.3987540192018,531.7909875433121,503.9062300478615
0.4816692905715403,3.5937768982182225,-0.0058475317612123,0.547793576193123,0.1338410922815767,2.698630476109888,-0.1319998575143508,2.0467465980287014
289.5075092992012,-81.62220430644868,-193.3206928420302,1414.5842369409838,2372.0914775872698,659.2834998178039,580.4593905326288,6.702098501690195
0.0001038549286416,-0.0009854734378514,26142.913112843788,20771.07986276985,20915.582265740475,19118.65790086458,-4538.770896343382,-9.50714443630143
0.0016104540124791,0.001971642390654,1244.6982376126955,-94.4160773835028,2102.122180557326,1010.1684472377336,-1.907941015629666,0.0024432295742891
-0.001614174621646,-0.0026997418214032,507.8025202982683,1964.4643864178545,-1764.1395954587445,-3070.935573164325,0.0009156901609692,-0.0003023074960621
19.18922670625255,29.66959294998771,27.504054562227378,36.03932743094542,29.93831890336076,33.100374963870685,26.376839292541188,14.999997188780496
23.929170226326512,44.62870157241399,52.16993174625917,48.8354700794938,23.076918976737343,16.581694088715807,35.310545354903695,73.05224497958055
838.6958644844374,582.6844773135939,430.270638581024,579.7242541367793,716.6360422841329,442.11070475574513,724.6081399375058,550.1092219122631
0.4836319502330219,2.804618587598103,2.171708112468319,1.8940545569616425,1.2555286229438318,1.1059600757937658,-0.0608260024949187,0.78173711902578
-104.59169032986122,-81.9165896892543,1437.2333749814482,-308.6143747287754,840.2485677567479,1603.485135280218,869.8776237152049,-76.80583897903489
-0.000304235401306,-0.0005842850901032,1216.05385081329,26819.38665429587,21894.56297626816,30489.84929583528,17998.64867248827,-6571.472366955153
0.0011826079337571,-0.0015480014066356,58.02798094108548,1196.302788309312,72.6880462726852,1426.1974472261754,-1131.8330467859184,0.0003027332303765
-0.0026131134551347,-0.0007517597184673,-172.16643394074202,6855.641503324164,843.4794081532075,-1994.0861893752608,1642.7598055024723,-0.0008661205276738
21.293814334258585,26.137690437619444,17.777523894577058,21.050608207333514,27.27076816853881,30.31577641575408,17.32536947095354,20.71106495408768
18.56137101163253,29.185607040855707,41.43930093380348,101.39155773002425,69.85043335134154,31.01057874585237,51.68812501464557,68.81416117515167
391.744305767074,593.2982044961383,462.0808328719418,675.2953641804062,664.6006341740638,415.3277760362068,355.7323912000467,532.1783102130887
1.2250806379457488,2.566374657386738,0.0920207608466594,0.1342403114530965,3.3552294556085407,3.958402917281211,3.724306547374066,1.9116934484573656
-222.89967630379732,-775.856166765183,1018.0372935782276,845.0957229475277,523.379869415353,822.01387986977,111.3098536037524,105.45874507639934
-0.0002541547907053,-0.000941336002508,5243.607749819432,8266.302066802431,21629.950320301192,19469.05700312056,-6918.913744616685,1486.433994348238
-0.0018173397410912,-0.0027884300428456,1713.9082834060632,382.3078300502824,5171.790722280516,3447.936812606684,0.4546540388294566,-0.00055745975699
0.0021238898218092,0.0022882998303517,-1142.441762244295,-398.8158997288548,-2900.1674613470136,-1436.0693194175208,-262.06407833763967,-0.0005515762659629
24.36106560804858,30.80698549373411,34.756221339785675,32.34208345126284,28.80943447844984,23.83619711984222,23.91367882996977,28.948855308188733
37.18221078201618,94.62555858059471,29.45843971770951,15.970468520910238,25.121041036394747,92.56926814155295,65.28644525372528,104.13749671064755
688.6553535950528,664.5132445073245,534.4802553562039,473.2618187450157,562.1497916626064,586.3987540192018,531.7909875433121,503.9062300478615
0.4816692905715403,3.5937768982182225,-0.0058475317612123,0.547793576193123,0.1338410922815767,2.698630476109888,-0.1319998575143508,2.0467465980287014
289.5075092992012,-81.62220430644868,-193.3206928420302,1414.5842369409838,2372.0914775872698,659.2834998178039,580.4593905326288,6.702098501690195
0.0001038549286416,-0.0009854734378514,26142.913112843788,20771.07986276985,20915.582265740475,19118.65790086458,-4538.770896343382,-9.50714443630143
0.0016104540124791,0.001971642390654,1244.6982376126955,-94.4160773835028,2102.122180557326,1010.1684472377336,-1.907941015629666,0.0024432295742891
-0.001614174621646,-0.0026997418214032,507.8025202982683,1964.4643864178545,-1764.1395954587445,-3070.935573164325,0.0009156901609692,-0.0003023074960621
19.18922670625255,29.66959294998771,27.504054562227378,36.03932743094542,29.93831890336076,33.100374963870685,26.376839292541188,14.999997188780496
23.929170226326512,44.62870157241399,52.16993174625917,48.8354700794938,23.076918976737343,16.581694088715807,35.310545354903695,73.05224497958055
838.6958644844374,582.6844773135939,430.270638581024,579.7242541367793,716.6360422841329,442.11070475574513,724.6081399375058,550.1092219122631
0.4836319502330219,2.804618587598103,2.171708112468319,1.8940545569616425,1.2555286229438318,1.1059600757937658,-0.0608260024949187,0.78173711902578
-104.59169032986122,-81.9165896892543,1437.2333749814482,-308.6143747287754,840.2485677567479,1603.485135280218,869.8776237152049,-76.80583897903489
-0.000304235401306,-0.0005842850901032,1216.05385081329,26819.38665429587,21894.56297626816,30489.84929583528,17998.64867248827,-6571.472366955153
0.0011826079337571,-0.0015480014066356,58.02798094108548,1196.302788309312,72.6880462726852,1426.1974472261754,-1131.8330467859184,0.0003027332303765
-0.0026131134551347,-0.0007517597184673,-172.16643394074202,6855.641503324164,843.4794081532075,-1994.0861893752608,1642.7598055024723,-0.0008661205276738
21.293814334258585,26.137690437619444,17.777523894577058,21.050608207333514,27.27076816853881,30.31577641575408,17.32536947095354,20.71106495408768
18.56137101163253,29.185607040855707,41.43930093380348,101.39155773002425,69.85043335134154,31.01057874585237,51.68812501464557,68.81416117515167
391.744305767074,593.2982044961383,462.0808328719418,675.2953641804062,664.6006341740638,415.3277760362068,355.7323912000467,532.1783102130887
1.2250806379457488,2.566374657386738,0.0920207608466594,0.1342403114530965,3.3552294556085407,3.958402917281211,3.724306547374066,1.9116934484573656
-222.89967630379732,-775.856166765183,1018.0372935782276,845.0957229475277,523.379869415353,822.01387986977,111.3098536037524,105.45874507639934
-0.0002541547907053,-0.000941336002508,5243.607749819432,8266.302066802431,21629.950320301192,19469.05700312056,-6918.913744616685,1486.433994348238
-0.0018173397410912,-0.0027884300428456,1713.9082834060632,382.3078300502824,5171.790722280516,3447.936812606684,0.4546540388294566,-0.00055745975699
0.0021238898218092,0.0022882998303517,-1142.441762244295,-398.8158997288548,-2900.1674613470136,-1436.0693194175208,-262.06407833763967,-0.0005515762659629
24.36106560804858,30.80698549373411,34.756221339785675,32.34208345126284,28.80943447844984,23.83619711984222,23.91367882996977,28.948855308188733
37.18221078201618,94.62555858059471,29.45843971770951,15.970468520910238,25.121041036394747,92.56926814155295,65.28644525372528,104.13749671064755
688.6553535950528,664.5132445073245,534.4802553562039,473.2618187450157,562.1497916626064,586.3987540192018,531.7909875433121,503.9062300478615
0.4816692905715403,3.5937768982182225,-0.0058475317612123,0.547793576193123,0.1338410922815767,2.698630476109888,-0.1319998575143508,2.0467465980287014
289.5075092992012,-81.62220430644868,-193.3206928420302,1414.5842369409838,2372.0914775872698,659.2834998178039,580.4593905326288,6.702098501690195
0.0001038549286416,-0.0009854734378514,26142.913112843788,20771.07986276985,20915.582265740475,19118.65790086458,-4538.770896343382,-9.50714443630143
0.0016104540124791,0.001971642390654,1244.6982376126955,-94.4160773835028,2102.122180557326,1010.1684472377336,-1.907941015629666,0.0024432295742891
-0.001614174621646,-0.0026997418214032,507.8025202982683,1964.4643864178545,-1764.1395954587445,-3070.935573164325,0.0009156901609692,-0.0003023074960621
19.18922670625255,29.66959294998771,27.504054562227378,36.03932743094542,29.93831890336076,33.100374963870685,26.376839292541188,14.999997188780496
23.929170226326512,44.62870157241399,52.16993174625917,48.8354700794938,23.076918976737343,16.581694088715807,35.310545354903695,73.05224497958055
838.6958644844374,582.6844773135939,430.270638581024,579.7242541367793,716.6360422841329,442.11070475574513,724.6081399375058,550.1092219122631
0.4836319502330219,2.804618587598103,2.171708112468319,1.8940545569616425,1.2555286229438318,1.1059600757937658,-0.0608260024949187,0.78173711902578
-104.59169032986122,-81.9165896892543,1437.2333749814482,-308.6143747287754,840.2485677567479,1603.485135280218,869.8776237152049,-76.80583897903489
-0.000304235401306,-0.0005842850901032,1216.05385081329,26819.38665429587,21894.56297626816,30489.84929583528,17998.64867248827,-6571.472366955153
0.0011826079337571,-0.0015480014066356,58.02798094108548,1196.302788309312,72.6880462726852,1426.1974472261754,-1131.8330467859184,0.0003027332303765
-0.0026131134551347,-0.0007517597184673,-172.16643394074202,6855.641503324164,843.4794081532075,-1994.0861893752608,1642.7598055024723,-0.0008661205276738
21.293814334258585,26.137690437619444,17.777523894577058,21.050608207333514,27.27076816853881,30.31577641575408,17.32536947095354,20.71106495408768
18.56137101163253,29.185607040855707,41.43930093380348,101.39155773002425,69.85043335134154,31.01057874585237,51.68812501464557,68.81416117515167
391.744305767074,593.2982044961383,462.0808328719418,675.2953641804062,664.6006341740638,415.3277760362068,355.7323912000467,532.1783102130887
1.2250806379457488,2.566374657386738,0.0920207608466594,0.1342403114530965,3.3552294556085407,3.958402917281211,3.724306547374066,1.9116934484573656
-222.89967630379732,-775.856166765183,1018.0372935782276,845.0957229475277,523.379869415353,822.01387986977,111.3098536037524,105.45874507639934
-0.0002541547907053,-0.000941336002508,5243.607749819432,8266.302066802431,21629.950320301192,19469.05700312056,-6918.913744616685,1486.433994348238
-0.0018173397410912,-0.0027884300428456,1713.9082834060632,382.3078300502824,5171.790722280516,3447.936812606684,0.4546540388294566,-0.00055745975699
0.0021238898218092,0.0022882998303517,-1142.441762244295,-398.8158997288548,-2900.1674613470136,-1436.0693194175208,-262.06407833763967,-0.0005515762659629
24.36106560804858,30.80698549373411,34.756221339785675,32.34208345126284,28.80943447844984,23.83619711984222,23.91367882996977,28.948855308188733
37.18221078201618,94.62555858059471,29.45843971770951,15.970468520910238,25.121041036394747,92.56926814155295,65.28644525372528,104.13749671064755
688.6553535950528,664.5132445073245,534.4802553562039,473.2618187450157,562.1497916626064,586.3987540192018,531.7909875433121,503.9062300478615
0.4816692905715403,3.5937768982182225,-0.0058475317612123,0.547793576193123,0.1338410922815767,2.698630476109888,-0.1319998575143508,2.0467465980287014
289.5075092992012,-81.62220430644868,-193.3206928420302,1414.5842369409838,2372.0914775872698,659.2834998178039,580.4593905326288,6.702098501690195
0.0001038549286416,-0.0009854734378514,26142.913112843788,20771.07986276985,20915.582265740475,19118.65790086458,-4538.770896343382,-9.50714443630143
0.0016104540124791,0.001971642390654,1244.6982376126955,-94.4160773835028,2102.122180557326,1010.1684472377336,-1.907941015629666,0.0024432295742891
-0.001614174621646,-0.0026997418214032,507.8025202982683,1964.4643864178545,-1764.1395954587445,-3070.935573164325,0.0009156901609692,-0.0003023074960621
19.18922670625255,29.66959294998771,27.504054562227378,36.03932743094542,29.93831890336076,33.100374963870685,26.376839292541188,14.999997188780496
23.929170226326512,44.62870157241399,52.16993174625917,48.8354700794938,23.076918976737343,16.581694088715807,35.310545354903695,73.05224497958055
838.6958644844374,582.6844773135939,430.270638581024,579.7242541367793,716.6360422841329,442.11070475574513,724.6081399375058,550.1092219122631
0.4836319502330219,2.804618587598103,2.171708112468319,1.8940545569616425,1.2555286229438318,1.1059600757937658,-0.0608260024949187,0.78173711902578
-104.59169032986122,-81.9165896892543,1437.2333749814482,-308.6143747287754,840.2485677567479,1603.485135280218,869.8776237152049,-76.80583897903489
-0.000304235401306,-0.0005842850901032,1216.05385081329,26819.38665429587,21894.56297626816,30489.84929583528,17998.64867248827,-6571.472366955153
0.0011826079337571,-0.0015480014066356,58.02798094108548,1196.302788309312,72.6880462726852,1426.1974472261754,-1131.8330467859184,0.0003027332303765
-0.0026131134551347,-0.0007517597184673,-172.16643394074202,6855.641503324164,843.4794081532075,-1994.0861893752608,1642.7598055024723,-0.0008661205276738
21.293814334258585,26.137690437619444,17.777523894577058,21.050608207333514,27.27076816853881,30.31577641575408,17.32536947095354,20.71106495408768
18.56137101163253,29.185607040855707,41.43930093380348,101.39155773002425,69.85043335134154,31.01057874585237,51.68812501464557,68.81416117515167
391.744305767074,593.2982044961383,462.0808328719418,675.2953641804062,664.6006341740638,415.3277760362068,355.7323912000467,532.1783102130887
1.2250806379457488,2.566374657386738,0.0920207608466594,0.1342403114530965,3.3552294556085407,3.958402917281211,3.724306547374066,1.9116934484573656
-222.89967630379732,-775.856166765183,1018.0372935782276,845.0957229475277,523.379869415353,822.01387986977,111.3098536037524,105.45874507639934
-0.0002541547907053,-0.000941336002508,5243.607749819432,8266.302066802431,21629.950320301192,19469.05700312056,-6918.913744616685,1486.433994348238
-0.0018173397410912,-0.0027884300428456,1713.9082834060632,382.3078300502824,5171.790722280516,3447.936812606684,0.4546540388294566,-0.00055745975699
0.0021238898218092,0.0022882998303517,-1142.441762244295,-398.8158997288548,-2900.1674613470136,-1436.0693194175208,-262.06407833763967,-0.0005515762659629
24.36106560804858,30.80698549373411,34.756221339785675,32.34208345126284,28.80943447844984,23.83619711984222,23.91367882996977,28.948855308188733
37.18221078201618,94.62555858059471,29.45843971770951,15.970468520910238,25.121041036394747,92.56926814155295,65.28644525372528,104.13749671064755
688.6553535950528,664.5132445073245,534.4802553562039,473.2618187450157,562.1497916626064,586.3987540192018,531.7909875433121,503.9062300478615
0.4816692905715403,3.5937768982182225,-0.0058475317612123,0.547793576193123,0.1338410922815767,2.698630476109888,-0.1319998575143508,2.0467465980287014
289.5075092992012,-81.62220430644868,-193.3206928420302,1414.5842369409838,2372.0914775872698,659.2834998178039,580.4593905326288,6.702098501690195
0.0001038549286416,-0.0009854734378514,26142.913112843788,20771.07986276985,20915.582265740475,19118.65790086458,-4538.770896343382,-9.50714443630143
0.0016104540124791,0.001971642390654,1244.6982376126955,-94.4160773835028,2102.122180557326,1010.1684472377336,-1.907941015629666,0.0024432295742891
-0.001614174621646,-0.0026997418214032,507.8025202982683,1964.4643864178545,-1764.1395954587445,-3070.935573164325,0.0009156901609692,-0.0003023074960621
19.18922670625255,29.66959294998771,27.504054562227378,36.03932743094542,29.93831890336076,33.100374963870685,26.376839292541188,14.999997188780496
23.929170226326512,44.62870157241399,52.16993174625917,48.8354700794938,23.076918976737343,16.581694088715807,35.310545354903695,73.05224497958055
838.6958644844374,582.6844773135939,430.270638581024,579.7242541367793,716.6360422841329,442.11070475574513,724.6081399375058,550.1092219122631
0.4836319502330219,2.804618587598103,2.171708112468319,1.8940545569616425,1.2555286229438318,1.1059600757937658,-0.0608260024949187,0.78173711902578
-104.59169032986122,-81.9165896892543,1437.2333749814482,-308.6143747287754,840.2485677567479,1603.485135280218,869.8776237152049,-76.80583897903489
-0.000304235401306,-0.0005842850901032,1216.05385081329,26819.38665429587,21894.56297626816,30489.84929583528,17998.64867248827,-6571.472366955153
0.0011826079337571,-0.0015480014066356,58.02798094108548,1196.302788309312,72.6880462726852,1426.1974472261754,-1131.8330467859184,0.0003027332303765
-0.0026131134551347,-0.0007517597184673,-172.16643394074202,6855.641503324164,843.4794081532075,-1994.0861893752608,1642.7598055024723,-0.0008661205276738
21.293814334258585,26.137690437619444,17.777523894577058,21.050608207333514,27.27076816853881,30.31577641575408,17.32536947095354,20.71106495408768
18.56137101163253,29.185607040855707,41.43930093380348,101.39155773002425,69.85043335134154,31.01057874585237,51.68812501464557,68.81416117515167
391.744305767074,593.2982044961383,462.0808328719418,675.2953641804062,664.6006341740638,415.3277760362068,355.7323912000467,532.1783102130887
1.2250806379457488,2.566374657386738,0.0920207608466594,0.1342403114530965,3.3552294556085407,3.958402917281211,3.724306547374066,1.9116934484573656
-222.89967630379732,-775.856166765183,1018.0372935782276,845.0957229475277,523.379869415353,822.01387986977,111.3098536037524,105.45874507639934
-0.0002541547907053,-0.000941336002508,5243.607749819432,8266.302066802431,21629.950320301192,19469.05700312056,-6918.913744616685,1486.433994348238
-0.0018173397410912,-0.0027884300428456,1713.9082834060632,382.3078300502824,5171.790722280516,3447.936812606684,0.4546540388294566,-0.00055745975699
0.0021238898218092,0.0022882998303517,-1142.441762244295,-398.8158997288548,-2900.1674613470136,-1436.0693194175208,-262.06407833763967,-0.0005515762659629
24.36106560804858,30.80698549373411,34.756221339785675,32.34208345126284,28.80943447844984,23.83619711984222,23.91367882996977,28.948855308188733
37.18221078201618,94.62555858059471,29.45843971770951,15.970468520910238,25.121041036394747,92.56926814155295,65.28644525372528,104.13749671064755
688.6553535950528,664.5132445073245,534.4802553562039,473.2618187450157,562.1497916626064,586.3987540192018,531.7909875433121,503.9062300478615
0.4816692905715403,3.5937768982182225,-0.0058475317612123,0.547793576193123,0.1338410922815767,2.698630476109888,-0.1319998575143508,2.0467465980287014
289.5075092992012,-81.62220430644868,-193.3206928420302,1414.5842369409838,2372.0914775872698,659.2834998178039,580.4593905326288,6.702098501690195
0.0001038549286416,-0.0009854734378514,26142.913112843788,20771.07986276985,20915.582265740475,19118.65790086458,-4538.770896343382,-9.50714443630143
0.0016104540124791,0.001971642390654,1244.6982376126955,-94.4160773835028,2102.122180557326,1010.1684472377336,-1.907941015629666,0.0024432295742891
-0.001614174621646,-0.0026997418214032,507.8025202982683,1964.4643864178545,-1764.1395954587445,-3070.935573164325,0.0009156901609692,-0.0003023074960621
19.18922670625255,29.66959294998771,27.504054562227378,36.03932743094542,29.93831890336076,33.100374963870685,26.376839292541188,14.999997188780496
23.929170226326512,44.62870157241399,52.16993174625917,48.8354700794938,23.076918976737343,16.581694088715807,35.310545354903695,73.05224497958055
838.6958644844374,582.6844773135939,430.270638581024,579.7242541367793,716.6360422841329,442.11070475574513,724.6081399375058,550.1092219122631
0.4836319502330219,2.804618587598103,2.171708112468319,1.8940545569616425,1.2555286229438318,1.1059600757937658,-0.0608260024949187,0.78173711902578
-104.59169032986122,-81.9165896892543,1437.2333749814482,-308.6143747287754,840.2485677567479,1603.485135280218,869.8776237152049,-76.80583897903489
-0.000304235401306,-0.0005842850901032,1216.05385081329,26819.38665429587,21894.56297626816,30489.84929583528,17998.64867248827,-6571.472366955153
0.0011826079337571,-0.0015480014066356,58.02798094108548,1196.302788309312,72.6880462726852,1426.1974472261754,-1131.8330467859184,0.0003027332303765
-0.0026131134551347,-0.0007517597184673,-172.16643394074202,6855.641503324164,843.4794081532075,-1994.0861893752608,1642.7598055024723,-0.0008661205276738
21.293814334258585,26.137690437619444,17.777523894577058,21.050608207333514,27.27076816853881,30.31577641575408,17.32536947095354,20.71106495408768
18.56137101163253,29.185607040855707,41.43930093380348,101.39155773002425,69.85043335134154,31.01057874585237,51.68812501464557,68.81416117515167
391.744305767074,593.2982044961383,462.0808328719418,675.2953641804062,664.6006341740638,415.3277760362068,355.7323912000467,532.1783102130887
1.2250806379457488,2.566374657386738,0.0920207608466594,0.1342403114530965,3.3552294556085407,3.958402917281211,3.724306547374066,1.9116934484573656
-222.89967630379732,-775.856166765183,1018.0372935782276,845.0957229475277,523.379869415353,822.01387986977,111.3098536037524,105.45874507639934
-0.0002541547907053,-0.000941336002508,5243.607749819432,8266.302066802431,21629.950320301192,19469.05700312056,-6918.913744616685,1486.433994348238
-0.0018173397410912,-0.0027884300428456,1713.9082834060632,382.3078300502824,5171.790722280516,3447.936812606684,0.4546540388294566,-0.00055745975699
0.0021238898218092,0.0022882998303517,-1142.441762244295,-398.8158997288548,-2900.1674613470136,-1436.0693194175208,-262.06407833763967,-0.0005515762659629
24.36106560804858,30.80698549373411,34.756221339785675,32.34208345126284,28.80943447844984,23.83619711984222,23.91367882996977,28.948855308188733
37.18221078201618,94.62555858059471,29.45843971770951,15.970468520910238,25.121041036394747,92.56926814155295,65.28644525372528,104.13749671064755
688.6553535950528,664.5132445073245,534.4802553562039,473.2618187450157,562.1497916626064,586.3987540192018,531.7909875433121,503.9062300478615
0.4816692905715403,3.5937768982182225,-0.0058475317612123,0.547793576193123,0.1338410922815767,2.698630476109888,-0.1319998575143508,2.0467465980287014
289.5075092992012,-81.62220430644868,-193.3206928420302,1414.5842369409838,2372.0914775872698,659.2834998178039,580.4593905326288,6.702098501690195
0.0001038549286416,-0.0009854734378514,26142.913112843788,20771.07986276985,20915.582265740475,19118.65790086458,-4538.770896343382,-9.50714443630143
0.0016104540124791,0.001971642390654,1244.6982376126955,-94.4160773835028,2102.122180557326,1010.1684472377336,-1.907941015629666,0.0024432295742891
-0.001614174621646,-0.0026997418214032,507.8025202982683,1964.4643864178545,-1764.1395954587445,-3070.935573164325,0.0009156901609692,-0.0003023074960621
19.18922670625255,29.66959294998771,27.504054562227378,36.03932743094542,29.93831890336076,33.100374963870685,26.376839292541188,14.999997188780496
23.929170226326512,44.62870157241399,52.16993174625917,48.8354700794938,23.076918976737343,16.581694088715807,35.310545354903695,73.05224497958055
838.6958644844374,582.6844773135939,430.270638581024,579.7242541367793,716.6360422841329,442.11070475574513,724.6081399375058,550.1092219122631
0.4836319502330219,2.804618587598103,2.171708112468319,1.8940545569616425,1.2555286229438318,1.1059600757937658,-0.0608260024949187,0.78173711902578
-104.59169032986122,-81.9165896892543,1437.2333749814482,-308.6143747287754,840.2485677567479,1603.485135280218,869.8776237152049,-76.80583897903489
-0.000304235401306,-0.0005842850901032,1216.05385081329,26819.38665429587,21894.56297626816,30489.84929583528,17998.64867248827,-6571.472366955153
0.0011826079337571,-0.0015480014066356,58.02798094108548,1196.302788309312,72.6880462726852,1426.1974472261754,-1131.8330467859184,0.0003027332303765
-0.0026131134551347,-0.0007517597184673,-172.16643394074202,6855.641503324164,843.4794081532075,-1994.0861893752608,1642.7598055024723,-0.0008661205276738
21.293814334258585,26.137690437619444,17.777523894577058,21.050608207333514,27.27076816853881,30.31577641575408,17.32536947095354,20.71106495408768
18.56137101163253,29.185607040855707,41.43930093380348,101.39155773002425,69.85043335134154,31.01057874585237,51.68812501464557,68.81416117515167
391.744305767074,593.2982044961383,462.0808328719418,675.2953641804062,664.6006341740638,415.3277760362068,355.7323912000467,532.1783102130887
1.2250806379457488,2.566374657386738,0.0920207608466594,0.1342403114530965,3.3552294556085407,3.958402917281211,3.724306547374066,1.9116934484573656
-222.89967630379732,-775.856166765183,1018.0372935782276,845.0957229475277,523.379869415353,822.01387986977,111.3098536037524,105.45874507639934
-0.0002541547907053,-0.000941336002508,5243.607749819432,8266.302066802431,21629.950320301192,19469.05700312056,-6918.913744616685,1486.433994348238
-0.0018173397410912,-0.0027884300428456,1713.9082834060632,382.3078300502824,5171.790722280516,3447.936812606684,0.4546540388294566,-0.00055745975699
0.0021238898218092,0.0022882998303517,-1142.441762244295,-398.8158997288548,-2900.1674613470136,-1436.0693194175208,-262.06407833763967,-0.0005515762659629
24.36106560804858,30.80698549373411,34.756221339785675,32.34208345126284,28.80943447844984,23.83619711984222,23.91367882996977,28.948855308188733
37.18221078201618,94.62555858059471,29.45843971770951,15.970468520910238,25.121041036394747,92.56926814155295,65.28644525372528,104.13749671064755
688.6553535950528,664.5132445073245,534.4802553562039,473.2618187450157,562.1497916626064,586.3987540192018,531.7909875433121,503.9062300478615
0.4816692905715403,3.5937768982182225,-0.0058475317612123,0.547793576193123,0.1338410922815767,2.698630476109888,-0.1319998575143508,2.0467465980287014
289.5075092992012,-81.62220430644868,-193.3206928420302,1414.5842369409838,2372.0914775872698,659.2834998178039,580.4593905326288,6.702098501690195
0.0001038549286416,-0.0009854734378514,26142.913112843788,20771.07986276985,20915.582265740475,19118.65790086458,-4538.770896343382,-9.50714443630143
0.0016104540124791,0.001971642390654,1244.6982376126955,-94.4160773835028,2102.122180557326,1010.1684472377336,-1.907941015629666,0.0024432295742891
-0.001614174621646,-0.0026997418214032,507.8025202982683,1964.4643864178545,-1764.1395954587445,-3070.935573164325,0.0009156901609692,-0.0003023074960621
19.18922670625255,29.66959294998771,27.504054562227378,36.03932743094542,29.93831890336076,33.100374963870685,26.376839292541188,14.999997188780496
23.929170226326512,44.62870157241399,52.16993174625917,48.8354700794938,23.076918976737343,16.581694088715807,35.310545354903695,73.05224497958055
838.6958644844374,582.6844773135939,430.270638581024,579.7242541367793,716.6360422841329,442.11070475574513,724.6081399375058,550.1092219122631
0.4836319502330219,2.804618587598103,2.171708112468319,1.8940545569616425,1.2555286229438318,1.1059600757937658,-0.0608260024949187,0.78173711902578
-104.59169032986122,-81.9165896892543,1437.2333749814482,-308.6143747287754,840.2485677567479,1603.485135280218,869.8776237152049,-76.80583897903489
-0.000304235401306,-0.0005842850901032,1216.05385081329,26819.38665429587,21894.56297626816,30489.84929583528,17998.64867248827,-6571.472366955153
0.0011826079337571,-0.0015480014066356,58.02798094108548,1196.302788309312,72.6880462726852,1426.1974472261754,-1131.8330467859184,0.0003027332303765
-0.0026131134551347,-0.0007517597184673,-172.16643394074202,6855.641503324164,843.4794081532075,-1994.0861893752608,1642.7598055024723,-0.0008661205276738
21.293814334258585,26.137690437619444,17.777523894577058,21.050608207333514,27.27076816853881,30.31577641575408,17.32536947095354,20.71106495408768
18.56137101163253,29.185607040855707,41.43930093380348,101.39155773002425,69.85043335134154,31.01057874585237,51.68812501464557,68.81416117515167
391.744305767074,593.2982044961383,462.0808328719418,675.2953641804062,664.6006341740638,415.3277760362068,355.7323912000467,532.1783102130887
1.2250806379457488,2.566374657386738,0.0920207608466594,0.1342403114530965,3.3552294556085407,3.958402917281211,3.724306547374066,1.9116934484573656
-222.89967630379732,-775.856166765183,1018.0372935782276,845.0957229475277,523.379869415353,822.01387986977,111.3098536037524,105.45874507639934
-0.0002541547907053,-0.000941336002508,5243.607749819432,8266.302066802431,21629.950320301192,19469.05700312056,-6918.913744616685,1486.433994348238
-0.0018173397410912,-0.0027884300428456,1713.9082834060632,382.3078300502824,5171.790722280516,3447.936812606684,0.4546540388294566,-0.00055745975699
0.0021238898218092,0.0022882998303517,-1142.441762244295,-398.8158997288548,-2900.1674613470136,-1436.0693194175208,-262.06407833763967,-0.0005515762659629
24.36106560804858,30.80698549373411,34.756221339785675,32.34208345126284,28.80943447844984,23.83619711984222,23.91367882996977,28.948855308188733
37.18221078201618,94.62555858059471,29.45843971770951,15.970468520910238,25.121041036394747,92.56926814155295,65.28644525372528,104.13749671064755
688.6553535950528,664.5132445073245,534.4802553562039,473.2618187450157,562.1497916626064,586.3987540192018,531.7909875433121,503.9062300478615
0.4816692905715403,3.5937768982182225,-0.0058475317612123,0.547793576193123,0.1338410922815767,2.698630476109888,-0.1319998575143508,2.0467465980287014
289.5075092992012,-81.62220430644868,-193.3206928420302,1414.5842369409838,2372.0914775872698,659.2834998178039,580.4593905326288,6.702098501690195
0.0001038549286416,-0.0009854734378514,26142.913112843788,20771.07986276985,20915.582265740475,19118.65790086458,-4538.770896343382,-9.50714443630143
0.0016104540124791,0.001971642390654,1244.6982376126955,-94.4160773835028,2102.122180557326,1010.1684472377336,-1.907941015629666,0.0024432295742891
-0.001614174621646,-0.0026997418214032,507.8025202982683,1964.4643864178545,-1764.1395954587445,-3070.935573164325,0.0009156901609692,-0.0003023074960621
19.18922670625255,29.66959294998771,27.504054562227378,36.03932743094542,29.93831890336076,33.100374963870685,26.376839292541188,14.999997188780496
23.929170226326512,44.62870157241399,52.16993174625917,48.8354700794938,23.076918976737343,16.581694088715807,35.310545354903695,73.05224497958055
838.6958644844374,582.6844773135939,430.270638581024,579.7242541367793,716.6360422841329,442.11070475574513,724.6081399375058,550.1092219122631
0.4836319502330219,2.804618587598103,2.171708112468319,1.8940545569616425,1.2555286229438318,1.1059600757937658,-0.0608260024949187,0.78173711902578
-104.59169032986122,-81.9165896892543,1437.2333749814482,-308.6143747287754,840.2485677567479,1603.485135280218,869.8776237152049,-76.80583897903489
-0.000304235401306,-0.0005842850901032,1216.05385081329,26819.38665429587,21894.56297626816,30489.84929583528,17998.64867248827,-6571.472366955153
0.0011826079337571,-0.0015480014066356,58.02798094108548,1196.302788309312,72.6880462726852,1426.1974472261754,-1131.8330467859184,0.0003027332303765
-0.0026131134551347,-0.0007517597184673,-172.16643394074202,6855.641503324164,843.4794081532075,-1994.0861893752608,1642.7598055024723,-0.0008661205276738
21.293814334258585,26.137690437619444,17.777523894577058,21.050608207333514,27.27076816853881,30.31577641575408,17.32536947095354,20.71106495408768
18.56137101163253,29.185607040855707,41.43930093380348,101.39155773002425,69.85043335134154,31.01057874585237,51.68812501464557,68.81416117515167
391.744305767074,593.2982044961383,462.0808328719418,675.2953641804062,664.6006341740638,415.3277760362068,355.7323912000467,532.1783102130887
1.2250806379457488,2.566374657386738,0.0920207608466594,0.1342403114530965,3.3552294556085407,3.958402917281211,3.724306547374066,1.9116934484573656
-222.89967630379732,-775.856166765183,1018.0372935782276,845.0957229475277,523.379869415353,822.01387986977,111.3098536037524,105.45874507639934
-0.0002541547907053,-0.000941336002508,5243.607749819432,8266.302066802431,21629.950320301192,19469.05700312056,-6918.913744616685,1486.433994348238
-0.0018173397410912,-0.0027884300428456,1713.9082834060632,382.3078300502824,5171.790722280516,3447.936812606684,0.4546540388294566,-0.00055745975699
0.0021238898218092,0.0022882998303517,-1142.441762244295,-398.8158997288548,-2900.1674613470136,-1436.0693194175208,-262.06407833763967,-0.0005515762659629
24.36106560804858,30.80698549373411,34.756221339785675,32.34208345126284,28.80943447844984,23.83619711984222,23.91367882996977,28.948855308188733
37.18221078201618,94.62555858059471,29.45843971770951,15.970468520910238,25.121041036394747,92.56926814155295,65.28644525372528,104.13749671064755
688.6553535950528,664.5132445073245,534.4802553562039,473.2618187450157,562.1497916626064,586.3987540192018,531.7909875433121,503.9062300478615
0.4816692905715403,3.5937768982182225,-0.0058475317612123,0.547793576193123,0.1338410922815767,2.698630476109888,-0.1319998575143508,2.0467465980287014
289.5075092992012,-81.62220430644868,-193.3206928420302,1414.5842369409838,2372.0914775872698,659.2834998178039,580.4593905326288,6.702098501690195
0.0001038549286416,-0.0009854734378514,26142.913112843788,20771.07986276985,20915.582265740475,19118.65790086458,-4538.770896343382,-9.50714443630143
0.0016104540124791,0.001971642390654,1244.6982376126955,-94.4160773835028,2102.122180557326,1010.1684472377336,-1.907941015629666,0.0024432295742891
-0.001614174621646,-0.0026997418214032,507.8025202982683,1964.4643864178545,-1764.1395954587445,-3070.935573164325,0.0009156901609692,-0.0003023074960621
19.18922670625255,29.66959294998771,27.504054562227378,36.03932743094542,29.93831890336076,33.100374963870685,26.376839292541188,14.999997188780496
23.929170226326512,44.62870157241399,52.16993174625917,48.8354700794938,23.076918976737343,16.581694088715807,35.310545354903695,73.05224497958055
838.6958644844374,582.6844773135939,430.270638581024,579.7242541367793,716.6360422841329,442.11070475574513,724.6081399375058,550.1092219122631
0.4836319502330219,2.804618587598103,2.171708112468319,1.8940545569616425,1.2555286229438318,1.1059600757937658,-0.0608260024949187,0.78173711902578
-104.59169032986122,-81.9165896892543,1437.2333749814482,-308.6143747287754,840.2485677567479,1603.485135280218,869.8776237152049,-76.80583897903489
-0.000304235401306,-0.0005842850901032,1216.05385081329,26819.38665429587,21894.56297626816,30489.84929583528,17998.64867248827,-6571.472366955153
0.0011826079337571,-0.0015480014066356,58.02798094108548,1196.302788309312,72.6880462726852,1426.1974472261754,-1131.8330467859184,0.0003027332303765
-0.0026131134551347,-0.0007517597184673,-172.16643394074202,6855.641503324164,843.4794081532075,-1994.0861893752608,1642.7598055024723,-0.0008661205276738
21.293814334258585,26.137690437619444,17.777523894577058,21.050608207333514,27.27076816853881,30.31577641575408,17.32536947095354,20.71106495408768
18.56137101163253,29.185607040855707,41.43930093380348,101.39155773002425,69.85043335134154,31.01057874585237,51.68812501464557,68.81416117515167
391.744305767074,593.2982044961383,462.0808328719418,675.2953641804062,664.6006341740638,415.3277760362068,355.7323912000467,532.1783102130887
1.2250806379457488,2.566374657386738,0.0920207608466594,0.1342403114530965,3.3552294556085407,3.958402917281211,3.724306547374066,1.9116934484573656
-222.89967630379732,-775.856166765183,1018.0372935782276,845.0957229475277,523.379869415353,822.01387986977,111.3098536037524,105.45874507639934
-0.0002541547907053,-0.000941336002508,5243.607749819432,8266.302066802431,21629.950320301192,19469.05700312056,-6918.913744616685,1486.433994348238
-0.0018173397410912,-0.0027884300428456,1713.9082834060632,382.3078300502824,5171.790722280516,3447.936812606684,0.4546540388294566,-0.00055745975699
0.0021238898218092,0.0022882998303517,-1142.441762244295,-398.8158997288548,-2900.1674613470136,-1436.0693194175208,-262.06407833763967,-0.0005515762659629
24.36106560804858,30.80698549373411,34.756221339785675,32.34208345126284,28.80943447844984,23.83619711984222,23.91367882996977,28.948855308188733
37.18221078201618,94.62555858059471,29.45843971770951,15.970468520910238,25.121041036394747,92.56926814155295,65.28644525372528,104.13749671064755
688.6553535950528,664.5132445073245,534.4802553562039,473.2618187450157,562.1497916626064,586.3987540192018,531.7909875433121,503.9062300478615
0.4816692905715403,3.5937768982182225,-0.0058475317612123,0.547793576193123,0.1338410922815767,2.698630476109888,-0.1319998575143508,2.0467465980287014
289.5075092992012,-81.62220430644868,-193.3206928420302,1414.5842369409838,2372.0914775872698,659.2834998178039,580.4593905326288,6.702098501690195
0.0001038549286416,-0.0009854734378514,26142.913112843788,20771.07986276985,20915.582265740475,19118.65790086458,-4538.770896343382,-9.50714443630143
0.0016104540124791,0.001971642390654,1244.6982376126955,-94.4160773835028,2102.122180557326,1010.1684472377336,-1.907941015629666,0.0024432295742891
-0.001614174621646,-0.0026997418214032,507.8025202982683,1964.4643864178545,-1764.1395954587445,-3070.935573164325,0.0009156901609692,-0.0003023074960621
19.18922670625255,29.66959294998771,27.504054562227378,36.03932743094542,29.93831890336076,33.100374963870685,26.376839292541188,14.999997188780496
23.929170226326512,44.62870157241399,52.16993174625917,48.8354700794938,23.076918976737343,16.581694088715807,35.310545354903695,73.05224497958055
838.6958644844374,582.6844773135939,430.270638581024,579.7242541367793,716.6360422841329,442.11070475574513,724.6081399375058,550.1092219122631
0.4836319502330219,2.804618587598103,2.171708112468319,1.8940545569616425,1.2555286229438318,1.1059600757937658,-0.0608260024949187,0.78173711902578
-104.59169032986122,-81.9165896892543,1437.2333749814482,-308.6143747287754,840.2485677567479,1603.485135280218,869.8776237152049,-76.80583897903489
-0.000304235401306,-0.0005842850901032,1216.05385081329,26819.38665429587,21894.56297626816,30489.84929583528,17998.64867248827,-6571.472366955153
0.0011826079337571,-0.0015480014066356,58.02798094108548,1196.302788309312,72.6880462726852,1426.1974472261754,-1131.8330467859184,0.0003027332303765
-0.0026131134551347,-0.0007517597184673,-172.16643394074202,6855.641503324164,843.4794081532075,-1994.0861893752608,1642.7598055024723,-0.0008661205276738
21.293814334258585,26.137690437619444,17.777523894577058,21.050608207333514,27.27076816853881,30.31577641575408,17.32536947095354,20.71106495408768
18.56137101163253,29.185607040855707,41.43930093380348,101.39155773002425,69.85043335134154,31.01057874585237,51.68812501464557,68.81416117515167
391.744305767074,593.2982044961383,462.0808328719418,675.2953641804062,664.6006341740638,415.3277760362068,355.7323912000467,532.1783102130887
1.2250806379457488,2.566374657386738,0.0920207608466594,0.1342403114530965,3.3552294556085407,3.958402917281211,3.724306547374066,1.9116934484573656
-222.89967630379732,-775.856166765183,1018.0372935782276,845.0957229475277,523.379869415353,822.01387986977,111.3098536037524,105.45874507639934
-0.0002541547907053,-0.000941336002508,5243.607749819432,8266.302066802431,21629.950320301192,19469.05700312056,-6918.913744616685,1486.433994348238
-0.0018173397410912,-0.0027884300428456,1713.9082834060632,382.3078300502824,5171.790722280516,3447.936812606684,0.4546540388294566,-0.00055745975699
0.0021238898218092,0.0022882998303517,-1142.441762244295,-398.8158997288548,-2900.1674613470136,-1436.0693194175208,-262.06407833763967,-0.0005515762659629
24.36106560804858,30.80698549373411,34.756221339785675,32.34208345126284,28.80943447844984,23.83619711984222,23.91367882996977,28.948855308188733
37.18221078201618,94.62555858059471,29.45843971770951,15.970468520910238,25.121041036394747,92.56926814155295,65.28644525372528,104.13749671064755
688.6553535950528,664.5132445073245,534.4802553562039,473.2618187450157,562.1497916626064,586.3987540192018,531.7909875433121,503.9062300478615
0.4816692905715403,3.5937768982182225,-0.0058475317612123,0.547793576193123,0.1338410922815767,2.698630476109888,-0.1319998575143508,2.0467465980287014
289.5075092992012,-81.62220430644868,-193.3206928420302,1414.5842369409838,2372.0914775872698,659.2834998178039,580.4593905326288,6.702098501690195
0.0001038549286416,-0.0009854734378514,26142.913112843788,20771.07986276985,20915.582265740475,19118.65790086458,-4538.770896343382,-9.50714443630143
0.0016104540124791,0.001971642390654,1244.6982376126955,-94.4160773835028,2102.122180557326,1010.1684472377336,-1.907941015629666,0.0024432295742891
-0.001614174621646,-0.0026997418214032,507.8025202982683,1964.4643864178545,-1764.1395954587445,-3070.935573164325,0.0009156901609692,-0.0003023074960621
19.18922670625255,29.66959294998771,27.504054562227378,36.03932743094542,29.93831890336076,33.100374963870685,26.376839292541188,14.999997188780496
23.929170226326512,44.62870157241399,52.16993174625917,48.8354700794938,23.076918976737343,16.581694088715807,35.310545354903695,73.05224497958055
838.6958644844374,582.6844773135939,430.270638581024,579.7242541367793,716.6360422841329,442.11070475574513,724.6081399375058,550.1092219122631
0.4836319502330219,2.804618587598103,2.171708112468319,1.8940545569616425,1.2555286229438318,1.1059600757937658,-0.0608260024949187,0.78173711902578
-104.59169032986122,-81.9165896892543,1437.2333749814482,-308.6143747287754,840.2485677567479,1603.485135280218,869.8776237152049,-76.80583897903489
-0.000304235401306,-0.0005842850901032,1216.05385081329,26819.38665429587,21894.56297626816,30489.84929583528,17998.64867248827,-6571.472366955153
0.0011826079337571,-0.0015480014066356,58.02798094108548,1196.302788309312,72.6880462726852,1426.1974472261754,-1131.8330467859184,0.0003027332303765
-0.0026131134551347,-0.0007517597184673,-172.16643394074202,6855.641503324164,843.4794081532075,-1994.0861893752608,1642.7598055024723,-0.0008661205276738
21.293814334258585,26.137690437619444,17.777523894577058,21.050608207333514,27.27076816853881,30.31577641575408,17.32536947095354,20.71106495408768
18.56137101163253,29.185607040855707,41.43930093380348,101.39155773002425,69.85043335134154,31.01057874585237,51.68812501464557,68.81416117515167
391.744305767074,593.2982044961383,462.0808328719418,675.2953641804062,664.6006341740638,415.3277760362068,355.7323912000467,532.1783102130887
1.2250806379457488,2.566374657386738,0.0920207608466594,0.1342403114530965,3.3552294556085407,3.958402917281211,3.724306547374066,1.9116934484573656
-222.89967630379732,-775.856166765183,1018.0372935782276,845.0957229475277,523.379869415353,822.01387986977,111.3098536037524,105.45874507639934
-0.0002541547907053,-0.000941336002508,5243.607749819432,8266.302066802431,21629.950320301192,19469.05700312056,-6918.913744616685,1486.433994348238
-0.0018173397410912,-0.0027884300428456,1713.9082834060632,382.3078300502824,5171.790722280516,3447.936812606684,0.4546540388294566,-0.00055745975699
0.0021238898218092,0.0022882998303517,-1142.441762244295,-398.8158997288548,-2900.1674613470136,-1436.0693194175208,-262.06407833763967,-0.0005515762659629
24.36106560804858,30.80698549373411,34.756221339785675,32.34208345126284,28.80943447844984,23.83619711984222,23.91367882996977,28.948855308188733
37.18221078201618,94.62555858059471,29.45843971770951,15.970468520910238,25.121041036394747,92.56926814155295,65.28644525372528,104.13749671064755
688.6553535950528,664.5132445073245,534.4802553562039,473.2618187450157,562.1497916626064,586.3987540192018,531.7909875433121,503.9062300478615
0.4816692905715403,3.5937768982182225,-0.0058475317612123,0.547793576193123,0.1338410922815767,2.698630476109888,-0.1319998575143508,2.0467465980287014
289.5075092992012,-81.62220430644868,-193.3206928420302,1414.5842369409838,2372.0914775872698,659.2834998178039,580.4593905326288,6.702098501690195
0.0001038549286416,-0.0009854734378514,26142.913112843788,20771.07986276985,20915.582265740475,19118.65790086458,-4538.770896343382,-9.50714443630143
0.0016104540124791,0.001971642390654,1244.6982376126955,-94.4160773835028,2102.122180557326,1010.1684472377336,-1.907941015629666,0.0024432295742891
-0.001614174621646,-0.0026997418214032,507.8025202982683,1964.4643864178545,-1764.1395954587445,-3070.935573164325,0.0009156901609692,-0.0003023074960621
19.18922670625255,29.66959294998771,27.504054562227378,36.03932743094542,29.93831890336076,33.100374963870685,26.376839292541188,14.999997188780496
23.929170226326512,44.62870157241399,52.16993174625917,48.8354700794938,23.076918976737343,16.581694088715807,35.310545354903695,73.05224497958055
838.6958644844374,582.6844773135939,430.270638581024,579.7242541367793,716.6360422841329,442.11070475574513,724.6081399375058,550.1092219122631
0.4836319502330219,2.804618587598103,2.171708112468319,1.8940545569616425,1.2555286229438318,1.1059600757937658,-0.0608260024949187,0.78173711902578
-104.59169032986122,-81.9165896892543,1437.2333749814482,-308.6143747287754,840.2485677567479,1603.485135280218,869.8776237152049,-76.80583897903489
-0.000304235401306,-0.0005842850901032,1216.05385081329,26819.38665429587,21894.56297626816,30489.84929583528,17998.64867248827,-6571.472366955153
0.0011826079337571,-0.0015480014066356,58.02798094108548,1196.302788309312,72.6880462726852,1426.1974472261754,-1131.8330467859184,0.0003027332303765
-0.0026131134551347,-0.0007517597184673,-172.16643394074202,6855.641503324164,843.4794081532075,-1994.0861893752608,1642.7598055024723,-0.0008661205276738
21.293814334258585,26.137690437619444,17.777523894577058,21.050608207333514,27.27076816853881,30.31577641575408,17.32536947095354,20.71106495408768
18.56137101163253,29.185607040855707,41.43930093380348,101.39155773002425,69.85043335134154,31.01057874585237,51.68812501464557,68.81416117515167
391.744305767074,593.2982044961383,462.0808328719418,675.2953641804062,664.6006341740638,415.3277760362068,355.7323912000467,532.1783102130887
1.2250806379457488,2.566374657386738,0.0920207608466594,0.1342403114530965,3.3552294556085407,3.958402917281211,3.724306547374066,1.9116934484573656
-222.89967630379732,-775.856166765183,1018.0372935782276,845.0957229475277,523.379869415353,822.01387986977,111.3098536037524,105.45874507639934
-0.0002541547907053,-0.000941336002508,5243.607749819432,8266.302066802431,21629.950320301192,19469.05700312056,-6918.913744616685,1486.433994348238
-0.0018173397410912,-0.0027884300428456,1713.9082834060632,382.3078300502824,5171.790722280516,3447.936812606684,0.4546540388294566,-0.00055745975699
0.0021238898218092,0.0022882998303517,-1142.441762244295,-398.8158997288548,-2900.1674613470136,-1436.0693194175208,-262.06407833763967,-0.0005515762659629
24.36106560804858,30.80698549373411,34.756221339785675,32.34208345126284,28.80943447844984,23.83619711984222,23.91367882996977,28.948855308188733
37.18221078201618,94.62555858059471,29.45843971770951,15.970468520910238,25.121041036394747,92.56926814155295,65.28644525372528,104.13749671064755
688.6553535950528,664.5132445073245,534.4802553562039,473.2618187450157,562.1497916626064,586.3987540192018,531.7909875433121,503.9062300478615
0.4816692905715403,3.5937768982182225,-0.0058475317612123,0.547793576193123,0.1338410922815767,2.698630476109888,-0.1319998575143508,2.0467465980287014
289.5075092992012,-81.62220430644868,-193.3206928420302,1414.5842369409838,2372.0914775872698,659.2834998178039,580.4593905326288,6.702098501690195
0.0001038549286416,-0.0009854734378514,26142.913112843788,20771.07986276985,20915.582265740475,19118.65790086458,-4538.770896343382,-9.50714443630143
0.0016104540124791,0.001971642390654,1244.6982376126955,-94.4160773835028,2102.122180557326,1010.1684472377336,-1.907941015629666,0.0024432295742891
-0.001614174621646,-0.0026997418214032,507.8025202982683,1964.4643864178545,-1764.1395954587445,-3070.935573164325,0.0009156901609692,-0.0003023074960621
19.18922670625255,29.66959294998771,27.504054562227378,36.03932743094542,29.93831890336076,33.100374963870685,26.376839292541188,14.999997188780496
23.929170226326512,44.62870157241399,52.16993174625917,48.8354700794938,23.076918976737343,16.581694088715807,35.310545354903695,73.05224497958055
838.6958644844374,582.6844773135939,430.270638581024,579.7242541367793,716.6360422841329,442.11070475574513,724.6081399375058,550.1092219122631
0.4836319502330219,2.804618587598103,2.171708112468319,1.8940545569616425,1.2555286229438318,1.1059600757937658,-0.0608260024949187,0.78173711902578
-104.59169032986122,-81.9165896892543,1437.2333749814482,-308.6143747287754,840.2485677567479,1603.485135280218,869.8776237152049,-76.80583897903489
-0.000304235401306,-0.0005842850901032,1216.05385081329,26819.38665429587,21894.56297626816,30489.84929583528,17998.64867248827,-6571.472366955153
0.0011826079337571,-0.0015480014066356,58.02798094108548,1196.302788309312,72.6880462726852,1426.1974472261754,-1131.8330467859184,0.0003027332303765
-0.0026131134551347,-0.0007517597184673,-172.16643394074202,6855.641503324164,843.4794081532075,-1994.0861893752608,1642.7598055024723,-0.0008661205276738
21.293814334258585,26.137690437619444,17.777523894577058,21.050608207333514,27.27076816853881,30.31577641575408,17.32536947095354,20.71106495408768
18.56137101163253,29.185607040855707,41.43930093380348,101.39155773002425,69.85043335134154,31.01057874585237,51.68812501464557,68.81416117515167
391.744305767074,593.2982044961383,462.0808328719418,675.2953641804062,664.6006341740638,415.3277760362068,355.7323912000467,532.1783102130887
1.2250806379457488,2.566374657386738,0.0920207608466594,0.1342403114530965,3.3552294556085407,3.958402917281211,3.724306547374066,1.9116934484573656
-222.89967630379732,-775.856166765183,1018.0372935782276,845.0957229475277,523.379869415353,822.01387986977,111.3098536037524,105.45874507639934
-0.0002541547907053,-0.000941336002508,5243.607749819432,8266.302066802431,21629.950320301192,19469.05700312056,-6918.913744616685,1486.433994348238
-0.0018173397410912,-0.0027884300428456,1713.9082834060632,382.3078300502824,5171.790722280516,3447.936812606684,0.4546540388294566,-0.00055745975699
0.0021238898218092,0.0022882998303517,-1142.441762244295,-398.8158997288548,-2900.1674613470136,-1436.0693194175208,-262.06407833763967,-0.0005515762659629
24.36106560804858,30.80698549373411,34.756221339785675,32.34208345126284,28.80943447844984,23.83619711984222,23.91367882996977,28.948855308188733
37.18221078201618,94.62555858059471,29.45843971770951,15.970468520910238,25.121041036394747,92.56926814155295,65.28644525372528,104.13749671064755
688.6553535950528,664.5132445073245,534.4802553562039,473.2618187450157,562.1497916626064,586.3987540192018,531.7909875433121,503.9062300478615
0.4816692905715403,3.5937768982182225,-0.0058475317612123,0.547793576193123,0.1338410922815767,2.698630476109888,-0.1319998575143508,2.0467465980287014
289.5075092992012,-81.62220430644868,-193.3206928420302,1414.5842369409838,2372.0914775872698,659.2834998178039,580.4593905326288,6.702098501690195
0.0001038549286416,-0.0009854734378514,26142.913112843788,20771.07986276985,20915.582265740475,19118.65790086458,-4538.770896343382,-9.50714443630143
0.0016104540124791,0.001971642390654,1244.6982376126955,-94.4160773835028,2102.122180557326,1010.1684472377336,-1.907941015629666,0.0024432295742891
-0.001614174621646,-0.0026997418214032,507.8025202982683,1964.4643864178545,-1764.1395954587445,-3070.935573164325,0.0009156901609692,-0.0003023074960621
19.18922670625255,29.66959294998771,27.504054562227378,36.03932743094542,29.93831890336076,33.100374963870685,26.376839292541188,14.999997188780496
23.929170226326512,44.62870157241399,52.16993174625917,48.8354700794938,23.076918976737343,16.581694088715807,35.310545354903695,73.05224497958055
838.6958644844374,582.6844773135939,430.270638581024,579.7242541367793,716.6360422841329,442.11070475574513,724.6081399375058,550.1092219122631
0.4836319502330219,2.804618587598103,2.171708112468319,1.8940545569616425,1.2555286229438318,1.1059600757937658,-0.0608260024949187,0.78173711902578
-104.59169032986122,-81.9165896892543,1437.2333749814482,-308.6143747287754,840.2485677567479,1603.485135280218,869.8776237152049,-76.80583897903489
-0.000304235401306,-0.0005842850901032,1216.05385081329,26819.38665429587,21894.56297626816,30489.84929583528,17998.64867248827,-6571.472366955153
0.0011826079337571,-0.0015480014066356,58.02798094108548,1196.302788309312,72.6880462726852,1426.1974472261754,-1131.8330467859184,0.0003027332303765
-0.0026131134551347,-0.0007517597184673,-172.16643394074202,6855.641503324164,843.4794081532075,-1994.0861893752608,1642.7598055024723,-0.0008661205276738
21.293814334258585,26.137690437619444,17.777523894577058,21.050608207333514,27.27076816853881,30.31577641575408,17.32536947095354,20.71106495408768
18.56137101163253,29.185607040855707,41.43930093380348,101.39155773002425,69.85043335134154,31.01057874585237,51.68812501464557,68.81416117515167
391.744305767074,593.2982044961383,462.0808328719418,675.2953641804062,664.6006341740638,415.3277760362068,355.7323912000467,532.1783102130887
1.2250806379457488,2.566374657386738,0.0920207608466594,0.1342403114530965,3.3552294556085407,3.958402917281211,3.724306547374066,1.9116934484573656
-222.89967630379732,-775.856166765183,1018.0372935782276,845.0957229475277,523.379869415353,822.01387986977,111.3098536037524,105.45874507639934
-0.0002541547907053,-0.000941336002508,5243.607749819432,8266.302066802431,21629.950320301192,19469.05700312056,-6918.913744616685,1486.433994348238
-0.0018173397410912,-0.0027884300428456,1713.9082834060632,382.3078300502824,5171.790722280516,3447.936812606684,0.4546540388294566,-0.00055745975699
0.0021238898218092,0.0022882998303517,-1142.441762244295,-398.8158997288548,-2900.1674613470136,-1436.0693194175208,-262.06407833763967,-0.0005515762659629
24.36106560804858,30.80698549373411,34.756221339785675,32.34208345126284,28.80943447844984,23.83619711984222,23.91367882996977,28.948855308188733
37.18221078201618,94.62555858059471,29.45843971770951,15.970468520910238,25.121041036394747,92.56926814155295,65.28644525372528,104.13749671064755
688.6553535950528,664.5132445073245,534.4802553562039,473.2618187450157,562.1497916626064,586.3987540192018,531.7909875433121,503.9062300478615
0.4816692905715403,3.5937768982182225,-0.0058475317612123,0.547793576193123,0.1338410922815767,2.698630476109888,-0.1319998575143508,2.0467465980287014
289.5075092992012,-81.62220430644868,-193.3206928420302,1414.5842369409838,2372.0914775872698,659.2834998178039,580.4593905326288,6.702098501690195
0.0001038549286416,-0.0009854734378514,26142.913112843788,20771.07986276985,20915.582265740475,19118.65790086458,-4538.770896343382,-9.50714443630143
0.0016104540124791,0.001971642390654,1244.6982376126955,-94.4160773835028,2102.122180557326,1010.1684472377336,-1.907941015629666,0.0024432295742891
-0.001614174621646,-0.0026997418214032,507.8025202982683,1964.4643864178545,-1764.1395954587445,-3070.935573164325,0.0009156901609692,-0.0003023074960621
19.18922670625255,29.66959294998771,27.504054562227378,36.03932743094542,29.93831890336076,33.100374963870685,26.376839292541188,14.999997188780496
23.929170226326512,44.62870157241399,52.16993174625917,48.8354700794938,23.076918976737343,16.581694088715807,35.310545354903695,73.05224497958055
838.6958644844374,582.6844773135939,430.270638581024,579.7242541367793,716.6360422841329,442.11070475574513,724.6081399375058,550.1092219122631
0.4836319502330219,2.804618587598103,2.171708112468319,1.8940545569616425,1.2555286229438318,1.1059600757937658,-0.0608260024949187,0.78173711902578
-104.59169032986122,-81.9165896892543,1437.2333749814482,-308.6143747287754,840.2485677567479,1603.485135280218,869.8776237152049,-76.80583897903489
-0.000304235401306,-0.0005842850901032,1216.05385081329,26819.38665429587,21894.56297626816,30489.84929583528,17998.64867248827,-6571.472366955153
0.0011826079337571,-0.0015480014066356,58.02798094108548,1196.302788309312,72.6880462726852,1426.1974472261754,-1131.8330467859184,0.0003027332303765
-0.0026131134551347,-0.0007517597184673,-172.16643394074202,6855.641503324164,843.4794081532075,-1994.0861893752608,1642.7598055024723,-0.0008661205276738
21.293814334258585,26.137690437619444,17.777523894577058,21.050608207333514,27.27076816853881,30.31577641575408,17.32536947095354,20.71106495408768
18.56137101163253,29.185607040855707,41.43930093380348,101.39155773002425,69.85043335134154,31.01057874585237,51.68812501464557,68.81416117515167
391.744305767074,593.2982044961383,462.0808328719418,675.2953641804062,664.6006341740638,415.3277760362068,355.7323912000467,532.1783102130887
1.2250806379457488,2.566374657386738,0.0920207608466594,0.1342403114530965,3.3552294556085407,3.958402917281211,3.724306547374066,1.9116934484573656
-222.89967630379732,-775.856166765183,1018.0372935782276,845.0957229475277,523.379869415353,822.01387986977,111.3098536037524,105.45874507639934
-0.0002541547907053,-0.000941336002508,5243.607749819432,8266.302066802431,21629.950320301192,19469.05700312056,-6918.913744616685,1486.433994348238
-0.0018173397410912,-0.0027884300428456,1713.9082834060632,382.3078300502824,5171.790722280516,3447.936812606684,0.4546540388294566,-0.00055745975699
0.0021238898218092,0.0022882998303517,-1142.441762244295,-398.8158997288548,-2900.1674613470136,-1436.0693194175208,-262.06407833763967,-0.0005515762659629
24.36106560804858,30.80698549373411,34.756221339785675,32.34208345126284,28.80943447844984,23.83619711984222,23.91367882996977,28.948855308188733
37.18221078201618,94.62555858059471,29.45843971770951,15.970468520910238,25.121041036394747,92.56926814155295,65.28644525372528,104.13749671064755
688.6553535950528,664.5132445073245,534.4802553562039,473.2618187450157,562.1497916626064,586.3987540192018,531.7909875433121,503.9062300478615
0.4816692905715403,3.5937768982182225,-0.0058475317612123,0.547793576193123,0.1338410922815767,2.698630476109888,-0.1319998575143508,2.0467465980287014
289.5075092992012,-81.62220430644868,-193.3206928420302,1414.5842369409838,2372.0914775872698,659.2834998178039,580.4593905326288,6.702098501690195
0.0001038549286416,-0.0009854734378514,26142.913112843788,20771.07986276985,20915.582265740475,19118.65790086458,-4538.770896343382,-9.50714443630143
0.0016104540124791,0.001971642390654,1244.6982376126955,-94.4160773835028,2102.122180557326,1010.1684472377336,-1.907941015629666,0.0024432295742891
-0.001614174621646,-0.0026997418214032,507.8025202982683,1964.4643864178545,-1764.1395954587445,-3070.935573164325,0.0009156901609692,-0.0003023074960621
19.18922670625255,29.66959294998771,27.504054562227378,36.03932743094542,29.93831890336076,33.100374963870685,26.376839292541188,14.999997188780496
23.929170226326512,44.62870157241399,52.16993174625917,48.8354700794938,23.076918976737343,16.581694088715807,35.310545354903695,73.05224497958055
838.6958644844374,582.6844773135939,430.270638581024,579.7242541367793,716.6360422841329,442.11070475574513,724.6081399375058,550.1092219122631
0.4836319502330219,2.804618587598103,2.171708112468319,1.8940545569616425,1.2555286229438318,1.1059600757937658,-0.0608260024949187,0.78173711902578
-104.59169032986122,-81.9165896892543,1437.2333749814482,-308.6143747287754,840.2485677567479,1603.485135280218,869.8776237152049,-76.80583897903489
-0.000304235401306,-0.0005842850901032,1216.05385081329,26819.38665429587,21894.56297626816,30489.84929583528,17998.64867248827,-6571.472366955153
0.0011826079337571,-0.0015480014066356,58.02798094108548,1196.302788309312,72.6880462726852,1426.1974472261754,-1131.8330467859184,0.0003027332303765
-0.0026131134551347,-0.0007517597184673,-172.16643394074202,6855.641503324164,843.4794081532075,-1994.0861893752608,1642.7598055024723,-0.0008661205276738
21.293814334258585,26.137690437619444,17.777523894577058,21.050608207333514,27.27076816853881,30.31577641575408,17.32536947095354,20.71106495408768
18.56137101163253,29.185607040855707,41.43930093380348,101.39155773002425,69.85043335134154,31.01057874585237,51.68812501464557,68.81416117515167
391.744305767074,593.2982044961383,462.0808328719418,675.2953641804062,664.6006341740638,415.3277760362068,355.7323912000467,532.1783102130887
1.2250806379457488,2.566374657386738,0.0920207608466594,0.1342403114530965,3.3552294556085407,3.958402917281211,3.724306547374066,1.9116934484573656
-222.89967630379732,-775.856166765183,1018.0372935782276,845.0957229475277,523.379869415353,822.01387986977,111.3098536037524,105.45874507639934
-0.0002541547907053,-0.000941336002508,5243.607749819432,8266.302066802431,21629.950320301192,19469.05700312056,-6918.913744616685,1486.433994348238
-0.0018173397410912,-0.0027884300428456,1713.9082834060632,382.3078300502824,5171.790722280516,3447.936812606684,0.4546540388294566,-0.00055745975699
0.0021238898218092,0.0022882998303517,-1142.441762244295,-398.8158997288548,-2900.1674613470136,-1436.0693194175208,-262.06407833763967,-0.0005515762659629
24.36106560804858,30.80698549373411,34.756221339785675,32.34208345126284,28.80943447844984,23.83619711984222,23.91367882996977,28.948855308188733
37.18221078201618,94.62555858059471,29.45843971770951,15.970468520910238,25.121041036394747,92.56926814155295,65.28644525372528,104.13749671064755
688.6553535950528,664.5132445073245,534.4802553562039,473.2618187450157,562.1497916626064,586.3987540192018,531.7909875433121,503.9062300478615
0.4816692905715403,3.5937768982182225,-0.0058475317612123,0.547793576193123,0.1338410922815767,2.698630476109888,-0.1319998575143508,2.0467465980287014
289.5075092992012,-81.62220430644868,-193.3206928420302,1414.5842369409838,2372.0914775872698,659.2834998178039,580.4593905326288,6.702098501690195
0.0001038549286416,-0.0009854734378514,26142.913112843788,20771.07986276985,20915.582265740475,19118.65790086458,-4538.770896343382,-9.50714443630143
0.0016104540124791,0.001971642390654,1244.6982376126955,-94.4160773835028,2102.122180557326,1010.1684472377336,-1.907941015629666,0.0024432295742891
-0.001614174621646,-0.0026997418214032,507.8025202982683,1964.4643864178545,-1764.1395954587445,-3070.935573164325,0.0009156901609692,-0.0003023074960621
19.18922670625255,29.66959294998771,27.504054562227378,36.03932743094542,29.93831890336076,33.100374963870685,26.376839292541188,14.999997188780496
23.929170226326512,44.62870157241399,52.16993174625917,48.8354700794938,23.076918976737343,16.581694088715807,35.310545354903695,73.05224497958055
838.6958644844374,582.6844773135939,430.270638581024,579.7242541367793,716.6360422841329,442.11070475574513,724.6081399375058,550.1092219122631
0.4836319502330219,2.804618587598103,2.171708112468319,1.8940545569616425,1.2555286229438318,1.1059600757937658,-0.0608260024949187,0.78173711902578
-104.59169032986122,-81.9165896892543,1437.2333749814482,-308.6143747287754,840.2485677567479,1603.485135280218,869.8776237152049,-76.80583897903489
-0.000304235401306,-0.0005842850901032,1216.05385081329,26819.38665429587,21894.56297626816,30489.84929583528,17998.64867248827,-6571.472366955153
0.0011826079337571,-0.0015480014066356,58.02798094108548,1196.302788309312,72.6880462726852,1426.1974472261754,-1131.8330467859184,0.0003027332303765
-0.0026131134551347,-0.0007517597184673,-172.16643394074202,6855.641503324164,843.4794081532075,-1994.0861893752608,1642.7598055024723,-0.0008661205276738
21.293814334258585,26.137690437619444,17.777523894577058,21.050608207333514,27.27076816853881,30.31577641575408,17.32536947095354,20.71106495408768
18.56137101163253,29.185607040855707,41.43930093380348,101.39155773002425,69.85043335134154,31.01057874585237,51.68812501464557,68.81416117515167
391.744305767074,593.2982044961383,462.0808328719418,675.2953641804062,664.6006341740638,415.3277760362068,355.7323912000467,532.1783102130887
1.2250806379457488,2.566374657386738,0.0920207608466594,0.1342403114530965,3.3552294556085407,3.958402917281211,3.724306547374066,1.9116934484573656
-222.89967630379732,-775.856166765183,1018.0372935782276,845.0957229475277,523.379869415353,822.01387986977,111.3098536037524,105.45874507639934
-0.0002541547907053,-0.000941336002508,5243.607749819432,8266.302066802431,21629.950320301192,19469.05700312056,-6918.913744616685,1486.433994348238
-0.0018173397410912,-0.0027884300428456,1713.9082834060632,382.3078300502824,5171.790722280516,3447.936812606684,0.4546540388294566,-0.00055745975699
0.0021238898218092,0.0022882998303517,-1142.441762244295,-398.8158997288548,-2900.1674613470136,-1436.0693194175208,-262.06407833763967,-0.0005515762659629
24.36106560804858,30.80698549373411,34.756221339785675,32.34208345126284,28.80943447844984,23.83619711984222,23.91367882996977,28.948855308188733
37.18221078201618,94.62555858059471,29.45843971770951,15.970468520910238,25.121041036394747,92.56926814155295,65.28644525372528,104.13749671064755
688.6553535950528,664.5132445073245,534.4802553562039,473.2618187450157,562.1497916626064,586.3987540192018,531.7909875433121,503.9062300478615
0.4816692905715403,3.5937768982182225,-0.0058475317612123,0.547793576193123,0.1338410922815767,2.698630476109888,-0.1319998575143508,2.0467465980287014
289.5075092992012,-81.62220430644868,-193.3206928420302,1414.5842369409838,2372.0914775872698,659.2834998178039,580.4593905326288,6.702098501690195
0.0001038549286416,-0.0009854734378514,26142.913112843788,20771.07986276985,20915.582265740475,19118.65790086458,-4538.770896343382,-9.50714443630143
0.0016104540124791,0.001971642390654,1244.6982376126955,-94.4160773835028,2102.122180557326,1010.1684472377336,-1.907941015629666,0.0024432295742891
-0.001614174621646,-0.0026997418214032,507.8025202982683,1964.4643864178545,-1764.1395954587445,-3070.935573164325,0.0009156901609692,-0.0003023074960621
19.18922670625255,29.66959294998771,27.504054562227378,36.03932743094542,29.93831890336076,33.100374963870685,26.376839292541188,14.999997188780496
23.929170226326512,44.62870157241399,52.16993174625917,48.8354700794938,23.076918976737343,16.581694088715807,35.310545354903695,73.05224497958055
838.6958644844374,582.6844773135939,430.270638581024,579.7242541367793,716.6360422841329,442.11070475574513,724.6081399375058,550.1092219122631
0.4836319502330219,2.804618587598103,2.171708112468319,1.8940545569616425,1.2555286229438318,1.1059600757937658,-0.0608260024949187,0.78173711902578
-104.59169032986122,-81.9165896892543,1437.2333749814482,-308.6143747287754,840.2485677567479,1603.485135280218,869.8776237152049,-76.80583897903489
-0.000304235401306,-0.0005842850901032,1216.05385081329,26819.38665429587,21894.56297626816,30489.84929583528,17998.64867248827,-6571.472366955153
0.0011826079337571,-0.0015480014066356,58.02798094108548,1196.302788309312,72.6880462726852,1426.1974472261754,-1131.8330467859184,0.0003027332303765
-0.0026131134551347,-0.0007517597184673,-172.16643394074202,6855.641503324164,843.4794081532075,-1994.0861893752608,1642.7598055024723,-0.0008661205276738
21.293814334258585,26.137690437619444,17.777523894577058,21.050608207333514,27.27076816853881,30.31577641575408,17.32536947095354,20.71106495408768
18.56137101163253,29.185607040855707,41.43930093380348,101.39155773002425,69.85043335134154,31.01057874585237,51.68812501464557,68.81416117515167
391.744305767074,593.2982044961383,462.0808328719418,675.2953641804062,664.6006341740638,415.3277760362068,355.7323912000467,532.1783102130887
1.2250806379457488,2.566374657386738,0.0920207608466594,0.1342403114530965,3.3552294556085407,3.958402917281211,3.724306547374066,1.9116934484573656
-222.89967630379732,-775.856166765183,1018.0372935782276,845.0957229475277,523.379869415353,822.01387986977,111.3098536037524,105.45874507639934
-0.0002541547907053,-0.000941336002508,5243.607749819432,8266.302066802431,21629.950320301192,19469.05700312056,-6918.913744616685,1486.433994348238
-0.0018173397410912,-0.0027884300428456,1713.9082834060632,382.3078300502824,5171.790722280516,3447.936812606684,0.4546540388294566,-0.00055745975699
0.0021238898218092,0.0022882998303517,-1142.441762244295,-398.8158997288548,-2900.1674613470136,-1436.0693194175208,-262.06407833763967,-0.0005515762659629
24.36106560804858,30.80698549373411,34.756221339785675,32.34208345126284,28.80943447844984,23.83619711984222,23.91367882996977,28.948855308188733
37.18221078201618,94.62555858059471,29.45843971770951,15.970468520910238,25.121041036394747,92.56926814155295,65.28644525372528,104.13749671064755
688.6553535950528,664.5132445073245,534.4802553562039,473.2618187450157,562.1497916626064,586.3987540192018,531.7909875433121,503.9062300478615
0.4816692905715403,3.5937768982182225,-0.0058475317612123,0.547793576193123,0.1338410922815767,2.698630476109888,-0.1319998575143508,2.0467465980287014
289.5075092992012,-81.62220430644868,-193.3206928420302,1414.5842369409838,2372.0914775872698,659.2834998178039,580.4593905326288,6.702098501690195
0.0001038549286416,-0.0009854734378514,26142.913112843788,20771.07986276985,20915.582265740475,19118.65790086458,-4538.770896343382,-9.50714443630143
0.0016104540124791,0.001971642390654,1244.6982376126955,-94.4160773835028,2102.122180557326,1010.1684472377336,-1.907941015629666,0.0024432295742891
-0.001614174621646,-0.0026997418214032,507.8025202982683,1964.4643864178545,-1764.1395954587445,-3070.935573164325,0.0009156901609692,-0.0003023074960621
19.18922670625255,29.66959294998771,27.504054562227378,36.03932743094542,29.93831890336076,33.100374963870685,26.376839292541188,14.999997188780496
23.929170226326512,44.62870157241399,52.16993174625917,48.8354700794938,23.076918976737343,16.581694088715807,35.310545354903695,73.05224497958055
838.6958644844374,582.6844773135939,430.270638581024,579.7242541367793,716.6360422841329,442.11070475574513,724.6081399375058,550.1092219122631
0.4836319502330219,2.804618587598103,2.171708112468319,1.8940545569616425,1.2555286229438318,1.1059600757937658,-0.0608260024949187,0.78173711902578
-104.59169032986122,-81.9165896892543,1437.2333749814482,-308.6143747287754,840.2485677567479,1603.485135280218,869.8776237152049,-76.80583897903489
-0.000304235401306,-0.0005842850901032,1216.05385081329,26819.38665429587,21894.56297626816,30489.84929583528,17998.64867248827,-6571.472366955153
0.0011826079337571,-0.0015480014066356,58.02798094108548,1196.302788309312,72.6880462726852,1426.1974472261754,-1131.8330467859184,0.0003027332303765
-0.0026131134551347,-0.0007517597184673,-172.16643394074202,6855.641503324164,843.4794081532075,-1994.0861893752608,1642.7598055024723,-0.0008661205276738
21.293814334258585,26.137690437619444,17.777523894577058,21.050608207333514,27.27076816853881,30.31577641575408,17.32536947095354,20.71106495408768
18.56137101163253,29.185607040855707,41.43930093380348,101.39155773002425,69.85043335134154,31.01057874585237,51.68812501464557,68.81416117515167
391.744305767074,593.2982044961383,462.0808328719418,675.2953641804062,664.6006341740638,415.3277760362068,355.7323912000467,532.1783102130887
1.2250806379457488,2.566374657386738,0.0920207608466594,0.1342403114530965,3.3552294556085407,3.958402917281211,3.724306547374066,1.9116934484573656
-222.89967630379732,-775.856166765183,1018.0372935782276,845.0957229475277,523.379869415353,822.01387986977,111.3098536037524,105.45874507639934
-0.0002541547907053,-0.000941336002508,5243.607749819432,8266.302066802431,21629.950320301192,19469.05700312056,-6918.913744616685,1486.433994348238
-0.0018173397410912,-0.0027884300428456,1713.9082834060632,382.3078300502824,5171.790722280516,3447.936812606684,0.4546540388294566,-0.00055745975699
0.0021238898218092,0.0022882998303517,-1142.441762244295,-398.8158997288548,-2900.1674613470136,-1436.0693194175208,-262.06407833763967,-0.0005515762659629
24.36106560804858,30.80698549373411,34.756221339785675,32.34208345126284,28.80943447844984,23.83619711984222,23.91367882996977,28.948855308188733
37.18221078201618,94.62555858059471,29.45843971770951,15.970468520910238,25.121041036394747,92.56926814155295,65.28644525372528,104.13749671064755
688.6553535950528,664.5132445073245,534.4802553562039,473.2618187450157,562.1497916626064,586.3987540192018,531.7909875433121,503.9062300478615
0.4816692905715403,3.5937768982182225,-0.0058475317612123,0.547793576193123,0.1338410922815767,2.698630476109888,-0.1319998575143508,2.0467465980287014
289.5075092992012,-81.62220430644868,-193.3206928420302,1414.5842369409838,2372.0914775872698,659.2834998178039,580.4593905326288,6.702098501690195
0.0001038549286416,-0.0009854734378514,26142.913112843788,20771.07986276985,20915.582265740475,19118.65790086458,-4538.770896343382,-9.50714443630143
0.0016104540124791,0.001971642390654,1244.6982376126955,-94.4160773835028,2102.122180557326,1010.1684472377336,-1.907941015629666,0.0024432295742891
-0.001614174621646,-0.0026997418214032,507.8025202982683,1964.4643864178545,-1764.1395954587445,-3070.935573164325,0.0009156901609692,-0.0003023074960621
19.18922670625255,29.66959294998771,27.504054562227378,36.03932743094542,29.93831890336076,33.100374963870685,26.376839292541188,14.999997188780496
23.929170226326512,44.62870157241399,52.16993174625917,48.8354700794938,23.076918976737343,16.581694088715807,35.310545354903695,73.05224497958055
838.6958644844374,582.6844773135939,430.270638581024,579.7242541367793,716.6360422841329,442.11070475574513,724.6081399375058,550.1092219122631
0.4836319502330219,2.804618587598103,2.171708112468319,1.8940545569616425,1.2555286229438318,1.1059600757937658,-0.0608260024949187,0.78173711902578
-104.59169032986122,-81.9165896892543,1437.2333749814482,-308.6143747287754,840.2485677567479,1603.485135280218,869.8776237152049,-76.80583897903489
-0.000304235401306,-0.0005842850901032,1216.05385081329,26819.38665429587,21894.56297626816,30489.84929583528,17998.64867248827,-6571.472366955153
0.0011826079337571,-0.0015480014066356,58.02798094108548,1196.302788309312,72.6880462726852,1426.1974472261754,-1131.8330467859184,0.0003027332303765
-0.0026131134551347,-0.0007517597184673,-172.16643394074202,6855.641503324164,843.4794081532075,-1994.0861893752608,1642.7598055024723,-0.0008661205276738
21.293814334258585,26.137690437619444,17.777523894577058,21.050608207333514,27.27076816853881,30.31577641575408,17.32536947095354,20.71106495408768
18.56137101163253,29.185607040855707,41.43930093380348,101.39155773002425,69.85043335134154,31.01057874585237,51.68812501464557,68.81416117515167
391.744305767074,593.2982044961383,462.0808328719418,675.2953641804062,664.6006341740638,415.3277760362068,355.7323912000467,532.1783102130887
1.2250806379457488,2.566374657386738,0.0920207608466594,0.1342403114530965,3.3552294556085407,3.958402917281211,3.724306547374066,1.9116934484573656
-222.89967630379732,-775.856166765183,1018.0372935782276,845.0957229475277,523.379869415353,822.01387986977,111.3098536037524,105.45874507639934
-0.0002541547907053,-0.000941336002508,5243.607749819432,8266.302066802431,21629.950320301192,19469.05700312056,-6918.913744616685,1486.433994348238
-0.0018173397410912,-0.0027884300428456,1713.9082834060632,382.3078300502824,5171.790722280516,3447.936812606684,0.4546540388294566,-0.00055745975699
0.0021238898218092,0.0022882998303517,-1142.441762244295,-398.8158997288548,-2900.1674613470136,-1436.0693194175208,-262.06407833763967,-0.0005515762659629
24.36106560804858,30.80698549373411,34.756221339785675,32.34208345126284,28.80943447844984,23.83619711984222,23.91367882996977,28.948855308188733
37.18221078201618,94.62555858059471,29.45843971770951,15.970468520910238,25.121041036394747,92.56926814155295,65.28644525372528,104.13749671064755
688.6553535950528,664.5132445073245,534.4802553562039,473.2618187450157,562.1497916626064,586.3987540192018,531.7909875433121,503.9062300478615
0.4816692905715403,3.5937768982182225,-0.0058475317612123,0.547793576193123,0.1338410922815767,2.698630476109888,-0.1319998575143508,2.0467465980287014
289.5075092992012,-81.62220430644868,-193.3206928420302,1414.5842369409838,2372.0914775872698,659.2834998178039,580.4593905326288,6.702098501690195
0.0001038549286416,-0.0009854734378514,26142.913112843788,20771.07986276985,20915.582265740475,19118.65790086458,-4538.770896343382,-9.50714443630143
0.0016104540124791,0.001971642390654,1244.6982376126955,-94.4160773835028,2102.122180557326,1010.1684472377336,-1.907941015629666,0.0024432295742891
-0.001614174621646,-0.0026997418214032,507.8025202982683,1964.4643864178545,-1764.1395954587445,-3070.935573164325,0.0009156901609692,-0.0003023074960621
19.18922670625255,29.66959294998771,27.504054562227378,36.03932743094542,29.93831890336076,33.100374963870685,26.376839292541188,14.999997188780496
23.929170226326512,44.62870157241399,52.16993174625917,48.8354700794938,23.076918976737343,16.581694088715807,35.310545354903695,73.05224497958055
838.6958644844374,582.6844773135939,430.270638581024,579.7242541367793,716.6360422841329,442.11070475574513,724.6081399375058,550.1092219122631
0.4836319502330219,2.804618587598103,2.171708112468319,1.8940545569616425,1.2555286229438318,1.1059600757937658,-0.0608260024949187,0.78173711902578
-104.59169032986122,-81.9165896892543,1437.2333749814482,-308.6143747287754,840.2485677567479,1603.485135280218,869.8776237152049,-76.80583897903489
-0.000304235401306,-0.0005842850901032,1216.05385081329,26819.38665429587,21894.56297626816,30489.84929583528,17998.64867248827,-6571.472366955153
0.0011826079337571,-0.0015480014066356,58.02798094108548,1196.302788309312,72.6880462726852,1426.1974472261754,-1131.8330467859184,0.0003027332303765
-0.0026131134551347,-0.0007517597184673,-172.16643394074202,6855.641503324164,843.4794081532075,-1994.0861893752608,1642.7598055024723,-0.0008661205276738
21.293814334258585,26.137690437619444,17.777523894577058,21.050608207333514,27.27076816853881,30.31577641575408,17.32536947095354,20.71106495408768
18.56137101163253,29.185607040855707,41.43930093380348,101.39155773002425,69.85043335134154,31.01057874585237,51.68812501464557,68.81416117515167
391.744305767074,593.2982044961383,462.0808328719418,675.2953641804062,664.6006341740638,415.3277760362068,355.7323912000467,532.1783102130887
1.2250806379457488,2.566374657386738,0.0920207608466594,0.1342403114530965,3.3552294556085407,3.958402917281211,3.724306547374066,1.9116934484573656
-222.89967630379732,-775.856166765183,1018.0372935782276,845.0957229475277,523.379869415353,822.01387986977,111.3098536037524,105.45874507639934
-0.0002541547907053,-0.000941336002508,5243.607749819432,8266.302066802431,21629.950320301192,19469.05700312056,-6918.913744616685,1486.433994348238
-0.0018173397410912,-0.0027884300428456,1713.9082834060632,382.3078300502824,5171.790722280516,3447.936812606684,0.4546540388294566,-0.00055745975699
0.0021238898218092,0.0022882998303517,-1142.441762244295,-398.8158997288548,-2900.1674613470136,-1436.0693194175208,-262.06407833763967,-0.0005515762659629
24.36106560804858,30.80698549373411,34.756221339785675,32.34208345126284,28.80943447844984,23.83619711984222,23.91367882996977,28.948855308188733
37.18221078201618,94.62555858059471,29.45843971770951,15.970468520910238,25.121041036394747,92.56926814155295,65.28644525372528,104.13749671064755
688.6553535950528,664.5132445073245,534.4802553562039,473.2618187450157,562.1497916626064,586.3987540192018,531.7909875433121,503.9062300478615
0.4816692905715403,3.5937768982182225,-0.0058475317612123,0.547793576193123,0.1338410922815767,2.698630476109888,-0.1319998575143508,2.0467465980287014
289.5075092992012,-81.62220430644868,-193.3206928420302,1414.5842369409838,2372.0914775872698,659.2834998178039,580.4593905326288,6.702098501690195
0.0001038549286416,-0.0009854734378514,26142.913112843788,20771.07986276985,20915.582265740475,19118.65790086458,-4538.770896343382,-9.50714443630143
0.0016104540124791,0.001971642390654,1244.6982376126955,-94.4160773835028,2102.122180557326,1010.1684472377336,-1.907941015629666,0.0024432295742891
-0.001614174621646,-0.0026997418214032,507.8025202982683,1964.4643864178545,-1764.1395954587445,-3070.935573164325,0.0009156901609692,-0.0003023074960621
19.18922670625255,29.66959294998771,27.504054562227378,36.03932743094542,29.93831890336076,33.100374963870685,26.376839292541188,14.999997188780496
23.929170226326512,44.62870157241399,52.16993174625917,48.8354700794938,23.076918976737343,16.581694088715807,35.310545354903695,73.05224497958055
838.6958644844374,582.6844773135939,430.270638581024,579.7242541367793,716.6360422841329,442.11070475574513,724.6081399375058,550.1092219122631
0.4836319502330219,2.804618587598103,2.171708112468319,1.8940545569616425,1.2555286229438318,1.1059600757937658,-0.0608260024949187,0.78173711902578
-104.59169032986122,-81.9165896892543,1437.2333749814482,-308.6143747287754,840.2485677567479,1603.485135280218,869.8776237152049,-76.80583897903489
-0.000304235401306,-0.0005842850901032,1216.05385081329,26819.38665429587,21894.56297626816,30489.84929583528,17998.64867248827,-6571.472366955153
0.0011826079337571,-0.0015480014066356,58.02798094108548,1196.302788309312,72.6880462726852,1426.1974472261754,-1131.8330467859184,0.0003027332303765
-0.0026131134551347,-0.0007517597184673,-172.16643394074202,6855.641503324164,843.4794081532075,-1994.0861893752608,1642.7598055024723,-0.0008661205276738
21.293814334258585,26.137690437619444,17.777523894577058,21.050608207333514,27.27076816853881,30.31577641575408,17.32536947095354,20.71106495408768
18.56137101163253,29.185607040855707,41.43930093380348,101.39155773002425,69.85043335134154,31.01057874585237,51.68812501464557,68.81416117515167
391.744305767074,593.2982044961383,462.0808328719418,675.2953641804062,664.6006341740638,415.3277760362068,355.7323912000467,532.1783102130887
1.2250806379457488,2.566374657386738,0.0920207608466594,0.1342403114530965,3.3552294556085407,3.958402917281211,3.724306547374066,1.9116934484573656
-222.89967630379732,-775.856166765183,1018.0372935782276,845.0957229475277,523.379869415353,822.01387986977,111.3098536037524,105.45874507639934
-0.0002541547907053,-0.000941336002508,5243.607749819432,8266.302066802431,21629.950320301192,19469.05700312056,-6918.913744616685,1486.433994348238
-0.0018173397410912,-0.0027884300428456,1713.9082834060632,382.3078300502824,5171.790722280516,3447.936812606684,0.4546540388294566,-0.00055745975699
0.0021238898218092,0.0022882998303517,-1142.441762244295,-398.8158997288548,-2900.1674613470136,-1436.0693194175208,-262.06407833763967,-0.0005515762659629
24.36106560804858,30.80698549373411,34.756221339785675,32.34208345126284,28.80943447844984,23.83619711984222,23.91367882996977,28.948855308188733
37.18221078201618,94.62555858059471,29.45843971770951,15.970468520910238,25.121041036394747,92.56926814155295,65.28644525372528,104.13749671064755
688.6553535950528,664.5132445073245,534.4802553562039,473.2618187450157,562.1497916626064,586.3987540192018,531.7909875433121,503.9062300478615
0.4816692905715403,3.5937768982182225,-0.0058475317612123,0.547793576193123,0.1338410922815767,2.698630476109888,-0.1319998575143508,2.0467465980287014
289.5075092992012,-81.62220430644868,-193.3206928420302,1414.5842369409838,2372.0914775872698,659.2834998178039,580.4593905326288,6.702098501690195
0.0001038549286416,-0.0009854734378514,26142.913112843788,20771.07986276985,20915.582265740475,19118.65790086458,-4538.770896343382,-9.50714443630143
0.0016104540124791,0.001971642390654,1244.6982376126955,-94.4160773835028,2102.122180557326,1010.1684472377336,-1.907941015629666,0.0024432295742891
-0.001614174621646,-0.0026997418214032,507.8025202982683,1964.4643864178545,-1764.1395954587445,-3070.935573164325,0.0009156901609692,-0.0003023074960621
