내부온도관측치,내부습도관측치,co2관측치,ec관측치,시간당분무량,시간당백색광량,시간당적색광량,시간당청색광량
10.759326818622206,20.561340276290323,12.771948938570974,36.12772937700516,28.767299836420563,24.72424210724072,29.881230219396823,17.48449596981692
73.8797226706236,49.65315576686316,51.17085277435359,65.7091522889285,36.023334080315806,37.25328948843069,80.33886811195343,65.9532139774475
626.7695089900648,600.6103067913581,452.17198925268826,577.0229898628576,647.1368584246867,371.2922505385585,552.1033227296845,572.514972908654
1.937029343456521,3.9795578727609815,0.7690911745451235,-0.6202311457740515,3.302674120110421,-1.028720064589696,1.818788854244247,0.0091579529827208
-242.27988016719448,-280.21656250607646,2045.444503451064,-243.93878790394228,-657.2714797790228,1510.4139731930147,511.4487629986938,-346.2217973058697
-0.0016768683393392,-0.0001761888228327,5649.516393808847,26173.775606647512,16197.277605885403,28411.57313398389,22316.927591162912,-399.0489732117213
-0.0001882982329085,-0.000912864447706,1765.8965784426236,2793.9254693932194,1371.2238354654387,-621.9592582914458,-2891.71115230452,0.0001562885285224
-0.0027223886929463,-0.0006009276319647,-272.80717858309873,5306.731012422577,3661.1643568429113,-2381.099190610447,2222.6976638562087,0.0011536585658384
21.701797250921064,16.98570336983508,25.49447345500745,19.895591567293145,23.75378726894538,24.21536876711822,21.15232936549866,15.155379494157382
78.78640525825315,72.4328679642376,41.48178845446984,89.07591897367736,69.26144619878488,16.949497230347717,91.48613276807936,48.45926623770866
1101.6953186938883,640.3408026298549,498.8040514800561,489.47978936623247,449.1282369302286,388.32004904490014,336.0932001773063,417.7006267870062
1.956577428005424,2.324625006016808,-1.0471039708319438,1.5372322566506922,3.5610519590771417,2.165774528368797,3.352813263342289,1.073929871169102
296.6031411652862,293.4184030939724,495.7602321035388,1077.9855945056554,1007.8281344235754,126.56299267187244,326.9311063696307,939.4341391599556
0.0004031667202355,-0.001619569895105,13136.672206131843,13310.331165432155,19872.574791709016,15623.873621443472,3424.200391934952,8049.246490004998
-0.0006335826243787,-0.0016312216365518,536.6757595417187,-786.3771065840176,1547.7360831126616,2864.421045722577,2003.809862799571,-0.0013808171416271
0.0014433716432382,0.0026724857779337,-778.2177963406657,1946.170216039539,-1033.047491210192,358.061529847447,-129.2808059084933,-0.0019392920111702
34.16058704998483,27.373152137095,42.718318798627145,24.621958164862484,36.42143171739383,21.57053838911209,18.946716475726426,21.972429656129915
32.69810742944628,80.61867783886623,66.94566119382185,36.59331291308578,17.28399117996306,54.34423240819332,52.6004602575633,80.55565697079724
652.5690206730484,515.5893552835438,607.7510812415743,394.0973861420181,523.6236343795346,629.2758389947397,619.957633230888,648.1663787900625
0.1655432136049102,2.9057135954341007,-0.5258536214326772,3.417790389075507,3.043787079463117,2.5277548906534824,1.4270164510125225,2.1038675651316634
119.23239714749332,1998.562811399107,-218.85477567260307,426.521502211493,891.7748845152341,900.8535163216636,526.4034058244399,61.35508874481016
-0.0001338977959102,-0.001693621202312,19059.08464967174,20490.86323061838,22170.67037083856,-17789.0916225788,-4101.70063722913,806.9826107385068
0.0012578316642972,0.0001800254359771,1539.9998981688502,-2671.546278296132,-3565.24682816652,-753.9403937559553,0.7382699863435775,0.0033159608302085
0.0021967815981554,-0.0018866133694975,1017.956479194421,2271.6331136682406,563.0414624570863,-2300.9543499561787,0.0024301335366731,-0.0001213941193307
10.759326818622206,20.561340276290323,12.771948938570974,36.12772937700516,28.767299836420563,24.72424210724072,29.881230219396823,17.48449596981692
73.8797226706236,49.65315576686316,51.17085277435359,65.7091522889285,36.023334080315806,37.25328948843069,80.33886811195343,65.9532139774475
626.7695089900648,600.6103067913581,452.17198925268826,577.0229898628576,647.1368584246867,371.2922505385585,552.1033227296845,572.514972908654
1.937029343456521,3.9795578727609815,0.7690911745451235,-0.6202311457740515,3.302674120110421,-1.028720064589696,1.818788854244247,0.0091579529827208
-242.27988016719448,-280.21656250607646,2045.444503451064,-243.93878790394228,-657.2714797790228,1510.4139731930147,511.4487629986938,-346.2217973058697
-0.0016768683393392,-0.0001761888228327,5649.516393808847,26173.775606647512,16197.277605885403,28411.57313398389,22316.927591162912,-399.0489732117213
-0.0001882982329085,-0.000912864447706,1765.8965784426236,2793.9254693932194,1371.2238354654387,-621.9592582914458,-2891.71115230452,0.0001562885285224
-0.0027223886929463,-0.0006009276319647,-272.80717858309873,5306.731012422577,3661.1643568429113,-2381.099190610447,2222.6976638562087,0.0011536585658384
21.701797250921064,16.98570336983508,25.49447345500745,19.895591567293145,23.75378726894538,24.21536876711822,21.15232936549866,15.155379494157382
78.78640525825315,72.4328679642376,41.48178845446984,89.07591897367736,69.26144619878488,16.949497230347717,91.48613276807936,48.45926623770866
1101.6953186938883,640.3408026298549,498.8040514800561,489.47978936623247,449.1282369302286,388.32004904490014,336.0932001773063,417.7006267870062
1.956577428005424,2.324625006016808,-1.0471039708319438,1.5372322566506922,3.5610519590771417,2.165774528368797,3.352813263342289,1.073929871169102
296.6031411652862,293.4184030939724,495.7602321035388,1077.9855945056554,1007.8281344235754,126.56299267187244,326.9311063696307,939.4341391599556
0.0004031667202355,-0.001619569895105,13136.672206131843,13310.331165432155,19872.574791709016,15623.873621443472,3424.200391934952,8049.246490004998
-0.0006335826243787,-0.0016312216365518,536.6757595417187,-786.3771065840176,1547.7360831126616,2864.421045722577,2003.809862799571,-0.0013808171416271
0.0014433716432382,0.0026724857779337,-778.2177963406657,1946.170216039539,-1033.047491210192,358.061529847447,-129.2808059084933,-0.0019392920111702
34.16058704998483,27.373152137095,42.718318798627145,24.621958164862484,36.42143171739383,21.57053838911209,18.946716475726426,21.972429656129915
32.69810742944628,80.61867783886623,66.94566119382185,36.59331291308578,17.28399117996306,54.34423240819332,52.6004602575633,80.55565697079724
652.5690206730484,515.5893552835438,607.7510812415743,394.0973861420181,523.6236343795346,629.2758389947397,619.957633230888,648.1663787900625
0.1655432136049102,2.9057135954341007,-0.5258536214326772,3.417790389075507,3.043787079463117,2.5277548906534824,1.4270164510125225,2.1038675651316634
119.23239714749332,1998.562811399107,-218.85477567260307,426.521502211493,891.7748845152341,900.8535163216636,526.4034058244399,61.35508874481016
-0.0001338977959102,-0.001693621202312,19059.08464967174,20490.86323061838,22170.67037083856,-17789.0916225788,-4101.70063722913,806.9826107385068
0.0012578316642972,0.0001800254359771,1539.9998981688502,-2671.546278296132,-3565.24682816652,-753.9403937559553,0.7382699863435775,0.0033159608302085
0.0021967815981554,-0.0018866133694975,1017.956479194421,2271.6331136682406,563.0414624570863,-2300.9543499561787,0.0024301335366731,-0.0001213941193307
10.759326818622206,20.561340276290323,12.771948938570974,36.12772937700516,28.767299836420563,24.72424210724072,29.881230219396823,17.48449596981692
73.8797226706236,49.65315576686316,51.17085277435359,65.7091522889285,36.023334080315806,37.25328948843069,80.33886811195343,65.9532139774475
626.7695089900648,600.6103067913581,452.17198925268826,577.0229898628576,647.1368584246867,371.2922505385585,552.1033227296845,572.514972908654
1.937029343456521,3.9795578727609815,0.7690911745451235,-0.6202311457740515,3.302674120110421,-1.028720064589696,1.818788854244247,0.0091579529827208
-242.27988016719448,-280.21656250607646,2045.444503451064,-243.93878790394228,-657.2714797790228,1510.4139731930147,511.4487629986938,-346.2217973058697
-0.0016768683393392,-0.0001761888228327,5649.516393808847,26173.775606647512,16197.277605885403,28411.57313398389,22316.927591162912,-399.0489732117213
-0.0001882982329085,-0.000912864447706,1765.8965784426236,2793.9254693932194,1371.2238354654387,-621.9592582914458,-2891.71115230452,0.0001562885285224
-0.0027223886929463,-0.0006009276319647,-272.80717858309873,5306.731012422577,3661.1643568429113,-2381.099190610447,2222.6976638562087,0.0011536585658384
21.701797250921064,16.98570336983508,25.49447345500745,19.895591567293145,23.75378726894538,24.21536876711822,21.15232936549866,15.155379494157382
78.78640525825315,72.4328679642376,41.48178845446984,89.07591897367736,69.26144619878488,16.949497230347717,91.48613276807936,48.45926623770866
1101.6953186938883,640.3408026298549,498.8040514800561,489.47978936623247,449.1282369302286,388.32004904490014,336.0932001773063,417.7006267870062
1.956577428005424,2.324625006016808,-1.0471039708319438,1.5372322566506922,3.5610519590771417,2.165774528368797,3.352813263342289,1.073929871169102
296.6031411652862,293.4184030939724,495.7602321035388,1077.9855945056554,1007.8281344235754,126.56299267187244,326.9311063696307,939.4341391599556
0.0004031667202355,-0.001619569895105,13136.672206131843,13310.331165432155,19872.574791709016,15623.873621443472,3424.200391934952,8049.246490004998
-0.0006335826243787,-0.0016312216365518,536.6757595417187,-786.3771065840176,1547.7360831126616,2864.421045722577,2003.809862799571,-0.0013808171416271
0.0014433716432382,0.0026724857779337,-778.2177963406657,1946.170216039539,-1033.047491210192,358.061529847447,-129.2808059084933,-0.0019392920111702
34.16058704998483,27.373152137095,42.718318798627145,24.621958164862484,36.42143171739383,21.57053838911209,18.946716475726426,21.972429656129915
32.69810742944628,80.61867783886623,66.94566119382185,36.59331291308578,17.28399117996306,54.34423240819332,52.6004602575633,80.55565697079724
652.5690206730484,515.5893552835438,607.7510812415743,394.0973861420181,523.6236343795346,629.2758389947397,619.957633230888,648.1663787900625
0.1655432136049102,2.9057135954341007,-0.5258536214326772,3.417790389075507,3.043787079463117,2.5277548906534824,1.4270164510125225,2.1038675651316634
119.23239714749332,1998.562811399107,-218.85477567260307,426.521502211493,891.7748845152341,900.8535163216636,526.4034058244399,61.35508874481016
-0.0001338977959102,-0.001693621202312,19059.08464967174,20490.86323061838,22170.67037083856,-17789.0916225788,-4101.70063722913,806.9826107385068
0.0012578316642972,0.0001800254359771,1539.9998981688502,-2671.546278296132,-3565.24682816652,-753.9403937559553,0.7382699863435775,0.0033159608302085
0.0021967815981554,-0.0018866133694975,1017.956479194421,2271.6331136682406,563.0414624570863,-2300.9543499561787,0.0024301335366731,-0.0001213941193307
10.759326818622206,20.561340276290323,12.771948938570974,36.12772937700516,28.767299836420563,24.72424210724072,29.881230219396823,17.48449596981692
73.8797226706236,49.65315576686316,51.17085277435359,65.7091522889285,36.023334080315806,37.25328948843069,80.33886811195343,65.9532139774475
626.7695089900648,600.6103067913581,452.17198925268826,577.0229898628576,647.1368584246867,371.2922505385585,552.1033227296845,572.514972908654
1.937029343456521,3.9795578727609815,0.7690911745451235,-0.6202311457740515,3.302674120110421,-1.028720064589696,1.818788854244247,0.0091579529827208
-242.27988016719448,-280.21656250607646,2045.444503451064,-243.93878790394228,-657.2714797790228,1510.4139731930147,511.4487629986938,-346.2217973058697
-0.0016768683393392,-0.0001761888228327,5649.516393808847,26173.775606647512,16197.277605885403,28411.57313398389,22316.927591162912,-399.0489732117213
-0.0001882982329085,-0.000912864447706,1765.8965784426236,2793.9254693932194,1371.2238354654387,-621.9592582914458,-2891.71115230452,0.0001562885285224
-0.0027223886929463,-0.0006009276319647,-272.80717858309873,5306.731012422577,3661.1643568429113,-2381.099190610447,2222.6976638562087,0.0011536585658384
21.701797250921064,16.98570336983508,25.49447345500745,19.895591567293145,23.75378726894538,24.21536876711822,21.15232936549866,15.155379494157382
78.78640525825315,72.4328679642376,41.48178845446984,89.07591897367736,69.26144619878488,16.949497230347717,91.48613276807936,48.45926623770866
1101.6953186938883,640.3408026298549,498.8040514800561,489.47978936623247,449.1282369302286,388.32004904490014,336.0932001773063,417.7006267870062
1.956577428005424,2.324625006016808,-1.0471039708319438,1.5372322566506922,3.5610519590771417,2.165774528368797,3.352813263342289,1.073929871169102
296.6031411652862,293.4184030939724,495.7602321035388,1077.9855945056554,1007.8281344235754,126.56299267187244,326.9311063696307,939.4341391599556
0.0004031667202355,-0.001619569895105,13136.672206131843,13310.331165432155,19872.574791709016,15623.873621443472,3424.200391934952,8049.246490004998
-0.0006335826243787,-0.0016312216365518,536.6757595417187,-786.3771065840176,1547.7360831126616,2864.421045722577,2003.809862799571,-0.0013808171416271
0.0014433716432382,0.0026724857779337,-778.2177963406657,1946.170216039539,-1033.047491210192,358.061529847447,-129.2808059084933,-0.0019392920111702
34.16058704998483,27.373152137095,42.718318798627145,24.621958164862484,36.42143171739383,21.57053838911209,18.946716475726426,21.972429656129915
32.69810742944628,80.61867783886623,66.94566119382185,36.59331291308578,17.28399117996306,54.34423240819332,52.6004602575633,80.55565697079724
652.5690206730484,515.5893552835438,607.7510812415743,394.0973861420181,523.6236343795346,629.2758389947397,619.957633230888,648.1663787900625
0.1655432136049102,2.9057135954341007,-0.5258536214326772,3.417790389075507,3.043787079463117,2.5277548906534824,1.4270164510125225,2.1038675651316634
119.23239714749332,1998.562811399107,-218.85477567260307,426.521502211493,891.7748845152341,900.8535163216636,526.4034058244399,61.35508874481016
-0.0001338977959102,-0.001693621202312,19059.08464967174,20490.86323061838,22170.67037083856,-17789.0916225788,-4101.70063722913,806.9826107385068
0.0012578316642972,0.0001800254359771,1539.9998981688502,-2671.546278296132,-3565.24682816652,-753.9403937559553,0.7382699863435775,0.0033159608302085
0.0021967815981554,-0.0018866133694975,1017.956479194421,2271.6331136682406,563.0414624570863,-2300.9543499561787,0.0024301335366731,-0.0001213941193307
10.759326818622206,20.561340276290323,12.771948938570974,36.12772937700516,28.767299836420563,24.72424210724072,29.881230219396823,17.48449596981692
73.8797226706236,49.65315576686316,51.17085277435359,65.7091522889285,36.023334080315806,37.25328948843069,80.33886811195343,65.9532139774475
626.7695089900648,600.6103067913581,452.17198925268826,577.0229898628576,647.1368584246867,371.2922505385585,552.1033227296845,572.514972908654
1.937029343456521,3.9795578727609815,0.7690911745451235,-0.6202311457740515,3.302674120110421,-1.028720064589696,1.818788854244247,0.0091579529827208
-242.27988016719448,-280.21656250607646,2045.444503451064,-243.93878790394228,-657.2714797790228,1510.4139731930147,511.4487629986938,-346.2217973058697
-0.0016768683393392,-0.0001761888228327,5649.516393808847,26173.775606647512,16197.277605885403,28411.57313398389,22316.927591162912,-399.0489732117213
-0.0001882982329085,-0.000912864447706,1765.8965784426236,2793.9254693932194,1371.2238354654387,-621.9592582914458,-2891.71115230452,0.0001562885285224
-0.0027223886929463,-0.0006009276319647,-272.80717858309873,5306.731012422577,3661.1643568429113,-2381.099190610447,2222.6976638562087,0.0011536585658384
21.701797250921064,16.98570336983508,25.49447345500745,19.895591567293145,23.75378726894538,24.21536876711822,21.15232936549866,15.155379494157382
78.78640525825315,72.4328679642376,41.48178845446984,89.07591897367736,69.26144619878488,16.949497230347717,91.48613276807936,48.45926623770866
1101.6953186938883,640.3408026298549,498.8040514800561,489.47978936623247,449.1282369302286,388.32004904490014,336.0932001773063,417.7006267870062
1.956577428005424,2.324625006016808,-1.0471039708319438,1.5372322566506922,3.5610519590771417,2.165774528368797,3.352813263342289,1.073929871169102
296.6031411652862,293.4184030939724,495.7602321035388,1077.9855945056554,1007.8281344235754,126.56299267187244,326.9311063696307,939.4341391599556
0.0004031667202355,-0.001619569895105,13136.672206131843,13310.331165432155,19872.574791709016,15623.873621443472,3424.200391934952,8049.246490004998
-0.0006335826243787,-0.0016312216365518,536.6757595417187,-786.3771065840176,1547.7360831126616,2864.421045722577,2003.809862799571,-0.0013808171416271
0.0014433716432382,0.0026724857779337,-778.2177963406657,1946.170216039539,-1033.047491210192,358.061529847447,-129.2808059084933,-0.0019392920111702
34.16058704998483,27.373152137095,42.718318798627145,24.621958164862484,36.42143171739383,21.57053838911209,18.946716475726426,21.972429656129915
32.69810742944628,80.61867783886623,66.94566119382185,36.59331291308578,17.28399117996306,54.34423240819332,52.6004602575633,80.55565697079724
652.5690206730484,515.5893552835438,607.7510812415743,394.0973861420181,523.6236343795346,629.2758389947397,619.957633230888,648.1663787900625
0.1655432136049102,2.9057135954341007,-0.5258536214326772,3.417790389075507,3.043787079463117,2.5277548906534824,1.4270164510125225,2.1038675651316634
119.23239714749332,1998.562811399107,-218.85477567260307,426.521502211493,891.7748845152341,900.8535163216636,526.4034058244399,61.35508874481016
-0.0001338977959102,-0.001693621202312,19059.08464967174,20490.86323061838,22170.67037083856,-17789.0916225788,-4101.70063722913,806.9826107385068
0.0012578316642972,0.0001800254359771,1539.9998981688502,-2671.546278296132,-3565.24682816652,-753.9403937559553,0.7382699863435775,0.0033159608302085
0.0021967815981554,-0.0018866133694975,1017.956479194421,2271.6331136682406,563.0414624570863,-2300.9543499561787,0.0024301335366731,-0.0001213941193307
10.759326818622206,20.561340276290323,12.771948938570974,36.12772937700516,28.767299836420563,24.72424210724072,29.881230219396823,17.48449596981692
73.8797226706236,49.65315576686316,51.17085277435359,65.7091522889285,36.023334080315806,37.25328948843069,80.33886811195343,65.9532139774475
626.7695089900648,600.6103067913581,452.17198925268826,577.0229898628576,647.1368584246867,371.2922505385585,552.1033227296845,572.514972908654
1.937029343456521,3.9795578727609815,0.7690911745451235,-0.6202311457740515,3.302674120110421,-1.028720064589696,1.818788854244247,0.0091579529827208
-242.27988016719448,-280.21656250607646,2045.444503451064,-243.93878790394228,-657.2714797790228,1510.4139731930147,511.4487629986938,-346.2217973058697
-0.0016768683393392,-0.0001761888228327,5649.516393808847,26173.775606647512,16197.277605885403,28411.57313398389,22316.927591162912,-399.0489732117213
-0.0001882982329085,-0.000912864447706,1765.8965784426236,2793.9254693932194,1371.2238354654387,-621.9592582914458,-2891.71115230452,0.0001562885285224
-0.0027223886929463,-0.0006009276319647,-272.80717858309873,5306.731012422577,3661.1643568429113,-2381.099190610447,2222.6976638562087,0.0011536585658384
21.701797250921064,16.98570336983508,25.49447345500745,19.895591567293145,23.75378726894538,24.21536876711822,21.15232936549866,15.155379494157382
78.78640525825315,72.4328679642376,41.48178845446984,89.07591897367736,69.26144619878488,16.949497230347717,91.48613276807936,48.45926623770866
1101.6953186938883,640.3408026298549,498.8040514800561,489.47978936623247,449.1282369302286,388.32004904490014,336.0932001773063,417.7006267870062
1.956577428005424,2.324625006016808,-1.0471039708319438,1.5372322566506922,3.5610519590771417,2.165774528368797,3.352813263342289,1.073929871169102
296.6031411652862,293.4184030939724,495.7602321035388,1077.9855945056554,1007.8281344235754,126.56299267187244,326.9311063696307,939.4341391599556
0.0004031667202355,-0.001619569895105,13136.672206131843,13310.331165432155,19872.574791709016,15623.873621443472,3424.200391934952,8049.246490004998
-0.0006335826243787,-0.0016312216365518,536.6757595417187,-786.3771065840176,1547.7360831126616,2864.421045722577,2003.809862799571,-0.0013808171416271
0.0014433716432382,0.0026724857779337,-778.2177963406657,1946.170216039539,-1033.047491210192,358.061529847447,-129.2808059084933,-0.0019392920111702
34.16058704998483,27.373152137095,42.718318798627145,24.621958164862484,36.42143171739383,21.57053838911209,18.946716475726426,21.972429656129915
32.69810742944628,80.61867783886623,66.94566119382185,36.59331291308578,17.28399117996306,54.34423240819332,52.6004602575633,80.55565697079724
652.5690206730484,515.5893552835438,607.7510812415743,394.0973861420181,523.6236343795346,629.2758389947397,619.957633230888,648.1663787900625
0.1655432136049102,2.9057135954341007,-0.5258536214326772,3.417790389075507,3.043787079463117,2.5277548906534824,1.4270164510125225,2.1038675651316634
119.23239714749332,1998.562811399107,-218.85477567260307,426.521502211493,891.7748845152341,900.8535163216636,526.4034058244399,61.35508874481016
-0.0001338977959102,-0.001693621202312,19059.08464967174,20490.86323061838,22170.67037083856,-17789.0916225788,-4101.70063722913,806.9826107385068
0.0012578316642972,0.0001800254359771,1539.9998981688502,-2671.546278296132,-3565.24682816652,-753.9403937559553,0.7382699863435775,0.0033159608302085
0.0021967815981554,-0.0018866133694975,1017.956479194421,2271.6331136682406,563.0414624570863,-2300.9543499561787,0.0024301335366731,-0.0001213941193307
10.759326818622206,20.561340276290323,12.771948938570974,36.12772937700516,28.767299836420563,24.72424210724072,29.881230219396823,17.48449596981692
73.8797226706236,49.65315576686316,51.17085277435359,65.7091522889285,36.023334080315806,37.25328948843069,80.33886811195343,65.9532139774475
626.7695089900648,600.6103067913581,452.17198925268826,577.0229898628576,647.1368584246867,371.2922505385585,552.1033227296845,572.514972908654
1.937029343456521,3.9795578727609815,0.7690911745451235,-0.6202311457740515,3.302674120110421,-1.028720064589696,1.818788854244247,0.0091579529827208
-242.27988016719448,-280.21656250607646,2045.444503451064,-243.93878790394228,-657.2714797790228,1510.4139731930147,511.4487629986938,-346.2217973058697
-0.0016768683393392,-0.0001761888228327,5649.516393808847,26173.775606647512,16197.277605885403,28411.57313398389,22316.927591162912,-399.0489732117213
-0.0001882982329085,-0.000912864447706,1765.8965784426236,2793.9254693932194,1371.2238354654387,-621.9592582914458,-2891.71115230452,0.0001562885285224
-0.0027223886929463,-0.0006009276319647,-272.80717858309873,5306.731012422577,3661.1643568429113,-2381.099190610447,2222.6976638562087,0.0011536585658384
21.701797250921064,16.98570336983508,25.49447345500745,19.895591567293145,23.75378726894538,24.21536876711822,21.15232936549866,15.155379494157382
78.78640525825315,72.4328679642376,41.48178845446984,89.07591897367736,69.26144619878488,16.949497230347717,91.48613276807936,48.45926623770866
1101.6953186938883,640.3408026298549,498.8040514800561,489.47978936623247,449.1282369302286,388.32004904490014,336.0932001773063,417.7006267870062
1.956577428005424,2.324625006016808,-1.0471039708319438,1.5372322566506922,3.5610519590771417,2.165774528368797,3.352813263342289,1.073929871169102
296.6031411652862,293.4184030939724,495.7602321035388,1077.9855945056554,1007.8281344235754,126.56299267187244,326.9311063696307,939.4341391599556
0.0004031667202355,-0.001619569895105,13136.672206131843,13310.331165432155,19872.574791709016,15623.873621443472,3424.200391934952,8049.246490004998
-0.0006335826243787,-0.0016312216365518,536.6757595417187,-786.3771065840176,1547.7360831126616,2864.421045722577,2003.809862799571,-0.0013808171416271
0.0014433716432382,0.0026724857779337,-778.2177963406657,1946.170216039539,-1033.047491210192,358.061529847447,-129.2808059084933,-0.0019392920111702
34.16058704998483,27.373152137095,42.718318798627145,24.621958164862484,36.42143171739383,21.57053838911209,18.946716475726426,21.972429656129915
32.69810742944628,80.61867783886623,66.94566119382185,36.59331291308578,17.28399117996306,54.34423240819332,52.6004602575633,80.55565697079724
652.5690206730484,515.5893552835438,607.7510812415743,394.0973861420181,523.6236343795346,629.2758389947397,619.957633230888,648.1663787900625
0.1655432136049102,2.9057135954341007,-0.5258536214326772,3.417790389075507,3.043787079463117,2.5277548906534824,1.4270164510125225,2.1038675651316634
119.23239714749332,1998.562811399107,-218.85477567260307,426.521502211493,891.7748845152341,900.8535163216636,526.4034058244399,61.35508874481016
-0.0001338977959102,-0.001693621202312,19059.08464967174,20490.86323061838,22170.67037083856,-17789.0916225788,-4101.70063722913,806.9826107385068
0.0012578316642972,0.0001800254359771,1539.9998981688502,-2671.546278296132,-3565.24682816652,-753.9403937559553,0.7382699863435775,0.0033159608302085
0.0021967815981554,-0.0018866133694975,1017.956479194421,2271.6331136682406,563.0414624570863,-2300.9543499561787,0.0024301335366731,-0.0001213941193307
10.759326818622206,20.561340276290323,12.771948938570974,36.12772937700516,28.767299836420563,24.72424210724072,29.881230219396823,17.48449596981692
73.8797226706236,49.65315576686316,51.17085277435359,65.7091522889285,36.023334080315806,37.25328948843069,80.33886811195343,65.9532139774475
626.7695089900648,600.6103067913581,452.17198925268826,577.0229898628576,647.1368584246867,371.2922505385585,552.1033227296845,572.514972908654
1.937029343456521,3.9795578727609815,0.7690911745451235,-0.6202311457740515,3.302674120110421,-1.028720064589696,1.818788854244247,0.0091579529827208
-242.27988016719448,-280.21656250607646,2045.444503451064,-243.93878790394228,-657.2714797790228,1510.4139731930147,511.4487629986938,-346.2217973058697
-0.0016768683393392,-0.0001761888228327,5649.516393808847,26173.775606647512,16197.277605885403,28411.57313398389,22316.927591162912,-399.0489732117213
-0.0001882982329085,-0.000912864447706,1765.8965784426236,2793.9254693932194,1371.2238354654387,-621.9592582914458,-2891.71115230452,0.0001562885285224
-0.0027223886929463,-0.0006009276319647,-272.80717858309873,5306.731012422577,3661.1643568429113,-2381.099190610447,2222.6976638562087,0.0011536585658384
21.701797250921064,16.98570336983508,25.49447345500745,19.895591567293145,23.75378726894538,24.21536876711822,21.15232936549866,15.155379494157382
78.78640525825315,72.4328679642376,41.48178845446984,89.07591897367736,69.26144619878488,16.949497230347717,91.48613276807936,48.45926623770866
1101.6953186938883,640.3408026298549,498.8040514800561,489.47978936623247,449.1282369302286,388.32004904490014,336.0932001773063,417.7006267870062
1.956577428005424,2.324625006016808,-1.0471039708319438,1.5372322566506922,3.5610519590771417,2.165774528368797,3.352813263342289,1.073929871169102
296.6031411652862,293.4184030939724,495.7602321035388,1077.9855945056554,1007.8281344235754,126.56299267187244,326.9311063696307,939.4341391599556
0.0004031667202355,-0.001619569895105,13136.672206131843,13310.331165432155,19872.574791709016,15623.873621443472,3424.200391934952,8049.246490004998
-0.0006335826243787,-0.0016312216365518,536.6757595417187,-786.3771065840176,1547.7360831126616,2864.421045722577,2003.809862799571,-0.0013808171416271
0.0014433716432382,0.0026724857779337,-778.2177963406657,1946.170216039539,-1033.047491210192,358.061529847447,-129.2808059084933,-0.0019392920111702
34.16058704998483,27.373152137095,42.718318798627145,24.621958164862484,36.42143171739383,21.57053838911209,18.946716475726426,21.972429656129915
32.69810742944628,80.61867783886623,66.94566119382185,36.59331291308578,17.28399117996306,54.34423240819332,52.6004602575633,80.55565697079724
652.5690206730484,515.5893552835438,607.7510812415743,394.0973861420181,523.6236343795346,629.2758389947397,619.957633230888,648.1663787900625
0.1655432136049102,2.9057135954341007,-0.5258536214326772,3.417790389075507,3.043787079463117,2.5277548906534824,1.4270164510125225,2.1038675651316634
119.23239714749332,1998.562811399107,-218.85477567260307,426.521502211493,891.7748845152341,900.8535163216636,526.4034058244399,61.35508874481016
-0.0001338977959102,-0.001693621202312,19059.08464967174,20490.86323061838,22170.67037083856,-17789.0916225788,-4101.70063722913,806.9826107385068
0.0012578316642972,0.0001800254359771,1539.9998981688502,-2671.546278296132,-3565.24682816652,-753.9403937559553,0.7382699863435775,0.0033159608302085
0.0021967815981554,-0.0018866133694975,1017.956479194421,2271.6331136682406,563.0414624570863,-2300.9543499561787,0.0024301335366731,-0.0001213941193307
10.759326818622206,20.561340276290323,12.771948938570974,36.12772937700516,28.767299836420563,24.72424210724072,29.881230219396823,17.48449596981692
73.8797226706236,49.65315576686316,51.17085277435359,65.7091522889285,36.023334080315806,37.25328948843069,80.33886811195343,65.9532139774475
626.7695089900648,600.6103067913581,452.17198925268826,577.0229898628576,647.1368584246867,371.2922505385585,552.1033227296845,572.514972908654
1.937029343456521,3.9795578727609815,0.7690911745451235,-0.6202311457740515,3.302674120110421,-1.028720064589696,1.818788854244247,0.0091579529827208
-242.27988016719448,-280.21656250607646,2045.444503451064,-243.93878790394228,-657.2714797790228,1510.4139731930147,511.4487629986938,-346.2217973058697
-0.0016768683393392,-0.0001761888228327,5649.516393808847,26173.775606647512,16197.277605885403,28411.57313398389,22316.927591162912,-399.0489732117213
-0.0001882982329085,-0.000912864447706,1765.8965784426236,2793.9254693932194,1371.2238354654387,-621.9592582914458,-2891.71115230452,0.0001562885285224
-0.0027223886929463,-0.0006009276319647,-272.80717858309873,5306.731012422577,3661.1643568429113,-2381.099190610447,2222.6976638562087,0.0011536585658384
21.701797250921064,16.98570336983508,25.49447345500745,19.895591567293145,23.75378726894538,24.21536876711822,21.15232936549866,15.155379494157382
78.78640525825315,72.4328679642376,41.48178845446984,89.07591897367736,69.26144619878488,16.949497230347717,91.48613276807936,48.45926623770866
1101.6953186938883,640.3408026298549,498.8040514800561,489.47978936623247,449.1282369302286,388.32004904490014,336.0932001773063,417.7006267870062
1.956577428005424,2.324625006016808,-1.0471039708319438,1.5372322566506922,3.5610519590771417,2.165774528368797,3.352813263342289,1.073929871169102
296.6031411652862,293.4184030939724,495.7602321035388,1077.9855945056554,1007.8281344235754,126.56299267187244,326.9311063696307,939.4341391599556
0.0004031667202355,-0.001619569895105,13136.672206131843,13310.331165432155,19872.574791709016,15623.873621443472,3424.200391934952,8049.246490004998
-0.0006335826243787,-0.0016312216365518,536.6757595417187,-786.3771065840176,1547.7360831126616,2864.421045722577,2003.809862799571,-0.0013808171416271
0.0014433716432382,0.0026724857779337,-778.2177963406657,1946.170216039539,-1033.047491210192,358.061529847447,-129.2808059084933,-0.0019392920111702
34.16058704998483,27.373152137095,42.718318798627145,24.621958164862484,36.42143171739383,21.57053838911209,18.946716475726426,21.972429656129915
32.69810742944628,80.61867783886623,66.94566119382185,36.59331291308578,17.28399117996306,54.34423240819332,52.6004602575633,80.55565697079724
652.5690206730484,515.5893552835438,607.7510812415743,394.0973861420181,523.6236343795346,629.2758389947397,619.957633230888,648.1663787900625
0.1655432136049102,2.9057135954341007,-0.5258536214326772,3.417790389075507,3.043787079463117,2.5277548906534824,1.4270164510125225,2.1038675651316634
119.23239714749332,1998.562811399107,-218.85477567260307,426.521502211493,891.7748845152341,900.8535163216636,526.4034058244399,61.35508874481016
-0.0001338977959102,-0.001693621202312,19059.08464967174,20490.86323061838,22170.67037083856,-17789.0916225788,-4101.70063722913,806.9826107385068
0.0012578316642972,0.0001800254359771,1539.9998981688502,-2671.546278296132,-3565.24682816652,-753.9403937559553,0.7382699863435775,0.0033159608302085
0.0021967815981554,-0.0018866133694975,1017.956479194421,2271.6331136682406,563.0414624570863,-2300.9543499561787,0.0024301335366731,-0.0001213941193307
10.759326818622206,20.561340276290323,12.771948938570974,36.12772937700516,28.767299836420563,24.72424210724072,29.881230219396823,17.48449596981692
73.8797226706236,49.65315576686316,51.17085277435359,65.7091522889285,36.023334080315806,37.25328948843069,80.33886811195343,65.9532139774475
626.7695089900648,600.6103067913581,452.17198925268826,577.0229898628576,647.1368584246867,371.2922505385585,552.1033227296845,572.514972908654
1.937029343456521,3.9795578727609815,0.7690911745451235,-0.6202311457740515,3.302674120110421,-1.028720064589696,1.818788854244247,0.0091579529827208
-242.27988016719448,-280.21656250607646,2045.444503451064,-243.93878790394228,-657.2714797790228,1510.4139731930147,511.4487629986938,-346.2217973058697
-0.0016768683393392,-0.0001761888228327,5649.516393808847,26173.775606647512,16197.277605885403,28411.57313398389,22316.927591162912,-399.0489732117213
-0.0001882982329085,-0.000912864447706,1765.8965784426236,2793.9254693932194,1371.2238354654387,-621.9592582914458,-2891.71115230452,0.0001562885285224
-0.0027223886929463,-0.0006009276319647,-272.80717858309873,5306.731012422577,3661.1643568429113,-2381.099190610447,2222.6976638562087,0.0011536585658384
21.701797250921064,16.98570336983508,25.49447345500745,19.895591567293145,23.75378726894538,24.21536876711822,21.15232936549866,15.155379494157382
78.78640525825315,72.4328679642376,41.48178845446984,89.07591897367736,69.26144619878488,16.949497230347717,91.48613276807936,48.45926623770866
1101.6953186938883,640.3408026298549,498.8040514800561,489.47978936623247,449.1282369302286,388.32004904490014,336.0932001773063,417.7006267870062
1.956577428005424,2.324625006016808,-1.0471039708319438,1.5372322566506922,3.5610519590771417,2.165774528368797,3.352813263342289,1.073929871169102
296.6031411652862,293.4184030939724,495.7602321035388,1077.9855945056554,1007.8281344235754,126.56299267187244,326.9311063696307,939.4341391599556
0.0004031667202355,-0.001619569895105,13136.672206131843,13310.331165432155,19872.574791709016,15623.873621443472,3424.200391934952,8049.246490004998
-0.0006335826243787,-0.0016312216365518,536.6757595417187,-786.3771065840176,1547.7360831126616,2864.421045722577,2003.809862799571,-0.0013808171416271
0.0014433716432382,0.0026724857779337,-778.2177963406657,1946.170216039539,-1033.047491210192,358.061529847447,-129.2808059084933,-0.0019392920111702
34.16058704998483,27.373152137095,42.718318798627145,24.621958164862484,36.42143171739383,21.57053838911209,18.946716475726426,21.972429656129915
32.69810742944628,80.61867783886623,66.94566119382185,36.59331291308578,17.28399117996306,54.34423240819332,52.6004602575633,80.55565697079724
652.5690206730484,515.5893552835438,607.7510812415743,394.0973861420181,523.6236343795346,629.2758389947397,619.957633230888,648.1663787900625
0.1655432136049102,2.9057135954341007,-0.5258536214326772,3.417790389075507,3.043787079463117,2.5277548906534824,1.4270164510125225,2.1038675651316634
119.23239714749332,1998.562811399107,-218.85477567260307,426.521502211493,891.7748845152341,900.8535163216636,526.4034058244399,61.35508874481016
-0.0001338977959102,-0.001693621202312,19059.08464967174,20490.86323061838,22170.67037083856,-17789.0916225788,-4101.70063722913,806.9826107385068
0.0012578316642972,0.0001800254359771,1539.9998981688502,-2671.546278296132,-3565.24682816652,-753.9403937559553,0.7382699863435775,0.0033159608302085
0.0021967815981554,-0.0018866133694975,1017.956479194421,2271.6331136682406,563.0414624570863,-2300.9543499561787,0.0024301335366731,-0.0001213941193307
10.759326818622206,20.561340276290323,12.771948938570974,36.12772937700516,28.767299836420563,24.72424210724072,29.881230219396823,17.48449596981692
73.8797226706236,49.65315576686316,51.17085277435359,65.7091522889285,36.023334080315806,37.25328948843069,80.33886811195343,65.9532139774475
626.7695089900648,600.6103067913581,452.17198925268826,577.0229898628576,647.1368584246867,371.2922505385585,552.1033227296845,572.514972908654
1.937029343456521,3.9795578727609815,0.7690911745451235,-0.6202311457740515,3.302674120110421,-1.028720064589696,1.818788854244247,0.0091579529827208
-242.27988016719448,-280.21656250607646,2045.444503451064,-243.93878790394228,-657.2714797790228,1510.4139731930147,511.4487629986938,-346.2217973058697
-0.0016768683393392,-0.0001761888228327,5649.516393808847,26173.775606647512,16197.277605885403,28411.57313398389,22316.927591162912,-399.0489732117213
-0.0001882982329085,-0.000912864447706,1765.8965784426236,2793.9254693932194,1371.2238354654387,-621.9592582914458,-2891.71115230452,0.0001562885285224
-0.0027223886929463,-0.0006009276319647,-272.80717858309873,5306.731012422577,3661.1643568429113,-2381.099190610447,2222.6976638562087,0.0011536585658384
21.701797250921064,16.98570336983508,25.49447345500745,19.895591567293145,23.75378726894538,24.21536876711822,21.15232936549866,15.155379494157382
78.78640525825315,72.4328679642376,41.48178845446984,89.07591897367736,69.26144619878488,16.949497230347717,91.48613276807936,48.45926623770866
1101.6953186938883,640.3408026298549,498.8040514800561,489.47978936623247,449.1282369302286,388.32004904490014,336.0932001773063,417.7006267870062
1.956577428005424,2.324625006016808,-1.0471039708319438,1.5372322566506922,3.5610519590771417,2.165774528368797,3.352813263342289,1.073929871169102
296.6031411652862,293.4184030939724,495.7602321035388,1077.9855945056554,1007.8281344235754,126.56299267187244,326.9311063696307,939.4341391599556
0.0004031667202355,-0.001619569895105,13136.672206131843,13310.331165432155,19872.574791709016,15623.873621443472,3424.200391934952,8049.246490004998
-0.0006335826243787,-0.0016312216365518,536.6757595417187,-786.3771065840176,1547.7360831126616,2864.421045722577,2003.809862799571,-0.0013808171416271
0.0014433716432382,0.0026724857779337,-778.2177963406657,1946.170216039539,-1033.047491210192,358.061529847447,-129.2808059084933,-0.0019392920111702
34.16058704998483,27.373152137095,42.718318798627145,24.621958164862484,36.42143171739383,21.57053838911209,18.946716475726426,21.972429656129915
32.69810742944628,80.61867783886623,66.94566119382185,36.59331291308578,17.28399117996306,54.34423240819332,52.6004602575633,80.55565697079724
652.5690206730484,515.5893552835438,607.7510812415743,394.0973861420181,523.6236343795346,629.2758389947397,619.957633230888,648.1663787900625
0.1655432136049102,2.9057135954341007,-0.5258536214326772,3.417790389075507,3.043787079463117,2.5277548906534824,1.4270164510125225,2.1038675651316634
119.23239714749332,1998.562811399107,-218.85477567260307,426.521502211493,891.7748845152341,900.8535163216636,526.4034058244399,61.35508874481016
-0.0001338977959102,-0.001693621202312,19059.08464967174,20490.86323061838,22170.67037083856,-17789.0916225788,-4101.70063722913,806.9826107385068
0.0012578316642972,0.0001800254359771,1539.9998981688502,-2671.546278296132,-3565.24682816652,-753.9403937559553,0.7382699863435775,0.0033159608302085
0.0021967815981554,-0.0018866133694975,1017.956479194421,2271.6331136682406,563.0414624570863,-2300.9543499561787,0.0024301335366731,-0.0001213941193307
10.759326818622206,20.561340276290323,12.771948938570974,36.12772937700516,28.767299836420563,24.72424210724072,29.881230219396823,17.48449596981692
73.8797226706236,49.65315576686316,51.17085277435359,65.7091522889285,36.023334080315806,37.25328948843069,80.33886811195343,65.9532139774475
626.7695089900648,600.6103067913581,452.17198925268826,577.0229898628576,647.1368584246867,371.2922505385585,552.1033227296845,572.514972908654
1.937029343456521,3.9795578727609815,0.7690911745451235,-0.6202311457740515,3.302674120110421,-1.028720064589696,1.818788854244247,0.0091579529827208
-242.27988016719448,-280.21656250607646,2045.444503451064,-243.93878790394228,-657.2714797790228,1510.4139731930147,511.4487629986938,-346.2217973058697
-0.0016768683393392,-0.0001761888228327,5649.516393808847,26173.775606647512,16197.277605885403,28411.57313398389,22316.927591162912,-399.0489732117213
-0.0001882982329085,-0.000912864447706,1765.8965784426236,2793.9254693932194,1371.2238354654387,-621.9592582914458,-2891.71115230452,0.0001562885285224
-0.0027223886929463,-0.0006009276319647,-272.80717858309873,5306.731012422577,3661.1643568429113,-2381.099190610447,2222.6976638562087,0.0011536585658384
21.701797250921064,16.98570336983508,25.49447345500745,19.895591567293145,23.75378726894538,24.21536876711822,21.15232936549866,15.155379494157382
78.78640525825315,72.4328679642376,41.48178845446984,89.07591897367736,69.26144619878488,16.949497230347717,91.48613276807936,48.45926623770866
1101.6953186938883,640.3408026298549,498.8040514800561,489.47978936623247,449.1282369302286,388.32004904490014,336.0932001773063,417.7006267870062
1.956577428005424,2.324625006016808,-1.0471039708319438,1.5372322566506922,3.5610519590771417,2.165774528368797,3.352813263342289,1.073929871169102
296.6031411652862,293.4184030939724,495.7602321035388,1077.9855945056554,1007.8281344235754,126.56299267187244,326.9311063696307,939.4341391599556
0.0004031667202355,-0.001619569895105,13136.672206131843,13310.331165432155,19872.574791709016,15623.873621443472,3424.200391934952,8049.246490004998
-0.0006335826243787,-0.0016312216365518,536.6757595417187,-786.3771065840176,1547.7360831126616,2864.421045722577,2003.809862799571,-0.0013808171416271
0.0014433716432382,0.0026724857779337,-778.2177963406657,1946.170216039539,-1033.047491210192,358.061529847447,-129.2808059084933,-0.0019392920111702
34.16058704998483,27.373152137095,42.718318798627145,24.621958164862484,36.42143171739383,21.57053838911209,18.946716475726426,21.972429656129915
32.69810742944628,80.61867783886623,66.94566119382185,36.59331291308578,17.28399117996306,54.34423240819332,52.6004602575633,80.55565697079724
652.5690206730484,515.5893552835438,607.7510812415743,394.0973861420181,523.6236343795346,629.2758389947397,619.957633230888,648.1663787900625
0.1655432136049102,2.9057135954341007,-0.5258536214326772,3.417790389075507,3.043787079463117,2.5277548906534824,1.4270164510125225,2.1038675651316634
119.23239714749332,1998.562811399107,-218.85477567260307,426.521502211493,891.7748845152341,900.8535163216636,526.4034058244399,61.35508874481016
-0.0001338977959102,-0.001693621202312,19059.08464967174,20490.86323061838,22170.67037083856,-17789.0916225788,-4101.70063722913,806.9826107385068
0.0012578316642972,0.0001800254359771,1539.9998981688502,-2671.546278296132,-3565.24682816652,-753.9403937559553,0.7382699863435775,0.0033159608302085
0.0021967815981554,-0.0018866133694975,1017.956479194421,2271.6331136682406,563.0414624570863,-2300.9543499561787,0.0024301335366731,-0.0001213941193307
10.759326818622206,20.561340276290323,12.771948938570974,36.12772937700516,28.767299836420563,24.72424210724072,29.881230219396823,17.48449596981692
73.8797226706236,49.65315576686316,51.17085277435359,65.7091522889285,36.023334080315806,37.25328948843069,80.33886811195343,65.9532139774475
626.7695089900648,600.6103067913581,452.17198925268826,577.0229898628576,647.1368584246867,371.2922505385585,552.1033227296845,572.514972908654
1.937029343456521,3.9795578727609815,0.7690911745451235,-0.6202311457740515,3.302674120110421,-1.028720064589696,1.818788854244247,0.0091579529827208
-242.27988016719448,-280.21656250607646,2045.444503451064,-243.93878790394228,-657.2714797790228,1510.4139731930147,511.4487629986938,-346.2217973058697
-0.0016768683393392,-0.0001761888228327,5649.516393808847,26173.775606647512,16197.277605885403,28411.57313398389,22316.927591162912,-399.0489732117213
-0.0001882982329085,-0.000912864447706,1765.8965784426236,2793.9254693932194,1371.2238354654387,-621.9592582914458,-2891.71115230452,0.0001562885285224
-0.0027223886929463,-0.0006009276319647,-272.80717858309873,5306.731012422577,3661.1643568429113,-2381.099190610447,2222.6976638562087,0.0011536585658384
21.701797250921064,16.98570336983508,25.49447345500745,19.895591567293145,23.75378726894538,24.21536876711822,21.15232936549866,15.155379494157382
78.78640525825315,72.4328679642376,41.48178845446984,89.07591897367736,69.26144619878488,16.949497230347717,91.48613276807936,48.45926623770866
1101.6953186938883,640.3408026298549,498.8040514800561,489.47978936623247,449.1282369302286,388.32004904490014,336.0932001773063,417.7006267870062
1.956577428005424,2.324625006016808,-1.0471039708319438,1.5372322566506922,3.5610519590771417,2.165774528368797,3.352813263342289,1.073929871169102
296.6031411652862,293.4184030939724,495.7602321035388,1077.9855945056554,1007.8281344235754,126.56299267187244,326.9311063696307,939.4341391599556
0.0004031667202355,-0.001619569895105,13136.672206131843,13310.331165432155,19872.574791709016,15623.873621443472,3424.200391934952,8049.246490004998
-0.0006335826243787,-0.0016312216365518,536.6757595417187,-786.3771065840176,1547.7360831126616,2864.421045722577,2003.809862799571,-0.0013808171416271
0.0014433716432382,0.0026724857779337,-778.2177963406657,1946.170216039539,-1033.047491210192,358.061529847447,-129.2808059084933,-0.0019392920111702
34.16058704998483,27.373152137095,42.718318798627145,24.621958164862484,36.42143171739383,21.57053838911209,18.946716475726426,21.972429656129915
32.69810742944628,80.61867783886623,66.94566119382185,36.59331291308578,17.28399117996306,54.34423240819332,52.6004602575633,80.55565697079724
652.5690206730484,515.5893552835438,607.7510812415743,394.0973861420181,523.6236343795346,629.2758389947397,619.957633230888,648.1663787900625
0.1655432136049102,2.9057135954341007,-0.5258536214326772,3.417790389075507,3.043787079463117,2.5277548906534824,1.4270164510125225,2.1038675651316634
119.23239714749332,1998.562811399107,-218.85477567260307,426.521502211493,891.7748845152341,900.8535163216636,526.4034058244399,61.35508874481016
-0.0001338977959102,-0.001693621202312,19059.08464967174,20490.86323061838,22170.67037083856,-17789.0916225788,-4101.70063722913,806.9826107385068
0.0012578316642972,0.0001800254359771,1539.9998981688502,-2671.546278296132,-3565.24682816652,-753.9403937559553,0.7382699863435775,0.0033159608302085
0.0021967815981554,-0.0018866133694975,1017.956479194421,2271.6331136682406,563.0414624570863,-2300.9543499561787,0.0024301335366731,-0.0001213941193307
10.759326818622206,20.561340276290323,12.771948938570974,36.12772937700516,28.767299836420563,24.72424210724072,29.881230219396823,17.48449596981692
73.8797226706236,49.65315576686316,51.17085277435359,65.7091522889285,36.023334080315806,37.25328948843069,80.33886811195343,65.9532139774475
626.7695089900648,600.6103067913581,452.17198925268826,577.0229898628576,647.1368584246867,371.2922505385585,552.1033227296845,572.514972908654
1.937029343456521,3.9795578727609815,0.7690911745451235,-0.6202311457740515,3.302674120110421,-1.028720064589696,1.818788854244247,0.0091579529827208
-242.27988016719448,-280.21656250607646,2045.444503451064,-243.93878790394228,-657.2714797790228,1510.4139731930147,511.4487629986938,-346.2217973058697
-0.0016768683393392,-0.0001761888228327,5649.516393808847,26173.775606647512,16197.277605885403,28411.57313398389,22316.927591162912,-399.0489732117213
-0.0001882982329085,-0.000912864447706,1765.8965784426236,2793.9254693932194,1371.2238354654387,-621.9592582914458,-2891.71115230452,0.0001562885285224
-0.0027223886929463,-0.0006009276319647,-272.80717858309873,5306.731012422577,3661.1643568429113,-2381.099190610447,2222.6976638562087,0.0011536585658384
21.701797250921064,16.98570336983508,25.49447345500745,19.895591567293145,23.75378726894538,24.21536876711822,21.15232936549866,15.155379494157382
78.78640525825315,72.4328679642376,41.48178845446984,89.07591897367736,69.26144619878488,16.949497230347717,91.48613276807936,48.45926623770866
1101.6953186938883,640.3408026298549,498.8040514800561,489.47978936623247,449.1282369302286,388.32004904490014,336.0932001773063,417.7006267870062
1.956577428005424,2.324625006016808,-1.0471039708319438,1.5372322566506922,3.5610519590771417,2.165774528368797,3.352813263342289,1.073929871169102
296.6031411652862,293.4184030939724,495.7602321035388,1077.9855945056554,1007.8281344235754,126.56299267187244,326.9311063696307,939.4341391599556
0.0004031667202355,-0.001619569895105,13136.672206131843,13310.331165432155,19872.574791709016,15623.873621443472,3424.200391934952,8049.246490004998
-0.0006335826243787,-0.0016312216365518,536.6757595417187,-786.3771065840176,1547.7360831126616,2864.421045722577,2003.809862799571,-0.0013808171416271
0.0014433716432382,0.0026724857779337,-778.2177963406657,1946.170216039539,-1033.047491210192,358.061529847447,-129.2808059084933,-0.0019392920111702
34.16058704998483,27.373152137095,42.718318798627145,24.621958164862484,36.42143171739383,21.57053838911209,18.946716475726426,21.972429656129915
32.69810742944628,80.61867783886623,66.94566119382185,36.59331291308578,17.28399117996306,54.34423240819332,52.6004602575633,80.55565697079724
652.5690206730484,515.5893552835438,607.7510812415743,394.0973861420181,523.6236343795346,629.2758389947397,619.957633230888,648.1663787900625
0.1655432136049102,2.9057135954341007,-0.5258536214326772,3.417790389075507,3.043787079463117,2.5277548906534824,1.4270164510125225,2.1038675651316634
119.23239714749332,1998.562811399107,-218.85477567260307,426.521502211493,891.7748845152341,900.8535163216636,526.4034058244399,61.35508874481016
-0.0001338977959102,-0.001693621202312,19059.08464967174,20490.86323061838,22170.67037083856,-17789.0916225788,-4101.70063722913,806.9826107385068
0.0012578316642972,0.0001800254359771,1539.9998981688502,-2671.546278296132,-3565.24682816652,-753.9403937559553,0.7382699863435775,0.0033159608302085
0.0021967815981554,-0.0018866133694975,1017.956479194421,2271.6331136682406,563.0414624570863,-2300.9543499561787,0.0024301335366731,-0.0001213941193307
10.759326818622206,20.561340276290323,12.771948938570974,36.12772937700516,28.767299836420563,24.72424210724072,29.881230219396823,17.48449596981692
73.8797226706236,49.65315576686316,51.17085277435359,65.7091522889285,36.023334080315806,37.25328948843069,80.33886811195343,65.9532139774475
626.7695089900648,600.6103067913581,452.17198925268826,577.0229898628576,647.1368584246867,371.2922505385585,552.1033227296845,572.514972908654
1.937029343456521,3.9795578727609815,0.7690911745451235,-0.6202311457740515,3.302674120110421,-1.028720064589696,1.818788854244247,0.0091579529827208
-242.27988016719448,-280.21656250607646,2045.444503451064,-243.93878790394228,-657.2714797790228,1510.4139731930147,511.4487629986938,-346.2217973058697
-0.0016768683393392,-0.0001761888228327,5649.516393808847,26173.775606647512,16197.277605885403,28411.57313398389,22316.927591162912,-399.0489732117213
-0.0001882982329085,-0.000912864447706,1765.8965784426236,2793.9254693932194,1371.2238354654387,-621.9592582914458,-2891.71115230452,0.0001562885285224
-0.0027223886929463,-0.0006009276319647,-272.80717858309873,5306.731012422577,3661.1643568429113,-2381.099190610447,2222.6976638562087,0.0011536585658384
21.701797250921064,16.98570336983508,25.49447345500745,19.895591567293145,23.75378726894538,24.21536876711822,21.15232936549866,15.155379494157382
78.78640525825315,72.4328679642376,41.48178845446984,89.07591897367736,69.26144619878488,16.949497230347717,91.48613276807936,48.45926623770866
1101.6953186938883,640.3408026298549,498.8040514800561,489.47978936623247,449.1282369302286,388.32004904490014,336.0932001773063,417.7006267870062
1.956577428005424,2.324625006016808,-1.0471039708319438,1.5372322566506922,3.5610519590771417,2.165774528368797,3.352813263342289,1.073929871169102
296.6031411652862,293.4184030939724,495.7602321035388,1077.9855945056554,1007.8281344235754,126.56299267187244,326.9311063696307,939.4341391599556
0.0004031667202355,-0.001619569895105,13136.672206131843,13310.331165432155,19872.574791709016,15623.873621443472,3424.200391934952,8049.246490004998
-0.0006335826243787,-0.0016312216365518,536.6757595417187,-786.3771065840176,1547.7360831126616,2864.421045722577,2003.809862799571,-0.0013808171416271
0.0014433716432382,0.0026724857779337,-778.2177963406657,1946.170216039539,-1033.047491210192,358.061529847447,-129.2808059084933,-0.0019392920111702
34.16058704998483,27.373152137095,42.718318798627145,24.621958164862484,36.42143171739383,21.57053838911209,18.946716475726426,21.972429656129915
32.69810742944628,80.61867783886623,66.94566119382185,36.59331291308578,17.28399117996306,54.34423240819332,52.6004602575633,80.55565697079724
652.5690206730484,515.5893552835438,607.7510812415743,394.0973861420181,523.6236343795346,629.2758389947397,619.957633230888,648.1663787900625
0.1655432136049102,2.9057135954341007,-0.5258536214326772,3.417790389075507,3.043787079463117,2.5277548906534824,1.4270164510125225,2.1038675651316634
119.23239714749332,1998.562811399107,-218.85477567260307,426.521502211493,891.7748845152341,900.8535163216636,526.4034058244399,61.35508874481016
-0.0001338977959102,-0.001693621202312,19059.08464967174,20490.86323061838,22170.67037083856,-17789.0916225788,-4101.70063722913,806.9826107385068
0.0012578316642972,0.0001800254359771,1539.9998981688502,-2671.546278296132,-3565.24682816652,-753.9403937559553,0.7382699863435775,0.0033159608302085
0.0021967815981554,-0.0018866133694975,1017.956479194421,2271.6331136682406,563.0414624570863,-2300.9543499561787,0.0024301335366731,-0.0001213941193307
10.759326818622206,20.561340276290323,12.771948938570974,36.12772937700516,28.767299836420563,24.72424210724072,29.881230219396823,17.48449596981692
73.8797226706236,49.65315576686316,51.17085277435359,65.7091522889285,36.023334080315806,37.25328948843069,80.33886811195343,65.9532139774475
626.7695089900648,600.6103067913581,452.17198925268826,577.0229898628576,647.1368584246867,371.2922505385585,552.1033227296845,572.514972908654
1.937029343456521,3.9795578727609815,0.7690911745451235,-0.6202311457740515,3.302674120110421,-1.028720064589696,1.818788854244247,0.0091579529827208
-242.27988016719448,-280.21656250607646,2045.444503451064,-243.93878790394228,-657.2714797790228,1510.4139731930147,511.4487629986938,-346.2217973058697
-0.0016768683393392,-0.0001761888228327,5649.516393808847,26173.775606647512,16197.277605885403,28411.57313398389,22316.927591162912,-399.0489732117213
-0.0001882982329085,-0.000912864447706,1765.8965784426236,2793.9254693932194,1371.2238354654387,-621.9592582914458,-2891.71115230452,0.0001562885285224
-0.0027223886929463,-0.0006009276319647,-272.80717858309873,5306.731012422577,3661.1643568429113,-2381.099190610447,2222.6976638562087,0.0011536585658384
21.701797250921064,16.98570336983508,25.49447345500745,19.895591567293145,23.75378726894538,24.21536876711822,21.15232936549866,15.155379494157382
78.78640525825315,72.4328679642376,41.48178845446984,89.07591897367736,69.26144619878488,16.949497230347717,91.48613276807936,48.45926623770866
1101.6953186938883,640.3408026298549,498.8040514800561,489.47978936623247,449.1282369302286,388.32004904490014,336.0932001773063,417.7006267870062
1.956577428005424,2.324625006016808,-1.0471039708319438,1.5372322566506922,3.5610519590771417,2.165774528368797,3.352813263342289,1.073929871169102
296.6031411652862,293.4184030939724,495.7602321035388,1077.9855945056554,1007.8281344235754,126.56299267187244,326.9311063696307,939.4341391599556
0.0004031667202355,-0.001619569895105,13136.672206131843,13310.331165432155,19872.574791709016,15623.873621443472,3424.200391934952,8049.246490004998
-0.0006335826243787,-0.0016312216365518,536.6757595417187,-786.3771065840176,1547.7360831126616,2864.421045722577,2003.809862799571,-0.0013808171416271
0.0014433716432382,0.0026724857779337,-778.2177963406657,1946.170216039539,-1033.047491210192,358.061529847447,-129.2808059084933,-0.0019392920111702
34.16058704998483,27.373152137095,42.718318798627145,24.621958164862484,36.42143171739383,21.57053838911209,18.946716475726426,21.972429656129915
32.69810742944628,80.61867783886623,66.94566119382185,36.59331291308578,17.28399117996306,54.34423240819332,52.6004602575633,80.55565697079724
652.5690206730484,515.5893552835438,607.7510812415743,394.0973861420181,523.6236343795346,629.2758389947397,619.957633230888,648.1663787900625
0.1655432136049102,2.9057135954341007,-0.5258536214326772,3.417790389075507,3.043787079463117,2.5277548906534824,1.4270164510125225,2.1038675651316634
119.23239714749332,1998.562811399107,-218.85477567260307,426.521502211493,891.7748845152341,900.8535163216636,526.4034058244399,61.35508874481016
-0.0001338977959102,-0.001693621202312,19059.08464967174,20490.86323061838,22170.67037083856,-17789.0916225788,-4101.70063722913,806.9826107385068
0.0012578316642972,0.0001800254359771,1539.9998981688502,-2671.546278296132,-3565.24682816652,-753.9403937559553,0.7382699863435775,0.0033159608302085
0.0021967815981554,-0.0018866133694975,1017.956479194421,2271.6331136682406,563.0414624570863,-2300.9543499561787,0.0024301335366731,-0.0001213941193307
10.759326818622206,20.561340276290323,12.771948938570974,36.12772937700516,28.767299836420563,24.72424210724072,29.881230219396823,17.48449596981692
73.8797226706236,49.65315576686316,51.17085277435359,65.7091522889285,36.023334080315806,37.25328948843069,80.33886811195343,65.9532139774475
626.7695089900648,600.6103067913581,452.17198925268826,577.0229898628576,647.1368584246867,371.2922505385585,552.1033227296845,572.514972908654
1.937029343456521,3.9795578727609815,0.7690911745451235,-0.6202311457740515,3.302674120110421,-1.028720064589696,1.818788854244247,0.0091579529827208
-242.27988016719448,-280.21656250607646,2045.444503451064,-243.93878790394228,-657.2714797790228,1510.4139731930147,511.4487629986938,-346.2217973058697
-0.0016768683393392,-0.0001761888228327,5649.516393808847,26173.775606647512,16197.277605885403,28411.57313398389,22316.927591162912,-399.0489732117213
-0.0001882982329085,-0.000912864447706,1765.8965784426236,2793.9254693932194,1371.2238354654387,-621.9592582914458,-2891.71115230452,0.0001562885285224
-0.0027223886929463,-0.0006009276319647,-272.80717858309873,5306.731012422577,3661.1643568429113,-2381.099190610447,2222.6976638562087,0.0011536585658384
21.701797250921064,16.98570336983508,25.49447345500745,19.895591567293145,23.75378726894538,24.21536876711822,21.15232936549866,15.155379494157382
78.78640525825315,72.4328679642376,41.48178845446984,89.07591897367736,69.26144619878488,16.949497230347717,91.48613276807936,48.45926623770866
1101.6953186938883,640.3408026298549,498.8040514800561,489.47978936623247,449.1282369302286,388.32004904490014,336.0932001773063,417.7006267870062
1.956577428005424,2.324625006016808,-1.0471039708319438,1.5372322566506922,3.5610519590771417,2.165774528368797,3.352813263342289,1.073929871169102
296.6031411652862,293.4184030939724,495.7602321035388,1077.9855945056554,1007.8281344235754,126.56299267187244,326.9311063696307,939.4341391599556
0.0004031667202355,-0.001619569895105,13136.672206131843,13310.331165432155,19872.574791709016,15623.873621443472,3424.200391934952,8049.246490004998
-0.0006335826243787,-0.0016312216365518,536.6757595417187,-786.3771065840176,1547.7360831126616,2864.421045722577,2003.809862799571,-0.0013808171416271
0.0014433716432382,0.0026724857779337,-778.2177963406657,1946.170216039539,-1033.047491210192,358.061529847447,-129.2808059084933,-0.0019392920111702
34.16058704998483,27.373152137095,42.718318798627145,24.621958164862484,36.42143171739383,21.57053838911209,18.946716475726426,21.972429656129915
32.69810742944628,80.61867783886623,66.94566119382185,36.59331291308578,17.28399117996306,54.34423240819332,52.6004602575633,80.55565697079724
652.5690206730484,515.5893552835438,607.7510812415743,394.0973861420181,523.6236343795346,629.2758389947397,619.957633230888,648.1663787900625
0.1655432136049102,2.9057135954341007,-0.5258536214326772,3.417790389075507,3.043787079463117,2.5277548906534824,1.4270164510125225,2.1038675651316634
119.23239714749332,1998.562811399107,-218.85477567260307,426.521502211493,891.7748845152341,900.8535163216636,526.4034058244399,61.35508874481016
-0.0001338977959102,-0.001693621202312,19059.08464967174,20490.86323061838,22170.67037083856,-17789.0916225788,-4101.70063722913,806.9826107385068
0.0012578316642972,0.0001800254359771,1539.9998981688502,-2671.546278296132,-3565.24682816652,-753.9403937559553,0.7382699863435775,0.0033159608302085
0.0021967815981554,-0.0018866133694975,1017.956479194421,2271.6331136682406,563.0414624570863,-2300.9543499561787,0.0024301335366731,-0.0001213941193307
10.759326818622206,20.561340276290323,12.771948938570974,36.12772937700516,28.767299836420563,24.72424210724072,29.881230219396823,17.48449596981692
73.8797226706236,49.65315576686316,51.17085277435359,65.7091522889285,36.023334080315806,37.25328948843069,80.33886811195343,65.9532139774475
626.7695089900648,600.6103067913581,452.17198925268826,577.0229898628576,647.1368584246867,371.2922505385585,552.1033227296845,572.514972908654
1.937029343456521,3.9795578727609815,0.7690911745451235,-0.6202311457740515,3.302674120110421,-1.028720064589696,1.818788854244247,0.0091579529827208
-242.27988016719448,-280.21656250607646,2045.444503451064,-243.93878790394228,-657.2714797790228,1510.4139731930147,511.4487629986938,-346.2217973058697
-0.0016768683393392,-0.0001761888228327,5649.516393808847,26173.775606647512,16197.277605885403,28411.57313398389,22316.927591162912,-399.0489732117213
-0.0001882982329085,-0.000912864447706,1765.8965784426236,2793.9254693932194,1371.2238354654387,-621.9592582914458,-2891.71115230452,0.0001562885285224
-0.0027223886929463,-0.0006009276319647,-272.80717858309873,5306.731012422577,3661.1643568429113,-2381.099190610447,2222.6976638562087,0.0011536585658384
21.701797250921064,16.98570336983508,25.49447345500745,19.895591567293145,23.75378726894538,24.21536876711822,21.15232936549866,15.155379494157382
78.78640525825315,72.4328679642376,41.48178845446984,89.07591897367736,69.26144619878488,16.949497230347717,91.48613276807936,48.45926623770866
1101.6953186938883,640.3408026298549,498.8040514800561,489.47978936623247,449.1282369302286,388.32004904490014,336.0932001773063,417.7006267870062
1.956577428005424,2.324625006016808,-1.0471039708319438,1.5372322566506922,3.5610519590771417,2.165774528368797,3.352813263342289,1.073929871169102
296.6031411652862,293.4184030939724,495.7602321035388,1077.9855945056554,1007.8281344235754,126.56299267187244,326.9311063696307,939.4341391599556
0.0004031667202355,-0.001619569895105,13136.672206131843,13310.331165432155,19872.574791709016,15623.873621443472,3424.200391934952,8049.246490004998
-0.0006335826243787,-0.0016312216365518,536.6757595417187,-786.3771065840176,1547.7360831126616,2864.421045722577,2003.809862799571,-0.0013808171416271
0.0014433716432382,0.0026724857779337,-778.2177963406657,1946.170216039539,-1033.047491210192,358.061529847447,-129.2808059084933,-0.0019392920111702
34.16058704998483,27.373152137095,42.718318798627145,24.621958164862484,36.42143171739383,21.57053838911209,18.946716475726426,21.972429656129915
32.69810742944628,80.61867783886623,66.94566119382185,36.59331291308578,17.28399117996306,54.34423240819332,52.6004602575633,80.55565697079724
652.5690206730484,515.5893552835438,607.7510812415743,394.0973861420181,523.6236343795346,629.2758389947397,619.957633230888,648.1663787900625
0.1655432136049102,2.9057135954341007,-0.5258536214326772,3.417790389075507,3.043787079463117,2.5277548906534824,1.4270164510125225,2.1038675651316634
119.23239714749332,1998.562811399107,-218.85477567260307,426.521502211493,891.7748845152341,900.8535163216636,526.4034058244399,61.35508874481016
-0.0001338977959102,-0.001693621202312,19059.08464967174,20490.86323061838,22170.67037083856,-17789.0916225788,-4101.70063722913,806.9826107385068
0.0012578316642972,0.0001800254359771,1539.9998981688502,-2671.546278296132,-3565.24682816652,-753.9403937559553,0.7382699863435775,0.0033159608302085
0.0021967815981554,-0.0018866133694975,1017.956479194421,2271.6331136682406,563.0414624570863,-2300.9543499561787,0.0024301335366731,-0.0001213941193307
10.759326818622206,20.561340276290323,12.771948938570974,36.12772937700516,28.767299836420563,24.72424210724072,29.881230219396823,17.48449596981692
73.8797226706236,49.65315576686316,51.17085277435359,65.7091522889285,36.023334080315806,37.25328948843069,80.33886811195343,65.9532139774475
626.7695089900648,600.6103067913581,452.17198925268826,577.0229898628576,647.1368584246867,371.2922505385585,552.1033227296845,572.514972908654
1.937029343456521,3.9795578727609815,0.7690911745451235,-0.6202311457740515,3.302674120110421,-1.028720064589696,1.818788854244247,0.0091579529827208
-242.27988016719448,-280.21656250607646,2045.444503451064,-243.93878790394228,-657.2714797790228,1510.4139731930147,511.4487629986938,-346.2217973058697
-0.0016768683393392,-0.0001761888228327,5649.516393808847,26173.775606647512,16197.277605885403,28411.57313398389,22316.927591162912,-399.0489732117213
-0.0001882982329085,-0.000912864447706,1765.8965784426236,2793.9254693932194,1371.2238354654387,-621.9592582914458,-2891.71115230452,0.0001562885285224
-0.0027223886929463,-0.0006009276319647,-272.80717858309873,5306.731012422577,3661.1643568429113,-2381.099190610447,2222.6976638562087,0.0011536585658384
21.701797250921064,16.98570336983508,25.49447345500745,19.895591567293145,23.75378726894538,24.21536876711822,21.15232936549866,15.155379494157382
78.78640525825315,72.4328679642376,41.48178845446984,89.07591897367736,69.26144619878488,16.949497230347717,91.48613276807936,48.45926623770866
1101.6953186938883,640.3408026298549,498.8040514800561,489.47978936623247,449.1282369302286,388.32004904490014,336.0932001773063,417.7006267870062
1.956577428005424,2.324625006016808,-1.0471039708319438,1.5372322566506922,3.5610519590771417,2.165774528368797,3.352813263342289,1.073929871169102
296.6031411652862,293.4184030939724,495.7602321035388,1077.9855945056554,1007.8281344235754,126.56299267187244,326.9311063696307,939.4341391599556
0.0004031667202355,-0.001619569895105,13136.672206131843,13310.331165432155,19872.574791709016,15623.873621443472,3424.200391934952,8049.246490004998
-0.0006335826243787,-0.0016312216365518,536.6757595417187,-786.3771065840176,1547.7360831126616,2864.421045722577,2003.809862799571,-0.0013808171416271
0.0014433716432382,0.0026724857779337,-778.2177963406657,1946.170216039539,-1033.047491210192,358.061529847447,-129.2808059084933,-0.0019392920111702
34.16058704998483,27.373152137095,42.718318798627145,24.621958164862484,36.42143171739383,21.57053838911209,18.946716475726426,21.972429656129915
32.69810742944628,80.61867783886623,66.94566119382185,36.59331291308578,17.28399117996306,54.34423240819332,52.6004602575633,80.55565697079724
652.5690206730484,515.5893552835438,607.7510812415743,394.0973861420181,523.6236343795346,629.2758389947397,619.957633230888,648.1663787900625
0.1655432136049102,2.9057135954341007,-0.5258536214326772,3.417790389075507,3.043787079463117,2.5277548906534824,1.4270164510125225,2.1038675651316634
119.23239714749332,1998.562811399107,-218.85477567260307,426.521502211493,891.7748845152341,900.8535163216636,526.4034058244399,61.35508874481016
-0.0001338977959102,-0.001693621202312,19059.08464967174,20490.86323061838,22170.67037083856,-17789.0916225788,-4101.70063722913,806.9826107385068
0.0012578316642972,0.0001800254359771,1539.9998981688502,-2671.546278296132,-3565.24682816652,-753.9403937559553,0.7382699863435775,0.0033159608302085
0.0021967815981554,-0.0018866133694975,1017.956479194421,2271.6331136682406,563.0414624570863,-2300.9543499561787,0.0024301335366731,-0.0001213941193307
10.759326818622206,20.561340276290323,12.771948938570974,36.12772937700516,28.767299836420563,24.72424210724072,29.881230219396823,17.48449596981692
73.8797226706236,49.65315576686316,51.17085277435359,65.7091522889285,36.023334080315806,37.25328948843069,80.33886811195343,65.9532139774475
626.7695089900648,600.6103067913581,452.17198925268826,577.0229898628576,647.1368584246867,371.2922505385585,552.1033227296845,572.514972908654
1.937029343456521,3.9795578727609815,0.7690911745451235,-0.6202311457740515,3.302674120110421,-1.028720064589696,1.818788854244247,0.0091579529827208
-242.27988016719448,-280.21656250607646,2045.444503451064,-243.93878790394228,-657.2714797790228,1510.4139731930147,511.4487629986938,-346.2217973058697
-0.0016768683393392,-0.0001761888228327,5649.516393808847,26173.775606647512,16197.277605885403,28411.57313398389,22316.927591162912,-399.0489732117213
-0.0001882982329085,-0.000912864447706,1765.8965784426236,2793.9254693932194,1371.2238354654387,-621.9592582914458,-2891.71115230452,0.0001562885285224
-0.0027223886929463,-0.0006009276319647,-272.80717858309873,5306.731012422577,3661.1643568429113,-2381.099190610447,2222.6976638562087,0.0011536585658384
21.701797250921064,16.98570336983508,25.49447345500745,19.895591567293145,23.75378726894538,24.21536876711822,21.15232936549866,15.155379494157382
78.78640525825315,72.4328679642376,41.48178845446984,89.07591897367736,69.26144619878488,16.949497230347717,91.48613276807936,48.45926623770866
1101.6953186938883,640.3408026298549,498.8040514800561,489.47978936623247,449.1282369302286,388.32004904490014,336.0932001773063,417.7006267870062
1.956577428005424,2.324625006016808,-1.0471039708319438,1.5372322566506922,3.5610519590771417,2.165774528368797,3.352813263342289,1.073929871169102
296.6031411652862,293.4184030939724,495.7602321035388,1077.9855945056554,1007.8281344235754,126.56299267187244,326.9311063696307,939.4341391599556
0.0004031667202355,-0.001619569895105,13136.672206131843,13310.331165432155,19872.574791709016,15623.873621443472,3424.200391934952,8049.246490004998
-0.0006335826243787,-0.0016312216365518,536.6757595417187,-786.3771065840176,1547.7360831126616,2864.421045722577,2003.809862799571,-0.0013808171416271
0.0014433716432382,0.0026724857779337,-778.2177963406657,1946.170216039539,-1033.047491210192,358.061529847447,-129.2808059084933,-0.0019392920111702
34.16058704998483,27.373152137095,42.718318798627145,24.621958164862484,36.42143171739383,21.57053838911209,18.946716475726426,21.972429656129915
32.69810742944628,80.61867783886623,66.94566119382185,36.59331291308578,17.28399117996306,54.34423240819332,52.6004602575633,80.55565697079724
652.5690206730484,515.5893552835438,607.7510812415743,394.0973861420181,523.6236343795346,629.2758389947397,619.957633230888,648.1663787900625
0.1655432136049102,2.9057135954341007,-0.5258536214326772,3.417790389075507,3.043787079463117,2.5277548906534824,1.4270164510125225,2.1038675651316634
119.23239714749332,1998.562811399107,-218.85477567260307,426.521502211493,891.7748845152341,900.8535163216636,526.4034058244399,61.35508874481016
-0.0001338977959102,-0.001693621202312,19059.08464967174,20490.86323061838,22170.67037083856,-17789.0916225788,-4101.70063722913,806.9826107385068
0.0012578316642972,0.0001800254359771,1539.9998981688502,-2671.546278296132,-3565.24682816652,-753.9403937559553,0.7382699863435775,0.0033159608302085
0.0021967815981554,-0.0018866133694975,1017.956479194421,2271.6331136682406,563.0414624570863,-2300.9543499561787,0.0024301335366731,-0.0001213941193307
10.759326818622206,20.561340276290323,12.771948938570974,36.12772937700516,28.767299836420563,24.72424210724072,29.881230219396823,17.48449596981692
73.8797226706236,49.65315576686316,51.17085277435359,65.7091522889285,36.023334080315806,37.25328948843069,80.33886811195343,65.9532139774475
626.7695089900648,600.6103067913581,452.17198925268826,577.0229898628576,647.1368584246867,371.2922505385585,552.1033227296845,572.514972908654
1.937029343456521,3.9795578727609815,0.7690911745451235,-0.6202311457740515,3.302674120110421,-1.028720064589696,1.818788854244247,0.0091579529827208
-242.27988016719448,-280.21656250607646,2045.444503451064,-243.93878790394228,-657.2714797790228,1510.4139731930147,511.4487629986938,-346.2217973058697
-0.0016768683393392,-0.0001761888228327,5649.516393808847,26173.775606647512,16197.277605885403,28411.57313398389,22316.927591162912,-399.0489732117213
-0.0001882982329085,-0.000912864447706,1765.8965784426236,2793.9254693932194,1371.2238354654387,-621.9592582914458,-2891.71115230452,0.0001562885285224
-0.0027223886929463,-0.0006009276319647,-272.80717858309873,5306.731012422577,3661.1643568429113,-2381.099190610447,2222.6976638562087,0.0011536585658384
21.701797250921064,16.98570336983508,25.49447345500745,19.895591567293145,23.75378726894538,24.21536876711822,21.15232936549866,15.155379494157382
78.78640525825315,72.4328679642376,41.48178845446984,89.07591897367736,69.26144619878488,16.949497230347717,91.48613276807936,48.45926623770866
1101.6953186938883,640.3408026298549,498.8040514800561,489.47978936623247,449.1282369302286,388.32004904490014,336.0932001773063,417.7006267870062
1.956577428005424,2.324625006016808,-1.0471039708319438,1.5372322566506922,3.5610519590771417,2.165774528368797,3.352813263342289,1.073929871169102
296.6031411652862,293.4184030939724,495.7602321035388,1077.9855945056554,1007.8281344235754,126.56299267187244,326.9311063696307,939.4341391599556
0.0004031667202355,-0.001619569895105,13136.672206131843,13310.331165432155,19872.574791709016,15623.873621443472,3424.200391934952,8049.246490004998
-0.0006335826243787,-0.0016312216365518,536.6757595417187,-786.3771065840176,1547.7360831126616,2864.421045722577,2003.809862799571,-0.0013808171416271
0.0014433716432382,0.0026724857779337,-778.2177963406657,1946.170216039539,-1033.047491210192,358.061529847447,-129.2808059084933,-0.0019392920111702
34.16058704998483,27.373152137095,42.718318798627145,24.621958164862484,36.42143171739383,21.57053838911209,18.946716475726426,21.972429656129915
32.69810742944628,80.61867783886623,66.94566119382185,36.59331291308578,17.28399117996306,54.34423240819332,52.6004602575633,80.55565697079724
652.5690206730484,515.5893552835438,607.7510812415743,394.0973861420181,523.6236343795346,629.2758389947397,619.957633230888,648.1663787900625
0.1655432136049102,2.9057135954341007,-0.5258536214326772,3.417790389075507,3.043787079463117,2.5277548906534824,1.4270164510125225,2.1038675651316634
119.23239714749332,1998.562811399107,-218.85477567260307,426.521502211493,891.7748845152341,900.8535163216636,526.4034058244399,61.35508874481016
-0.0001338977959102,-0.001693621202312,19059.08464967174,20490.86323061838,22170.67037083856,-17789.0916225788,-4101.70063722913,806.9826107385068
0.0012578316642972,0.0001800254359771,1539.9998981688502,-2671.546278296132,-3565.24682816652,-753.9403937559553,0.7382699863435775,0.0033159608302085
0.0021967815981554,-0.0018866133694975,1017.956479194421,2271.6331136682406,563.0414624570863,-2300.9543499561787,0.0024301335366731,-0.0001213941193307
10.759326818622206,20.561340276290323,12.771948938570974,36.12772937700516,28.767299836420563,24.72424210724072,29.881230219396823,17.48449596981692
73.8797226706236,49.65315576686316,51.17085277435359,65.7091522889285,36.023334080315806,37.25328948843069,80.33886811195343,65.9532139774475
626.7695089900648,600.6103067913581,452.17198925268826,577.0229898628576,647.1368584246867,371.2922505385585,552.1033227296845,572.514972908654
1.937029343456521,3.9795578727609815,0.7690911745451235,-0.6202311457740515,3.302674120110421,-1.028720064589696,1.818788854244247,0.0091579529827208
-242.27988016719448,-280.21656250607646,2045.444503451064,-243.93878790394228,-657.2714797790228,1510.4139731930147,511.4487629986938,-346.2217973058697
-0.0016768683393392,-0.0001761888228327,5649.516393808847,26173.775606647512,16197.277605885403,28411.57313398389,22316.927591162912,-399.0489732117213
-0.0001882982329085,-0.000912864447706,1765.8965784426236,2793.9254693932194,1371.2238354654387,-621.9592582914458,-2891.71115230452,0.0001562885285224
-0.0027223886929463,-0.0006009276319647,-272.80717858309873,5306.731012422577,3661.1643568429113,-2381.099190610447,2222.6976638562087,0.0011536585658384
21.701797250921064,16.98570336983508,25.49447345500745,19.895591567293145,23.75378726894538,24.21536876711822,21.15232936549866,15.155379494157382
78.78640525825315,72.4328679642376,41.48178845446984,89.07591897367736,69.26144619878488,16.949497230347717,91.48613276807936,48.45926623770866
1101.6953186938883,640.3408026298549,498.8040514800561,489.47978936623247,449.1282369302286,388.32004904490014,336.0932001773063,417.7006267870062
1.956577428005424,2.324625006016808,-1.0471039708319438,1.5372322566506922,3.5610519590771417,2.165774528368797,3.352813263342289,1.073929871169102
296.6031411652862,293.4184030939724,495.7602321035388,1077.9855945056554,1007.8281344235754,126.56299267187244,326.9311063696307,939.4341391599556
0.0004031667202355,-0.001619569895105,13136.672206131843,13310.331165432155,19872.574791709016,15623.873621443472,3424.200391934952,8049.246490004998
-0.0006335826243787,-0.0016312216365518,536.6757595417187,-786.3771065840176,1547.7360831126616,2864.421045722577,2003.809862799571,-0.0013808171416271
0.0014433716432382,0.0026724857779337,-778.2177963406657,1946.170216039539,-1033.047491210192,358.061529847447,-129.2808059084933,-0.0019392920111702
34.16058704998483,27.373152137095,42.718318798627145,24.621958164862484,36.42143171739383,21.57053838911209,18.946716475726426,21.972429656129915
32.69810742944628,80.61867783886623,66.94566119382185,36.59331291308578,17.28399117996306,54.34423240819332,52.6004602575633,80.55565697079724
652.5690206730484,515.5893552835438,607.7510812415743,394.0973861420181,523.6236343795346,629.2758389947397,619.957633230888,648.1663787900625
0.1655432136049102,2.9057135954341007,-0.5258536214326772,3.417790389075507,3.043787079463117,2.5277548906534824,1.4270164510125225,2.1038675651316634
119.23239714749332,1998.562811399107,-218.85477567260307,426.521502211493,891.7748845152341,900.8535163216636,526.4034058244399,61.35508874481016
-0.0001338977959102,-0.001693621202312,19059.08464967174,20490.86323061838,22170.67037083856,-17789.0916225788,-4101.70063722913,806.9826107385068
0.0012578316642972,0.0001800254359771,1539.9998981688502,-2671.546278296132,-3565.24682816652,-753.9403937559553,0.7382699863435775,0.0033159608302085
0.0021967815981554,-0.0018866133694975,1017.956479194421,2271.6331136682406,563.0414624570863,-2300.9543499561787,0.0024301335366731,-0.0001213941193307
10.759326818622206,20.561340276290323,12.771948938570974,36.12772937700516,28.767299836420563,24.72424210724072,29.881230219396823,17.48449596981692
73.8797226706236,49.65315576686316,51.17085277435359,65.7091522889285,36.023334080315806,37.25328948843069,80.33886811195343,65.9532139774475
626.7695089900648,600.6103067913581,452.17198925268826,577.0229898628576,647.1368584246867,371.2922505385585,552.1033227296845,572.514972908654
1.937029343456521,3.9795578727609815,0.7690911745451235,-0.6202311457740515,3.302674120110421,-1.028720064589696,1.818788854244247,0.0091579529827208
-242.27988016719448,-280.21656250607646,2045.444503451064,-243.93878790394228,-657.2714797790228,1510.4139731930147,511.4487629986938,-346.2217973058697
-0.0016768683393392,-0.0001761888228327,5649.516393808847,26173.775606647512,16197.277605885403,28411.57313398389,22316.927591162912,-399.0489732117213
-0.0001882982329085,-0.000912864447706,1765.8965784426236,2793.9254693932194,1371.2238354654387,-621.9592582914458,-2891.71115230452,0.0001562885285224
-0.0027223886929463,-0.0006009276319647,-272.80717858309873,5306.731012422577,3661.1643568429113,-2381.099190610447,2222.6976638562087,0.0011536585658384
21.701797250921064,16.98570336983508,25.49447345500745,19.895591567293145,23.75378726894538,24.21536876711822,21.15232936549866,15.155379494157382
78.78640525825315,72.4328679642376,41.48178845446984,89.07591897367736,69.26144619878488,16.949497230347717,91.48613276807936,48.45926623770866
1101.6953186938883,640.3408026298549,498.8040514800561,489.47978936623247,449.1282369302286,388.32004904490014,336.0932001773063,417.7006267870062
1.956577428005424,2.324625006016808,-1.0471039708319438,1.5372322566506922,3.5610519590771417,2.165774528368797,3.352813263342289,1.073929871169102
296.6031411652862,293.4184030939724,495.7602321035388,1077.9855945056554,1007.8281344235754,126.56299267187244,326.9311063696307,939.4341391599556
0.0004031667202355,-0.001619569895105,13136.672206131843,13310.331165432155,19872.574791709016,15623.873621443472,3424.200391934952,8049.246490004998
-0.0006335826243787,-0.0016312216365518,536.6757595417187,-786.3771065840176,1547.7360831126616,2864.421045722577,2003.809862799571,-0.0013808171416271
0.0014433716432382,0.0026724857779337,-778.2177963406657,1946.170216039539,-1033.047491210192,358.061529847447,-129.2808059084933,-0.0019392920111702
34.16058704998483,27.373152137095,42.718318798627145,24.621958164862484,36.42143171739383,21.57053838911209,18.946716475726426,21.972429656129915
32.69810742944628,80.61867783886623,66.94566119382185,36.59331291308578,17.28399117996306,54.34423240819332,52.6004602575633,80.55565697079724
652.5690206730484,515.5893552835438,607.7510812415743,394.0973861420181,523.6236343795346,629.2758389947397,619.957633230888,648.1663787900625
0.1655432136049102,2.9057135954341007,-0.5258536214326772,3.417790389075507,3.043787079463117,2.5277548906534824,1.4270164510125225,2.1038675651316634
119.23239714749332,1998.562811399107,-218.85477567260307,426.521502211493,891.7748845152341,900.8535163216636,526.4034058244399,61.35508874481016
-0.0001338977959102,-0.001693621202312,19059.08464967174,20490.86323061838,22170.67037083856,-17789.0916225788,-4101.70063722913,806.9826107385068
0.0012578316642972,0.0001800254359771,1539.9998981688502,-2671.546278296132,-3565.24682816652,-753.9403937559553,0.7382699863435775,0.0033159608302085
0.0021967815981554,-0.0018866133694975,1017.956479194421,2271.6331136682406,563.0414624570863,-2300.9543499561787,0.0024301335366731,-0.0001213941193307
10.759326818622206,20.561340276290323,12.771948938570974,36.12772937700516,28.767299836420563,24.72424210724072,29.881230219396823,17.48449596981692
73.8797226706236,49.65315576686316,51.17085277435359,65.7091522889285,36.023334080315806,37.25328948843069,80.33886811195343,65.9532139774475
626.7695089900648,600.6103067913581,452.17198925268826,577.0229898628576,647.1368584246867,371.2922505385585,552.1033227296845,572.514972908654
1.937029343456521,3.9795578727609815,0.7690911745451235,-0.6202311457740515,3.302674120110421,-1.028720064589696,1.818788854244247,0.0091579529827208
-242.27988016719448,-280.21656250607646,2045.444503451064,-243.93878790394228,-657.2714797790228,1510.4139731930147,511.4487629986938,-346.2217973058697
-0.0016768683393392,-0.0001761888228327,5649.516393808847,26173.775606647512,16197.277605885403,28411.57313398389,22316.927591162912,-399.0489732117213
-0.0001882982329085,-0.000912864447706,1765.8965784426236,2793.9254693932194,1371.2238354654387,-621.9592582914458,-2891.71115230452,0.0001562885285224
-0.0027223886929463,-0.0006009276319647,-272.80717858309873,5306.731012422577,3661.1643568429113,-2381.099190610447,2222.6976638562087,0.0011536585658384
21.701797250921064,16.98570336983508,25.49447345500745,19.895591567293145,23.75378726894538,24.21536876711822,21.15232936549866,15.155379494157382
78.78640525825315,72.4328679642376,41.48178845446984,89.07591897367736,69.26144619878488,16.949497230347717,91.48613276807936,48.45926623770866
1101.6953186938883,640.3408026298549,498.8040514800561,489.47978936623247,449.1282369302286,388.32004904490014,336.0932001773063,417.7006267870062
1.956577428005424,2.324625006016808,-1.0471039708319438,1.5372322566506922,3.5610519590771417,2.165774528368797,3.352813263342289,1.073929871169102
296.6031411652862,293.4184030939724,495.7602321035388,1077.9855945056554,1007.8281344235754,126.56299267187244,326.9311063696307,939.4341391599556
0.0004031667202355,-0.001619569895105,13136.672206131843,13310.331165432155,19872.574791709016,15623.873621443472,3424.200391934952,8049.246490004998
-0.0006335826243787,-0.0016312216365518,536.6757595417187,-786.3771065840176,1547.7360831126616,2864.421045722577,2003.809862799571,-0.0013808171416271
0.0014433716432382,0.0026724857779337,-778.2177963406657,1946.170216039539,-1033.047491210192,358.061529847447,-129.2808059084933,-0.0019392920111702
34.16058704998483,27.373152137095,42.718318798627145,24.621958164862484,36.42143171739383,21.57053838911209,18.946716475726426,21.972429656129915
32.69810742944628,80.61867783886623,66.94566119382185,36.59331291308578,17.28399117996306,54.34423240819332,52.6004602575633,80.55565697079724
652.5690206730484,515.5893552835438,607.7510812415743,394.0973861420181,523.6236343795346,629.2758389947397,619.957633230888,648.1663787900625
0.1655432136049102,2.9057135954341007,-0.5258536214326772,3.417790389075507,3.043787079463117,2.5277548906534824,1.4270164510125225,2.1038675651316634
119.23239714749332,1998.562811399107,-218.85477567260307,426.521502211493,891.7748845152341,900.8535163216636,526.4034058244399,61.35508874481016
-0.0001338977959102,-0.001693621202312,19059.08464967174,20490.86323061838,22170.67037083856,-17789.0916225788,-4101.70063722913,806.9826107385068
0.0012578316642972,0.0001800254359771,1539.9998981688502,-2671.546278296132,-3565.24682816652,-753.9403937559553,0.7382699863435775,0.0033159608302085
0.0021967815981554,-0.0018866133694975,1017.956479194421,2271.6331136682406,563.0414624570863,-2300.9543499561787,0.0024301335366731,-0.0001213941193307
10.759326818622206,20.561340276290323,12.771948938570974,36.12772937700516,28.767299836420563,24.72424210724072,29.881230219396823,17.48449596981692
73.8797226706236,49.65315576686316,51.17085277435359,65.7091522889285,36.023334080315806,37.25328948843069,80.33886811195343,65.9532139774475
626.7695089900648,600.6103067913581,452.17198925268826,577.0229898628576,647.1368584246867,371.2922505385585,552.1033227296845,572.514972908654
1.937029343456521,3.9795578727609815,0.7690911745451235,-0.6202311457740515,3.302674120110421,-1.028720064589696,1.818788854244247,0.0091579529827208
-242.27988016719448,-280.21656250607646,2045.444503451064,-243.93878790394228,-657.2714797790228,1510.4139731930147,511.4487629986938,-346.2217973058697
-0.0016768683393392,-0.0001761888228327,5649.516393808847,26173.775606647512,16197.277605885403,28411.57313398389,22316.927591162912,-399.0489732117213
-0.0001882982329085,-0.000912864447706,1765.8965784426236,2793.9254693932194,1371.2238354654387,-621.9592582914458,-2891.71115230452,0.0001562885285224
-0.0027223886929463,-0.0006009276319647,-272.80717858309873,5306.731012422577,3661.1643568429113,-2381.099190610447,2222.6976638562087,0.0011536585658384
21.701797250921064,16.98570336983508,25.49447345500745,19.895591567293145,23.75378726894538,24.21536876711822,21.15232936549866,15.155379494157382
78.78640525825315,72.4328679642376,41.48178845446984,89.07591897367736,69.26144619878488,16.949497230347717,91.48613276807936,48.45926623770866
1101.6953186938883,640.3408026298549,498.8040514800561,489.47978936623247,449.1282369302286,388.32004904490014,336.0932001773063,417.7006267870062
1.956577428005424,2.324625006016808,-1.0471039708319438,1.5372322566506922,3.5610519590771417,2.165774528368797,3.352813263342289,1.073929871169102
296.6031411652862,293.4184030939724,495.7602321035388,1077.9855945056554,1007.8281344235754,126.56299267187244,326.9311063696307,939.4341391599556
0.0004031667202355,-0.001619569895105,13136.672206131843,13310.331165432155,19872.574791709016,15623.873621443472,3424.200391934952,8049.246490004998
-0.0006335826243787,-0.0016312216365518,536.6757595417187,-786.3771065840176,1547.7360831126616,2864.421045722577,2003.809862799571,-0.0013808171416271
0.0014433716432382,0.0026724857779337,-778.2177963406657,1946.170216039539,-1033.047491210192,358.061529847447,-129.2808059084933,-0.0019392920111702
34.16058704998483,27.373152137095,42.718318798627145,24.621958164862484,36.42143171739383,21.57053838911209,18.946716475726426,21.972429656129915
32.69810742944628,80.61867783886623,66.94566119382185,36.59331291308578,17.28399117996306,54.34423240819332,52.6004602575633,80.55565697079724
652.5690206730484,515.5893552835438,607.7510812415743,394.0973861420181,523.6236343795346,629.2758389947397,619.957633230888,648.1663787900625
0.1655432136049102,2.9057135954341007,-0.5258536214326772,3.417790389075507,3.043787079463117,2.5277548906534824,1.4270164510125225,2.1038675651316634
119.23239714749332,1998.562811399107,-218.85477567260307,426.521502211493,891.7748845152341,900.8535163216636,526.4034058244399,61.35508874481016
-0.0001338977959102,-0.001693621202312,19059.08464967174,20490.86323061838,22170.67037083856,-17789.0916225788,-4101.70063722913,806.9826107385068
0.0012578316642972,0.0001800254359771,1539.9998981688502,-2671.546278296132,-3565.24682816652,-753.9403937559553,0.7382699863435775,0.0033159608302085
0.0021967815981554,-0.0018866133694975,1017.956479194421,2271.6331136682406,563.0414624570863,-2300.9543499561787,0.0024301335366731,-0.0001213941193307
10.759326818622206,20.561340276290323,12.771948938570974,36.12772937700516,28.767299836420563,24.72424210724072,29.881230219396823,17.48449596981692
73.8797226706236,49.65315576686316,51.17085277435359,65.7091522889285,36.023334080315806,37.25328948843069,80.33886811195343,65.9532139774475
626.7695089900648,600.6103067913581,452.17198925268826,577.0229898628576,647.1368584246867,371.2922505385585,552.1033227296845,572.514972908654
1.937029343456521,3.9795578727609815,0.7690911745451235,-0.6202311457740515,3.302674120110421,-1.028720064589696,1.818788854244247,0.0091579529827208
-242.27988016719448,-280.21656250607646,2045.444503451064,-243.93878790394228,-657.2714797790228,1510.4139731930147,511.4487629986938,-346.2217973058697
-0.0016768683393392,-0.0001761888228327,5649.516393808847,26173.775606647512,16197.277605885403,28411.57313398389,22316.927591162912,-399.0489732117213
-0.0001882982329085,-0.000912864447706,1765.8965784426236,2793.9254693932194,1371.2238354654387,-621.9592582914458,-2891.71115230452,0.0001562885285224
-0.0027223886929463,-0.0006009276319647,-272.80717858309873,5306.731012422577,3661.1643568429113,-2381.099190610447,2222.6976638562087,0.0011536585658384
21.701797250921064,16.98570336983508,25.49447345500745,19.895591567293145,23.75378726894538,24.21536876711822,21.15232936549866,15.155379494157382
78.78640525825315,72.4328679642376,41.48178845446984,89.07591897367736,69.26144619878488,16.949497230347717,91.48613276807936,48.45926623770866
1101.6953186938883,640.3408026298549,498.8040514800561,489.47978936623247,449.1282369302286,388.32004904490014,336.0932001773063,417.7006267870062
1.956577428005424,2.324625006016808,-1.0471039708319438,1.5372322566506922,3.5610519590771417,2.165774528368797,3.352813263342289,1.073929871169102
296.6031411652862,293.4184030939724,495.7602321035388,1077.9855945056554,1007.8281344235754,126.56299267187244,326.9311063696307,939.4341391599556
0.0004031667202355,-0.001619569895105,13136.672206131843,13310.331165432155,19872.574791709016,15623.873621443472,3424.200391934952,8049.246490004998
-0.0006335826243787,-0.0016312216365518,536.6757595417187,-786.3771065840176,1547.7360831126616,2864.421045722577,2003.809862799571,-0.0013808171416271
0.0014433716432382,0.0026724857779337,-778.2177963406657,1946.170216039539,-1033.047491210192,358.061529847447,-129.2808059084933,-0.0019392920111702
34.16058704998483,27.373152137095,42.718318798627145,24.621958164862484,36.42143171739383,21.57053838911209,18.946716475726426,21.972429656129915
32.69810742944628,80.61867783886623,66.94566119382185,36.59331291308578,17.28399117996306,54.34423240819332,52.6004602575633,80.55565697079724
652.5690206730484,515.5893552835438,607.7510812415743,394.0973861420181,523.6236343795346,629.2758389947397,619.957633230888,648.1663787900625
0.1655432136049102,2.9057135954341007,-0.5258536214326772,3.417790389075507,3.043787079463117,2.5277548906534824,1.4270164510125225,2.1038675651316634
119.23239714749332,1998.562811399107,-218.85477567260307,426.521502211493,891.7748845152341,900.8535163216636,526.4034058244399,61.35508874481016
-0.0001338977959102,-0.001693621202312,19059.08464967174,20490.86323061838,22170.67037083856,-17789.0916225788,-4101.70063722913,806.9826107385068
0.0012578316642972,0.0001800254359771,1539.9998981688502,-2671.546278296132,-3565.24682816652,-753.9403937559553,0.7382699863435775,0.0033159608302085
0.0021967815981554,-0.0018866133694975,1017.956479194421,2271.6331136682406,563.0414624570863,-2300.9543499561787,0.0024301335366731,-0.0001213941193307
10.759326818622206,20.561340276290323,12.771948938570974,36.12772937700516,28.767299836420563,24.72424210724072,29.881230219396823,17.48449596981692
73.8797226706236,49.65315576686316,51.17085277435359,65.7091522889285,36.023334080315806,37.25328948843069,80.33886811195343,65.9532139774475
626.7695089900648,600.6103067913581,452.17198925268826,577.0229898628576,647.1368584246867,371.2922505385585,552.1033227296845,572.514972908654
1.937029343456521,3.9795578727609815,0.7690911745451235,-0.6202311457740515,3.302674120110421,-1.028720064589696,1.818788854244247,0.0091579529827208
-242.27988016719448,-280.21656250607646,2045.444503451064,-243.93878790394228,-657.2714797790228,1510.4139731930147,511.4487629986938,-346.2217973058697
-0.0016768683393392,-0.0001761888228327,5649.516393808847,26173.775606647512,16197.277605885403,28411.57313398389,22316.927591162912,-399.0489732117213
-0.0001882982329085,-0.000912864447706,1765.8965784426236,2793.9254693932194,1371.2238354654387,-621.9592582914458,-2891.71115230452,0.0001562885285224
-0.0027223886929463,-0.0006009276319647,-272.80717858309873,5306.731012422577,3661.1643568429113,-2381.099190610447,2222.6976638562087,0.0011536585658384
21.701797250921064,16.98570336983508,25.49447345500745,19.895591567293145,23.75378726894538,24.21536876711822,21.15232936549866,15.155379494157382
78.78640525825315,72.4328679642376,41.48178845446984,89.07591897367736,69.26144619878488,16.949497230347717,91.48613276807936,48.45926623770866
1101.6953186938883,640.3408026298549,498.8040514800561,489.47978936623247,449.1282369302286,388.32004904490014,336.0932001773063,417.7006267870062
1.956577428005424,2.324625006016808,-1.0471039708319438,1.5372322566506922,3.5610519590771417,2.165774528368797,3.352813263342289,1.073929871169102
296.6031411652862,293.4184030939724,495.7602321035388,1077.9855945056554,1007.8281344235754,126.56299267187244,326.9311063696307,939.4341391599556
0.0004031667202355,-0.001619569895105,13136.672206131843,13310.331165432155,19872.574791709016,15623.873621443472,3424.200391934952,8049.246490004998
-0.0006335826243787,-0.0016312216365518,536.6757595417187,-786.3771065840176,1547.7360831126616,2864.421045722577,2003.809862799571,-0.0013808171416271
0.0014433716432382,0.0026724857779337,-778.2177963406657,1946.170216039539,-1033.047491210192,358.061529847447,-129.2808059084933,-0.0019392920111702
34.16058704998483,27.373152137095,42.718318798627145,24.621958164862484,36.42143171739383,21.57053838911209,18.946716475726426,21.972429656129915
32.69810742944628,80.61867783886623,66.94566119382185,36.59331291308578,17.28399117996306,54.34423240819332,52.6004602575633,80.55565697079724
652.5690206730484,515.5893552835438,607.7510812415743,394.0973861420181,523.6236343795346,629.2758389947397,619.957633230888,648.1663787900625
0.1655432136049102,2.9057135954341007,-0.5258536214326772,3.417790389075507,3.043787079463117,2.5277548906534824,1.4270164510125225,2.1038675651316634
119.23239714749332,1998.562811399107,-218.85477567260307,426.521502211493,891.7748845152341,900.8535163216636,526.4034058244399,61.35508874481016
-0.0001338977959102,-0.001693621202312,19059.08464967174,20490.86323061838,22170.67037083856,-17789.0916225788,-4101.70063722913,806.9826107385068
0.0012578316642972,0.0001800254359771,1539.9998981688502,-2671.546278296132,-3565.24682816652,-753.9403937559553,0.7382699863435775,0.0033159608302085
0.0021967815981554,-0.0018866133694975,1017.956479194421,2271.6331136682406,563.0414624570863,-2300.9543499561787,0.0024301335366731,-0.0001213941193307
10.759326818622206,20.561340276290323,12.771948938570974,36.12772937700516,28.767299836420563,24.72424210724072,29.881230219396823,17.48449596981692
73.8797226706236,49.65315576686316,51.17085277435359,65.7091522889285,36.023334080315806,37.25328948843069,80.33886811195343,65.9532139774475
626.7695089900648,600.6103067913581,452.17198925268826,577.0229898628576,647.1368584246867,371.2922505385585,552.1033227296845,572.514972908654
1.937029343456521,3.9795578727609815,0.7690911745451235,-0.6202311457740515,3.302674120110421,-1.028720064589696,1.818788854244247,0.0091579529827208
-242.27988016719448,-280.21656250607646,2045.444503451064,-243.93878790394228,-657.2714797790228,1510.4139731930147,511.4487629986938,-346.2217973058697
-0.0016768683393392,-0.0001761888228327,5649.516393808847,26173.775606647512,16197.277605885403,28411.57313398389,22316.927591162912,-399.0489732117213
-0.0001882982329085,-0.000912864447706,1765.8965784426236,2793.9254693932194,1371.2238354654387,-621.9592582914458,-2891.71115230452,0.0001562885285224
-0.0027223886929463,-0.0006009276319647,-272.80717858309873,5306.731012422577,3661.1643568429113,-2381.099190610447,2222.6976638562087,0.0011536585658384
21.701797250921064,16.98570336983508,25.49447345500745,19.895591567293145,23.75378726894538,24.21536876711822,21.15232936549866,15.155379494157382
78.78640525825315,72.4328679642376,41.48178845446984,89.07591897367736,69.26144619878488,16.949497230347717,91.48613276807936,48.45926623770866
1101.6953186938883,640.3408026298549,498.8040514800561,489.47978936623247,449.1282369302286,388.32004904490014,336.0932001773063,417.7006267870062
1.956577428005424,2.324625006016808,-1.0471039708319438,1.5372322566506922,3.5610519590771417,2.165774528368797,3.352813263342289,1.073929871169102
296.6031411652862,293.4184030939724,495.7602321035388,1077.9855945056554,1007.8281344235754,126.56299267187244,326.9311063696307,939.4341391599556
0.0004031667202355,-0.001619569895105,13136.672206131843,13310.331165432155,19872.574791709016,15623.873621443472,3424.200391934952,8049.246490004998
-0.0006335826243787,-0.0016312216365518,536.6757595417187,-786.3771065840176,1547.7360831126616,2864.421045722577,2003.809862799571,-0.0013808171416271
0.0014433716432382,0.0026724857779337,-778.2177963406657,1946.170216039539,-1033.047491210192,358.061529847447,-129.2808059084933,-0.0019392920111702
34.16058704998483,27.373152137095,42.718318798627145,24.621958164862484,36.42143171739383,21.57053838911209,18.946716475726426,21.972429656129915
32.69810742944628,80.61867783886623,66.94566119382185,36.59331291308578,17.28399117996306,54.34423240819332,52.6004602575633,80.55565697079724
652.5690206730484,515.5893552835438,607.7510812415743,394.0973861420181,523.6236343795346,629.2758389947397,619.957633230888,648.1663787900625
0.1655432136049102,2.9057135954341007,-0.5258536214326772,3.417790389075507,3.043787079463117,2.5277548906534824,1.4270164510125225,2.1038675651316634
119.23239714749332,1998.562811399107,-218.85477567260307,426.521502211493,891.7748845152341,900.8535163216636,526.4034058244399,61.35508874481016
-0.0001338977959102,-0.001693621202312,19059.08464967174,20490.86323061838,22170.67037083856,-17789.0916225788,-4101.70063722913,806.9826107385068
0.0012578316642972,0.0001800254359771,1539.9998981688502,-2671.546278296132,-3565.24682816652,-753.9403937559553,0.7382699863435775,0.0033159608302085
0.0021967815981554,-0.0018866133694975,1017.956479194421,2271.6331136682406,563.0414624570863,-2300.9543499561787,0.0024301335366731,-0.0001213941193307
