내부온도관측치,내부습도관측치,co2관측치,ec관측치,시간당분무량,시간당백색광량,시간당적색광량,시간당청색광량
20.724725385753025,26.96238053416061,23.733511519118203,27.065000663485552,31.81021308284228,34.00980624579674,23.2956180489921,27.1927967892804
11.147859393472878,12.55559232464686,47.54429716476883,70.12672059011018,77.05987626315914,46.91252539191554,29.10228999817568,50.53483732603827
429.3622881498767,615.0267691873006,416.55966855823954,616.8703899405634,513.1369273738043,401.6611239474937,520.0914751950936,402.8471217205556
0.9065000509060744,3.052090987258004,2.040405735878588,1.051170021199124,3.340826082137525,0.2784639466161298,2.4022789706794696,1.0970785854528589
31.010073540357908,-134.3218565315378,1148.4896841268792,-32.59546787684985,-124.88415056670476,1297.5539209951776,1957.0044342496108,-101.00754831223264
-0.0018621352014335,0.0025399640555269,3541.413060779701,29792.762776517848,16587.186249631817,27766.37890149869,25447.04658978233,-832.2876513978848
-0.0023759498685013,-0.0005437774511615,136.2250066016336,2022.5983318854828,-1249.7359053670436,202.0207331840246,906.1227685909756,0.0019558045539364
-0.0008079202889323,0.0008004752254752,-357.74670984231994,4169.036827954517,1880.1960472220608,-444.6459788354268,579.2315931518592,0.002427370023934
24.259195773778263,35.186455171226626,23.007791107429327,28.03491745875271,27.717974517379545,27.25907731543817,28.181512004668484,18.22118368267651
14.27616382920533,58.83881471739952,75.90666135435082,72.12524011488597,55.127791454702304,49.79512641743199,87.56886546551041,88.3832673420859
327.7713100603436,563.7178497869746,480.2962450905075,723.4715229348462,500.51822582755,458.6403383302154,376.6983648522535,577.72628274699
0.3605944831361161,1.1041748691949074,-0.5723746787045279,1.6610742540820682,4.468525229603021,0.4769974507189951,3.863815301131144,1.4895365289484856
-159.72213802342873,-815.0704191573979,657.2482589223516,426.5319333068733,750.6147317527009,-290.7729275162628,161.7084736586662,-404.85265277946695
-0.0011034219167411,-0.0003900785142309,4573.389979025085,17345.19120936569,23135.914135404262,14093.773895755265,11941.763953591906,993.1829779362632
-0.00210982300365,6.225253220313472e-05,821.0759742044879,-1436.4046550150451,822.1811345020803,4251.020314290652,106.97029506598928,0.0017724135465565
0.0026312843769648,-0.000739295638176,-662.381062139961,-285.7207289944719,1791.8923728807408,-2345.237738947145,-462.1392454536178,-0.000598048256613
28.35317990116689,33.7602100069378,38.1467436461433,29.089172037276228,28.84277781984128,27.34224052438518,16.126884504942648,19.41465065322832
58.54185132994439,85.60051755545625,16.146543143184317,56.61700959888848,33.807326315234874,72.1154249126075,64.10732345572549,93.46814838222949
1376.2855781515295,571.0227246357807,587.723699872539,411.19881199287386,580.1890707848999,591.7126804646101,517.931647135217,566.1714734089268
0.7875974156477705,3.846263460137155,-0.6380405730365764,1.3184322110139306,1.822996706650943,2.771970358574598,0.1607014511746081,1.0179271525145333
287.23331467942296,246.5045239437534,-202.19200417028435,-557.2930148955528,-97.93553050331514,1358.2498212481546,1015.4132394409664,35.17142436433846
-0.0017686993836257,-0.0015522241436697,7408.727746846681,19896.923433503373,22440.47808235955,14553.809213667364,-4102.666015143694,704.1839557379435
-0.0011190707769574,0.0011748176008454,895.6416098964669,-1048.3890392658225,-1542.432032103598,-1782.2543594074907,-3.7831921673512494,0.0015883407083408
0.0022222982887878,-0.000394085782995,1833.182403975072,4281.449976315655,2112.3117565708767,1075.617197137933,-0.0001679970562204,-0.0014258589160448
20.724725385753025,26.96238053416061,23.733511519118203,27.065000663485552,31.81021308284228,34.00980624579674,23.2956180489921,27.1927967892804
11.147859393472878,12.55559232464686,47.54429716476883,70.12672059011018,77.05987626315914,46.91252539191554,29.10228999817568,50.53483732603827
429.3622881498767,615.0267691873006,416.55966855823954,616.8703899405634,513.1369273738043,401.6611239474937,520.0914751950936,402.8471217205556
0.9065000509060744,3.052090987258004,2.040405735878588,1.051170021199124,3.340826082137525,0.2784639466161298,2.4022789706794696,1.0970785854528589
31.010073540357908,-134.3218565315378,1148.4896841268792,-32.59546787684985,-124.88415056670476,1297.5539209951776,1957.0044342496108,-101.00754831223264
-0.0018621352014335,0.0025399640555269,3541.413060779701,29792.762776517848,16587.186249631817,27766.37890149869,25447.04658978233,-832.2876513978848
-0.0023759498685013,-0.0005437774511615,136.2250066016336,2022.5983318854828,-1249.7359053670436,202.0207331840246,906.1227685909756,0.0019558045539364
-0.0008079202889323,0.0008004752254752,-357.74670984231994,4169.036827954517,1880.1960472220608,-444.6459788354268,579.2315931518592,0.002427370023934
24.259195773778263,35.186455171226626,23.007791107429327,28.03491745875271,27.717974517379545,27.25907731543817,28.181512004668484,18.22118368267651
14.27616382920533,58.83881471739952,75.90666135435082,72.12524011488597,55.127791454702304,49.79512641743199,87.56886546551041,88.3832673420859
327.7713100603436,563.7178497869746,480.2962450905075,723.4715229348462,500.51822582755,458.6403383302154,376.6983648522535,577.72628274699
0.3605944831361161,1.1041748691949074,-0.5723746787045279,1.6610742540820682,4.468525229603021,0.4769974507189951,3.863815301131144,1.4895365289484856
-159.72213802342873,-815.0704191573979,657.2482589223516,426.5319333068733,750.6147317527009,-290.7729275162628,161.7084736586662,-404.85265277946695
-0.0011034219167411,-0.0003900785142309,4573.389979025085,17345.19120936569,23135.914135404262,14093.773895755265,11941.763953591906,993.1829779362632
-0.00210982300365,6.225253220313472e-05,821.0759742044879,-1436.4046550150451,822.1811345020803,4251.020314290652,106.97029506598928,0.0017724135465565
0.0026312843769648,-0.000739295638176,-662.381062139961,-285.7207289944719,1791.8923728807408,-2345.237738947145,-462.1392454536178,-0.000598048256613
28.35317990116689,33.7602100069378,38.1467436461433,29.089172037276228,28.84277781984128,27.34224052438518,16.126884504942648,19.41465065322832
58.54185132994439,85.60051755545625,16.146543143184317,56.61700959888848,33.807326315234874,72.1154249126075,64.10732345572549,93.46814838222949
1376.2855781515295,571.0227246357807,587.723699872539,411.19881199287386,580.1890707848999,591.7126804646101,517.931647135217,566.1714734089268
0.7875974156477705,3.846263460137155,-0.6380405730365764,1.3184322110139306,1.822996706650943,2.771970358574598,0.1607014511746081,1.0179271525145333
287.23331467942296,246.5045239437534,-202.19200417028435,-557.2930148955528,-97.93553050331514,1358.2498212481546,1015.4132394409664,35.17142436433846
-0.0017686993836257,-0.0015522241436697,7408.727746846681,19896.923433503373,22440.47808235955,14553.809213667364,-4102.666015143694,704.1839557379435
-0.0011190707769574,0.0011748176008454,895.6416098964669,-1048.3890392658225,-1542.432032103598,-1782.2543594074907,-3.7831921673512494,0.0015883407083408
0.0022222982887878,-0.000394085782995,1833.182403975072,4281.449976315655,2112.3117565708767,1075.617197137933,-0.0001679970562204,-0.0014258589160448
20.724725385753025,26.96238053416061,23.733511519118203,27.065000663485552,31.81021308284228,34.00980624579674,23.2956180489921,27.1927967892804
11.147859393472878,12.55559232464686,47.54429716476883,70.12672059011018,77.05987626315914,46.91252539191554,29.10228999817568,50.53483732603827
429.3622881498767,615.0267691873006,416.55966855823954,616.8703899405634,513.1369273738043,401.6611239474937,520.0914751950936,402.8471217205556
0.9065000509060744,3.052090987258004,2.040405735878588,1.051170021199124,3.340826082137525,0.2784639466161298,2.4022789706794696,1.0970785854528589
31.010073540357908,-134.3218565315378,1148.4896841268792,-32.59546787684985,-124.88415056670476,1297.5539209951776,1957.0044342496108,-101.00754831223264
-0.0018621352014335,0.0025399640555269,3541.413060779701,29792.762776517848,16587.186249631817,27766.37890149869,25447.04658978233,-832.2876513978848
-0.0023759498685013,-0.0005437774511615,136.2250066016336,2022.5983318854828,-1249.7359053670436,202.0207331840246,906.1227685909756,0.0019558045539364
-0.0008079202889323,0.0008004752254752,-357.74670984231994,4169.036827954517,1880.1960472220608,-444.6459788354268,579.2315931518592,0.002427370023934
24.259195773778263,35.186455171226626,23.007791107429327,28.03491745875271,27.717974517379545,27.25907731543817,28.181512004668484,18.22118368267651
14.27616382920533,58.83881471739952,75.90666135435082,72.12524011488597,55.127791454702304,49.79512641743199,87.56886546551041,88.3832673420859
327.7713100603436,563.7178497869746,480.2962450905075,723.4715229348462,500.51822582755,458.6403383302154,376.6983648522535,577.72628274699
0.3605944831361161,1.1041748691949074,-0.5723746787045279,1.6610742540820682,4.468525229603021,0.4769974507189951,3.863815301131144,1.4895365289484856
-159.72213802342873,-815.0704191573979,657.2482589223516,426.5319333068733,750.6147317527009,-290.7729275162628,161.7084736586662,-404.85265277946695
-0.0011034219167411,-0.0003900785142309,4573.389979025085,17345.19120936569,23135.914135404262,14093.773895755265,11941.763953591906,993.1829779362632
-0.00210982300365,6.225253220313472e-05,821.0759742044879,-1436.4046550150451,822.1811345020803,4251.020314290652,106.97029506598928,0.0017724135465565
0.0026312843769648,-0.000739295638176,-662.381062139961,-285.7207289944719,1791.8923728807408,-2345.237738947145,-462.1392454536178,-0.000598048256613
28.35317990116689,33.7602100069378,38.1467436461433,29.089172037276228,28.84277781984128,27.34224052438518,16.126884504942648,19.41465065322832
58.54185132994439,85.60051755545625,16.146543143184317,56.61700959888848,33.807326315234874,72.1154249126075,64.10732345572549,93.46814838222949
1376.2855781515295,571.0227246357807,587.723699872539,411.19881199287386,580.1890707848999,591.7126804646101,517.931647135217,566.1714734089268
0.7875974156477705,3.846263460137155,-0.6380405730365764,1.3184322110139306,1.822996706650943,2.771970358574598,0.1607014511746081,1.0179271525145333
287.23331467942296,246.5045239437534,-202.19200417028435,-557.2930148955528,-97.93553050331514,1358.2498212481546,1015.4132394409664,35.17142436433846
-0.0017686993836257,-0.0015522241436697,7408.727746846681,19896.923433503373,22440.47808235955,14553.809213667364,-4102.666015143694,704.1839557379435
-0.0011190707769574,0.0011748176008454,895.6416098964669,-1048.3890392658225,-1542.432032103598,-1782.2543594074907,-3.7831921673512494,0.0015883407083408
0.0022222982887878,-0.000394085782995,1833.182403975072,4281.449976315655,2112.3117565708767,1075.617197137933,-0.0001679970562204,-0.0014258589160448
20.724725385753025,26.96238053416061,23.733511519118203,27.065000663485552,31.81021308284228,34.00980624579674,23.2956180489921,27.1927967892804
11.147859393472878,12.55559232464686,47.54429716476883,70.12672059011018,77.05987626315914,46.91252539191554,29.10228999817568,50.53483732603827
429.3622881498767,615.0267691873006,416.55966855823954,616.8703899405634,513.1369273738043,401.6611239474937,520.0914751950936,402.8471217205556
0.9065000509060744,3.052090987258004,2.040405735878588,1.051170021199124,3.340826082137525,0.2784639466161298,2.4022789706794696,1.0970785854528589
31.010073540357908,-134.3218565315378,1148.4896841268792,-32.59546787684985,-124.88415056670476,1297.5539209951776,1957.0044342496108,-101.00754831223264
-0.0018621352014335,0.0025399640555269,3541.413060779701,29792.762776517848,16587.186249631817,27766.37890149869,25447.04658978233,-832.2876513978848
-0.0023759498685013,-0.0005437774511615,136.2250066016336,2022.5983318854828,-1249.7359053670436,202.0207331840246,906.1227685909756,0.0019558045539364
-0.0008079202889323,0.0008004752254752,-357.74670984231994,4169.036827954517,1880.1960472220608,-444.6459788354268,579.2315931518592,0.002427370023934
24.259195773778263,35.186455171226626,23.007791107429327,28.03491745875271,27.717974517379545,27.25907731543817,28.181512004668484,18.22118368267651
14.27616382920533,58.83881471739952,75.90666135435082,72.12524011488597,55.127791454702304,49.79512641743199,87.56886546551041,88.3832673420859
327.7713100603436,563.7178497869746,480.2962450905075,723.4715229348462,500.51822582755,458.6403383302154,376.6983648522535,577.72628274699
0.3605944831361161,1.1041748691949074,-0.5723746787045279,1.6610742540820682,4.468525229603021,0.4769974507189951,3.863815301131144,1.4895365289484856
-159.72213802342873,-815.0704191573979,657.2482589223516,426.5319333068733,750.6147317527009,-290.7729275162628,161.7084736586662,-404.85265277946695
-0.0011034219167411,-0.0003900785142309,4573.389979025085,17345.19120936569,23135.914135404262,14093.773895755265,11941.763953591906,993.1829779362632
-0.00210982300365,6.225253220313472e-05,821.0759742044879,-1436.4046550150451,822.1811345020803,4251.020314290652,106.97029506598928,0.0017724135465565
0.0026312843769648,-0.000739295638176,-662.381062139961,-285.7207289944719,1791.8923728807408,-2345.237738947145,-462.1392454536178,-0.000598048256613
28.35317990116689,33.7602100069378,38.1467436461433,29.089172037276228,28.84277781984128,27.34224052438518,16.126884504942648,19.41465065322832
58.54185132994439,85.60051755545625,16.146543143184317,56.61700959888848,33.807326315234874,72.1154249126075,64.10732345572549,93.46814838222949
1376.2855781515295,571.0227246357807,587.723699872539,411.19881199287386,580.1890707848999,591.7126804646101,517.931647135217,566.1714734089268
0.7875974156477705,3.846263460137155,-0.6380405730365764,1.3184322110139306,1.822996706650943,2.771970358574598,0.1607014511746081,1.0179271525145333
287.23331467942296,246.5045239437534,-202.19200417028435,-557.2930148955528,-97.93553050331514,1358.2498212481546,1015.4132394409664,35.17142436433846
-0.0017686993836257,-0.0015522241436697,7408.727746846681,19896.923433503373,22440.47808235955,14553.809213667364,-4102.666015143694,704.1839557379435
-0.0011190707769574,0.0011748176008454,895.6416098964669,-1048.3890392658225,-1542.432032103598,-1782.2543594074907,-3.7831921673512494,0.0015883407083408
0.0022222982887878,-0.000394085782995,1833.182403975072,4281.449976315655,2112.3117565708767,1075.617197137933,-0.0001679970562204,-0.0014258589160448
20.724725385753025,26.96238053416061,23.733511519118203,27.065000663485552,31.81021308284228,34.00980624579674,23.2956180489921,27.1927967892804
11.147859393472878,12.55559232464686,47.54429716476883,70.12672059011018,77.05987626315914,46.91252539191554,29.10228999817568,50.53483732603827
429.3622881498767,615.0267691873006,416.55966855823954,616.8703899405634,513.1369273738043,401.6611239474937,520.0914751950936,402.8471217205556
0.9065000509060744,3.052090987258004,2.040405735878588,1.051170021199124,3.340826082137525,0.2784639466161298,2.4022789706794696,1.0970785854528589
31.010073540357908,-134.3218565315378,1148.4896841268792,-32.59546787684985,-124.88415056670476,1297.5539209951776,1957.0044342496108,-101.00754831223264
-0.0018621352014335,0.0025399640555269,3541.413060779701,29792.762776517848,16587.186249631817,27766.37890149869,25447.04658978233,-832.2876513978848
-0.0023759498685013,-0.0005437774511615,136.2250066016336,2022.5983318854828,-1249.7359053670436,202.0207331840246,906.1227685909756,0.0019558045539364
-0.0008079202889323,0.0008004752254752,-357.74670984231994,4169.036827954517,1880.1960472220608,-444.6459788354268,579.2315931518592,0.002427370023934
24.259195773778263,35.186455171226626,23.007791107429327,28.03491745875271,27.717974517379545,27.25907731543817,28.181512004668484,18.22118368267651
14.27616382920533,58.83881471739952,75.90666135435082,72.12524011488597,55.127791454702304,49.79512641743199,87.56886546551041,88.3832673420859
327.7713100603436,563.7178497869746,480.2962450905075,723.4715229348462,500.51822582755,458.6403383302154,376.6983648522535,577.72628274699
0.3605944831361161,1.1041748691949074,-0.5723746787045279,1.6610742540820682,4.468525229603021,0.4769974507189951,3.863815301131144,1.4895365289484856
-159.72213802342873,-815.0704191573979,657.2482589223516,426.5319333068733,750.6147317527009,-290.7729275162628,161.7084736586662,-404.85265277946695
-0.0011034219167411,-0.0003900785142309,4573.389979025085,17345.19120936569,23135.914135404262,14093.773895755265,11941.763953591906,993.1829779362632
-0.00210982300365,6.225253220313472e-05,821.0759742044879,-1436.4046550150451,822.1811345020803,4251.020314290652,106.97029506598928,0.0017724135465565
0.0026312843769648,-0.000739295638176,-662.381062139961,-285.7207289944719,1791.8923728807408,-2345.237738947145,-462.1392454536178,-0.000598048256613
28.35317990116689,33.7602100069378,38.1467436461433,29.089172037276228,28.84277781984128,27.34224052438518,16.126884504942648,19.41465065322832
58.54185132994439,85.60051755545625,16.146543143184317,56.61700959888848,33.807326315234874,72.1154249126075,64.10732345572549,93.46814838222949
1376.2855781515295,571.0227246357807,587.723699872539,411.19881199287386,580.1890707848999,591.7126804646101,517.931647135217,566.1714734089268
0.7875974156477705,3.846263460137155,-0.6380405730365764,1.3184322110139306,1.822996706650943,2.771970358574598,0.1607014511746081,1.0179271525145333
287.23331467942296,246.5045239437534,-202.19200417028435,-557.2930148955528,-97.93553050331514,1358.2498212481546,1015.4132394409664,35.17142436433846
-0.0017686993836257,-0.0015522241436697,7408.727746846681,19896.923433503373,22440.47808235955,14553.809213667364,-4102.666015143694,704.1839557379435
-0.0011190707769574,0.0011748176008454,895.6416098964669,-1048.3890392658225,-1542.432032103598,-1782.2543594074907,-3.7831921673512494,0.0015883407083408
0.0022222982887878,-0.000394085782995,1833.182403975072,4281.449976315655,2112.3117565708767,1075.617197137933,-0.0001679970562204,-0.0014258589160448
20.724725385753025,26.96238053416061,23.733511519118203,27.065000663485552,31.81021308284228,34.00980624579674,23.2956180489921,27.1927967892804
11.147859393472878,12.55559232464686,47.54429716476883,70.12672059011018,77.05987626315914,46.91252539191554,29.10228999817568,50.53483732603827
429.3622881498767,615.0267691873006,416.55966855823954,616.8703899405634,513.1369273738043,401.6611239474937,520.0914751950936,402.8471217205556
0.9065000509060744,3.052090987258004,2.040405735878588,1.051170021199124,3.340826082137525,0.2784639466161298,2.4022789706794696,1.0970785854528589
31.010073540357908,-134.3218565315378,1148.4896841268792,-32.59546787684985,-124.88415056670476,1297.5539209951776,1957.0044342496108,-101.00754831223264
-0.0018621352014335,0.0025399640555269,3541.413060779701,29792.762776517848,16587.186249631817,27766.37890149869,25447.04658978233,-832.2876513978848
-0.0023759498685013,-0.0005437774511615,136.2250066016336,2022.5983318854828,-1249.7359053670436,202.0207331840246,906.1227685909756,0.0019558045539364
-0.0008079202889323,0.0008004752254752,-357.74670984231994,4169.036827954517,1880.1960472220608,-444.6459788354268,579.2315931518592,0.002427370023934
24.259195773778263,35.186455171226626,23.007791107429327,28.03491745875271,27.717974517379545,27.25907731543817,28.181512004668484,18.22118368267651
14.27616382920533,58.83881471739952,75.90666135435082,72.12524011488597,55.127791454702304,49.79512641743199,87.56886546551041,88.3832673420859
327.7713100603436,563.7178497869746,480.2962450905075,723.4715229348462,500.51822582755,458.6403383302154,376.6983648522535,577.72628274699
0.3605944831361161,1.1041748691949074,-0.5723746787045279,1.6610742540820682,4.468525229603021,0.4769974507189951,3.863815301131144,1.4895365289484856
-159.72213802342873,-815.0704191573979,657.2482589223516,426.5319333068733,750.6147317527009,-290.7729275162628,161.7084736586662,-404.85265277946695
-0.0011034219167411,-0.0003900785142309,4573.389979025085,17345.19120936569,23135.914135404262,14093.773895755265,11941.763953591906,993.1829779362632
-0.00210982300365,6.225253220313472e-05,821.0759742044879,-1436.4046550150451,822.1811345020803,4251.020314290652,106.97029506598928,0.0017724135465565
0.0026312843769648,-0.000739295638176,-662.381062139961,-285.7207289944719,1791.8923728807408,-2345.237738947145,-462.1392454536178,-0.000598048256613
28.35317990116689,33.7602100069378,38.1467436461433,29.089172037276228,28.84277781984128,27.34224052438518,16.126884504942648,19.41465065322832
58.54185132994439,85.60051755545625,16.146543143184317,56.61700959888848,33.807326315234874,72.1154249126075,64.10732345572549,93.46814838222949
1376.2855781515295,571.0227246357807,587.723699872539,411.19881199287386,580.1890707848999,591.7126804646101,517.931647135217,566.1714734089268
0.7875974156477705,3.846263460137155,-0.6380405730365764,1.3184322110139306,1.822996706650943,2.771970358574598,0.1607014511746081,1.0179271525145333
287.23331467942296,246.5045239437534,-202.19200417028435,-557.2930148955528,-97.93553050331514,1358.2498212481546,1015.4132394409664,35.17142436433846
-0.0017686993836257,-0.0015522241436697,7408.727746846681,19896.923433503373,22440.47808235955,14553.809213667364,-4102.666015143694,704.1839557379435
-0.0011190707769574,0.0011748176008454,895.6416098964669,-1048.3890392658225,-1542.432032103598,-1782.2543594074907,-3.7831921673512494,0.0015883407083408
0.0022222982887878,-0.000394085782995,1833.182403975072,4281.449976315655,2112.3117565708767,1075.617197137933,-0.0001679970562204,-0.0014258589160448
20.724725385753025,26.96238053416061,23.733511519118203,27.065000663485552,31.81021308284228,34.00980624579674,23.2956180489921,27.1927967892804
11.147859393472878,12.55559232464686,47.54429716476883,70.12672059011018,77.05987626315914,46.91252539191554,29.10228999817568,50.53483732603827
429.3622881498767,615.0267691873006,416.55966855823954,616.8703899405634,513.1369273738043,401.6611239474937,520.0914751950936,402.8471217205556
0.9065000509060744,3.052090987258004,2.040405735878588,1.051170021199124,3.340826082137525,0.2784639466161298,2.4022789706794696,1.0970785854528589
31.010073540357908,-134.3218565315378,1148.4896841268792,-32.59546787684985,-124.88415056670476,1297.5539209951776,1957.0044342496108,-101.00754831223264
-0.0018621352014335,0.0025399640555269,3541.413060779701,29792.762776517848,16587.186249631817,27766.37890149869,25447.04658978233,-832.2876513978848
-0.0023759498685013,-0.0005437774511615,136.2250066016336,2022.5983318854828,-1249.7359053670436,202.0207331840246,906.1227685909756,0.0019558045539364
-0.0008079202889323,0.0008004752254752,-357.74670984231994,4169.036827954517,1880.1960472220608,-444.6459788354268,579.2315931518592,0.002427370023934
24.259195773778263,35.186455171226626,23.007791107429327,28.03491745875271,27.717974517379545,27.25907731543817,28.181512004668484,18.22118368267651
14.27616382920533,58.83881471739952,75.90666135435082,72.12524011488597,55.127791454702304,49.79512641743199,87.56886546551041,88.3832673420859
327.7713100603436,563.7178497869746,480.2962450905075,723.4715229348462,500.51822582755,458.6403383302154,376.6983648522535,577.72628274699
0.3605944831361161,1.1041748691949074,-0.5723746787045279,1.6610742540820682,4.468525229603021,0.4769974507189951,3.863815301131144,1.4895365289484856
-159.72213802342873,-815.0704191573979,657.2482589223516,426.5319333068733,750.6147317527009,-290.7729275162628,161.7084736586662,-404.85265277946695
-0.0011034219167411,-0.0003900785142309,4573.389979025085,17345.19120936569,23135.914135404262,14093.773895755265,11941.763953591906,993.1829779362632
-0.00210982300365,6.225253220313472e-05,821.0759742044879,-1436.4046550150451,822.1811345020803,4251.020314290652,106.97029506598928,0.0017724135465565
0.0026312843769648,-0.000739295638176,-662.381062139961,-285.7207289944719,1791.8923728807408,-2345.237738947145,-462.1392454536178,-0.000598048256613
28.35317990116689,33.7602100069378,38.1467436461433,29.089172037276228,28.84277781984128,27.34224052438518,16.126884504942648,19.41465065322832
58.54185132994439,85.60051755545625,16.146543143184317,56.61700959888848,33.807326315234874,72.1154249126075,64.10732345572549,93.46814838222949
1376.2855781515295,571.0227246357807,587.723699872539,411.19881199287386,580.1890707848999,591.7126804646101,517.931647135217,566.1714734089268
0.7875974156477705,3.846263460137155,-0.6380405730365764,1.3184322110139306,1.822996706650943,2.771970358574598,0.1607014511746081,1.0179271525145333
287.23331467942296,246.5045239437534,-202.19200417028435,-557.2930148955528,-97.93553050331514,1358.2498212481546,1015.4132394409664,35.17142436433846
-0.0017686993836257,-0.0015522241436697,7408.727746846681,19896.923433503373,22440.47808235955,14553.809213667364,-4102.666015143694,704.1839557379435
-0.0011190707769574,0.0011748176008454,895.6416098964669,-1048.3890392658225,-1542.432032103598,-1782.2543594074907,-3.7831921673512494,0.0015883407083408
0.0022222982887878,-0.000394085782995,1833.182403975072,4281.449976315655,2112.3117565708767,1075.617197137933,-0.0001679970562204,-0.0014258589160448
20.724725385753025,26.96238053416061,23.733511519118203,27.065000663485552,31.81021308284228,34.00980624579674,23.2956180489921,27.1927967892804
11.147859393472878,12.55559232464686,47.54429716476883,70.12672059011018,77.05987626315914,46.91252539191554,29.10228999817568,50.53483732603827
429.3622881498767,615.0267691873006,416.55966855823954,616.8703899405634,513.1369273738043,401.6611239474937,520.0914751950936,402.8471217205556
0.9065000509060744,3.052090987258004,2.040405735878588,1.051170021199124,3.340826082137525,0.2784639466161298,2.4022789706794696,1.0970785854528589
31.010073540357908,-134.3218565315378,1148.4896841268792,-32.59546787684985,-124.88415056670476,1297.5539209951776,1957.0044342496108,-101.00754831223264
-0.0018621352014335,0.0025399640555269,3541.413060779701,29792.762776517848,16587.186249631817,27766.37890149869,25447.04658978233,-832.2876513978848
-0.0023759498685013,-0.0005437774511615,136.2250066016336,2022.5983318854828,-1249.7359053670436,202.0207331840246,906.1227685909756,0.0019558045539364
-0.0008079202889323,0.0008004752254752,-357.74670984231994,4169.036827954517,1880.1960472220608,-444.6459788354268,579.2315931518592,0.002427370023934
24.259195773778263,35.186455171226626,23.007791107429327,28.03491745875271,27.717974517379545,27.25907731543817,28.181512004668484,18.22118368267651
14.27616382920533,58.83881471739952,75.90666135435082,72.12524011488597,55.127791454702304,49.79512641743199,87.56886546551041,88.3832673420859
327.7713100603436,563.7178497869746,480.2962450905075,723.4715229348462,500.51822582755,458.6403383302154,376.6983648522535,577.72628274699
0.3605944831361161,1.1041748691949074,-0.5723746787045279,1.6610742540820682,4.468525229603021,0.4769974507189951,3.863815301131144,1.4895365289484856
-159.72213802342873,-815.0704191573979,657.2482589223516,426.5319333068733,750.6147317527009,-290.7729275162628,161.7084736586662,-404.85265277946695
-0.0011034219167411,-0.0003900785142309,4573.389979025085,17345.19120936569,23135.914135404262,14093.773895755265,11941.763953591906,993.1829779362632
-0.00210982300365,6.225253220313472e-05,821.0759742044879,-1436.4046550150451,822.1811345020803,4251.020314290652,106.97029506598928,0.0017724135465565
0.0026312843769648,-0.000739295638176,-662.381062139961,-285.7207289944719,1791.8923728807408,-2345.237738947145,-462.1392454536178,-0.000598048256613
28.35317990116689,33.7602100069378,38.1467436461433,29.089172037276228,28.84277781984128,27.34224052438518,16.126884504942648,19.41465065322832
58.54185132994439,85.60051755545625,16.146543143184317,56.61700959888848,33.807326315234874,72.1154249126075,64.10732345572549,93.46814838222949
1376.2855781515295,571.0227246357807,587.723699872539,411.19881199287386,580.1890707848999,591.7126804646101,517.931647135217,566.1714734089268
0.7875974156477705,3.846263460137155,-0.6380405730365764,1.3184322110139306,1.822996706650943,2.771970358574598,0.1607014511746081,1.0179271525145333
287.23331467942296,246.5045239437534,-202.19200417028435,-557.2930148955528,-97.93553050331514,1358.2498212481546,1015.4132394409664,35.17142436433846
-0.0017686993836257,-0.0015522241436697,7408.727746846681,19896.923433503373,22440.47808235955,14553.809213667364,-4102.666015143694,704.1839557379435
-0.0011190707769574,0.0011748176008454,895.6416098964669,-1048.3890392658225,-1542.432032103598,-1782.2543594074907,-3.7831921673512494,0.0015883407083408
0.0022222982887878,-0.000394085782995,1833.182403975072,4281.449976315655,2112.3117565708767,1075.617197137933,-0.0001679970562204,-0.0014258589160448
20.724725385753025,26.96238053416061,23.733511519118203,27.065000663485552,31.81021308284228,34.00980624579674,23.2956180489921,27.1927967892804
11.147859393472878,12.55559232464686,47.54429716476883,70.12672059011018,77.05987626315914,46.91252539191554,29.10228999817568,50.53483732603827
429.3622881498767,615.0267691873006,416.55966855823954,616.8703899405634,513.1369273738043,401.6611239474937,520.0914751950936,402.8471217205556
0.9065000509060744,3.052090987258004,2.040405735878588,1.051170021199124,3.340826082137525,0.2784639466161298,2.4022789706794696,1.0970785854528589
31.010073540357908,-134.3218565315378,1148.4896841268792,-32.59546787684985,-124.88415056670476,1297.5539209951776,1957.0044342496108,-101.00754831223264
-0.0018621352014335,0.0025399640555269,3541.413060779701,29792.762776517848,16587.186249631817,27766.37890149869,25447.04658978233,-832.2876513978848
-0.0023759498685013,-0.0005437774511615,136.2250066016336,2022.5983318854828,-1249.7359053670436,202.0207331840246,906.1227685909756,0.0019558045539364
-0.0008079202889323,0.0008004752254752,-357.74670984231994,4169.036827954517,1880.1960472220608,-444.6459788354268,579.2315931518592,0.002427370023934
24.259195773778263,35.186455171226626,23.007791107429327,28.03491745875271,27.717974517379545,27.25907731543817,28.181512004668484,18.22118368267651
14.27616382920533,58.83881471739952,75.90666135435082,72.12524011488597,55.127791454702304,49.79512641743199,87.56886546551041,88.3832673420859
327.7713100603436,563.7178497869746,480.2962450905075,723.4715229348462,500.51822582755,458.6403383302154,376.6983648522535,577.72628274699
0.3605944831361161,1.1041748691949074,-0.5723746787045279,1.6610742540820682,4.468525229603021,0.4769974507189951,3.863815301131144,1.4895365289484856
-159.72213802342873,-815.0704191573979,657.2482589223516,426.5319333068733,750.6147317527009,-290.7729275162628,161.7084736586662,-404.85265277946695
-0.0011034219167411,-0.0003900785142309,4573.389979025085,17345.19120936569,23135.914135404262,14093.773895755265,11941.763953591906,993.1829779362632
-0.00210982300365,6.225253220313472e-05,821.0759742044879,-1436.4046550150451,822.1811345020803,4251.020314290652,106.97029506598928,0.0017724135465565
0.0026312843769648,-0.000739295638176,-662.381062139961,-285.7207289944719,1791.8923728807408,-2345.237738947145,-462.1392454536178,-0.000598048256613
28.35317990116689,33.7602100069378,38.1467436461433,29.089172037276228,28.84277781984128,27.34224052438518,16.126884504942648,19.41465065322832
58.54185132994439,85.60051755545625,16.146543143184317,56.61700959888848,33.807326315234874,72.1154249126075,64.10732345572549,93.46814838222949
1376.2855781515295,571.0227246357807,587.723699872539,411.19881199287386,580.1890707848999,591.7126804646101,517.931647135217,566.1714734089268
0.7875974156477705,3.846263460137155,-0.6380405730365764,1.3184322110139306,1.822996706650943,2.771970358574598,0.1607014511746081,1.0179271525145333
287.23331467942296,246.5045239437534,-202.19200417028435,-557.2930148955528,-97.93553050331514,1358.2498212481546,1015.4132394409664,35.17142436433846
-0.0017686993836257,-0.0015522241436697,7408.727746846681,19896.923433503373,22440.47808235955,14553.809213667364,-4102.666015143694,704.1839557379435
-0.0011190707769574,0.0011748176008454,895.6416098964669,-1048.3890392658225,-1542.432032103598,-1782.2543594074907,-3.7831921673512494,0.0015883407083408
0.0022222982887878,-0.000394085782995,1833.182403975072,4281.449976315655,2112.3117565708767,1075.617197137933,-0.0001679970562204,-0.0014258589160448
20.724725385753025,26.96238053416061,23.733511519118203,27.065000663485552,31.81021308284228,34.00980624579674,23.2956180489921,27.1927967892804
11.147859393472878,12.55559232464686,47.54429716476883,70.12672059011018,77.05987626315914,46.91252539191554,29.10228999817568,50.53483732603827
429.3622881498767,615.0267691873006,416.55966855823954,616.8703899405634,513.1369273738043,401.6611239474937,520.0914751950936,402.8471217205556
0.9065000509060744,3.052090987258004,2.040405735878588,1.051170021199124,3.340826082137525,0.2784639466161298,2.4022789706794696,1.0970785854528589
31.010073540357908,-134.3218565315378,1148.4896841268792,-32.59546787684985,-124.88415056670476,1297.5539209951776,1957.0044342496108,-101.00754831223264
-0.0018621352014335,0.0025399640555269,3541.413060779701,29792.762776517848,16587.186249631817,27766.37890149869,25447.04658978233,-832.2876513978848
-0.0023759498685013,-0.0005437774511615,136.2250066016336,2022.5983318854828,-1249.7359053670436,202.0207331840246,906.1227685909756,0.0019558045539364
-0.0008079202889323,0.0008004752254752,-357.74670984231994,4169.036827954517,1880.1960472220608,-444.6459788354268,579.2315931518592,0.002427370023934
24.259195773778263,35.186455171226626,23.007791107429327,28.03491745875271,27.717974517379545,27.25907731543817,28.181512004668484,18.22118368267651
14.27616382920533,58.83881471739952,75.90666135435082,72.12524011488597,55.127791454702304,49.79512641743199,87.56886546551041,88.3832673420859
327.7713100603436,563.7178497869746,480.2962450905075,723.4715229348462,500.51822582755,458.6403383302154,376.6983648522535,577.72628274699
0.3605944831361161,1.1041748691949074,-0.5723746787045279,1.6610742540820682,4.468525229603021,0.4769974507189951,3.863815301131144,1.4895365289484856
-159.72213802342873,-815.0704191573979,657.2482589223516,426.5319333068733,750.6147317527009,-290.7729275162628,161.7084736586662,-404.85265277946695
-0.0011034219167411,-0.0003900785142309,4573.389979025085,17345.19120936569,23135.914135404262,14093.773895755265,11941.763953591906,993.1829779362632
-0.00210982300365,6.225253220313472e-05,821.0759742044879,-1436.4046550150451,822.1811345020803,4251.020314290652,106.97029506598928,0.0017724135465565
0.0026312843769648,-0.000739295638176,-662.381062139961,-285.7207289944719,1791.8923728807408,-2345.237738947145,-462.1392454536178,-0.000598048256613
28.35317990116689,33.7602100069378,38.1467436461433,29.089172037276228,28.84277781984128,27.34224052438518,16.126884504942648,19.41465065322832
58.54185132994439,85.60051755545625,16.146543143184317,56.61700959888848,33.807326315234874,72.1154249126075,64.10732345572549,93.46814838222949
1376.2855781515295,571.0227246357807,587.723699872539,411.19881199287386,580.1890707848999,591.7126804646101,517.931647135217,566.1714734089268
0.7875974156477705,3.846263460137155,-0.6380405730365764,1.3184322110139306,1.822996706650943,2.771970358574598,0.1607014511746081,1.0179271525145333
287.23331467942296,246.5045239437534,-202.19200417028435,-557.2930148955528,-97.93553050331514,1358.2498212481546,1015.4132394409664,35.17142436433846
-0.0017686993836257,-0.0015522241436697,7408.727746846681,19896.923433503373,22440.47808235955,14553.809213667364,-4102.666015143694,704.1839557379435
-0.0011190707769574,0.0011748176008454,895.6416098964669,-1048.3890392658225,-1542.432032103598,-1782.2543594074907,-3.7831921673512494,0.0015883407083408
0.0022222982887878,-0.000394085782995,1833.182403975072,4281.449976315655,2112.3117565708767,1075.617197137933,-0.0001679970562204,-0.0014258589160448
20.724725385753025,26.96238053416061,23.733511519118203,27.065000663485552,31.81021308284228,34.00980624579674,23.2956180489921,27.1927967892804
11.147859393472878,12.55559232464686,47.54429716476883,70.12672059011018,77.05987626315914,46.91252539191554,29.10228999817568,50.53483732603827
429.3622881498767,615.0267691873006,416.55966855823954,616.8703899405634,513.1369273738043,401.6611239474937,520.0914751950936,402.8471217205556
0.9065000509060744,3.052090987258004,2.040405735878588,1.051170021199124,3.340826082137525,0.2784639466161298,2.4022789706794696,1.0970785854528589
31.010073540357908,-134.3218565315378,1148.4896841268792,-32.59546787684985,-124.88415056670476,1297.5539209951776,1957.0044342496108,-101.00754831223264
-0.0018621352014335,0.0025399640555269,3541.413060779701,29792.762776517848,16587.186249631817,27766.37890149869,25447.04658978233,-832.2876513978848
-0.0023759498685013,-0.0005437774511615,136.2250066016336,2022.5983318854828,-1249.7359053670436,202.0207331840246,906.1227685909756,0.0019558045539364
-0.0008079202889323,0.0008004752254752,-357.74670984231994,4169.036827954517,1880.1960472220608,-444.6459788354268,579.2315931518592,0.002427370023934
24.259195773778263,35.186455171226626,23.007791107429327,28.03491745875271,27.717974517379545,27.25907731543817,28.181512004668484,18.22118368267651
14.27616382920533,58.83881471739952,75.90666135435082,72.12524011488597,55.127791454702304,49.79512641743199,87.56886546551041,88.3832673420859
327.7713100603436,563.7178497869746,480.2962450905075,723.4715229348462,500.51822582755,458.6403383302154,376.6983648522535,577.72628274699
0.3605944831361161,1.1041748691949074,-0.5723746787045279,1.6610742540820682,4.468525229603021,0.4769974507189951,3.863815301131144,1.4895365289484856
-159.72213802342873,-815.0704191573979,657.2482589223516,426.5319333068733,750.6147317527009,-290.7729275162628,161.7084736586662,-404.85265277946695
-0.0011034219167411,-0.0003900785142309,4573.389979025085,17345.19120936569,23135.914135404262,14093.773895755265,11941.763953591906,993.1829779362632
-0.00210982300365,6.225253220313472e-05,821.0759742044879,-1436.4046550150451,822.1811345020803,4251.020314290652,106.97029506598928,0.0017724135465565
0.0026312843769648,-0.000739295638176,-662.381062139961,-285.7207289944719,1791.8923728807408,-2345.237738947145,-462.1392454536178,-0.000598048256613
28.35317990116689,33.7602100069378,38.1467436461433,29.089172037276228,28.84277781984128,27.34224052438518,16.126884504942648,19.41465065322832
58.54185132994439,85.60051755545625,16.146543143184317,56.61700959888848,33.807326315234874,72.1154249126075,64.10732345572549,93.46814838222949
1376.2855781515295,571.0227246357807,587.723699872539,411.19881199287386,580.1890707848999,591.7126804646101,517.931647135217,566.1714734089268
0.7875974156477705,3.846263460137155,-0.6380405730365764,1.3184322110139306,1.822996706650943,2.771970358574598,0.1607014511746081,1.0179271525145333
287.23331467942296,246.5045239437534,-202.19200417028435,-557.2930148955528,-97.93553050331514,1358.2498212481546,1015.4132394409664,35.17142436433846
-0.0017686993836257,-0.0015522241436697,7408.727746846681,19896.923433503373,22440.47808235955,14553.809213667364,-4102.666015143694,704.1839557379435
-0.0011190707769574,0.0011748176008454,895.6416098964669,-1048.3890392658225,-1542.432032103598,-1782.2543594074907,-3.7831921673512494,0.0015883407083408
0.0022222982887878,-0.000394085782995,1833.182403975072,4281.449976315655,2112.3117565708767,1075.617197137933,-0.0001679970562204,-0.0014258589160448
20.724725385753025,26.96238053416061,23.733511519118203,27.065000663485552,31.81021308284228,34.00980624579674,23.2956180489921,27.1927967892804
11.147859393472878,12.55559232464686,47.54429716476883,70.12672059011018,77.05987626315914,46.91252539191554,29.10228999817568,50.53483732603827
429.3622881498767,615.0267691873006,416.55966855823954,616.8703899405634,513.1369273738043,401.6611239474937,520.0914751950936,402.8471217205556
0.9065000509060744,3.052090987258004,2.040405735878588,1.051170021199124,3.340826082137525,0.2784639466161298,2.4022789706794696,1.0970785854528589
31.010073540357908,-134.3218565315378,1148.4896841268792,-32.59546787684985,-124.88415056670476,1297.5539209951776,1957.0044342496108,-101.00754831223264
-0.0018621352014335,0.0025399640555269,3541.413060779701,29792.762776517848,16587.186249631817,27766.37890149869,25447.04658978233,-832.2876513978848
-0.0023759498685013,-0.0005437774511615,136.2250066016336,2022.5983318854828,-1249.7359053670436,202.0207331840246,906.1227685909756,0.0019558045539364
-0.0008079202889323,0.0008004752254752,-357.74670984231994,4169.036827954517,1880.1960472220608,-444.6459788354268,579.2315931518592,0.002427370023934
24.259195773778263,35.186455171226626,23.007791107429327,28.03491745875271,27.717974517379545,27.25907731543817,28.181512004668484,18.22118368267651
14.27616382920533,58.83881471739952,75.90666135435082,72.12524011488597,55.127791454702304,49.79512641743199,87.56886546551041,88.3832673420859
327.7713100603436,563.7178497869746,480.2962450905075,723.4715229348462,500.51822582755,458.6403383302154,376.6983648522535,577.72628274699
0.3605944831361161,1.1041748691949074,-0.5723746787045279,1.6610742540820682,4.468525229603021,0.4769974507189951,3.863815301131144,1.4895365289484856
-159.72213802342873,-815.0704191573979,657.2482589223516,426.5319333068733,750.6147317527009,-290.7729275162628,161.7084736586662,-404.85265277946695
-0.0011034219167411,-0.0003900785142309,4573.389979025085,17345.19120936569,23135.914135404262,14093.773895755265,11941.763953591906,993.1829779362632
-0.00210982300365,6.225253220313472e-05,821.0759742044879,-1436.4046550150451,822.1811345020803,4251.020314290652,106.97029506598928,0.0017724135465565
0.0026312843769648,-0.000739295638176,-662.381062139961,-285.7207289944719,1791.8923728807408,-2345.237738947145,-462.1392454536178,-0.000598048256613
28.35317990116689,33.7602100069378,38.1467436461433,29.089172037276228,28.84277781984128,27.34224052438518,16.126884504942648,19.41465065322832
58.54185132994439,85.60051755545625,16.146543143184317,56.61700959888848,33.807326315234874,72.1154249126075,64.10732345572549,93.46814838222949
1376.2855781515295,571.0227246357807,587.723699872539,411.19881199287386,580.1890707848999,591.7126804646101,517.931647135217,566.1714734089268
0.7875974156477705,3.846263460137155,-0.6380405730365764,1.3184322110139306,1.822996706650943,2.771970358574598,0.1607014511746081,1.0179271525145333
287.23331467942296,246.5045239437534,-202.19200417028435,-557.2930148955528,-97.93553050331514,1358.2498212481546,1015.4132394409664,35.17142436433846
-0.0017686993836257,-0.0015522241436697,7408.727746846681,19896.923433503373,22440.47808235955,14553.809213667364,-4102.666015143694,704.1839557379435
-0.0011190707769574,0.0011748176008454,895.6416098964669,-1048.3890392658225,-1542.432032103598,-1782.2543594074907,-3.7831921673512494,0.0015883407083408
0.0022222982887878,-0.000394085782995,1833.182403975072,4281.449976315655,2112.3117565708767,1075.617197137933,-0.0001679970562204,-0.0014258589160448
20.724725385753025,26.96238053416061,23.733511519118203,27.065000663485552,31.81021308284228,34.00980624579674,23.2956180489921,27.1927967892804
11.147859393472878,12.55559232464686,47.54429716476883,70.12672059011018,77.05987626315914,46.91252539191554,29.10228999817568,50.53483732603827
429.3622881498767,615.0267691873006,416.55966855823954,616.8703899405634,513.1369273738043,401.6611239474937,520.0914751950936,402.8471217205556
0.9065000509060744,3.052090987258004,2.040405735878588,1.051170021199124,3.340826082137525,0.2784639466161298,2.4022789706794696,1.0970785854528589
31.010073540357908,-134.3218565315378,1148.4896841268792,-32.59546787684985,-124.88415056670476,1297.5539209951776,1957.0044342496108,-101.00754831223264
-0.0018621352014335,0.0025399640555269,3541.413060779701,29792.762776517848,16587.186249631817,27766.37890149869,25447.04658978233,-832.2876513978848
-0.0023759498685013,-0.0005437774511615,136.2250066016336,2022.5983318854828,-1249.7359053670436,202.0207331840246,906.1227685909756,0.0019558045539364
-0.0008079202889323,0.0008004752254752,-357.74670984231994,4169.036827954517,1880.1960472220608,-444.6459788354268,579.2315931518592,0.002427370023934
24.259195773778263,35.186455171226626,23.007791107429327,28.03491745875271,27.717974517379545,27.25907731543817,28.181512004668484,18.22118368267651
14.27616382920533,58.83881471739952,75.90666135435082,72.12524011488597,55.127791454702304,49.79512641743199,87.56886546551041,88.3832673420859
327.7713100603436,563.7178497869746,480.2962450905075,723.4715229348462,500.51822582755,458.6403383302154,376.6983648522535,577.72628274699
0.3605944831361161,1.1041748691949074,-0.5723746787045279,1.6610742540820682,4.468525229603021,0.4769974507189951,3.863815301131144,1.4895365289484856
-159.72213802342873,-815.0704191573979,657.2482589223516,426.5319333068733,750.6147317527009,-290.7729275162628,161.7084736586662,-404.85265277946695
-0.0011034219167411,-0.0003900785142309,4573.389979025085,17345.19120936569,23135.914135404262,14093.773895755265,11941.763953591906,993.1829779362632
-0.00210982300365,6.225253220313472e-05,821.0759742044879,-1436.4046550150451,822.1811345020803,4251.020314290652,106.97029506598928,0.0017724135465565
0.0026312843769648,-0.000739295638176,-662.381062139961,-285.7207289944719,1791.8923728807408,-2345.237738947145,-462.1392454536178,-0.000598048256613
28.35317990116689,33.7602100069378,38.1467436461433,29.089172037276228,28.84277781984128,27.34224052438518,16.126884504942648,19.41465065322832
58.54185132994439,85.60051755545625,16.146543143184317,56.61700959888848,33.807326315234874,72.1154249126075,64.10732345572549,93.46814838222949
1376.2855781515295,571.0227246357807,587.723699872539,411.19881199287386,580.1890707848999,591.7126804646101,517.931647135217,566.1714734089268
0.7875974156477705,3.846263460137155,-0.6380405730365764,1.3184322110139306,1.822996706650943,2.771970358574598,0.1607014511746081,1.0179271525145333
287.23331467942296,246.5045239437534,-202.19200417028435,-557.2930148955528,-97.93553050331514,1358.2498212481546,1015.4132394409664,35.17142436433846
-0.0017686993836257,-0.0015522241436697,7408.727746846681,19896.923433503373,22440.47808235955,14553.809213667364,-4102.666015143694,704.1839557379435
-0.0011190707769574,0.0011748176008454,895.6416098964669,-1048.3890392658225,-1542.432032103598,-1782.2543594074907,-3.7831921673512494,0.0015883407083408
0.0022222982887878,-0.000394085782995,1833.182403975072,4281.449976315655,2112.3117565708767,1075.617197137933,-0.0001679970562204,-0.0014258589160448
20.724725385753025,26.96238053416061,23.733511519118203,27.065000663485552,31.81021308284228,34.00980624579674,23.2956180489921,27.1927967892804
11.147859393472878,12.55559232464686,47.54429716476883,70.12672059011018,77.05987626315914,46.91252539191554,29.10228999817568,50.53483732603827
429.3622881498767,615.0267691873006,416.55966855823954,616.8703899405634,513.1369273738043,401.6611239474937,520.0914751950936,402.8471217205556
0.9065000509060744,3.052090987258004,2.040405735878588,1.051170021199124,3.340826082137525,0.2784639466161298,2.4022789706794696,1.0970785854528589
31.010073540357908,-134.3218565315378,1148.4896841268792,-32.59546787684985,-124.88415056670476,1297.5539209951776,1957.0044342496108,-101.00754831223264
-0.0018621352014335,0.0025399640555269,3541.413060779701,29792.762776517848,16587.186249631817,27766.37890149869,25447.04658978233,-832.2876513978848
-0.0023759498685013,-0.0005437774511615,136.2250066016336,2022.5983318854828,-1249.7359053670436,202.0207331840246,906.1227685909756,0.0019558045539364
-0.0008079202889323,0.0008004752254752,-357.74670984231994,4169.036827954517,1880.1960472220608,-444.6459788354268,579.2315931518592,0.002427370023934
24.259195773778263,35.186455171226626,23.007791107429327,28.03491745875271,27.717974517379545,27.25907731543817,28.181512004668484,18.22118368267651
14.27616382920533,58.83881471739952,75.90666135435082,72.12524011488597,55.127791454702304,49.79512641743199,87.56886546551041,88.3832673420859
327.7713100603436,563.7178497869746,480.2962450905075,723.4715229348462,500.51822582755,458.6403383302154,376.6983648522535,577.72628274699
0.3605944831361161,1.1041748691949074,-0.5723746787045279,1.6610742540820682,4.468525229603021,0.4769974507189951,3.863815301131144,1.4895365289484856
-159.72213802342873,-815.0704191573979,657.2482589223516,426.5319333068733,750.6147317527009,-290.7729275162628,161.7084736586662,-404.85265277946695
-0.0011034219167411,-0.0003900785142309,4573.389979025085,17345.19120936569,23135.914135404262,14093.773895755265,11941.763953591906,993.1829779362632
-0.00210982300365,6.225253220313472e-05,821.0759742044879,-1436.4046550150451,822.1811345020803,4251.020314290652,106.97029506598928,0.0017724135465565
0.0026312843769648,-0.000739295638176,-662.381062139961,-285.7207289944719,1791.8923728807408,-2345.237738947145,-462.1392454536178,-0.000598048256613
28.35317990116689,33.7602100069378,38.1467436461433,29.089172037276228,28.84277781984128,27.34224052438518,16.126884504942648,19.41465065322832
58.54185132994439,85.60051755545625,16.146543143184317,56.61700959888848,33.807326315234874,72.1154249126075,64.10732345572549,93.46814838222949
1376.2855781515295,571.0227246357807,587.723699872539,411.19881199287386,580.1890707848999,591.7126804646101,517.931647135217,566.1714734089268
0.7875974156477705,3.846263460137155,-0.6380405730365764,1.3184322110139306,1.822996706650943,2.771970358574598,0.1607014511746081,1.0179271525145333
287.23331467942296,246.5045239437534,-202.19200417028435,-557.2930148955528,-97.93553050331514,1358.2498212481546,1015.4132394409664,35.17142436433846
-0.0017686993836257,-0.0015522241436697,7408.727746846681,19896.923433503373,22440.47808235955,14553.809213667364,-4102.666015143694,704.1839557379435
-0.0011190707769574,0.0011748176008454,895.6416098964669,-1048.3890392658225,-1542.432032103598,-1782.2543594074907,-3.7831921673512494,0.0015883407083408
0.0022222982887878,-0.000394085782995,1833.182403975072,4281.449976315655,2112.3117565708767,1075.617197137933,-0.0001679970562204,-0.0014258589160448
20.724725385753025,26.96238053416061,23.733511519118203,27.065000663485552,31.81021308284228,34.00980624579674,23.2956180489921,27.1927967892804
11.147859393472878,12.55559232464686,47.54429716476883,70.12672059011018,77.05987626315914,46.91252539191554,29.10228999817568,50.53483732603827
429.3622881498767,615.0267691873006,416.55966855823954,616.8703899405634,513.1369273738043,401.6611239474937,520.0914751950936,402.8471217205556
0.9065000509060744,3.052090987258004,2.040405735878588,1.051170021199124,3.340826082137525,0.2784639466161298,2.4022789706794696,1.0970785854528589
31.010073540357908,-134.3218565315378,1148.4896841268792,-32.59546787684985,-124.88415056670476,1297.5539209951776,1957.0044342496108,-101.00754831223264
-0.0018621352014335,0.0025399640555269,3541.413060779701,29792.762776517848,16587.186249631817,27766.37890149869,25447.04658978233,-832.2876513978848
-0.0023759498685013,-0.0005437774511615,136.2250066016336,2022.5983318854828,-1249.7359053670436,202.0207331840246,906.1227685909756,0.0019558045539364
-0.0008079202889323,0.0008004752254752,-357.74670984231994,4169.036827954517,1880.1960472220608,-444.6459788354268,579.2315931518592,0.002427370023934
24.259195773778263,35.186455171226626,23.007791107429327,28.03491745875271,27.717974517379545,27.25907731543817,28.181512004668484,18.22118368267651
14.27616382920533,58.83881471739952,75.90666135435082,72.12524011488597,55.127791454702304,49.79512641743199,87.56886546551041,88.3832673420859
327.7713100603436,563.7178497869746,480.2962450905075,723.4715229348462,500.51822582755,458.6403383302154,376.6983648522535,577.72628274699
0.3605944831361161,1.1041748691949074,-0.5723746787045279,1.6610742540820682,4.468525229603021,0.4769974507189951,3.863815301131144,1.4895365289484856
-159.72213802342873,-815.0704191573979,657.2482589223516,426.5319333068733,750.6147317527009,-290.7729275162628,161.7084736586662,-404.85265277946695
-0.0011034219167411,-0.0003900785142309,4573.389979025085,17345.19120936569,23135.914135404262,14093.773895755265,11941.763953591906,993.1829779362632
-0.00210982300365,6.225253220313472e-05,821.0759742044879,-1436.4046550150451,822.1811345020803,4251.020314290652,106.97029506598928,0.0017724135465565
0.0026312843769648,-0.000739295638176,-662.381062139961,-285.7207289944719,1791.8923728807408,-2345.237738947145,-462.1392454536178,-0.000598048256613
28.35317990116689,33.7602100069378,38.1467436461433,29.089172037276228,28.84277781984128,27.34224052438518,16.126884504942648,19.41465065322832
58.54185132994439,85.60051755545625,16.146543143184317,56.61700959888848,33.807326315234874,72.1154249126075,64.10732345572549,93.46814838222949
1376.2855781515295,571.0227246357807,587.723699872539,411.19881199287386,580.1890707848999,591.7126804646101,517.931647135217,566.1714734089268
0.7875974156477705,3.846263460137155,-0.6380405730365764,1.3184322110139306,1.822996706650943,2.771970358574598,0.1607014511746081,1.0179271525145333
287.23331467942296,246.5045239437534,-202.19200417028435,-557.2930148955528,-97.93553050331514,1358.2498212481546,1015.4132394409664,35.17142436433846
-0.0017686993836257,-0.0015522241436697,7408.727746846681,19896.923433503373,22440.47808235955,14553.809213667364,-4102.666015143694,704.1839557379435
-0.0011190707769574,0.0011748176008454,895.6416098964669,-1048.3890392658225,-1542.432032103598,-1782.2543594074907,-3.7831921673512494,0.0015883407083408
0.0022222982887878,-0.000394085782995,1833.182403975072,4281.449976315655,2112.3117565708767,1075.617197137933,-0.0001679970562204,-0.0014258589160448
20.724725385753025,26.96238053416061,23.733511519118203,27.065000663485552,31.81021308284228,34.00980624579674,23.2956180489921,27.1927967892804
11.147859393472878,12.55559232464686,47.54429716476883,70.12672059011018,77.05987626315914,46.91252539191554,29.10228999817568,50.53483732603827
429.3622881498767,615.0267691873006,416.55966855823954,616.8703899405634,513.1369273738043,401.6611239474937,520.0914751950936,402.8471217205556
0.9065000509060744,3.052090987258004,2.040405735878588,1.051170021199124,3.340826082137525,0.2784639466161298,2.4022789706794696,1.0970785854528589
31.010073540357908,-134.3218565315378,1148.4896841268792,-32.59546787684985,-124.88415056670476,1297.5539209951776,1957.0044342496108,-101.00754831223264
-0.0018621352014335,0.0025399640555269,3541.413060779701,29792.762776517848,16587.186249631817,27766.37890149869,25447.04658978233,-832.2876513978848
-0.0023759498685013,-0.0005437774511615,136.2250066016336,2022.5983318854828,-1249.7359053670436,202.0207331840246,906.1227685909756,0.0019558045539364
-0.0008079202889323,0.0008004752254752,-357.74670984231994,4169.036827954517,1880.1960472220608,-444.6459788354268,579.2315931518592,0.002427370023934
24.259195773778263,35.186455171226626,23.007791107429327,28.03491745875271,27.717974517379545,27.25907731543817,28.181512004668484,18.22118368267651
14.27616382920533,58.83881471739952,75.90666135435082,72.12524011488597,55.127791454702304,49.79512641743199,87.56886546551041,88.3832673420859
327.7713100603436,563.7178497869746,480.2962450905075,723.4715229348462,500.51822582755,458.6403383302154,376.6983648522535,577.72628274699
0.3605944831361161,1.1041748691949074,-0.5723746787045279,1.6610742540820682,4.468525229603021,0.4769974507189951,3.863815301131144,1.4895365289484856
-159.72213802342873,-815.0704191573979,657.2482589223516,426.5319333068733,750.6147317527009,-290.7729275162628,161.7084736586662,-404.85265277946695
-0.0011034219167411,-0.0003900785142309,4573.389979025085,17345.19120936569,23135.914135404262,14093.773895755265,11941.763953591906,993.1829779362632
-0.00210982300365,6.225253220313472e-05,821.0759742044879,-1436.4046550150451,822.1811345020803,4251.020314290652,106.97029506598928,0.0017724135465565
0.0026312843769648,-0.000739295638176,-662.381062139961,-285.7207289944719,1791.8923728807408,-2345.237738947145,-462.1392454536178,-0.000598048256613
28.35317990116689,33.7602100069378,38.1467436461433,29.089172037276228,28.84277781984128,27.34224052438518,16.126884504942648,19.41465065322832
58.54185132994439,85.60051755545625,16.146543143184317,56.61700959888848,33.807326315234874,72.1154249126075,64.10732345572549,93.46814838222949
1376.2855781515295,571.0227246357807,587.723699872539,411.19881199287386,580.1890707848999,591.7126804646101,517.931647135217,566.1714734089268
0.7875974156477705,3.846263460137155,-0.6380405730365764,1.3184322110139306,1.822996706650943,2.771970358574598,0.1607014511746081,1.0179271525145333
287.23331467942296,246.5045239437534,-202.19200417028435,-557.2930148955528,-97.93553050331514,1358.2498212481546,1015.4132394409664,35.17142436433846
-0.0017686993836257,-0.0015522241436697,7408.727746846681,19896.923433503373,22440.47808235955,14553.809213667364,-4102.666015143694,704.1839557379435
-0.0011190707769574,0.0011748176008454,895.6416098964669,-1048.3890392658225,-1542.432032103598,-1782.2543594074907,-3.7831921673512494,0.0015883407083408
0.0022222982887878,-0.000394085782995,1833.182403975072,4281.449976315655,2112.3117565708767,1075.617197137933,-0.0001679970562204,-0.0014258589160448
20.724725385753025,26.96238053416061,23.733511519118203,27.065000663485552,31.81021308284228,34.00980624579674,23.2956180489921,27.1927967892804
11.147859393472878,12.55559232464686,47.54429716476883,70.12672059011018,77.05987626315914,46.91252539191554,29.10228999817568,50.53483732603827
429.3622881498767,615.0267691873006,416.55966855823954,616.8703899405634,513.1369273738043,401.6611239474937,520.0914751950936,402.8471217205556
0.9065000509060744,3.052090987258004,2.040405735878588,1.051170021199124,3.340826082137525,0.2784639466161298,2.4022789706794696,1.0970785854528589
31.010073540357908,-134.3218565315378,1148.4896841268792,-32.59546787684985,-124.88415056670476,1297.5539209951776,1957.0044342496108,-101.00754831223264
-0.0018621352014335,0.0025399640555269,3541.413060779701,29792.762776517848,16587.186249631817,27766.37890149869,25447.04658978233,-832.2876513978848
-0.0023759498685013,-0.0005437774511615,136.2250066016336,2022.5983318854828,-1249.7359053670436,202.0207331840246,906.1227685909756,0.0019558045539364
-0.0008079202889323,0.0008004752254752,-357.74670984231994,4169.036827954517,1880.1960472220608,-444.6459788354268,579.2315931518592,0.002427370023934
24.259195773778263,35.186455171226626,23.007791107429327,28.03491745875271,27.717974517379545,27.25907731543817,28.181512004668484,18.22118368267651
14.27616382920533,58.83881471739952,75.90666135435082,72.12524011488597,55.127791454702304,49.79512641743199,87.56886546551041,88.3832673420859
327.7713100603436,563.7178497869746,480.2962450905075,723.4715229348462,500.51822582755,458.6403383302154,376.6983648522535,577.72628274699
0.3605944831361161,1.1041748691949074,-0.5723746787045279,1.6610742540820682,4.468525229603021,0.4769974507189951,3.863815301131144,1.4895365289484856
-159.72213802342873,-815.0704191573979,657.2482589223516,426.5319333068733,750.6147317527009,-290.7729275162628,161.7084736586662,-404.85265277946695
-0.0011034219167411,-0.0003900785142309,4573.389979025085,17345.19120936569,23135.914135404262,14093.773895755265,11941.763953591906,993.1829779362632
-0.00210982300365,6.225253220313472e-05,821.0759742044879,-1436.4046550150451,822.1811345020803,4251.020314290652,106.97029506598928,0.0017724135465565
0.0026312843769648,-0.000739295638176,-662.381062139961,-285.7207289944719,1791.8923728807408,-2345.237738947145,-462.1392454536178,-0.000598048256613
28.35317990116689,33.7602100069378,38.1467436461433,29.089172037276228,28.84277781984128,27.34224052438518,16.126884504942648,19.41465065322832
58.54185132994439,85.60051755545625,16.146543143184317,56.61700959888848,33.807326315234874,72.1154249126075,64.10732345572549,93.46814838222949
1376.2855781515295,571.0227246357807,587.723699872539,411.19881199287386,580.1890707848999,591.7126804646101,517.931647135217,566.1714734089268
0.7875974156477705,3.846263460137155,-0.6380405730365764,1.3184322110139306,1.822996706650943,2.771970358574598,0.1607014511746081,1.0179271525145333
287.23331467942296,246.5045239437534,-202.19200417028435,-557.2930148955528,-97.93553050331514,1358.2498212481546,1015.4132394409664,35.17142436433846
-0.0017686993836257,-0.0015522241436697,7408.727746846681,19896.923433503373,22440.47808235955,14553.809213667364,-4102.666015143694,704.1839557379435
-0.0011190707769574,0.0011748176008454,895.6416098964669,-1048.3890392658225,-1542.432032103598,-1782.2543594074907,-3.7831921673512494,0.0015883407083408
0.0022222982887878,-0.000394085782995,1833.182403975072,4281.449976315655,2112.3117565708767,1075.617197137933,-0.0001679970562204,-0.0014258589160448
20.724725385753025,26.96238053416061,23.733511519118203,27.065000663485552,31.81021308284228,34.00980624579674,23.2956180489921,27.1927967892804
11.147859393472878,12.55559232464686,47.54429716476883,70.12672059011018,77.05987626315914,46.91252539191554,29.10228999817568,50.53483732603827
429.3622881498767,615.0267691873006,416.55966855823954,616.8703899405634,513.1369273738043,401.6611239474937,520.0914751950936,402.8471217205556
0.9065000509060744,3.052090987258004,2.040405735878588,1.051170021199124,3.340826082137525,0.2784639466161298,2.4022789706794696,1.0970785854528589
31.010073540357908,-134.3218565315378,1148.4896841268792,-32.59546787684985,-124.88415056670476,1297.5539209951776,1957.0044342496108,-101.00754831223264
-0.0018621352014335,0.0025399640555269,3541.413060779701,29792.762776517848,16587.186249631817,27766.37890149869,25447.04658978233,-832.2876513978848
-0.0023759498685013,-0.0005437774511615,136.2250066016336,2022.5983318854828,-1249.7359053670436,202.0207331840246,906.1227685909756,0.0019558045539364
-0.0008079202889323,0.0008004752254752,-357.74670984231994,4169.036827954517,1880.1960472220608,-444.6459788354268,579.2315931518592,0.002427370023934
24.259195773778263,35.186455171226626,23.007791107429327,28.03491745875271,27.717974517379545,27.25907731543817,28.181512004668484,18.22118368267651
14.27616382920533,58.83881471739952,75.90666135435082,72.12524011488597,55.127791454702304,49.79512641743199,87.56886546551041,88.3832673420859
327.7713100603436,563.7178497869746,480.2962450905075,723.4715229348462,500.51822582755,458.6403383302154,376.6983648522535,577.72628274699
0.3605944831361161,1.1041748691949074,-0.5723746787045279,1.6610742540820682,4.468525229603021,0.4769974507189951,3.863815301131144,1.4895365289484856
-159.72213802342873,-815.0704191573979,657.2482589223516,426.5319333068733,750.6147317527009,-290.7729275162628,161.7084736586662,-404.85265277946695
-0.0011034219167411,-0.0003900785142309,4573.389979025085,17345.19120936569,23135.914135404262,14093.773895755265,11941.763953591906,993.1829779362632
-0.00210982300365,6.225253220313472e-05,821.0759742044879,-1436.4046550150451,822.1811345020803,4251.020314290652,106.97029506598928,0.0017724135465565
0.0026312843769648,-0.000739295638176,-662.381062139961,-285.7207289944719,1791.8923728807408,-2345.237738947145,-462.1392454536178,-0.000598048256613
28.35317990116689,33.7602100069378,38.1467436461433,29.089172037276228,28.84277781984128,27.34224052438518,16.126884504942648,19.41465065322832
58.54185132994439,85.60051755545625,16.146543143184317,56.61700959888848,33.807326315234874,72.1154249126075,64.10732345572549,93.46814838222949
1376.2855781515295,571.0227246357807,587.723699872539,411.19881199287386,580.1890707848999,591.7126804646101,517.931647135217,566.1714734089268
0.7875974156477705,3.846263460137155,-0.6380405730365764,1.3184322110139306,1.822996706650943,2.771970358574598,0.1607014511746081,1.0179271525145333
287.23331467942296,246.5045239437534,-202.19200417028435,-557.2930148955528,-97.93553050331514,1358.2498212481546,1015.4132394409664,35.17142436433846
-0.0017686993836257,-0.0015522241436697,7408.727746846681,19896.923433503373,22440.47808235955,14553.809213667364,-4102.666015143694,704.1839557379435
-0.0011190707769574,0.0011748176008454,895.6416098964669,-1048.3890392658225,-1542.432032103598,-1782.2543594074907,-3.7831921673512494,0.0015883407083408
0.0022222982887878,-0.000394085782995,1833.182403975072,4281.449976315655,2112.3117565708767,1075.617197137933,-0.0001679970562204,-0.0014258589160448
20.724725385753025,26.96238053416061,23.733511519118203,27.065000663485552,31.81021308284228,34.00980624579674,23.2956180489921,27.1927967892804
11.147859393472878,12.55559232464686,47.54429716476883,70.12672059011018,77.05987626315914,46.91252539191554,29.10228999817568,50.53483732603827
429.3622881498767,615.0267691873006,416.55966855823954,616.8703899405634,513.1369273738043,401.6611239474937,520.0914751950936,402.8471217205556
0.9065000509060744,3.052090987258004,2.040405735878588,1.051170021199124,3.340826082137525,0.2784639466161298,2.4022789706794696,1.0970785854528589
31.010073540357908,-134.3218565315378,1148.4896841268792,-32.59546787684985,-124.88415056670476,1297.5539209951776,1957.0044342496108,-101.00754831223264
-0.0018621352014335,0.0025399640555269,3541.413060779701,29792.762776517848,16587.186249631817,27766.37890149869,25447.04658978233,-832.2876513978848
-0.0023759498685013,-0.0005437774511615,136.2250066016336,2022.5983318854828,-1249.7359053670436,202.0207331840246,906.1227685909756,0.0019558045539364
-0.0008079202889323,0.0008004752254752,-357.74670984231994,4169.036827954517,1880.1960472220608,-444.6459788354268,579.2315931518592,0.002427370023934
24.259195773778263,35.186455171226626,23.007791107429327,28.03491745875271,27.717974517379545,27.25907731543817,28.181512004668484,18.22118368267651
14.27616382920533,58.83881471739952,75.90666135435082,72.12524011488597,55.127791454702304,49.79512641743199,87.56886546551041,88.3832673420859
327.7713100603436,563.7178497869746,480.2962450905075,723.4715229348462,500.51822582755,458.6403383302154,376.6983648522535,577.72628274699
0.3605944831361161,1.1041748691949074,-0.5723746787045279,1.6610742540820682,4.468525229603021,0.4769974507189951,3.863815301131144,1.4895365289484856
-159.72213802342873,-815.0704191573979,657.2482589223516,426.5319333068733,750.6147317527009,-290.7729275162628,161.7084736586662,-404.85265277946695
-0.0011034219167411,-0.0003900785142309,4573.389979025085,17345.19120936569,23135.914135404262,14093.773895755265,11941.763953591906,993.1829779362632
-0.00210982300365,6.225253220313472e-05,821.0759742044879,-1436.4046550150451,822.1811345020803,4251.020314290652,106.97029506598928,0.0017724135465565
0.0026312843769648,-0.000739295638176,-662.381062139961,-285.7207289944719,1791.8923728807408,-2345.237738947145,-462.1392454536178,-0.000598048256613
28.35317990116689,33.7602100069378,38.1467436461433,29.089172037276228,28.84277781984128,27.34224052438518,16.126884504942648,19.41465065322832
58.54185132994439,85.60051755545625,16.146543143184317,56.61700959888848,33.807326315234874,72.1154249126075,64.10732345572549,93.46814838222949
1376.2855781515295,571.0227246357807,587.723699872539,411.19881199287386,580.1890707848999,591.7126804646101,517.931647135217,566.1714734089268
0.7875974156477705,3.846263460137155,-0.6380405730365764,1.3184322110139306,1.822996706650943,2.771970358574598,0.1607014511746081,1.0179271525145333
287.23331467942296,246.5045239437534,-202.19200417028435,-557.2930148955528,-97.93553050331514,1358.2498212481546,1015.4132394409664,35.17142436433846
-0.0017686993836257,-0.0015522241436697,7408.727746846681,19896.923433503373,22440.47808235955,14553.809213667364,-4102.666015143694,704.1839557379435
-0.0011190707769574,0.0011748176008454,895.6416098964669,-1048.3890392658225,-1542.432032103598,-1782.2543594074907,-3.7831921673512494,0.0015883407083408
0.0022222982887878,-0.000394085782995,1833.182403975072,4281.449976315655,2112.3117565708767,1075.617197137933,-0.0001679970562204,-0.0014258589160448
20.724725385753025,26.96238053416061,23.733511519118203,27.065000663485552,31.81021308284228,34.00980624579674,23.2956180489921,27.1927967892804
11.147859393472878,12.55559232464686,47.54429716476883,70.12672059011018,77.05987626315914,46.91252539191554,29.10228999817568,50.53483732603827
429.3622881498767,615.0267691873006,416.55966855823954,616.8703899405634,513.1369273738043,401.6611239474937,520.0914751950936,402.8471217205556
0.9065000509060744,3.052090987258004,2.040405735878588,1.051170021199124,3.340826082137525,0.2784639466161298,2.4022789706794696,1.0970785854528589
31.010073540357908,-134.3218565315378,1148.4896841268792,-32.59546787684985,-124.88415056670476,1297.5539209951776,1957.0044342496108,-101.00754831223264
-0.0018621352014335,0.0025399640555269,3541.413060779701,29792.762776517848,16587.186249631817,27766.37890149869,25447.04658978233,-832.2876513978848
-0.0023759498685013,-0.0005437774511615,136.2250066016336,2022.5983318854828,-1249.7359053670436,202.0207331840246,906.1227685909756,0.0019558045539364
-0.0008079202889323,0.0008004752254752,-357.74670984231994,4169.036827954517,1880.1960472220608,-444.6459788354268,579.2315931518592,0.002427370023934
24.259195773778263,35.186455171226626,23.007791107429327,28.03491745875271,27.717974517379545,27.25907731543817,28.181512004668484,18.22118368267651
14.27616382920533,58.83881471739952,75.90666135435082,72.12524011488597,55.127791454702304,49.79512641743199,87.56886546551041,88.3832673420859
327.7713100603436,563.7178497869746,480.2962450905075,723.4715229348462,500.51822582755,458.6403383302154,376.6983648522535,577.72628274699
0.3605944831361161,1.1041748691949074,-0.5723746787045279,1.6610742540820682,4.468525229603021,0.4769974507189951,3.863815301131144,1.4895365289484856
-159.72213802342873,-815.0704191573979,657.2482589223516,426.5319333068733,750.6147317527009,-290.7729275162628,161.7084736586662,-404.85265277946695
-0.0011034219167411,-0.0003900785142309,4573.389979025085,17345.19120936569,23135.914135404262,14093.773895755265,11941.763953591906,993.1829779362632
-0.00210982300365,6.225253220313472e-05,821.0759742044879,-1436.4046550150451,822.1811345020803,4251.020314290652,106.97029506598928,0.0017724135465565
0.0026312843769648,-0.000739295638176,-662.381062139961,-285.7207289944719,1791.8923728807408,-2345.237738947145,-462.1392454536178,-0.000598048256613
28.35317990116689,33.7602100069378,38.1467436461433,29.089172037276228,28.84277781984128,27.34224052438518,16.126884504942648,19.41465065322832
58.54185132994439,85.60051755545625,16.146543143184317,56.61700959888848,33.807326315234874,72.1154249126075,64.10732345572549,93.46814838222949
1376.2855781515295,571.0227246357807,587.723699872539,411.19881199287386,580.1890707848999,591.7126804646101,517.931647135217,566.1714734089268
0.7875974156477705,3.846263460137155,-0.6380405730365764,1.3184322110139306,1.822996706650943,2.771970358574598,0.1607014511746081,1.0179271525145333
287.23331467942296,246.5045239437534,-202.19200417028435,-557.2930148955528,-97.93553050331514,1358.2498212481546,1015.4132394409664,35.17142436433846
-0.0017686993836257,-0.0015522241436697,7408.727746846681,19896.923433503373,22440.47808235955,14553.809213667364,-4102.666015143694,704.1839557379435
-0.0011190707769574,0.0011748176008454,895.6416098964669,-1048.3890392658225,-1542.432032103598,-1782.2543594074907,-3.7831921673512494,0.0015883407083408
0.0022222982887878,-0.000394085782995,1833.182403975072,4281.449976315655,2112.3117565708767,1075.617197137933,-0.0001679970562204,-0.0014258589160448
20.724725385753025,26.96238053416061,23.733511519118203,27.065000663485552,31.81021308284228,34.00980624579674,23.2956180489921,27.1927967892804
11.147859393472878,12.55559232464686,47.54429716476883,70.12672059011018,77.05987626315914,46.91252539191554,29.10228999817568,50.53483732603827
429.3622881498767,615.0267691873006,416.55966855823954,616.8703899405634,513.1369273738043,401.6611239474937,520.0914751950936,402.8471217205556
0.9065000509060744,3.052090987258004,2.040405735878588,1.051170021199124,3.340826082137525,0.2784639466161298,2.4022789706794696,1.0970785854528589
31.010073540357908,-134.3218565315378,1148.4896841268792,-32.59546787684985,-124.88415056670476,1297.5539209951776,1957.0044342496108,-101.00754831223264
-0.0018621352014335,0.0025399640555269,3541.413060779701,29792.762776517848,16587.186249631817,27766.37890149869,25447.04658978233,-832.2876513978848
-0.0023759498685013,-0.0005437774511615,136.2250066016336,2022.5983318854828,-1249.7359053670436,202.0207331840246,906.1227685909756,0.0019558045539364
-0.0008079202889323,0.0008004752254752,-357.74670984231994,4169.036827954517,1880.1960472220608,-444.6459788354268,579.2315931518592,0.002427370023934
24.259195773778263,35.186455171226626,23.007791107429327,28.03491745875271,27.717974517379545,27.25907731543817,28.181512004668484,18.22118368267651
14.27616382920533,58.83881471739952,75.90666135435082,72.12524011488597,55.127791454702304,49.79512641743199,87.56886546551041,88.3832673420859
327.7713100603436,563.7178497869746,480.2962450905075,723.4715229348462,500.51822582755,458.6403383302154,376.6983648522535,577.72628274699
0.3605944831361161,1.1041748691949074,-0.5723746787045279,1.6610742540820682,4.468525229603021,0.4769974507189951,3.863815301131144,1.4895365289484856
-159.72213802342873,-815.0704191573979,657.2482589223516,426.5319333068733,750.6147317527009,-290.7729275162628,161.7084736586662,-404.85265277946695
-0.0011034219167411,-0.0003900785142309,4573.389979025085,17345.19120936569,23135.914135404262,14093.773895755265,11941.763953591906,993.1829779362632
-0.00210982300365,6.225253220313472e-05,821.0759742044879,-1436.4046550150451,822.1811345020803,4251.020314290652,106.97029506598928,0.0017724135465565
0.0026312843769648,-0.000739295638176,-662.381062139961,-285.7207289944719,1791.8923728807408,-2345.237738947145,-462.1392454536178,-0.000598048256613
28.35317990116689,33.7602100069378,38.1467436461433,29.089172037276228,28.84277781984128,27.34224052438518,16.126884504942648,19.41465065322832
58.54185132994439,85.60051755545625,16.146543143184317,56.61700959888848,33.807326315234874,72.1154249126075,64.10732345572549,93.46814838222949
1376.2855781515295,571.0227246357807,587.723699872539,411.19881199287386,580.1890707848999,591.7126804646101,517.931647135217,566.1714734089268
0.7875974156477705,3.846263460137155,-0.6380405730365764,1.3184322110139306,1.822996706650943,2.771970358574598,0.1607014511746081,1.0179271525145333
287.23331467942296,246.5045239437534,-202.19200417028435,-557.2930148955528,-97.93553050331514,1358.2498212481546,1015.4132394409664,35.17142436433846
-0.0017686993836257,-0.0015522241436697,7408.727746846681,19896.923433503373,22440.47808235955,14553.809213667364,-4102.666015143694,704.1839557379435
-0.0011190707769574,0.0011748176008454,895.6416098964669,-1048.3890392658225,-1542.432032103598,-1782.2543594074907,-3.7831921673512494,0.0015883407083408
0.0022222982887878,-0.000394085782995,1833.182403975072,4281.449976315655,2112.3117565708767,1075.617197137933,-0.0001679970562204,-0.0014258589160448
20.724725385753025,26.96238053416061,23.733511519118203,27.065000663485552,31.81021308284228,34.00980624579674,23.2956180489921,27.1927967892804
11.147859393472878,12.55559232464686,47.54429716476883,70.12672059011018,77.05987626315914,46.91252539191554,29.10228999817568,50.53483732603827
429.3622881498767,615.0267691873006,416.55966855823954,616.8703899405634,513.1369273738043,401.6611239474937,520.0914751950936,402.8471217205556
0.9065000509060744,3.052090987258004,2.040405735878588,1.051170021199124,3.340826082137525,0.2784639466161298,2.4022789706794696,1.0970785854528589
31.010073540357908,-134.3218565315378,1148.4896841268792,-32.59546787684985,-124.88415056670476,1297.5539209951776,1957.0044342496108,-101.00754831223264
-0.0018621352014335,0.0025399640555269,3541.413060779701,29792.762776517848,16587.186249631817,27766.37890149869,25447.04658978233,-832.2876513978848
-0.0023759498685013,-0.0005437774511615,136.2250066016336,2022.5983318854828,-1249.7359053670436,202.0207331840246,906.1227685909756,0.0019558045539364
-0.0008079202889323,0.0008004752254752,-357.74670984231994,4169.036827954517,1880.1960472220608,-444.6459788354268,579.2315931518592,0.002427370023934
24.259195773778263,35.186455171226626,23.007791107429327,28.03491745875271,27.717974517379545,27.25907731543817,28.181512004668484,18.22118368267651
14.27616382920533,58.83881471739952,75.90666135435082,72.12524011488597,55.127791454702304,49.79512641743199,87.56886546551041,88.3832673420859
327.7713100603436,563.7178497869746,480.2962450905075,723.4715229348462,500.51822582755,458.6403383302154,376.6983648522535,577.72628274699
0.3605944831361161,1.1041748691949074,-0.5723746787045279,1.6610742540820682,4.468525229603021,0.4769974507189951,3.863815301131144,1.4895365289484856
-159.72213802342873,-815.0704191573979,657.2482589223516,426.5319333068733,750.6147317527009,-290.7729275162628,161.7084736586662,-404.85265277946695
-0.0011034219167411,-0.0003900785142309,4573.389979025085,17345.19120936569,23135.914135404262,14093.773895755265,11941.763953591906,993.1829779362632
-0.00210982300365,6.225253220313472e-05,821.0759742044879,-1436.4046550150451,822.1811345020803,4251.020314290652,106.97029506598928,0.0017724135465565
0.0026312843769648,-0.000739295638176,-662.381062139961,-285.7207289944719,1791.8923728807408,-2345.237738947145,-462.1392454536178,-0.000598048256613
28.35317990116689,33.7602100069378,38.1467436461433,29.089172037276228,28.84277781984128,27.34224052438518,16.126884504942648,19.41465065322832
58.54185132994439,85.60051755545625,16.146543143184317,56.61700959888848,33.807326315234874,72.1154249126075,64.10732345572549,93.46814838222949
1376.2855781515295,571.0227246357807,587.723699872539,411.19881199287386,580.1890707848999,591.7126804646101,517.931647135217,566.1714734089268
0.7875974156477705,3.846263460137155,-0.6380405730365764,1.3184322110139306,1.822996706650943,2.771970358574598,0.1607014511746081,1.0179271525145333
287.23331467942296,246.5045239437534,-202.19200417028435,-557.2930148955528,-97.93553050331514,1358.2498212481546,1015.4132394409664,35.17142436433846
-0.0017686993836257,-0.0015522241436697,7408.727746846681,19896.923433503373,22440.47808235955,14553.809213667364,-4102.666015143694,704.1839557379435
-0.0011190707769574,0.0011748176008454,895.6416098964669,-1048.3890392658225,-1542.432032103598,-1782.2543594074907,-3.7831921673512494,0.0015883407083408
0.0022222982887878,-0.000394085782995,1833.182403975072,4281.449976315655,2112.3117565708767,1075.617197137933,-0.0001679970562204,-0.0014258589160448
20.724725385753025,26.96238053416061,23.733511519118203,27.065000663485552,31.81021308284228,34.00980624579674,23.2956180489921,27.1927967892804
11.147859393472878,12.55559232464686,47.54429716476883,70.12672059011018,77.05987626315914,46.91252539191554,29.10228999817568,50.53483732603827
429.3622881498767,615.0267691873006,416.55966855823954,616.8703899405634,513.1369273738043,401.6611239474937,520.0914751950936,402.8471217205556
0.9065000509060744,3.052090987258004,2.040405735878588,1.051170021199124,3.340826082137525,0.2784639466161298,2.4022789706794696,1.0970785854528589
31.010073540357908,-134.3218565315378,1148.4896841268792,-32.59546787684985,-124.88415056670476,1297.5539209951776,1957.0044342496108,-101.00754831223264
-0.0018621352014335,0.0025399640555269,3541.413060779701,29792.762776517848,16587.186249631817,27766.37890149869,25447.04658978233,-832.2876513978848
-0.0023759498685013,-0.0005437774511615,136.2250066016336,2022.5983318854828,-1249.7359053670436,202.0207331840246,906.1227685909756,0.0019558045539364
-0.0008079202889323,0.0008004752254752,-357.74670984231994,4169.036827954517,1880.1960472220608,-444.6459788354268,579.2315931518592,0.002427370023934
24.259195773778263,35.186455171226626,23.007791107429327,28.03491745875271,27.717974517379545,27.25907731543817,28.181512004668484,18.22118368267651
14.27616382920533,58.83881471739952,75.90666135435082,72.12524011488597,55.127791454702304,49.79512641743199,87.56886546551041,88.3832673420859
327.7713100603436,563.7178497869746,480.2962450905075,723.4715229348462,500.51822582755,458.6403383302154,376.6983648522535,577.72628274699
0.3605944831361161,1.1041748691949074,-0.5723746787045279,1.6610742540820682,4.468525229603021,0.4769974507189951,3.863815301131144,1.4895365289484856
-159.72213802342873,-815.0704191573979,657.2482589223516,426.5319333068733,750.6147317527009,-290.7729275162628,161.7084736586662,-404.85265277946695
-0.0011034219167411,-0.0003900785142309,4573.389979025085,17345.19120936569,23135.914135404262,14093.773895755265,11941.763953591906,993.1829779362632
-0.00210982300365,6.225253220313472e-05,821.0759742044879,-1436.4046550150451,822.1811345020803,4251.020314290652,106.97029506598928,0.0017724135465565
0.0026312843769648,-0.000739295638176,-662.381062139961,-285.7207289944719,1791.8923728807408,-2345.237738947145,-462.1392454536178,-0.000598048256613
28.35317990116689,33.7602100069378,38.1467436461433,29.089172037276228,28.84277781984128,27.34224052438518,16.126884504942648,19.41465065322832
58.54185132994439,85.60051755545625,16.146543143184317,56.61700959888848,33.807326315234874,72.1154249126075,64.10732345572549,93.46814838222949
1376.2855781515295,571.0227246357807,587.723699872539,411.19881199287386,580.1890707848999,591.7126804646101,517.931647135217,566.1714734089268
0.7875974156477705,3.846263460137155,-0.6380405730365764,1.3184322110139306,1.822996706650943,2.771970358574598,0.1607014511746081,1.0179271525145333
287.23331467942296,246.5045239437534,-202.19200417028435,-557.2930148955528,-97.93553050331514,1358.2498212481546,1015.4132394409664,35.17142436433846
-0.0017686993836257,-0.0015522241436697,7408.727746846681,19896.923433503373,22440.47808235955,14553.809213667364,-4102.666015143694,704.1839557379435
-0.0011190707769574,0.0011748176008454,895.6416098964669,-1048.3890392658225,-1542.432032103598,-1782.2543594074907,-3.7831921673512494,0.0015883407083408
0.0022222982887878,-0.000394085782995,1833.182403975072,4281.449976315655,2112.3117565708767,1075.617197137933,-0.0001679970562204,-0.0014258589160448
20.724725385753025,26.96238053416061,23.733511519118203,27.065000663485552,31.81021308284228,34.00980624579674,23.2956180489921,27.1927967892804
11.147859393472878,12.55559232464686,47.54429716476883,70.12672059011018,77.05987626315914,46.91252539191554,29.10228999817568,50.53483732603827
429.3622881498767,615.0267691873006,416.55966855823954,616.8703899405634,513.1369273738043,401.6611239474937,520.0914751950936,402.8471217205556
0.9065000509060744,3.052090987258004,2.040405735878588,1.051170021199124,3.340826082137525,0.2784639466161298,2.4022789706794696,1.0970785854528589
31.010073540357908,-134.3218565315378,1148.4896841268792,-32.59546787684985,-124.88415056670476,1297.5539209951776,1957.0044342496108,-101.00754831223264
-0.0018621352014335,0.0025399640555269,3541.413060779701,29792.762776517848,16587.186249631817,27766.37890149869,25447.04658978233,-832.2876513978848
-0.0023759498685013,-0.0005437774511615,136.2250066016336,2022.5983318854828,-1249.7359053670436,202.0207331840246,906.1227685909756,0.0019558045539364
-0.0008079202889323,0.0008004752254752,-357.74670984231994,4169.036827954517,1880.1960472220608,-444.6459788354268,579.2315931518592,0.002427370023934
24.259195773778263,35.186455171226626,23.007791107429327,28.03491745875271,27.717974517379545,27.25907731543817,28.181512004668484,18.22118368267651
14.27616382920533,58.83881471739952,75.90666135435082,72.12524011488597,55.127791454702304,49.79512641743199,87.56886546551041,88.3832673420859
327.7713100603436,563.7178497869746,480.2962450905075,723.4715229348462,500.51822582755,458.6403383302154,376.6983648522535,577.72628274699
0.3605944831361161,1.1041748691949074,-0.5723746787045279,1.6610742540820682,4.468525229603021,0.4769974507189951,3.863815301131144,1.4895365289484856
-159.72213802342873,-815.0704191573979,657.2482589223516,426.5319333068733,750.6147317527009,-290.7729275162628,161.7084736586662,-404.85265277946695
-0.0011034219167411,-0.0003900785142309,4573.389979025085,17345.19120936569,23135.914135404262,14093.773895755265,11941.763953591906,993.1829779362632
-0.00210982300365,6.225253220313472e-05,821.0759742044879,-1436.4046550150451,822.1811345020803,4251.020314290652,106.97029506598928,0.0017724135465565
0.0026312843769648,-0.000739295638176,-662.381062139961,-285.7207289944719,1791.8923728807408,-2345.237738947145,-462.1392454536178,-0.000598048256613
28.35317990116689,33.7602100069378,38.1467436461433,29.089172037276228,28.84277781984128,27.34224052438518,16.126884504942648,19.41465065322832
58.54185132994439,85.60051755545625,16.146543143184317,56.61700959888848,33.807326315234874,72.1154249126075,64.10732345572549,93.46814838222949
1376.2855781515295,571.0227246357807,587.723699872539,411.19881199287386,580.1890707848999,591.7126804646101,517.931647135217,566.1714734089268
0.7875974156477705,3.846263460137155,-0.6380405730365764,1.3184322110139306,1.822996706650943,2.771970358574598,0.1607014511746081,1.0179271525145333
287.23331467942296,246.5045239437534,-202.19200417028435,-557.2930148955528,-97.93553050331514,1358.2498212481546,1015.4132394409664,35.17142436433846
-0.0017686993836257,-0.0015522241436697,7408.727746846681,19896.923433503373,22440.47808235955,14553.809213667364,-4102.666015143694,704.1839557379435
-0.0011190707769574,0.0011748176008454,895.6416098964669,-1048.3890392658225,-1542.432032103598,-1782.2543594074907,-3.7831921673512494,0.0015883407083408
0.0022222982887878,-0.000394085782995,1833.182403975072,4281.449976315655,2112.3117565708767,1075.617197137933,-0.0001679970562204,-0.0014258589160448
20.724725385753025,26.96238053416061,23.733511519118203,27.065000663485552,31.81021308284228,34.00980624579674,23.2956180489921,27.1927967892804
11.147859393472878,12.55559232464686,47.54429716476883,70.12672059011018,77.05987626315914,46.91252539191554,29.10228999817568,50.53483732603827
429.3622881498767,615.0267691873006,416.55966855823954,616.8703899405634,513.1369273738043,401.6611239474937,520.0914751950936,402.8471217205556
0.9065000509060744,3.052090987258004,2.040405735878588,1.051170021199124,3.340826082137525,0.2784639466161298,2.4022789706794696,1.0970785854528589
31.010073540357908,-134.3218565315378,1148.4896841268792,-32.59546787684985,-124.88415056670476,1297.5539209951776,1957.0044342496108,-101.00754831223264
-0.0018621352014335,0.0025399640555269,3541.413060779701,29792.762776517848,16587.186249631817,27766.37890149869,25447.04658978233,-832.2876513978848
-0.0023759498685013,-0.0005437774511615,136.2250066016336,2022.5983318854828,-1249.7359053670436,202.0207331840246,906.1227685909756,0.0019558045539364
-0.0008079202889323,0.0008004752254752,-357.74670984231994,4169.036827954517,1880.1960472220608,-444.6459788354268,579.2315931518592,0.002427370023934
24.259195773778263,35.186455171226626,23.007791107429327,28.03491745875271,27.717974517379545,27.25907731543817,28.181512004668484,18.22118368267651
14.27616382920533,58.83881471739952,75.90666135435082,72.12524011488597,55.127791454702304,49.79512641743199,87.56886546551041,88.3832673420859
327.7713100603436,563.7178497869746,480.2962450905075,723.4715229348462,500.51822582755,458.6403383302154,376.6983648522535,577.72628274699
0.3605944831361161,1.1041748691949074,-0.5723746787045279,1.6610742540820682,4.468525229603021,0.4769974507189951,3.863815301131144,1.4895365289484856
-159.72213802342873,-815.0704191573979,657.2482589223516,426.5319333068733,750.6147317527009,-290.7729275162628,161.7084736586662,-404.85265277946695
-0.0011034219167411,-0.0003900785142309,4573.389979025085,17345.19120936569,23135.914135404262,14093.773895755265,11941.763953591906,993.1829779362632
-0.00210982300365,6.225253220313472e-05,821.0759742044879,-1436.4046550150451,822.1811345020803,4251.020314290652,106.97029506598928,0.0017724135465565
0.0026312843769648,-0.000739295638176,-662.381062139961,-285.7207289944719,1791.8923728807408,-2345.237738947145,-462.1392454536178,-0.000598048256613
28.35317990116689,33.7602100069378,38.1467436461433,29.089172037276228,28.84277781984128,27.34224052438518,16.126884504942648,19.41465065322832
58.54185132994439,85.60051755545625,16.146543143184317,56.61700959888848,33.807326315234874,72.1154249126075,64.10732345572549,93.46814838222949
1376.2855781515295,571.0227246357807,587.723699872539,411.19881199287386,580.1890707848999,591.7126804646101,517.931647135217,566.1714734089268
0.7875974156477705,3.846263460137155,-0.6380405730365764,1.3184322110139306,1.822996706650943,2.771970358574598,0.1607014511746081,1.0179271525145333
287.23331467942296,246.5045239437534,-202.19200417028435,-557.2930148955528,-97.93553050331514,1358.2498212481546,1015.4132394409664,35.17142436433846
-0.0017686993836257,-0.0015522241436697,7408.727746846681,19896.923433503373,22440.47808235955,14553.809213667364,-4102.666015143694,704.1839557379435
-0.0011190707769574,0.0011748176008454,895.6416098964669,-1048.3890392658225,-1542.432032103598,-1782.2543594074907,-3.7831921673512494,0.0015883407083408
0.0022222982887878,-0.000394085782995,1833.182403975072,4281.449976315655,2112.3117565708767,1075.617197137933,-0.0001679970562204,-0.0014258589160448
20.724725385753025,26.96238053416061,23.733511519118203,27.065000663485552,31.81021308284228,34.00980624579674,23.2956180489921,27.1927967892804
11.147859393472878,12.55559232464686,47.54429716476883,70.12672059011018,77.05987626315914,46.91252539191554,29.10228999817568,50.53483732603827
429.3622881498767,615.0267691873006,416.55966855823954,616.8703899405634,513.1369273738043,401.6611239474937,520.0914751950936,402.8471217205556
0.9065000509060744,3.052090987258004,2.040405735878588,1.051170021199124,3.340826082137525,0.2784639466161298,2.4022789706794696,1.0970785854528589
31.010073540357908,-134.3218565315378,1148.4896841268792,-32.59546787684985,-124.88415056670476,1297.5539209951776,1957.0044342496108,-101.00754831223264
-0.0018621352014335,0.0025399640555269,3541.413060779701,29792.762776517848,16587.186249631817,27766.37890149869,25447.04658978233,-832.2876513978848
-0.0023759498685013,-0.0005437774511615,136.2250066016336,2022.5983318854828,-1249.7359053670436,202.0207331840246,906.1227685909756,0.0019558045539364
-0.0008079202889323,0.0008004752254752,-357.74670984231994,4169.036827954517,1880.1960472220608,-444.6459788354268,579.2315931518592,0.002427370023934
24.259195773778263,35.186455171226626,23.007791107429327,28.03491745875271,27.717974517379545,27.25907731543817,28.181512004668484,18.22118368267651
14.27616382920533,58.83881471739952,75.90666135435082,72.12524011488597,55.127791454702304,49.79512641743199,87.56886546551041,88.3832673420859
327.7713100603436,563.7178497869746,480.2962450905075,723.4715229348462,500.51822582755,458.6403383302154,376.6983648522535,577.72628274699
0.3605944831361161,1.1041748691949074,-0.5723746787045279,1.6610742540820682,4.468525229603021,0.4769974507189951,3.863815301131144,1.4895365289484856
-159.72213802342873,-815.0704191573979,657.2482589223516,426.5319333068733,750.6147317527009,-290.7729275162628,161.7084736586662,-404.85265277946695
-0.0011034219167411,-0.0003900785142309,4573.389979025085,17345.19120936569,23135.914135404262,14093.773895755265,11941.763953591906,993.1829779362632
-0.00210982300365,6.225253220313472e-05,821.0759742044879,-1436.4046550150451,822.1811345020803,4251.020314290652,106.97029506598928,0.0017724135465565
0.0026312843769648,-0.000739295638176,-662.381062139961,-285.7207289944719,1791.8923728807408,-2345.237738947145,-462.1392454536178,-0.000598048256613
28.35317990116689,33.7602100069378,38.1467436461433,29.089172037276228,28.84277781984128,27.34224052438518,16.126884504942648,19.41465065322832
58.54185132994439,85.60051755545625,16.146543143184317,56.61700959888848,33.807326315234874,72.1154249126075,64.10732345572549,93.46814838222949
1376.2855781515295,571.0227246357807,587.723699872539,411.19881199287386,580.1890707848999,591.7126804646101,517.931647135217,566.1714734089268
0.7875974156477705,3.846263460137155,-0.6380405730365764,1.3184322110139306,1.822996706650943,2.771970358574598,0.1607014511746081,1.0179271525145333
287.23331467942296,246.5045239437534,-202.19200417028435,-557.2930148955528,-97.93553050331514,1358.2498212481546,1015.4132394409664,35.17142436433846
-0.0017686993836257,-0.0015522241436697,7408.727746846681,19896.923433503373,22440.47808235955,14553.809213667364,-4102.666015143694,704.1839557379435
-0.0011190707769574,0.0011748176008454,895.6416098964669,-1048.3890392658225,-1542.432032103598,-1782.2543594074907,-3.7831921673512494,0.0015883407083408
0.0022222982887878,-0.000394085782995,1833.182403975072,4281.449976315655,2112.3117565708767,1075.617197137933,-0.0001679970562204,-0.0014258589160448
20.724725385753025,26.96238053416061,23.733511519118203,27.065000663485552,31.81021308284228,34.00980624579674,23.2956180489921,27.1927967892804
11.147859393472878,12.55559232464686,47.54429716476883,70.12672059011018,77.05987626315914,46.91252539191554,29.10228999817568,50.53483732603827
429.3622881498767,615.0267691873006,416.55966855823954,616.8703899405634,513.1369273738043,401.6611239474937,520.0914751950936,402.8471217205556
0.9065000509060744,3.052090987258004,2.040405735878588,1.051170021199124,3.340826082137525,0.2784639466161298,2.4022789706794696,1.0970785854528589
31.010073540357908,-134.3218565315378,1148.4896841268792,-32.59546787684985,-124.88415056670476,1297.5539209951776,1957.0044342496108,-101.00754831223264
-0.0018621352014335,0.0025399640555269,3541.413060779701,29792.762776517848,16587.186249631817,27766.37890149869,25447.04658978233,-832.2876513978848
-0.0023759498685013,-0.0005437774511615,136.2250066016336,2022.5983318854828,-1249.7359053670436,202.0207331840246,906.1227685909756,0.0019558045539364
-0.0008079202889323,0.0008004752254752,-357.74670984231994,4169.036827954517,1880.1960472220608,-444.6459788354268,579.2315931518592,0.002427370023934
24.259195773778263,35.186455171226626,23.007791107429327,28.03491745875271,27.717974517379545,27.25907731543817,28.181512004668484,18.22118368267651
14.27616382920533,58.83881471739952,75.90666135435082,72.12524011488597,55.127791454702304,49.79512641743199,87.56886546551041,88.3832673420859
327.7713100603436,563.7178497869746,480.2962450905075,723.4715229348462,500.51822582755,458.6403383302154,376.6983648522535,577.72628274699
0.3605944831361161,1.1041748691949074,-0.5723746787045279,1.6610742540820682,4.468525229603021,0.4769974507189951,3.863815301131144,1.4895365289484856
-159.72213802342873,-815.0704191573979,657.2482589223516,426.5319333068733,750.6147317527009,-290.7729275162628,161.7084736586662,-404.85265277946695
-0.0011034219167411,-0.0003900785142309,4573.389979025085,17345.19120936569,23135.914135404262,14093.773895755265,11941.763953591906,993.1829779362632
-0.00210982300365,6.225253220313472e-05,821.0759742044879,-1436.4046550150451,822.1811345020803,4251.020314290652,106.97029506598928,0.0017724135465565
0.0026312843769648,-0.000739295638176,-662.381062139961,-285.7207289944719,1791.8923728807408,-2345.237738947145,-462.1392454536178,-0.000598048256613
28.35317990116689,33.7602100069378,38.1467436461433,29.089172037276228,28.84277781984128,27.34224052438518,16.126884504942648,19.41465065322832
58.54185132994439,85.60051755545625,16.146543143184317,56.61700959888848,33.807326315234874,72.1154249126075,64.10732345572549,93.46814838222949
1376.2855781515295,571.0227246357807,587.723699872539,411.19881199287386,580.1890707848999,591.7126804646101,517.931647135217,566.1714734089268
0.7875974156477705,3.846263460137155,-0.6380405730365764,1.3184322110139306,1.822996706650943,2.771970358574598,0.1607014511746081,1.0179271525145333
287.23331467942296,246.5045239437534,-202.19200417028435,-557.2930148955528,-97.93553050331514,1358.2498212481546,1015.4132394409664,35.17142436433846
-0.0017686993836257,-0.0015522241436697,7408.727746846681,19896.923433503373,22440.47808235955,14553.809213667364,-4102.666015143694,704.1839557379435
-0.0011190707769574,0.0011748176008454,895.6416098964669,-1048.3890392658225,-1542.432032103598,-1782.2543594074907,-3.7831921673512494,0.0015883407083408
0.0022222982887878,-0.000394085782995,1833.182403975072,4281.449976315655,2112.3117565708767,1075.617197137933,-0.0001679970562204,-0.0014258589160448
20.724725385753025,26.96238053416061,23.733511519118203,27.065000663485552,31.81021308284228,34.00980624579674,23.2956180489921,27.1927967892804
11.147859393472878,12.55559232464686,47.54429716476883,70.12672059011018,77.05987626315914,46.91252539191554,29.10228999817568,50.53483732603827
429.3622881498767,615.0267691873006,416.55966855823954,616.8703899405634,513.1369273738043,401.6611239474937,520.0914751950936,402.8471217205556
0.9065000509060744,3.052090987258004,2.040405735878588,1.051170021199124,3.340826082137525,0.2784639466161298,2.4022789706794696,1.0970785854528589
31.010073540357908,-134.3218565315378,1148.4896841268792,-32.59546787684985,-124.88415056670476,1297.5539209951776,1957.0044342496108,-101.00754831223264
-0.0018621352014335,0.0025399640555269,3541.413060779701,29792.762776517848,16587.186249631817,27766.37890149869,25447.04658978233,-832.2876513978848
-0.0023759498685013,-0.0005437774511615,136.2250066016336,2022.5983318854828,-1249.7359053670436,202.0207331840246,906.1227685909756,0.0019558045539364
-0.0008079202889323,0.0008004752254752,-357.74670984231994,4169.036827954517,1880.1960472220608,-444.6459788354268,579.2315931518592,0.002427370023934
24.259195773778263,35.186455171226626,23.007791107429327,28.03491745875271,27.717974517379545,27.25907731543817,28.181512004668484,18.22118368267651
14.27616382920533,58.83881471739952,75.90666135435082,72.12524011488597,55.127791454702304,49.79512641743199,87.56886546551041,88.3832673420859
327.7713100603436,563.7178497869746,480.2962450905075,723.4715229348462,500.51822582755,458.6403383302154,376.6983648522535,577.72628274699
0.3605944831361161,1.1041748691949074,-0.5723746787045279,1.6610742540820682,4.468525229603021,0.4769974507189951,3.863815301131144,1.4895365289484856
-159.72213802342873,-815.0704191573979,657.2482589223516,426.5319333068733,750.6147317527009,-290.7729275162628,161.7084736586662,-404.85265277946695
-0.0011034219167411,-0.0003900785142309,4573.389979025085,17345.19120936569,23135.914135404262,14093.773895755265,11941.763953591906,993.1829779362632
-0.00210982300365,6.225253220313472e-05,821.0759742044879,-1436.4046550150451,822.1811345020803,4251.020314290652,106.97029506598928,0.0017724135465565
0.0026312843769648,-0.000739295638176,-662.381062139961,-285.7207289944719,1791.8923728807408,-2345.237738947145,-462.1392454536178,-0.000598048256613
28.35317990116689,33.7602100069378,38.1467436461433,29.089172037276228,28.84277781984128,27.34224052438518,16.126884504942648,19.41465065322832
58.54185132994439,85.60051755545625,16.146543143184317,56.61700959888848,33.807326315234874,72.1154249126075,64.10732345572549,93.46814838222949
1376.2855781515295,571.0227246357807,587.723699872539,411.19881199287386,580.1890707848999,591.7126804646101,517.931647135217,566.1714734089268
0.7875974156477705,3.846263460137155,-0.6380405730365764,1.3184322110139306,1.822996706650943,2.771970358574598,0.1607014511746081,1.0179271525145333
287.23331467942296,246.5045239437534,-202.19200417028435,-557.2930148955528,-97.93553050331514,1358.2498212481546,1015.4132394409664,35.17142436433846
-0.0017686993836257,-0.0015522241436697,7408.727746846681,19896.923433503373,22440.47808235955,14553.809213667364,-4102.666015143694,704.1839557379435
-0.0011190707769574,0.0011748176008454,895.6416098964669,-1048.3890392658225,-1542.432032103598,-1782.2543594074907,-3.7831921673512494,0.0015883407083408
0.0022222982887878,-0.000394085782995,1833.182403975072,4281.449976315655,2112.3117565708767,1075.617197137933,-0.0001679970562204,-0.0014258589160448
