내부온도관측치,내부습도관측치,co2관측치,ec관측치,시간당분무량,시간당백색광량,시간당적색광량,시간당청색광량
16.585922420043207,25.034173365244143,15.171073544940825,35.63648704039636,28.61859863367182,35.32786187512967,39.129381252814206,17.22865128266193
68.92534493233833,79.70067343166201,42.1488425427124,93.1448375784942,15.178342004089778,19.42221036326542,36.94105162573668,94.55631322044968
1138.3493475968182,608.1324663906937,580.5487202023851,626.7008638325356,651.7276469990993,409.66558364395325,528.284312984397,359.08083256713684
1.9942528812629163,1.331340209154658,-1.0642204882471558,-0.11410844562897,2.4452198057102903,-0.1630780056796712,3.2981035540817745,0.079948012928763
-21.79049339429256,43.88291927673311,1824.1540024949943,-244.1919294002465,1378.9108514603145,1253.02587881084,1117.4739659327442,-263.941537318728
0.0009727508295636,0.0003202277497801,7970.721908750104,17947.20467400858,12142.411123732414,16940.616144476073,23687.445584598987,-2894.656582041565
-0.002561065639868,0.0005933785805404,-346.42689746135005,1574.083105317541,-1727.6973542456487,-1314.875802654089,394.2977721136554,0.0024605382837635
-0.0025511544952688,-0.0011488033060203,-452.6289181970963,3128.1935348573315,4063.942739181988,866.0022060477161,1964.1422367990644,0.0020553536654348
25.46695830952583,30.87161308526308,13.30343060771431,24.091378976791223,28.99757533515112,20.963989486432688,23.190031875549515,25.57642847202904
43.55131783738149,44.20060188834836,95.24394419647548,49.04253615348284,94.2325595021215,47.00120411627059,58.67765507730489,91.5782788013166
623.2106789278257,647.020665769378,572.855487075171,728.7382474640524,541.9086283943815,425.1521802172009,398.1403412337244,721.44364010423
0.4733653553336143,3.1230596784932647,0.0705373744848203,2.592611425100257,4.665842754826171,2.9019446868313508,0.6123917242553909,1.5524958725522096
112.417454770968,-5.703409448344587,828.783620945957,1053.9495306714362,742.6844353104592,449.2992733555395,177.9039128286363,469.1977123402476
3.378877720554839e-05,0.0018024803751634,15629.30111476581,20996.524249468308,18697.53537530648,22655.5668394693,-3269.2788516111186,1054.6353464602712
0.0002784011769982,0.0010234718511057,582.6271555808593,-899.2089841443203,1762.4369367692254,2421.4774042170275,-26.64957856229333,9.764003604953272e-05
-0.000793377523672,0.0019369326887458,-822.0846827729137,187.91651916419963,3104.368517440932,-33.427870823370085,-951.4249038753272,-0.0015215763621679
30.18259394326704,28.411106281833906,42.054500003510185,33.94903125351693,29.809125775183315,29.482006347419503,15.418238255933252,25.851919060616613
45.72407081138973,86.41077296110913,10.507545193487095,39.94416884692812,21.21889494270501,68.11286187906246,76.78879320248171,61.77017473386599
633.6041954503122,651.1979133891136,519.8976090836893,490.3825760297194,604.4861360462047,656.2192066640729,545.8152270007819,635.3624461954312
1.7481362164789545,3.955823387799294,0.1330759154980669,2.7728644056442304,0.597823410478762,4.200251890914103,-1.173788264196464,0.5549208311370679
250.9483531191385,405.4378130322356,-77.04497512473529,-201.4230579259281,1100.8928225005216,226.0323379311721,-426.0776498562278,80.19224068561891
-0.0031827863415744,-0.0001874997195441,26726.238070674382,21466.343659097423,14685.899563748782,15741.32523471974,-3969.4304237981296,661.127658905996
0.0014537056383094,0.0022214557544162,1508.8610198122672,830.8435807431913,-1717.9940019803585,263.7910473088135,-4.172735347538215,0.0007904756430398
0.0021090738831563,-0.0033741140227355,297.95611237457274,5013.888093102278,-441.1016904920616,-496.57161543686055,2.699140497836673e-05,-0.0005976288554429
16.585922420043207,25.034173365244143,15.171073544940825,35.63648704039636,28.61859863367182,35.32786187512967,39.129381252814206,17.22865128266193
68.92534493233833,79.70067343166201,42.1488425427124,93.1448375784942,15.178342004089778,19.42221036326542,36.94105162573668,94.55631322044968
1138.3493475968182,608.1324663906937,580.5487202023851,626.7008638325356,651.7276469990993,409.66558364395325,528.284312984397,359.08083256713684
1.9942528812629163,1.331340209154658,-1.0642204882471558,-0.11410844562897,2.4452198057102903,-0.1630780056796712,3.2981035540817745,0.079948012928763
-21.79049339429256,43.88291927673311,1824.1540024949943,-244.1919294002465,1378.9108514603145,1253.02587881084,1117.4739659327442,-263.941537318728
0.0009727508295636,0.0003202277497801,7970.721908750104,17947.20467400858,12142.411123732414,16940.616144476073,23687.445584598987,-2894.656582041565
-0.002561065639868,0.0005933785805404,-346.42689746135005,1574.083105317541,-1727.6973542456487,-1314.875802654089,394.2977721136554,0.0024605382837635
-0.0025511544952688,-0.0011488033060203,-452.6289181970963,3128.1935348573315,4063.942739181988,866.0022060477161,1964.1422367990644,0.0020553536654348
25.46695830952583,30.87161308526308,13.30343060771431,24.091378976791223,28.99757533515112,20.963989486432688,23.190031875549515,25.57642847202904
43.55131783738149,44.20060188834836,95.24394419647548,49.04253615348284,94.2325595021215,47.00120411627059,58.67765507730489,91.5782788013166
623.2106789278257,647.020665769378,572.855487075171,728.7382474640524,541.9086283943815,425.1521802172009,398.1403412337244,721.44364010423
0.4733653553336143,3.1230596784932647,0.0705373744848203,2.592611425100257,4.665842754826171,2.9019446868313508,0.6123917242553909,1.5524958725522096
112.417454770968,-5.703409448344587,828.783620945957,1053.9495306714362,742.6844353104592,449.2992733555395,177.9039128286363,469.1977123402476
3.378877720554839e-05,0.0018024803751634,15629.30111476581,20996.524249468308,18697.53537530648,22655.5668394693,-3269.2788516111186,1054.6353464602712
0.0002784011769982,0.0010234718511057,582.6271555808593,-899.2089841443203,1762.4369367692254,2421.4774042170275,-26.64957856229333,9.764003604953272e-05
-0.000793377523672,0.0019369326887458,-822.0846827729137,187.91651916419963,3104.368517440932,-33.427870823370085,-951.4249038753272,-0.0015215763621679
30.18259394326704,28.411106281833906,42.054500003510185,33.94903125351693,29.809125775183315,29.482006347419503,15.418238255933252,25.851919060616613
45.72407081138973,86.41077296110913,10.507545193487095,39.94416884692812,21.21889494270501,68.11286187906246,76.78879320248171,61.77017473386599
633.6041954503122,651.1979133891136,519.8976090836893,490.3825760297194,604.4861360462047,656.2192066640729,545.8152270007819,635.3624461954312
1.7481362164789545,3.955823387799294,0.1330759154980669,2.7728644056442304,0.597823410478762,4.200251890914103,-1.173788264196464,0.5549208311370679
250.9483531191385,405.4378130322356,-77.04497512473529,-201.4230579259281,1100.8928225005216,226.0323379311721,-426.0776498562278,80.19224068561891
-0.0031827863415744,-0.0001874997195441,26726.238070674382,21466.343659097423,14685.899563748782,15741.32523471974,-3969.4304237981296,661.127658905996
0.0014537056383094,0.0022214557544162,1508.8610198122672,830.8435807431913,-1717.9940019803585,263.7910473088135,-4.172735347538215,0.0007904756430398
0.0021090738831563,-0.0033741140227355,297.95611237457274,5013.888093102278,-441.1016904920616,-496.57161543686055,2.699140497836673e-05,-0.0005976288554429
16.585922420043207,25.034173365244143,15.171073544940825,35.63648704039636,28.61859863367182,35.32786187512967,39.129381252814206,17.22865128266193
68.92534493233833,79.70067343166201,42.1488425427124,93.1448375784942,15.178342004089778,19.42221036326542,36.94105162573668,94.55631322044968
1138.3493475968182,608.1324663906937,580.5487202023851,626.7008638325356,651.7276469990993,409.66558364395325,528.284312984397,359.08083256713684
1.9942528812629163,1.331340209154658,-1.0642204882471558,-0.11410844562897,2.4452198057102903,-0.1630780056796712,3.2981035540817745,0.079948012928763
-21.79049339429256,43.88291927673311,1824.1540024949943,-244.1919294002465,1378.9108514603145,1253.02587881084,1117.4739659327442,-263.941537318728
0.0009727508295636,0.0003202277497801,7970.721908750104,17947.20467400858,12142.411123732414,16940.616144476073,23687.445584598987,-2894.656582041565
-0.002561065639868,0.0005933785805404,-346.42689746135005,1574.083105317541,-1727.6973542456487,-1314.875802654089,394.2977721136554,0.0024605382837635
-0.0025511544952688,-0.0011488033060203,-452.6289181970963,3128.1935348573315,4063.942739181988,866.0022060477161,1964.1422367990644,0.0020553536654348
25.46695830952583,30.87161308526308,13.30343060771431,24.091378976791223,28.99757533515112,20.963989486432688,23.190031875549515,25.57642847202904
43.55131783738149,44.20060188834836,95.24394419647548,49.04253615348284,94.2325595021215,47.00120411627059,58.67765507730489,91.5782788013166
623.2106789278257,647.020665769378,572.855487075171,728.7382474640524,541.9086283943815,425.1521802172009,398.1403412337244,721.44364010423
0.4733653553336143,3.1230596784932647,0.0705373744848203,2.592611425100257,4.665842754826171,2.9019446868313508,0.6123917242553909,1.5524958725522096
112.417454770968,-5.703409448344587,828.783620945957,1053.9495306714362,742.6844353104592,449.2992733555395,177.9039128286363,469.1977123402476
3.378877720554839e-05,0.0018024803751634,15629.30111476581,20996.524249468308,18697.53537530648,22655.5668394693,-3269.2788516111186,1054.6353464602712
0.0002784011769982,0.0010234718511057,582.6271555808593,-899.2089841443203,1762.4369367692254,2421.4774042170275,-26.64957856229333,9.764003604953272e-05
-0.000793377523672,0.0019369326887458,-822.0846827729137,187.91651916419963,3104.368517440932,-33.427870823370085,-951.4249038753272,-0.0015215763621679
30.18259394326704,28.411106281833906,42.054500003510185,33.94903125351693,29.809125775183315,29.482006347419503,15.418238255933252,25.851919060616613
45.72407081138973,86.41077296110913,10.507545193487095,39.94416884692812,21.21889494270501,68.11286187906246,76.78879320248171,61.77017473386599
633.6041954503122,651.1979133891136,519.8976090836893,490.3825760297194,604.4861360462047,656.2192066640729,545.8152270007819,635.3624461954312
1.7481362164789545,3.955823387799294,0.1330759154980669,2.7728644056442304,0.597823410478762,4.200251890914103,-1.173788264196464,0.5549208311370679
250.9483531191385,405.4378130322356,-77.04497512473529,-201.4230579259281,1100.8928225005216,226.0323379311721,-426.0776498562278,80.19224068561891
-0.0031827863415744,-0.0001874997195441,26726.238070674382,21466.343659097423,14685.899563748782,15741.32523471974,-3969.4304237981296,661.127658905996
0.0014537056383094,0.0022214557544162,1508.8610198122672,830.8435807431913,-1717.9940019803585,263.7910473088135,-4.172735347538215,0.0007904756430398
0.0021090738831563,-0.0033741140227355,297.95611237457274,5013.888093102278,-441.1016904920616,-496.57161543686055,2.699140497836673e-05,-0.0005976288554429
16.585922420043207,25.034173365244143,15.171073544940825,35.63648704039636,28.61859863367182,35.32786187512967,39.129381252814206,17.22865128266193
68.92534493233833,79.70067343166201,42.1488425427124,93.1448375784942,15.178342004089778,19.42221036326542,36.94105162573668,94.55631322044968
1138.3493475968182,608.1324663906937,580.5487202023851,626.7008638325356,651.7276469990993,409.66558364395325,528.284312984397,359.08083256713684
1.9942528812629163,1.331340209154658,-1.0642204882471558,-0.11410844562897,2.4452198057102903,-0.1630780056796712,3.2981035540817745,0.079948012928763
-21.79049339429256,43.88291927673311,1824.1540024949943,-244.1919294002465,1378.9108514603145,1253.02587881084,1117.4739659327442,-263.941537318728
0.0009727508295636,0.0003202277497801,7970.721908750104,17947.20467400858,12142.411123732414,16940.616144476073,23687.445584598987,-2894.656582041565
-0.002561065639868,0.0005933785805404,-346.42689746135005,1574.083105317541,-1727.6973542456487,-1314.875802654089,394.2977721136554,0.0024605382837635
-0.0025511544952688,-0.0011488033060203,-452.6289181970963,3128.1935348573315,4063.942739181988,866.0022060477161,1964.1422367990644,0.0020553536654348
25.46695830952583,30.87161308526308,13.30343060771431,24.091378976791223,28.99757533515112,20.963989486432688,23.190031875549515,25.57642847202904
43.55131783738149,44.20060188834836,95.24394419647548,49.04253615348284,94.2325595021215,47.00120411627059,58.67765507730489,91.5782788013166
623.2106789278257,647.020665769378,572.855487075171,728.7382474640524,541.9086283943815,425.1521802172009,398.1403412337244,721.44364010423
0.4733653553336143,3.1230596784932647,0.0705373744848203,2.592611425100257,4.665842754826171,2.9019446868313508,0.6123917242553909,1.5524958725522096
112.417454770968,-5.703409448344587,828.783620945957,1053.9495306714362,742.6844353104592,449.2992733555395,177.9039128286363,469.1977123402476
3.378877720554839e-05,0.0018024803751634,15629.30111476581,20996.524249468308,18697.53537530648,22655.5668394693,-3269.2788516111186,1054.6353464602712
0.0002784011769982,0.0010234718511057,582.6271555808593,-899.2089841443203,1762.4369367692254,2421.4774042170275,-26.64957856229333,9.764003604953272e-05
-0.000793377523672,0.0019369326887458,-822.0846827729137,187.91651916419963,3104.368517440932,-33.427870823370085,-951.4249038753272,-0.0015215763621679
30.18259394326704,28.411106281833906,42.054500003510185,33.94903125351693,29.809125775183315,29.482006347419503,15.418238255933252,25.851919060616613
45.72407081138973,86.41077296110913,10.507545193487095,39.94416884692812,21.21889494270501,68.11286187906246,76.78879320248171,61.77017473386599
633.6041954503122,651.1979133891136,519.8976090836893,490.3825760297194,604.4861360462047,656.2192066640729,545.8152270007819,635.3624461954312
1.7481362164789545,3.955823387799294,0.1330759154980669,2.7728644056442304,0.597823410478762,4.200251890914103,-1.173788264196464,0.5549208311370679
250.9483531191385,405.4378130322356,-77.04497512473529,-201.4230579259281,1100.8928225005216,226.0323379311721,-426.0776498562278,80.19224068561891
-0.0031827863415744,-0.0001874997195441,26726.238070674382,21466.343659097423,14685.899563748782,15741.32523471974,-3969.4304237981296,661.127658905996
0.0014537056383094,0.0022214557544162,1508.8610198122672,830.8435807431913,-1717.9940019803585,263.7910473088135,-4.172735347538215,0.0007904756430398
0.0021090738831563,-0.0033741140227355,297.95611237457274,5013.888093102278,-441.1016904920616,-496.57161543686055,2.699140497836673e-05,-0.0005976288554429
16.585922420043207,25.034173365244143,15.171073544940825,35.63648704039636,28.61859863367182,35.32786187512967,39.129381252814206,17.22865128266193
68.92534493233833,79.70067343166201,42.1488425427124,93.1448375784942,15.178342004089778,19.42221036326542,36.94105162573668,94.55631322044968
1138.3493475968182,608.1324663906937,580.5487202023851,626.7008638325356,651.7276469990993,409.66558364395325,528.284312984397,359.08083256713684
1.9942528812629163,1.331340209154658,-1.0642204882471558,-0.11410844562897,2.4452198057102903,-0.1630780056796712,3.2981035540817745,0.079948012928763
-21.79049339429256,43.88291927673311,1824.1540024949943,-244.1919294002465,1378.9108514603145,1253.02587881084,1117.4739659327442,-263.941537318728
0.0009727508295636,0.0003202277497801,7970.721908750104,17947.20467400858,12142.411123732414,16940.616144476073,23687.445584598987,-2894.656582041565
-0.002561065639868,0.0005933785805404,-346.42689746135005,1574.083105317541,-1727.6973542456487,-1314.875802654089,394.2977721136554,0.0024605382837635
-0.0025511544952688,-0.0011488033060203,-452.6289181970963,3128.1935348573315,4063.942739181988,866.0022060477161,1964.1422367990644,0.0020553536654348
25.46695830952583,30.87161308526308,13.30343060771431,24.091378976791223,28.99757533515112,20.963989486432688,23.190031875549515,25.57642847202904
43.55131783738149,44.20060188834836,95.24394419647548,49.04253615348284,94.2325595021215,47.00120411627059,58.67765507730489,91.5782788013166
623.2106789278257,647.020665769378,572.855487075171,728.7382474640524,541.9086283943815,425.1521802172009,398.1403412337244,721.44364010423
0.4733653553336143,3.1230596784932647,0.0705373744848203,2.592611425100257,4.665842754826171,2.9019446868313508,0.6123917242553909,1.5524958725522096
112.417454770968,-5.703409448344587,828.783620945957,1053.9495306714362,742.6844353104592,449.2992733555395,177.9039128286363,469.1977123402476
3.378877720554839e-05,0.0018024803751634,15629.30111476581,20996.524249468308,18697.53537530648,22655.5668394693,-3269.2788516111186,1054.6353464602712
0.0002784011769982,0.0010234718511057,582.6271555808593,-899.2089841443203,1762.4369367692254,2421.4774042170275,-26.64957856229333,9.764003604953272e-05
-0.000793377523672,0.0019369326887458,-822.0846827729137,187.91651916419963,3104.368517440932,-33.427870823370085,-951.4249038753272,-0.0015215763621679
30.18259394326704,28.411106281833906,42.054500003510185,33.94903125351693,29.809125775183315,29.482006347419503,15.418238255933252,25.851919060616613
45.72407081138973,86.41077296110913,10.507545193487095,39.94416884692812,21.21889494270501,68.11286187906246,76.78879320248171,61.77017473386599
633.6041954503122,651.1979133891136,519.8976090836893,490.3825760297194,604.4861360462047,656.2192066640729,545.8152270007819,635.3624461954312
1.7481362164789545,3.955823387799294,0.1330759154980669,2.7728644056442304,0.597823410478762,4.200251890914103,-1.173788264196464,0.5549208311370679
250.9483531191385,405.4378130322356,-77.04497512473529,-201.4230579259281,1100.8928225005216,226.0323379311721,-426.0776498562278,80.19224068561891
-0.0031827863415744,-0.0001874997195441,26726.238070674382,21466.343659097423,14685.899563748782,15741.32523471974,-3969.4304237981296,661.127658905996
0.0014537056383094,0.0022214557544162,1508.8610198122672,830.8435807431913,-1717.9940019803585,263.7910473088135,-4.172735347538215,0.0007904756430398
0.0021090738831563,-0.0033741140227355,297.95611237457274,5013.888093102278,-441.1016904920616,-496.57161543686055,2.699140497836673e-05,-0.0005976288554429
16.585922420043207,25.034173365244143,15.171073544940825,35.63648704039636,28.61859863367182,35.32786187512967,39.129381252814206,17.22865128266193
68.92534493233833,79.70067343166201,42.1488425427124,93.1448375784942,15.178342004089778,19.42221036326542,36.94105162573668,94.55631322044968
1138.3493475968182,608.1324663906937,580.5487202023851,626.7008638325356,651.7276469990993,409.66558364395325,528.284312984397,359.08083256713684
1.9942528812629163,1.331340209154658,-1.0642204882471558,-0.11410844562897,2.4452198057102903,-0.1630780056796712,3.2981035540817745,0.079948012928763
-21.79049339429256,43.88291927673311,1824.1540024949943,-244.1919294002465,1378.9108514603145,1253.02587881084,1117.4739659327442,-263.941537318728
0.0009727508295636,0.0003202277497801,7970.721908750104,17947.20467400858,12142.411123732414,16940.616144476073,23687.445584598987,-2894.656582041565
-0.002561065639868,0.0005933785805404,-346.42689746135005,1574.083105317541,-1727.6973542456487,-1314.875802654089,394.2977721136554,0.0024605382837635
-0.0025511544952688,-0.0011488033060203,-452.6289181970963,3128.1935348573315,4063.942739181988,866.0022060477161,1964.1422367990644,0.0020553536654348
25.46695830952583,30.87161308526308,13.30343060771431,24.091378976791223,28.99757533515112,20.963989486432688,23.190031875549515,25.57642847202904
43.55131783738149,44.20060188834836,95.24394419647548,49.04253615348284,94.2325595021215,47.00120411627059,58.67765507730489,91.5782788013166
623.2106789278257,647.020665769378,572.855487075171,728.7382474640524,541.9086283943815,425.1521802172009,398.1403412337244,721.44364010423
0.4733653553336143,3.1230596784932647,0.0705373744848203,2.592611425100257,4.665842754826171,2.9019446868313508,0.6123917242553909,1.5524958725522096
112.417454770968,-5.703409448344587,828.783620945957,1053.9495306714362,742.6844353104592,449.2992733555395,177.9039128286363,469.1977123402476
3.378877720554839e-05,0.0018024803751634,15629.30111476581,20996.524249468308,18697.53537530648,22655.5668394693,-3269.2788516111186,1054.6353464602712
0.0002784011769982,0.0010234718511057,582.6271555808593,-899.2089841443203,1762.4369367692254,2421.4774042170275,-26.64957856229333,9.764003604953272e-05
-0.000793377523672,0.0019369326887458,-822.0846827729137,187.91651916419963,3104.368517440932,-33.427870823370085,-951.4249038753272,-0.0015215763621679
30.18259394326704,28.411106281833906,42.054500003510185,33.94903125351693,29.809125775183315,29.482006347419503,15.418238255933252,25.851919060616613
45.72407081138973,86.41077296110913,10.507545193487095,39.94416884692812,21.21889494270501,68.11286187906246,76.78879320248171,61.77017473386599
633.6041954503122,651.1979133891136,519.8976090836893,490.3825760297194,604.4861360462047,656.2192066640729,545.8152270007819,635.3624461954312
1.7481362164789545,3.955823387799294,0.1330759154980669,2.7728644056442304,0.597823410478762,4.200251890914103,-1.173788264196464,0.5549208311370679
250.9483531191385,405.4378130322356,-77.04497512473529,-201.4230579259281,1100.8928225005216,226.0323379311721,-426.0776498562278,80.19224068561891
-0.0031827863415744,-0.0001874997195441,26726.238070674382,21466.343659097423,14685.899563748782,15741.32523471974,-3969.4304237981296,661.127658905996
0.0014537056383094,0.0022214557544162,1508.8610198122672,830.8435807431913,-1717.9940019803585,263.7910473088135,-4.172735347538215,0.0007904756430398
0.0021090738831563,-0.0033741140227355,297.95611237457274,5013.888093102278,-441.1016904920616,-496.57161543686055,2.699140497836673e-05,-0.0005976288554429
16.585922420043207,25.034173365244143,15.171073544940825,35.63648704039636,28.61859863367182,35.32786187512967,39.129381252814206,17.22865128266193
68.92534493233833,79.70067343166201,42.1488425427124,93.1448375784942,15.178342004089778,19.42221036326542,36.94105162573668,94.55631322044968
1138.3493475968182,608.1324663906937,580.5487202023851,626.7008638325356,651.7276469990993,409.66558364395325,528.284312984397,359.08083256713684
1.9942528812629163,1.331340209154658,-1.0642204882471558,-0.11410844562897,2.4452198057102903,-0.1630780056796712,3.2981035540817745,0.079948012928763
-21.79049339429256,43.88291927673311,1824.1540024949943,-244.1919294002465,1378.9108514603145,1253.02587881084,1117.4739659327442,-263.941537318728
0.0009727508295636,0.0003202277497801,7970.721908750104,17947.20467400858,12142.411123732414,16940.616144476073,23687.445584598987,-2894.656582041565
-0.002561065639868,0.0005933785805404,-346.42689746135005,1574.083105317541,-1727.6973542456487,-1314.875802654089,394.2977721136554,0.0024605382837635
-0.0025511544952688,-0.0011488033060203,-452.6289181970963,3128.1935348573315,4063.942739181988,866.0022060477161,1964.1422367990644,0.0020553536654348
25.46695830952583,30.87161308526308,13.30343060771431,24.091378976791223,28.99757533515112,20.963989486432688,23.190031875549515,25.57642847202904
43.55131783738149,44.20060188834836,95.24394419647548,49.04253615348284,94.2325595021215,47.00120411627059,58.67765507730489,91.5782788013166
623.2106789278257,647.020665769378,572.855487075171,728.7382474640524,541.9086283943815,425.1521802172009,398.1403412337244,721.44364010423
0.4733653553336143,3.1230596784932647,0.0705373744848203,2.592611425100257,4.665842754826171,2.9019446868313508,0.6123917242553909,1.5524958725522096
112.417454770968,-5.703409448344587,828.783620945957,1053.9495306714362,742.6844353104592,449.2992733555395,177.9039128286363,469.1977123402476
3.378877720554839e-05,0.0018024803751634,15629.30111476581,20996.524249468308,18697.53537530648,22655.5668394693,-3269.2788516111186,1054.6353464602712
0.0002784011769982,0.0010234718511057,582.6271555808593,-899.2089841443203,1762.4369367692254,2421.4774042170275,-26.64957856229333,9.764003604953272e-05
-0.000793377523672,0.0019369326887458,-822.0846827729137,187.91651916419963,3104.368517440932,-33.427870823370085,-951.4249038753272,-0.0015215763621679
30.18259394326704,28.411106281833906,42.054500003510185,33.94903125351693,29.809125775183315,29.482006347419503,15.418238255933252,25.851919060616613
45.72407081138973,86.41077296110913,10.507545193487095,39.94416884692812,21.21889494270501,68.11286187906246,76.78879320248171,61.77017473386599
633.6041954503122,651.1979133891136,519.8976090836893,490.3825760297194,604.4861360462047,656.2192066640729,545.8152270007819,635.3624461954312
1.7481362164789545,3.955823387799294,0.1330759154980669,2.7728644056442304,0.597823410478762,4.200251890914103,-1.173788264196464,0.5549208311370679
250.9483531191385,405.4378130322356,-77.04497512473529,-201.4230579259281,1100.8928225005216,226.0323379311721,-426.0776498562278,80.19224068561891
-0.0031827863415744,-0.0001874997195441,26726.238070674382,21466.343659097423,14685.899563748782,15741.32523471974,-3969.4304237981296,661.127658905996
0.0014537056383094,0.0022214557544162,1508.8610198122672,830.8435807431913,-1717.9940019803585,263.7910473088135,-4.172735347538215,0.0007904756430398
0.0021090738831563,-0.0033741140227355,297.95611237457274,5013.888093102278,-441.1016904920616,-496.57161543686055,2.699140497836673e-05,-0.0005976288554429
16.585922420043207,25.034173365244143,15.171073544940825,35.63648704039636,28.61859863367182,35.32786187512967,39.129381252814206,17.22865128266193
68.92534493233833,79.70067343166201,42.1488425427124,93.1448375784942,15.178342004089778,19.42221036326542,36.94105162573668,94.55631322044968
1138.3493475968182,608.1324663906937,580.5487202023851,626.7008638325356,651.7276469990993,409.66558364395325,528.284312984397,359.08083256713684
1.9942528812629163,1.331340209154658,-1.0642204882471558,-0.11410844562897,2.4452198057102903,-0.1630780056796712,3.2981035540817745,0.079948012928763
-21.79049339429256,43.88291927673311,1824.1540024949943,-244.1919294002465,1378.9108514603145,1253.02587881084,1117.4739659327442,-263.941537318728
0.0009727508295636,0.0003202277497801,7970.721908750104,17947.20467400858,12142.411123732414,16940.616144476073,23687.445584598987,-2894.656582041565
-0.002561065639868,0.0005933785805404,-346.42689746135005,1574.083105317541,-1727.6973542456487,-1314.875802654089,394.2977721136554,0.0024605382837635
-0.0025511544952688,-0.0011488033060203,-452.6289181970963,3128.1935348573315,4063.942739181988,866.0022060477161,1964.1422367990644,0.0020553536654348
25.46695830952583,30.87161308526308,13.30343060771431,24.091378976791223,28.99757533515112,20.963989486432688,23.190031875549515,25.57642847202904
43.55131783738149,44.20060188834836,95.24394419647548,49.04253615348284,94.2325595021215,47.00120411627059,58.67765507730489,91.5782788013166
623.2106789278257,647.020665769378,572.855487075171,728.7382474640524,541.9086283943815,425.1521802172009,398.1403412337244,721.44364010423
0.4733653553336143,3.1230596784932647,0.0705373744848203,2.592611425100257,4.665842754826171,2.9019446868313508,0.6123917242553909,1.5524958725522096
112.417454770968,-5.703409448344587,828.783620945957,1053.9495306714362,742.6844353104592,449.2992733555395,177.9039128286363,469.1977123402476
3.378877720554839e-05,0.0018024803751634,15629.30111476581,20996.524249468308,18697.53537530648,22655.5668394693,-3269.2788516111186,1054.6353464602712
0.0002784011769982,0.0010234718511057,582.6271555808593,-899.2089841443203,1762.4369367692254,2421.4774042170275,-26.64957856229333,9.764003604953272e-05
-0.000793377523672,0.0019369326887458,-822.0846827729137,187.91651916419963,3104.368517440932,-33.427870823370085,-951.4249038753272,-0.0015215763621679
30.18259394326704,28.411106281833906,42.054500003510185,33.94903125351693,29.809125775183315,29.482006347419503,15.418238255933252,25.851919060616613
45.72407081138973,86.41077296110913,10.507545193487095,39.94416884692812,21.21889494270501,68.11286187906246,76.78879320248171,61.77017473386599
633.6041954503122,651.1979133891136,519.8976090836893,490.3825760297194,604.4861360462047,656.2192066640729,545.8152270007819,635.3624461954312
1.7481362164789545,3.955823387799294,0.1330759154980669,2.7728644056442304,0.597823410478762,4.200251890914103,-1.173788264196464,0.5549208311370679
250.9483531191385,405.4378130322356,-77.04497512473529,-201.4230579259281,1100.8928225005216,226.0323379311721,-426.0776498562278,80.19224068561891
-0.0031827863415744,-0.0001874997195441,26726.238070674382,21466.343659097423,14685.899563748782,15741.32523471974,-3969.4304237981296,661.127658905996
0.0014537056383094,0.0022214557544162,1508.8610198122672,830.8435807431913,-1717.9940019803585,263.7910473088135,-4.172735347538215,0.0007904756430398
0.0021090738831563,-0.0033741140227355,297.95611237457274,5013.888093102278,-441.1016904920616,-496.57161543686055,2.699140497836673e-05,-0.0005976288554429
16.585922420043207,25.034173365244143,15.171073544940825,35.63648704039636,28.61859863367182,35.32786187512967,39.129381252814206,17.22865128266193
68.92534493233833,79.70067343166201,42.1488425427124,93.1448375784942,15.178342004089778,19.42221036326542,36.94105162573668,94.55631322044968
1138.3493475968182,608.1324663906937,580.5487202023851,626.7008638325356,651.7276469990993,409.66558364395325,528.284312984397,359.08083256713684
1.9942528812629163,1.331340209154658,-1.0642204882471558,-0.11410844562897,2.4452198057102903,-0.1630780056796712,3.2981035540817745,0.079948012928763
-21.79049339429256,43.88291927673311,1824.1540024949943,-244.1919294002465,1378.9108514603145,1253.02587881084,1117.4739659327442,-263.941537318728
0.0009727508295636,0.0003202277497801,7970.721908750104,17947.20467400858,12142.411123732414,16940.616144476073,23687.445584598987,-2894.656582041565
-0.002561065639868,0.0005933785805404,-346.42689746135005,1574.083105317541,-1727.6973542456487,-1314.875802654089,394.2977721136554,0.0024605382837635
-0.0025511544952688,-0.0011488033060203,-452.6289181970963,3128.1935348573315,4063.942739181988,866.0022060477161,1964.1422367990644,0.0020553536654348
25.46695830952583,30.87161308526308,13.30343060771431,24.091378976791223,28.99757533515112,20.963989486432688,23.190031875549515,25.57642847202904
43.55131783738149,44.20060188834836,95.24394419647548,49.04253615348284,94.2325595021215,47.00120411627059,58.67765507730489,91.5782788013166
623.2106789278257,647.020665769378,572.855487075171,728.7382474640524,541.9086283943815,425.1521802172009,398.1403412337244,721.44364010423
0.4733653553336143,3.1230596784932647,0.0705373744848203,2.592611425100257,4.665842754826171,2.9019446868313508,0.6123917242553909,1.5524958725522096
112.417454770968,-5.703409448344587,828.783620945957,1053.9495306714362,742.6844353104592,449.2992733555395,177.9039128286363,469.1977123402476
3.378877720554839e-05,0.0018024803751634,15629.30111476581,20996.524249468308,18697.53537530648,22655.5668394693,-3269.2788516111186,1054.6353464602712
0.0002784011769982,0.0010234718511057,582.6271555808593,-899.2089841443203,1762.4369367692254,2421.4774042170275,-26.64957856229333,9.764003604953272e-05
-0.000793377523672,0.0019369326887458,-822.0846827729137,187.91651916419963,3104.368517440932,-33.427870823370085,-951.4249038753272,-0.0015215763621679
30.18259394326704,28.411106281833906,42.054500003510185,33.94903125351693,29.809125775183315,29.482006347419503,15.418238255933252,25.851919060616613
45.72407081138973,86.41077296110913,10.507545193487095,39.94416884692812,21.21889494270501,68.11286187906246,76.78879320248171,61.77017473386599
633.6041954503122,651.1979133891136,519.8976090836893,490.3825760297194,604.4861360462047,656.2192066640729,545.8152270007819,635.3624461954312
1.7481362164789545,3.955823387799294,0.1330759154980669,2.7728644056442304,0.597823410478762,4.200251890914103,-1.173788264196464,0.5549208311370679
250.9483531191385,405.4378130322356,-77.04497512473529,-201.4230579259281,1100.8928225005216,226.0323379311721,-426.0776498562278,80.19224068561891
-0.0031827863415744,-0.0001874997195441,26726.238070674382,21466.343659097423,14685.899563748782,15741.32523471974,-3969.4304237981296,661.127658905996
0.0014537056383094,0.0022214557544162,1508.8610198122672,830.8435807431913,-1717.9940019803585,263.7910473088135,-4.172735347538215,0.0007904756430398
0.0021090738831563,-0.0033741140227355,297.95611237457274,5013.888093102278,-441.1016904920616,-496.57161543686055,2.699140497836673e-05,-0.0005976288554429
16.585922420043207,25.034173365244143,15.171073544940825,35.63648704039636,28.61859863367182,35.32786187512967,39.129381252814206,17.22865128266193
68.92534493233833,79.70067343166201,42.1488425427124,93.1448375784942,15.178342004089778,19.42221036326542,36.94105162573668,94.55631322044968
1138.3493475968182,608.1324663906937,580.5487202023851,626.7008638325356,651.7276469990993,409.66558364395325,528.284312984397,359.08083256713684
1.9942528812629163,1.331340209154658,-1.0642204882471558,-0.11410844562897,2.4452198057102903,-0.1630780056796712,3.2981035540817745,0.079948012928763
-21.79049339429256,43.88291927673311,1824.1540024949943,-244.1919294002465,1378.9108514603145,1253.02587881084,1117.4739659327442,-263.941537318728
0.0009727508295636,0.0003202277497801,7970.721908750104,17947.20467400858,12142.411123732414,16940.616144476073,23687.445584598987,-2894.656582041565
-0.002561065639868,0.0005933785805404,-346.42689746135005,1574.083105317541,-1727.6973542456487,-1314.875802654089,394.2977721136554,0.0024605382837635
-0.0025511544952688,-0.0011488033060203,-452.6289181970963,3128.1935348573315,4063.942739181988,866.0022060477161,1964.1422367990644,0.0020553536654348
25.46695830952583,30.87161308526308,13.30343060771431,24.091378976791223,28.99757533515112,20.963989486432688,23.190031875549515,25.57642847202904
43.55131783738149,44.20060188834836,95.24394419647548,49.04253615348284,94.2325595021215,47.00120411627059,58.67765507730489,91.5782788013166
623.2106789278257,647.020665769378,572.855487075171,728.7382474640524,541.9086283943815,425.1521802172009,398.1403412337244,721.44364010423
0.4733653553336143,3.1230596784932647,0.0705373744848203,2.592611425100257,4.665842754826171,2.9019446868313508,0.6123917242553909,1.5524958725522096
112.417454770968,-5.703409448344587,828.783620945957,1053.9495306714362,742.6844353104592,449.2992733555395,177.9039128286363,469.1977123402476
3.378877720554839e-05,0.0018024803751634,15629.30111476581,20996.524249468308,18697.53537530648,22655.5668394693,-3269.2788516111186,1054.6353464602712
0.0002784011769982,0.0010234718511057,582.6271555808593,-899.2089841443203,1762.4369367692254,2421.4774042170275,-26.64957856229333,9.764003604953272e-05
-0.000793377523672,0.0019369326887458,-822.0846827729137,187.91651916419963,3104.368517440932,-33.427870823370085,-951.4249038753272,-0.0015215763621679
30.18259394326704,28.411106281833906,42.054500003510185,33.94903125351693,29.809125775183315,29.482006347419503,15.418238255933252,25.851919060616613
45.72407081138973,86.41077296110913,10.507545193487095,39.94416884692812,21.21889494270501,68.11286187906246,76.78879320248171,61.77017473386599
633.6041954503122,651.1979133891136,519.8976090836893,490.3825760297194,604.4861360462047,656.2192066640729,545.8152270007819,635.3624461954312
1.7481362164789545,3.955823387799294,0.1330759154980669,2.7728644056442304,0.597823410478762,4.200251890914103,-1.173788264196464,0.5549208311370679
250.9483531191385,405.4378130322356,-77.04497512473529,-201.4230579259281,1100.8928225005216,226.0323379311721,-426.0776498562278,80.19224068561891
-0.0031827863415744,-0.0001874997195441,26726.238070674382,21466.343659097423,14685.899563748782,15741.32523471974,-3969.4304237981296,661.127658905996
0.0014537056383094,0.0022214557544162,1508.8610198122672,830.8435807431913,-1717.9940019803585,263.7910473088135,-4.172735347538215,0.0007904756430398
0.0021090738831563,-0.0033741140227355,297.95611237457274,5013.888093102278,-441.1016904920616,-496.57161543686055,2.699140497836673e-05,-0.0005976288554429
16.585922420043207,25.034173365244143,15.171073544940825,35.63648704039636,28.61859863367182,35.32786187512967,39.129381252814206,17.22865128266193
68.92534493233833,79.70067343166201,42.1488425427124,93.1448375784942,15.178342004089778,19.42221036326542,36.94105162573668,94.55631322044968
1138.3493475968182,608.1324663906937,580.5487202023851,626.7008638325356,651.7276469990993,409.66558364395325,528.284312984397,359.08083256713684
1.9942528812629163,1.331340209154658,-1.0642204882471558,-0.11410844562897,2.4452198057102903,-0.1630780056796712,3.2981035540817745,0.079948012928763
-21.79049339429256,43.88291927673311,1824.1540024949943,-244.1919294002465,1378.9108514603145,1253.02587881084,1117.4739659327442,-263.941537318728
0.0009727508295636,0.0003202277497801,7970.721908750104,17947.20467400858,12142.411123732414,16940.616144476073,23687.445584598987,-2894.656582041565
-0.002561065639868,0.0005933785805404,-346.42689746135005,1574.083105317541,-1727.6973542456487,-1314.875802654089,394.2977721136554,0.0024605382837635
-0.0025511544952688,-0.0011488033060203,-452.6289181970963,3128.1935348573315,4063.942739181988,866.0022060477161,1964.1422367990644,0.0020553536654348
25.46695830952583,30.87161308526308,13.30343060771431,24.091378976791223,28.99757533515112,20.963989486432688,23.190031875549515,25.57642847202904
43.55131783738149,44.20060188834836,95.24394419647548,49.04253615348284,94.2325595021215,47.00120411627059,58.67765507730489,91.5782788013166
623.2106789278257,647.020665769378,572.855487075171,728.7382474640524,541.9086283943815,425.1521802172009,398.1403412337244,721.44364010423
0.4733653553336143,3.1230596784932647,0.0705373744848203,2.592611425100257,4.665842754826171,2.9019446868313508,0.6123917242553909,1.5524958725522096
112.417454770968,-5.703409448344587,828.783620945957,1053.9495306714362,742.6844353104592,449.2992733555395,177.9039128286363,469.1977123402476
3.378877720554839e-05,0.0018024803751634,15629.30111476581,20996.524249468308,18697.53537530648,22655.5668394693,-3269.2788516111186,1054.6353464602712
0.0002784011769982,0.0010234718511057,582.6271555808593,-899.2089841443203,1762.4369367692254,2421.4774042170275,-26.64957856229333,9.764003604953272e-05
-0.000793377523672,0.0019369326887458,-822.0846827729137,187.91651916419963,3104.368517440932,-33.427870823370085,-951.4249038753272,-0.0015215763621679
30.18259394326704,28.411106281833906,42.054500003510185,33.94903125351693,29.809125775183315,29.482006347419503,15.418238255933252,25.851919060616613
45.72407081138973,86.41077296110913,10.507545193487095,39.94416884692812,21.21889494270501,68.11286187906246,76.78879320248171,61.77017473386599
633.6041954503122,651.1979133891136,519.8976090836893,490.3825760297194,604.4861360462047,656.2192066640729,545.8152270007819,635.3624461954312
1.7481362164789545,3.955823387799294,0.1330759154980669,2.7728644056442304,0.597823410478762,4.200251890914103,-1.173788264196464,0.5549208311370679
250.9483531191385,405.4378130322356,-77.04497512473529,-201.4230579259281,1100.8928225005216,226.0323379311721,-426.0776498562278,80.19224068561891
-0.0031827863415744,-0.0001874997195441,26726.238070674382,21466.343659097423,14685.899563748782,15741.32523471974,-3969.4304237981296,661.127658905996
0.0014537056383094,0.0022214557544162,1508.8610198122672,830.8435807431913,-1717.9940019803585,263.7910473088135,-4.172735347538215,0.0007904756430398
0.0021090738831563,-0.0033741140227355,297.95611237457274,5013.888093102278,-441.1016904920616,-496.57161543686055,2.699140497836673e-05,-0.0005976288554429
16.585922420043207,25.034173365244143,15.171073544940825,35.63648704039636,28.61859863367182,35.32786187512967,39.129381252814206,17.22865128266193
68.92534493233833,79.70067343166201,42.1488425427124,93.1448375784942,15.178342004089778,19.42221036326542,36.94105162573668,94.55631322044968
1138.3493475968182,608.1324663906937,580.5487202023851,626.7008638325356,651.7276469990993,409.66558364395325,528.284312984397,359.08083256713684
1.9942528812629163,1.331340209154658,-1.0642204882471558,-0.11410844562897,2.4452198057102903,-0.1630780056796712,3.2981035540817745,0.079948012928763
-21.79049339429256,43.88291927673311,1824.1540024949943,-244.1919294002465,1378.9108514603145,1253.02587881084,1117.4739659327442,-263.941537318728
0.0009727508295636,0.0003202277497801,7970.721908750104,17947.20467400858,12142.411123732414,16940.616144476073,23687.445584598987,-2894.656582041565
-0.002561065639868,0.0005933785805404,-346.42689746135005,1574.083105317541,-1727.6973542456487,-1314.875802654089,394.2977721136554,0.0024605382837635
-0.0025511544952688,-0.0011488033060203,-452.6289181970963,3128.1935348573315,4063.942739181988,866.0022060477161,1964.1422367990644,0.0020553536654348
25.46695830952583,30.87161308526308,13.30343060771431,24.091378976791223,28.99757533515112,20.963989486432688,23.190031875549515,25.57642847202904
43.55131783738149,44.20060188834836,95.24394419647548,49.04253615348284,94.2325595021215,47.00120411627059,58.67765507730489,91.5782788013166
623.2106789278257,647.020665769378,572.855487075171,728.7382474640524,541.9086283943815,425.1521802172009,398.1403412337244,721.44364010423
0.4733653553336143,3.1230596784932647,0.0705373744848203,2.592611425100257,4.665842754826171,2.9019446868313508,0.6123917242553909,1.5524958725522096
112.417454770968,-5.703409448344587,828.783620945957,1053.9495306714362,742.6844353104592,449.2992733555395,177.9039128286363,469.1977123402476
3.378877720554839e-05,0.0018024803751634,15629.30111476581,20996.524249468308,18697.53537530648,22655.5668394693,-3269.2788516111186,1054.6353464602712
0.0002784011769982,0.0010234718511057,582.6271555808593,-899.2089841443203,1762.4369367692254,2421.4774042170275,-26.64957856229333,9.764003604953272e-05
-0.000793377523672,0.0019369326887458,-822.0846827729137,187.91651916419963,3104.368517440932,-33.427870823370085,-951.4249038753272,-0.0015215763621679
30.18259394326704,28.411106281833906,42.054500003510185,33.94903125351693,29.809125775183315,29.482006347419503,15.418238255933252,25.851919060616613
45.72407081138973,86.41077296110913,10.507545193487095,39.94416884692812,21.21889494270501,68.11286187906246,76.78879320248171,61.77017473386599
633.6041954503122,651.1979133891136,519.8976090836893,490.3825760297194,604.4861360462047,656.2192066640729,545.8152270007819,635.3624461954312
1.7481362164789545,3.955823387799294,0.1330759154980669,2.7728644056442304,0.597823410478762,4.200251890914103,-1.173788264196464,0.5549208311370679
250.9483531191385,405.4378130322356,-77.04497512473529,-201.4230579259281,1100.8928225005216,226.0323379311721,-426.0776498562278,80.19224068561891
-0.0031827863415744,-0.0001874997195441,26726.238070674382,21466.343659097423,14685.899563748782,15741.32523471974,-3969.4304237981296,661.127658905996
0.0014537056383094,0.0022214557544162,1508.8610198122672,830.8435807431913,-1717.9940019803585,263.7910473088135,-4.172735347538215,0.0007904756430398
0.0021090738831563,-0.0033741140227355,297.95611237457274,5013.888093102278,-441.1016904920616,-496.57161543686055,2.699140497836673e-05,-0.0005976288554429
16.585922420043207,25.034173365244143,15.171073544940825,35.63648704039636,28.61859863367182,35.32786187512967,39.129381252814206,17.22865128266193
68.92534493233833,79.70067343166201,42.1488425427124,93.1448375784942,15.178342004089778,19.42221036326542,36.94105162573668,94.55631322044968
1138.3493475968182,608.1324663906937,580.5487202023851,626.7008638325356,651.7276469990993,409.66558364395325,528.284312984397,359.08083256713684
1.9942528812629163,1.331340209154658,-1.0642204882471558,-0.11410844562897,2.4452198057102903,-0.1630780056796712,3.2981035540817745,0.079948012928763
-21.79049339429256,43.88291927673311,1824.1540024949943,-244.1919294002465,1378.9108514603145,1253.02587881084,1117.4739659327442,-263.941537318728
0.0009727508295636,0.0003202277497801,7970.721908750104,17947.20467400858,12142.411123732414,16940.616144476073,23687.445584598987,-2894.656582041565
-0.002561065639868,0.0005933785805404,-346.42689746135005,1574.083105317541,-1727.6973542456487,-1314.875802654089,394.2977721136554,0.0024605382837635
-0.0025511544952688,-0.0011488033060203,-452.6289181970963,3128.1935348573315,4063.942739181988,866.0022060477161,1964.1422367990644,0.0020553536654348
25.46695830952583,30.87161308526308,13.30343060771431,24.091378976791223,28.99757533515112,20.963989486432688,23.190031875549515,25.57642847202904
43.55131783738149,44.20060188834836,95.24394419647548,49.04253615348284,94.2325595021215,47.00120411627059,58.67765507730489,91.5782788013166
623.2106789278257,647.020665769378,572.855487075171,728.7382474640524,541.9086283943815,425.1521802172009,398.1403412337244,721.44364010423
0.4733653553336143,3.1230596784932647,0.0705373744848203,2.592611425100257,4.665842754826171,2.9019446868313508,0.6123917242553909,1.5524958725522096
112.417454770968,-5.703409448344587,828.783620945957,1053.9495306714362,742.6844353104592,449.2992733555395,177.9039128286363,469.1977123402476
3.378877720554839e-05,0.0018024803751634,15629.30111476581,20996.524249468308,18697.53537530648,22655.5668394693,-3269.2788516111186,1054.6353464602712
0.0002784011769982,0.0010234718511057,582.6271555808593,-899.2089841443203,1762.4369367692254,2421.4774042170275,-26.64957856229333,9.764003604953272e-05
-0.000793377523672,0.0019369326887458,-822.0846827729137,187.91651916419963,3104.368517440932,-33.427870823370085,-951.4249038753272,-0.0015215763621679
30.18259394326704,28.411106281833906,42.054500003510185,33.94903125351693,29.809125775183315,29.482006347419503,15.418238255933252,25.851919060616613
45.72407081138973,86.41077296110913,10.507545193487095,39.94416884692812,21.21889494270501,68.11286187906246,76.78879320248171,61.77017473386599
633.6041954503122,651.1979133891136,519.8976090836893,490.3825760297194,604.4861360462047,656.2192066640729,545.8152270007819,635.3624461954312
1.7481362164789545,3.955823387799294,0.1330759154980669,2.7728644056442304,0.597823410478762,4.200251890914103,-1.173788264196464,0.5549208311370679
250.9483531191385,405.4378130322356,-77.04497512473529,-201.4230579259281,1100.8928225005216,226.0323379311721,-426.0776498562278,80.19224068561891
-0.0031827863415744,-0.0001874997195441,26726.238070674382,21466.343659097423,14685.899563748782,15741.32523471974,-3969.4304237981296,661.127658905996
0.0014537056383094,0.0022214557544162,1508.8610198122672,830.8435807431913,-1717.9940019803585,263.7910473088135,-4.172735347538215,0.0007904756430398
0.0021090738831563,-0.0033741140227355,297.95611237457274,5013.888093102278,-441.1016904920616,-496.57161543686055,2.699140497836673e-05,-0.0005976288554429
16.585922420043207,25.034173365244143,15.171073544940825,35.63648704039636,28.61859863367182,35.32786187512967,39.129381252814206,17.22865128266193
68.92534493233833,79.70067343166201,42.1488425427124,93.1448375784942,15.178342004089778,19.42221036326542,36.94105162573668,94.55631322044968
1138.3493475968182,608.1324663906937,580.5487202023851,626.7008638325356,651.7276469990993,409.66558364395325,528.284312984397,359.08083256713684
1.9942528812629163,1.331340209154658,-1.0642204882471558,-0.11410844562897,2.4452198057102903,-0.1630780056796712,3.2981035540817745,0.079948012928763
-21.79049339429256,43.88291927673311,1824.1540024949943,-244.1919294002465,1378.9108514603145,1253.02587881084,1117.4739659327442,-263.941537318728
0.0009727508295636,0.0003202277497801,7970.721908750104,17947.20467400858,12142.411123732414,16940.616144476073,23687.445584598987,-2894.656582041565
-0.002561065639868,0.0005933785805404,-346.42689746135005,1574.083105317541,-1727.6973542456487,-1314.875802654089,394.2977721136554,0.0024605382837635
-0.0025511544952688,-0.0011488033060203,-452.6289181970963,3128.1935348573315,4063.942739181988,866.0022060477161,1964.1422367990644,0.0020553536654348
25.46695830952583,30.87161308526308,13.30343060771431,24.091378976791223,28.99757533515112,20.963989486432688,23.190031875549515,25.57642847202904
43.55131783738149,44.20060188834836,95.24394419647548,49.04253615348284,94.2325595021215,47.00120411627059,58.67765507730489,91.5782788013166
623.2106789278257,647.020665769378,572.855487075171,728.7382474640524,541.9086283943815,425.1521802172009,398.1403412337244,721.44364010423
0.4733653553336143,3.1230596784932647,0.0705373744848203,2.592611425100257,4.665842754826171,2.9019446868313508,0.6123917242553909,1.5524958725522096
112.417454770968,-5.703409448344587,828.783620945957,1053.9495306714362,742.6844353104592,449.2992733555395,177.9039128286363,469.1977123402476
3.378877720554839e-05,0.0018024803751634,15629.30111476581,20996.524249468308,18697.53537530648,22655.5668394693,-3269.2788516111186,1054.6353464602712
0.0002784011769982,0.0010234718511057,582.6271555808593,-899.2089841443203,1762.4369367692254,2421.4774042170275,-26.64957856229333,9.764003604953272e-05
-0.000793377523672,0.0019369326887458,-822.0846827729137,187.91651916419963,3104.368517440932,-33.427870823370085,-951.4249038753272,-0.0015215763621679
30.18259394326704,28.411106281833906,42.054500003510185,33.94903125351693,29.809125775183315,29.482006347419503,15.418238255933252,25.851919060616613
45.72407081138973,86.41077296110913,10.507545193487095,39.94416884692812,21.21889494270501,68.11286187906246,76.78879320248171,61.77017473386599
633.6041954503122,651.1979133891136,519.8976090836893,490.3825760297194,604.4861360462047,656.2192066640729,545.8152270007819,635.3624461954312
1.7481362164789545,3.955823387799294,0.1330759154980669,2.7728644056442304,0.597823410478762,4.200251890914103,-1.173788264196464,0.5549208311370679
250.9483531191385,405.4378130322356,-77.04497512473529,-201.4230579259281,1100.8928225005216,226.0323379311721,-426.0776498562278,80.19224068561891
-0.0031827863415744,-0.0001874997195441,26726.238070674382,21466.343659097423,14685.899563748782,15741.32523471974,-3969.4304237981296,661.127658905996
0.0014537056383094,0.0022214557544162,1508.8610198122672,830.8435807431913,-1717.9940019803585,263.7910473088135,-4.172735347538215,0.0007904756430398
0.0021090738831563,-0.0033741140227355,297.95611237457274,5013.888093102278,-441.1016904920616,-496.57161543686055,2.699140497836673e-05,-0.0005976288554429
16.585922420043207,25.034173365244143,15.171073544940825,35.63648704039636,28.61859863367182,35.32786187512967,39.129381252814206,17.22865128266193
68.92534493233833,79.70067343166201,42.1488425427124,93.1448375784942,15.178342004089778,19.42221036326542,36.94105162573668,94.55631322044968
1138.3493475968182,608.1324663906937,580.5487202023851,626.7008638325356,651.7276469990993,409.66558364395325,528.284312984397,359.08083256713684
1.9942528812629163,1.331340209154658,-1.0642204882471558,-0.11410844562897,2.4452198057102903,-0.1630780056796712,3.2981035540817745,0.079948012928763
-21.79049339429256,43.88291927673311,1824.1540024949943,-244.1919294002465,1378.9108514603145,1253.02587881084,1117.4739659327442,-263.941537318728
0.0009727508295636,0.0003202277497801,7970.721908750104,17947.20467400858,12142.411123732414,16940.616144476073,23687.445584598987,-2894.656582041565
-0.002561065639868,0.0005933785805404,-346.42689746135005,1574.083105317541,-1727.6973542456487,-1314.875802654089,394.2977721136554,0.0024605382837635
-0.0025511544952688,-0.0011488033060203,-452.6289181970963,3128.1935348573315,4063.942739181988,866.0022060477161,1964.1422367990644,0.0020553536654348
25.46695830952583,30.87161308526308,13.30343060771431,24.091378976791223,28.99757533515112,20.963989486432688,23.190031875549515,25.57642847202904
43.55131783738149,44.20060188834836,95.24394419647548,49.04253615348284,94.2325595021215,47.00120411627059,58.67765507730489,91.5782788013166
623.2106789278257,647.020665769378,572.855487075171,728.7382474640524,541.9086283943815,425.1521802172009,398.1403412337244,721.44364010423
0.4733653553336143,3.1230596784932647,0.0705373744848203,2.592611425100257,4.665842754826171,2.9019446868313508,0.6123917242553909,1.5524958725522096
112.417454770968,-5.703409448344587,828.783620945957,1053.9495306714362,742.6844353104592,449.2992733555395,177.9039128286363,469.1977123402476
3.378877720554839e-05,0.0018024803751634,15629.30111476581,20996.524249468308,18697.53537530648,22655.5668394693,-3269.2788516111186,1054.6353464602712
0.0002784011769982,0.0010234718511057,582.6271555808593,-899.2089841443203,1762.4369367692254,2421.4774042170275,-26.64957856229333,9.764003604953272e-05
-0.000793377523672,0.0019369326887458,-822.0846827729137,187.91651916419963,3104.368517440932,-33.427870823370085,-951.4249038753272,-0.0015215763621679
30.18259394326704,28.411106281833906,42.054500003510185,33.94903125351693,29.809125775183315,29.482006347419503,15.418238255933252,25.851919060616613
45.72407081138973,86.41077296110913,10.507545193487095,39.94416884692812,21.21889494270501,68.11286187906246,76.78879320248171,61.77017473386599
633.6041954503122,651.1979133891136,519.8976090836893,490.3825760297194,604.4861360462047,656.2192066640729,545.8152270007819,635.3624461954312
1.7481362164789545,3.955823387799294,0.1330759154980669,2.7728644056442304,0.597823410478762,4.200251890914103,-1.173788264196464,0.5549208311370679
250.9483531191385,405.4378130322356,-77.04497512473529,-201.4230579259281,1100.8928225005216,226.0323379311721,-426.0776498562278,80.19224068561891
-0.0031827863415744,-0.0001874997195441,26726.238070674382,21466.343659097423,14685.899563748782,15741.32523471974,-3969.4304237981296,661.127658905996
0.0014537056383094,0.0022214557544162,1508.8610198122672,830.8435807431913,-1717.9940019803585,263.7910473088135,-4.172735347538215,0.0007904756430398
0.0021090738831563,-0.0033741140227355,297.95611237457274,5013.888093102278,-441.1016904920616,-496.57161543686055,2.699140497836673e-05,-0.0005976288554429
16.585922420043207,25.034173365244143,15.171073544940825,35.63648704039636,28.61859863367182,35.32786187512967,39.129381252814206,17.22865128266193
68.92534493233833,79.70067343166201,42.1488425427124,93.1448375784942,15.178342004089778,19.42221036326542,36.94105162573668,94.55631322044968
1138.3493475968182,608.1324663906937,580.5487202023851,626.7008638325356,651.7276469990993,409.66558364395325,528.284312984397,359.08083256713684
1.9942528812629163,1.331340209154658,-1.0642204882471558,-0.11410844562897,2.4452198057102903,-0.1630780056796712,3.2981035540817745,0.079948012928763
-21.79049339429256,43.88291927673311,1824.1540024949943,-244.1919294002465,1378.9108514603145,1253.02587881084,1117.4739659327442,-263.941537318728
0.0009727508295636,0.0003202277497801,7970.721908750104,17947.20467400858,12142.411123732414,16940.616144476073,23687.445584598987,-2894.656582041565
-0.002561065639868,0.0005933785805404,-346.42689746135005,1574.083105317541,-1727.6973542456487,-1314.875802654089,394.2977721136554,0.0024605382837635
-0.0025511544952688,-0.0011488033060203,-452.6289181970963,3128.1935348573315,4063.942739181988,866.0022060477161,1964.1422367990644,0.0020553536654348
25.46695830952583,30.87161308526308,13.30343060771431,24.091378976791223,28.99757533515112,20.963989486432688,23.190031875549515,25.57642847202904
43.55131783738149,44.20060188834836,95.24394419647548,49.04253615348284,94.2325595021215,47.00120411627059,58.67765507730489,91.5782788013166
623.2106789278257,647.020665769378,572.855487075171,728.7382474640524,541.9086283943815,425.1521802172009,398.1403412337244,721.44364010423
0.4733653553336143,3.1230596784932647,0.0705373744848203,2.592611425100257,4.665842754826171,2.9019446868313508,0.6123917242553909,1.5524958725522096
112.417454770968,-5.703409448344587,828.783620945957,1053.9495306714362,742.6844353104592,449.2992733555395,177.9039128286363,469.1977123402476
3.378877720554839e-05,0.0018024803751634,15629.30111476581,20996.524249468308,18697.53537530648,22655.5668394693,-3269.2788516111186,1054.6353464602712
0.0002784011769982,0.0010234718511057,582.6271555808593,-899.2089841443203,1762.4369367692254,2421.4774042170275,-26.64957856229333,9.764003604953272e-05
-0.000793377523672,0.0019369326887458,-822.0846827729137,187.91651916419963,3104.368517440932,-33.427870823370085,-951.4249038753272,-0.0015215763621679
30.18259394326704,28.411106281833906,42.054500003510185,33.94903125351693,29.809125775183315,29.482006347419503,15.418238255933252,25.851919060616613
45.72407081138973,86.41077296110913,10.507545193487095,39.94416884692812,21.21889494270501,68.11286187906246,76.78879320248171,61.77017473386599
633.6041954503122,651.1979133891136,519.8976090836893,490.3825760297194,604.4861360462047,656.2192066640729,545.8152270007819,635.3624461954312
1.7481362164789545,3.955823387799294,0.1330759154980669,2.7728644056442304,0.597823410478762,4.200251890914103,-1.173788264196464,0.5549208311370679
250.9483531191385,405.4378130322356,-77.04497512473529,-201.4230579259281,1100.8928225005216,226.0323379311721,-426.0776498562278,80.19224068561891
-0.0031827863415744,-0.0001874997195441,26726.238070674382,21466.343659097423,14685.899563748782,15741.32523471974,-3969.4304237981296,661.127658905996
0.0014537056383094,0.0022214557544162,1508.8610198122672,830.8435807431913,-1717.9940019803585,263.7910473088135,-4.172735347538215,0.0007904756430398
0.0021090738831563,-0.0033741140227355,297.95611237457274,5013.888093102278,-441.1016904920616,-496.57161543686055,2.699140497836673e-05,-0.0005976288554429
16.585922420043207,25.034173365244143,15.171073544940825,35.63648704039636,28.61859863367182,35.32786187512967,39.129381252814206,17.22865128266193
68.92534493233833,79.70067343166201,42.1488425427124,93.1448375784942,15.178342004089778,19.42221036326542,36.94105162573668,94.55631322044968
1138.3493475968182,608.1324663906937,580.5487202023851,626.7008638325356,651.7276469990993,409.66558364395325,528.284312984397,359.08083256713684
1.9942528812629163,1.331340209154658,-1.0642204882471558,-0.11410844562897,2.4452198057102903,-0.1630780056796712,3.2981035540817745,0.079948012928763
-21.79049339429256,43.88291927673311,1824.1540024949943,-244.1919294002465,1378.9108514603145,1253.02587881084,1117.4739659327442,-263.941537318728
0.0009727508295636,0.0003202277497801,7970.721908750104,17947.20467400858,12142.411123732414,16940.616144476073,23687.445584598987,-2894.656582041565
-0.002561065639868,0.0005933785805404,-346.42689746135005,1574.083105317541,-1727.6973542456487,-1314.875802654089,394.2977721136554,0.0024605382837635
-0.0025511544952688,-0.0011488033060203,-452.6289181970963,3128.1935348573315,4063.942739181988,866.0022060477161,1964.1422367990644,0.0020553536654348
25.46695830952583,30.87161308526308,13.30343060771431,24.091378976791223,28.99757533515112,20.963989486432688,23.190031875549515,25.57642847202904
43.55131783738149,44.20060188834836,95.24394419647548,49.04253615348284,94.2325595021215,47.00120411627059,58.67765507730489,91.5782788013166
623.2106789278257,647.020665769378,572.855487075171,728.7382474640524,541.9086283943815,425.1521802172009,398.1403412337244,721.44364010423
0.4733653553336143,3.1230596784932647,0.0705373744848203,2.592611425100257,4.665842754826171,2.9019446868313508,0.6123917242553909,1.5524958725522096
112.417454770968,-5.703409448344587,828.783620945957,1053.9495306714362,742.6844353104592,449.2992733555395,177.9039128286363,469.1977123402476
3.378877720554839e-05,0.0018024803751634,15629.30111476581,20996.524249468308,18697.53537530648,22655.5668394693,-3269.2788516111186,1054.6353464602712
0.0002784011769982,0.0010234718511057,582.6271555808593,-899.2089841443203,1762.4369367692254,2421.4774042170275,-26.64957856229333,9.764003604953272e-05
-0.000793377523672,0.0019369326887458,-822.0846827729137,187.91651916419963,3104.368517440932,-33.427870823370085,-951.4249038753272,-0.0015215763621679
30.18259394326704,28.411106281833906,42.054500003510185,33.94903125351693,29.809125775183315,29.482006347419503,15.418238255933252,25.851919060616613
45.72407081138973,86.41077296110913,10.507545193487095,39.94416884692812,21.21889494270501,68.11286187906246,76.78879320248171,61.77017473386599
633.6041954503122,651.1979133891136,519.8976090836893,490.3825760297194,604.4861360462047,656.2192066640729,545.8152270007819,635.3624461954312
1.7481362164789545,3.955823387799294,0.1330759154980669,2.7728644056442304,0.597823410478762,4.200251890914103,-1.173788264196464,0.5549208311370679
250.9483531191385,405.4378130322356,-77.04497512473529,-201.4230579259281,1100.8928225005216,226.0323379311721,-426.0776498562278,80.19224068561891
-0.0031827863415744,-0.0001874997195441,26726.238070674382,21466.343659097423,14685.899563748782,15741.32523471974,-3969.4304237981296,661.127658905996
0.0014537056383094,0.0022214557544162,1508.8610198122672,830.8435807431913,-1717.9940019803585,263.7910473088135,-4.172735347538215,0.0007904756430398
0.0021090738831563,-0.0033741140227355,297.95611237457274,5013.888093102278,-441.1016904920616,-496.57161543686055,2.699140497836673e-05,-0.0005976288554429
16.585922420043207,25.034173365244143,15.171073544940825,35.63648704039636,28.61859863367182,35.32786187512967,39.129381252814206,17.22865128266193
68.92534493233833,79.70067343166201,42.1488425427124,93.1448375784942,15.178342004089778,19.42221036326542,36.94105162573668,94.55631322044968
1138.3493475968182,608.1324663906937,580.5487202023851,626.7008638325356,651.7276469990993,409.66558364395325,528.284312984397,359.08083256713684
1.9942528812629163,1.331340209154658,-1.0642204882471558,-0.11410844562897,2.4452198057102903,-0.1630780056796712,3.2981035540817745,0.079948012928763
-21.79049339429256,43.88291927673311,1824.1540024949943,-244.1919294002465,1378.9108514603145,1253.02587881084,1117.4739659327442,-263.941537318728
0.0009727508295636,0.0003202277497801,7970.721908750104,17947.20467400858,12142.411123732414,16940.616144476073,23687.445584598987,-2894.656582041565
-0.002561065639868,0.0005933785805404,-346.42689746135005,1574.083105317541,-1727.6973542456487,-1314.875802654089,394.2977721136554,0.0024605382837635
-0.0025511544952688,-0.0011488033060203,-452.6289181970963,3128.1935348573315,4063.942739181988,866.0022060477161,1964.1422367990644,0.0020553536654348
25.46695830952583,30.87161308526308,13.30343060771431,24.091378976791223,28.99757533515112,20.963989486432688,23.190031875549515,25.57642847202904
43.55131783738149,44.20060188834836,95.24394419647548,49.04253615348284,94.2325595021215,47.00120411627059,58.67765507730489,91.5782788013166
623.2106789278257,647.020665769378,572.855487075171,728.7382474640524,541.9086283943815,425.1521802172009,398.1403412337244,721.44364010423
0.4733653553336143,3.1230596784932647,0.0705373744848203,2.592611425100257,4.665842754826171,2.9019446868313508,0.6123917242553909,1.5524958725522096
112.417454770968,-5.703409448344587,828.783620945957,1053.9495306714362,742.6844353104592,449.2992733555395,177.9039128286363,469.1977123402476
3.378877720554839e-05,0.0018024803751634,15629.30111476581,20996.524249468308,18697.53537530648,22655.5668394693,-3269.2788516111186,1054.6353464602712
0.0002784011769982,0.0010234718511057,582.6271555808593,-899.2089841443203,1762.4369367692254,2421.4774042170275,-26.64957856229333,9.764003604953272e-05
-0.000793377523672,0.0019369326887458,-822.0846827729137,187.91651916419963,3104.368517440932,-33.427870823370085,-951.4249038753272,-0.0015215763621679
30.18259394326704,28.411106281833906,42.054500003510185,33.94903125351693,29.809125775183315,29.482006347419503,15.418238255933252,25.851919060616613
45.72407081138973,86.41077296110913,10.507545193487095,39.94416884692812,21.21889494270501,68.11286187906246,76.78879320248171,61.77017473386599
633.6041954503122,651.1979133891136,519.8976090836893,490.3825760297194,604.4861360462047,656.2192066640729,545.8152270007819,635.3624461954312
1.7481362164789545,3.955823387799294,0.1330759154980669,2.7728644056442304,0.597823410478762,4.200251890914103,-1.173788264196464,0.5549208311370679
250.9483531191385,405.4378130322356,-77.04497512473529,-201.4230579259281,1100.8928225005216,226.0323379311721,-426.0776498562278,80.19224068561891
-0.0031827863415744,-0.0001874997195441,26726.238070674382,21466.343659097423,14685.899563748782,15741.32523471974,-3969.4304237981296,661.127658905996
0.0014537056383094,0.0022214557544162,1508.8610198122672,830.8435807431913,-1717.9940019803585,263.7910473088135,-4.172735347538215,0.0007904756430398
0.0021090738831563,-0.0033741140227355,297.95611237457274,5013.888093102278,-441.1016904920616,-496.57161543686055,2.699140497836673e-05,-0.0005976288554429
16.585922420043207,25.034173365244143,15.171073544940825,35.63648704039636,28.61859863367182,35.32786187512967,39.129381252814206,17.22865128266193
68.92534493233833,79.70067343166201,42.1488425427124,93.1448375784942,15.178342004089778,19.42221036326542,36.94105162573668,94.55631322044968
1138.3493475968182,608.1324663906937,580.5487202023851,626.7008638325356,651.7276469990993,409.66558364395325,528.284312984397,359.08083256713684
1.9942528812629163,1.331340209154658,-1.0642204882471558,-0.11410844562897,2.4452198057102903,-0.1630780056796712,3.2981035540817745,0.079948012928763
-21.79049339429256,43.88291927673311,1824.1540024949943,-244.1919294002465,1378.9108514603145,1253.02587881084,1117.4739659327442,-263.941537318728
0.0009727508295636,0.0003202277497801,7970.721908750104,17947.20467400858,12142.411123732414,16940.616144476073,23687.445584598987,-2894.656582041565
-0.002561065639868,0.0005933785805404,-346.42689746135005,1574.083105317541,-1727.6973542456487,-1314.875802654089,394.2977721136554,0.0024605382837635
-0.0025511544952688,-0.0011488033060203,-452.6289181970963,3128.1935348573315,4063.942739181988,866.0022060477161,1964.1422367990644,0.0020553536654348
25.46695830952583,30.87161308526308,13.30343060771431,24.091378976791223,28.99757533515112,20.963989486432688,23.190031875549515,25.57642847202904
43.55131783738149,44.20060188834836,95.24394419647548,49.04253615348284,94.2325595021215,47.00120411627059,58.67765507730489,91.5782788013166
623.2106789278257,647.020665769378,572.855487075171,728.7382474640524,541.9086283943815,425.1521802172009,398.1403412337244,721.44364010423
0.4733653553336143,3.1230596784932647,0.0705373744848203,2.592611425100257,4.665842754826171,2.9019446868313508,0.6123917242553909,1.5524958725522096
112.417454770968,-5.703409448344587,828.783620945957,1053.9495306714362,742.6844353104592,449.2992733555395,177.9039128286363,469.1977123402476
3.378877720554839e-05,0.0018024803751634,15629.30111476581,20996.524249468308,18697.53537530648,22655.5668394693,-3269.2788516111186,1054.6353464602712
0.0002784011769982,0.0010234718511057,582.6271555808593,-899.2089841443203,1762.4369367692254,2421.4774042170275,-26.64957856229333,9.764003604953272e-05
-0.000793377523672,0.0019369326887458,-822.0846827729137,187.91651916419963,3104.368517440932,-33.427870823370085,-951.4249038753272,-0.0015215763621679
30.18259394326704,28.411106281833906,42.054500003510185,33.94903125351693,29.809125775183315,29.482006347419503,15.418238255933252,25.851919060616613
45.72407081138973,86.41077296110913,10.507545193487095,39.94416884692812,21.21889494270501,68.11286187906246,76.78879320248171,61.77017473386599
633.6041954503122,651.1979133891136,519.8976090836893,490.3825760297194,604.4861360462047,656.2192066640729,545.8152270007819,635.3624461954312
1.7481362164789545,3.955823387799294,0.1330759154980669,2.7728644056442304,0.597823410478762,4.200251890914103,-1.173788264196464,0.5549208311370679
250.9483531191385,405.4378130322356,-77.04497512473529,-201.4230579259281,1100.8928225005216,226.0323379311721,-426.0776498562278,80.19224068561891
-0.0031827863415744,-0.0001874997195441,26726.238070674382,21466.343659097423,14685.899563748782,15741.32523471974,-3969.4304237981296,661.127658905996
0.0014537056383094,0.0022214557544162,1508.8610198122672,830.8435807431913,-1717.9940019803585,263.7910473088135,-4.172735347538215,0.0007904756430398
0.0021090738831563,-0.0033741140227355,297.95611237457274,5013.888093102278,-441.1016904920616,-496.57161543686055,2.699140497836673e-05,-0.0005976288554429
16.585922420043207,25.034173365244143,15.171073544940825,35.63648704039636,28.61859863367182,35.32786187512967,39.129381252814206,17.22865128266193
68.92534493233833,79.70067343166201,42.1488425427124,93.1448375784942,15.178342004089778,19.42221036326542,36.94105162573668,94.55631322044968
1138.3493475968182,608.1324663906937,580.5487202023851,626.7008638325356,651.7276469990993,409.66558364395325,528.284312984397,359.08083256713684
1.9942528812629163,1.331340209154658,-1.0642204882471558,-0.11410844562897,2.4452198057102903,-0.1630780056796712,3.2981035540817745,0.079948012928763
-21.79049339429256,43.88291927673311,1824.1540024949943,-244.1919294002465,1378.9108514603145,1253.02587881084,1117.4739659327442,-263.941537318728
0.0009727508295636,0.0003202277497801,7970.721908750104,17947.20467400858,12142.411123732414,16940.616144476073,23687.445584598987,-2894.656582041565
-0.002561065639868,0.0005933785805404,-346.42689746135005,1574.083105317541,-1727.6973542456487,-1314.875802654089,394.2977721136554,0.0024605382837635
-0.0025511544952688,-0.0011488033060203,-452.6289181970963,3128.1935348573315,4063.942739181988,866.0022060477161,1964.1422367990644,0.0020553536654348
25.46695830952583,30.87161308526308,13.30343060771431,24.091378976791223,28.99757533515112,20.963989486432688,23.190031875549515,25.57642847202904
43.55131783738149,44.20060188834836,95.24394419647548,49.04253615348284,94.2325595021215,47.00120411627059,58.67765507730489,91.5782788013166
623.2106789278257,647.020665769378,572.855487075171,728.7382474640524,541.9086283943815,425.1521802172009,398.1403412337244,721.44364010423
0.4733653553336143,3.1230596784932647,0.0705373744848203,2.592611425100257,4.665842754826171,2.9019446868313508,0.6123917242553909,1.5524958725522096
112.417454770968,-5.703409448344587,828.783620945957,1053.9495306714362,742.6844353104592,449.2992733555395,177.9039128286363,469.1977123402476
3.378877720554839e-05,0.0018024803751634,15629.30111476581,20996.524249468308,18697.53537530648,22655.5668394693,-3269.2788516111186,1054.6353464602712
0.0002784011769982,0.0010234718511057,582.6271555808593,-899.2089841443203,1762.4369367692254,2421.4774042170275,-26.64957856229333,9.764003604953272e-05
-0.000793377523672,0.0019369326887458,-822.0846827729137,187.91651916419963,3104.368517440932,-33.427870823370085,-951.4249038753272,-0.0015215763621679
30.18259394326704,28.411106281833906,42.054500003510185,33.94903125351693,29.809125775183315,29.482006347419503,15.418238255933252,25.851919060616613
45.72407081138973,86.41077296110913,10.507545193487095,39.94416884692812,21.21889494270501,68.11286187906246,76.78879320248171,61.77017473386599
633.6041954503122,651.1979133891136,519.8976090836893,490.3825760297194,604.4861360462047,656.2192066640729,545.8152270007819,635.3624461954312
1.7481362164789545,3.955823387799294,0.1330759154980669,2.7728644056442304,0.597823410478762,4.200251890914103,-1.173788264196464,0.5549208311370679
250.9483531191385,405.4378130322356,-77.04497512473529,-201.4230579259281,1100.8928225005216,226.0323379311721,-426.0776498562278,80.19224068561891
-0.0031827863415744,-0.0001874997195441,26726.238070674382,21466.343659097423,14685.899563748782,15741.32523471974,-3969.4304237981296,661.127658905996
0.0014537056383094,0.0022214557544162,1508.8610198122672,830.8435807431913,-1717.9940019803585,263.7910473088135,-4.172735347538215,0.0007904756430398
0.0021090738831563,-0.0033741140227355,297.95611237457274,5013.888093102278,-441.1016904920616,-496.57161543686055,2.699140497836673e-05,-0.0005976288554429
16.585922420043207,25.034173365244143,15.171073544940825,35.63648704039636,28.61859863367182,35.32786187512967,39.129381252814206,17.22865128266193
68.92534493233833,79.70067343166201,42.1488425427124,93.1448375784942,15.178342004089778,19.42221036326542,36.94105162573668,94.55631322044968
1138.3493475968182,608.1324663906937,580.5487202023851,626.7008638325356,651.7276469990993,409.66558364395325,528.284312984397,359.08083256713684
1.9942528812629163,1.331340209154658,-1.0642204882471558,-0.11410844562897,2.4452198057102903,-0.1630780056796712,3.2981035540817745,0.079948012928763
-21.79049339429256,43.88291927673311,1824.1540024949943,-244.1919294002465,1378.9108514603145,1253.02587881084,1117.4739659327442,-263.941537318728
0.0009727508295636,0.0003202277497801,7970.721908750104,17947.20467400858,12142.411123732414,16940.616144476073,23687.445584598987,-2894.656582041565
-0.002561065639868,0.0005933785805404,-346.42689746135005,1574.083105317541,-1727.6973542456487,-1314.875802654089,394.2977721136554,0.0024605382837635
-0.0025511544952688,-0.0011488033060203,-452.6289181970963,3128.1935348573315,4063.942739181988,866.0022060477161,1964.1422367990644,0.0020553536654348
25.46695830952583,30.87161308526308,13.30343060771431,24.091378976791223,28.99757533515112,20.963989486432688,23.190031875549515,25.57642847202904
43.55131783738149,44.20060188834836,95.24394419647548,49.04253615348284,94.2325595021215,47.00120411627059,58.67765507730489,91.5782788013166
623.2106789278257,647.020665769378,572.855487075171,728.7382474640524,541.9086283943815,425.1521802172009,398.1403412337244,721.44364010423
0.4733653553336143,3.1230596784932647,0.0705373744848203,2.592611425100257,4.665842754826171,2.9019446868313508,0.6123917242553909,1.5524958725522096
112.417454770968,-5.703409448344587,828.783620945957,1053.9495306714362,742.6844353104592,449.2992733555395,177.9039128286363,469.1977123402476
3.378877720554839e-05,0.0018024803751634,15629.30111476581,20996.524249468308,18697.53537530648,22655.5668394693,-3269.2788516111186,1054.6353464602712
0.0002784011769982,0.0010234718511057,582.6271555808593,-899.2089841443203,1762.4369367692254,2421.4774042170275,-26.64957856229333,9.764003604953272e-05
-0.000793377523672,0.0019369326887458,-822.0846827729137,187.91651916419963,3104.368517440932,-33.427870823370085,-951.4249038753272,-0.0015215763621679
30.18259394326704,28.411106281833906,42.054500003510185,33.94903125351693,29.809125775183315,29.482006347419503,15.418238255933252,25.851919060616613
45.72407081138973,86.41077296110913,10.507545193487095,39.94416884692812,21.21889494270501,68.11286187906246,76.78879320248171,61.77017473386599
633.6041954503122,651.1979133891136,519.8976090836893,490.3825760297194,604.4861360462047,656.2192066640729,545.8152270007819,635.3624461954312
1.7481362164789545,3.955823387799294,0.1330759154980669,2.7728644056442304,0.597823410478762,4.200251890914103,-1.173788264196464,0.5549208311370679
250.9483531191385,405.4378130322356,-77.04497512473529,-201.4230579259281,1100.8928225005216,226.0323379311721,-426.0776498562278,80.19224068561891
-0.0031827863415744,-0.0001874997195441,26726.238070674382,21466.343659097423,14685.899563748782,15741.32523471974,-3969.4304237981296,661.127658905996
0.0014537056383094,0.0022214557544162,1508.8610198122672,830.8435807431913,-1717.9940019803585,263.7910473088135,-4.172735347538215,0.0007904756430398
0.0021090738831563,-0.0033741140227355,297.95611237457274,5013.888093102278,-441.1016904920616,-496.57161543686055,2.699140497836673e-05,-0.0005976288554429
16.585922420043207,25.034173365244143,15.171073544940825,35.63648704039636,28.61859863367182,35.32786187512967,39.129381252814206,17.22865128266193
68.92534493233833,79.70067343166201,42.1488425427124,93.1448375784942,15.178342004089778,19.42221036326542,36.94105162573668,94.55631322044968
1138.3493475968182,608.1324663906937,580.5487202023851,626.7008638325356,651.7276469990993,409.66558364395325,528.284312984397,359.08083256713684
1.9942528812629163,1.331340209154658,-1.0642204882471558,-0.11410844562897,2.4452198057102903,-0.1630780056796712,3.2981035540817745,0.079948012928763
-21.79049339429256,43.88291927673311,1824.1540024949943,-244.1919294002465,1378.9108514603145,1253.02587881084,1117.4739659327442,-263.941537318728
0.0009727508295636,0.0003202277497801,7970.721908750104,17947.20467400858,12142.411123732414,16940.616144476073,23687.445584598987,-2894.656582041565
-0.002561065639868,0.0005933785805404,-346.42689746135005,1574.083105317541,-1727.6973542456487,-1314.875802654089,394.2977721136554,0.0024605382837635
-0.0025511544952688,-0.0011488033060203,-452.6289181970963,3128.1935348573315,4063.942739181988,866.0022060477161,1964.1422367990644,0.0020553536654348
25.46695830952583,30.87161308526308,13.30343060771431,24.091378976791223,28.99757533515112,20.963989486432688,23.190031875549515,25.57642847202904
43.55131783738149,44.20060188834836,95.24394419647548,49.04253615348284,94.2325595021215,47.00120411627059,58.67765507730489,91.5782788013166
623.2106789278257,647.020665769378,572.855487075171,728.7382474640524,541.9086283943815,425.1521802172009,398.1403412337244,721.44364010423
0.4733653553336143,3.1230596784932647,0.0705373744848203,2.592611425100257,4.665842754826171,2.9019446868313508,0.6123917242553909,1.5524958725522096
112.417454770968,-5.703409448344587,828.783620945957,1053.9495306714362,742.6844353104592,449.2992733555395,177.9039128286363,469.1977123402476
3.378877720554839e-05,0.0018024803751634,15629.30111476581,20996.524249468308,18697.53537530648,22655.5668394693,-3269.2788516111186,1054.6353464602712
0.0002784011769982,0.0010234718511057,582.6271555808593,-899.2089841443203,1762.4369367692254,2421.4774042170275,-26.64957856229333,9.764003604953272e-05
-0.000793377523672,0.0019369326887458,-822.0846827729137,187.91651916419963,3104.368517440932,-33.427870823370085,-951.4249038753272,-0.0015215763621679
30.18259394326704,28.411106281833906,42.054500003510185,33.94903125351693,29.809125775183315,29.482006347419503,15.418238255933252,25.851919060616613
45.72407081138973,86.41077296110913,10.507545193487095,39.94416884692812,21.21889494270501,68.11286187906246,76.78879320248171,61.77017473386599
633.6041954503122,651.1979133891136,519.8976090836893,490.3825760297194,604.4861360462047,656.2192066640729,545.8152270007819,635.3624461954312
1.7481362164789545,3.955823387799294,0.1330759154980669,2.7728644056442304,0.597823410478762,4.200251890914103,-1.173788264196464,0.5549208311370679
250.9483531191385,405.4378130322356,-77.04497512473529,-201.4230579259281,1100.8928225005216,226.0323379311721,-426.0776498562278,80.19224068561891
-0.0031827863415744,-0.0001874997195441,26726.238070674382,21466.343659097423,14685.899563748782,15741.32523471974,-3969.4304237981296,661.127658905996
0.0014537056383094,0.0022214557544162,1508.8610198122672,830.8435807431913,-1717.9940019803585,263.7910473088135,-4.172735347538215,0.0007904756430398
0.0021090738831563,-0.0033741140227355,297.95611237457274,5013.888093102278,-441.1016904920616,-496.57161543686055,2.699140497836673e-05,-0.0005976288554429
16.585922420043207,25.034173365244143,15.171073544940825,35.63648704039636,28.61859863367182,35.32786187512967,39.129381252814206,17.22865128266193
68.92534493233833,79.70067343166201,42.1488425427124,93.1448375784942,15.178342004089778,19.42221036326542,36.94105162573668,94.55631322044968
1138.3493475968182,608.1324663906937,580.5487202023851,626.7008638325356,651.7276469990993,409.66558364395325,528.284312984397,359.08083256713684
1.9942528812629163,1.331340209154658,-1.0642204882471558,-0.11410844562897,2.4452198057102903,-0.1630780056796712,3.2981035540817745,0.079948012928763
-21.79049339429256,43.88291927673311,1824.1540024949943,-244.1919294002465,1378.9108514603145,1253.02587881084,1117.4739659327442,-263.941537318728
0.0009727508295636,0.0003202277497801,7970.721908750104,17947.20467400858,12142.411123732414,16940.616144476073,23687.445584598987,-2894.656582041565
-0.002561065639868,0.0005933785805404,-346.42689746135005,1574.083105317541,-1727.6973542456487,-1314.875802654089,394.2977721136554,0.0024605382837635
-0.0025511544952688,-0.0011488033060203,-452.6289181970963,3128.1935348573315,4063.942739181988,866.0022060477161,1964.1422367990644,0.0020553536654348
25.46695830952583,30.87161308526308,13.30343060771431,24.091378976791223,28.99757533515112,20.963989486432688,23.190031875549515,25.57642847202904
43.55131783738149,44.20060188834836,95.24394419647548,49.04253615348284,94.2325595021215,47.00120411627059,58.67765507730489,91.5782788013166
623.2106789278257,647.020665769378,572.855487075171,728.7382474640524,541.9086283943815,425.1521802172009,398.1403412337244,721.44364010423
0.4733653553336143,3.1230596784932647,0.0705373744848203,2.592611425100257,4.665842754826171,2.9019446868313508,0.6123917242553909,1.5524958725522096
112.417454770968,-5.703409448344587,828.783620945957,1053.9495306714362,742.6844353104592,449.2992733555395,177.9039128286363,469.1977123402476
3.378877720554839e-05,0.0018024803751634,15629.30111476581,20996.524249468308,18697.53537530648,22655.5668394693,-3269.2788516111186,1054.6353464602712
0.0002784011769982,0.0010234718511057,582.6271555808593,-899.2089841443203,1762.4369367692254,2421.4774042170275,-26.64957856229333,9.764003604953272e-05
-0.000793377523672,0.0019369326887458,-822.0846827729137,187.91651916419963,3104.368517440932,-33.427870823370085,-951.4249038753272,-0.0015215763621679
30.18259394326704,28.411106281833906,42.054500003510185,33.94903125351693,29.809125775183315,29.482006347419503,15.418238255933252,25.851919060616613
45.72407081138973,86.41077296110913,10.507545193487095,39.94416884692812,21.21889494270501,68.11286187906246,76.78879320248171,61.77017473386599
633.6041954503122,651.1979133891136,519.8976090836893,490.3825760297194,604.4861360462047,656.2192066640729,545.8152270007819,635.3624461954312
1.7481362164789545,3.955823387799294,0.1330759154980669,2.7728644056442304,0.597823410478762,4.200251890914103,-1.173788264196464,0.5549208311370679
250.9483531191385,405.4378130322356,-77.04497512473529,-201.4230579259281,1100.8928225005216,226.0323379311721,-426.0776498562278,80.19224068561891
-0.0031827863415744,-0.0001874997195441,26726.238070674382,21466.343659097423,14685.899563748782,15741.32523471974,-3969.4304237981296,661.127658905996
0.0014537056383094,0.0022214557544162,1508.8610198122672,830.8435807431913,-1717.9940019803585,263.7910473088135,-4.172735347538215,0.0007904756430398
0.0021090738831563,-0.0033741140227355,297.95611237457274,5013.888093102278,-441.1016904920616,-496.57161543686055,2.699140497836673e-05,-0.0005976288554429
16.585922420043207,25.034173365244143,15.171073544940825,35.63648704039636,28.61859863367182,35.32786187512967,39.129381252814206,17.22865128266193
68.92534493233833,79.70067343166201,42.1488425427124,93.1448375784942,15.178342004089778,19.42221036326542,36.94105162573668,94.55631322044968
1138.3493475968182,608.1324663906937,580.5487202023851,626.7008638325356,651.7276469990993,409.66558364395325,528.284312984397,359.08083256713684
1.9942528812629163,1.331340209154658,-1.0642204882471558,-0.11410844562897,2.4452198057102903,-0.1630780056796712,3.2981035540817745,0.079948012928763
-21.79049339429256,43.88291927673311,1824.1540024949943,-244.1919294002465,1378.9108514603145,1253.02587881084,1117.4739659327442,-263.941537318728
0.0009727508295636,0.0003202277497801,7970.721908750104,17947.20467400858,12142.411123732414,16940.616144476073,23687.445584598987,-2894.656582041565
-0.002561065639868,0.0005933785805404,-346.42689746135005,1574.083105317541,-1727.6973542456487,-1314.875802654089,394.2977721136554,0.0024605382837635
-0.0025511544952688,-0.0011488033060203,-452.6289181970963,3128.1935348573315,4063.942739181988,866.0022060477161,1964.1422367990644,0.0020553536654348
25.46695830952583,30.87161308526308,13.30343060771431,24.091378976791223,28.99757533515112,20.963989486432688,23.190031875549515,25.57642847202904
43.55131783738149,44.20060188834836,95.24394419647548,49.04253615348284,94.2325595021215,47.00120411627059,58.67765507730489,91.5782788013166
623.2106789278257,647.020665769378,572.855487075171,728.7382474640524,541.9086283943815,425.1521802172009,398.1403412337244,721.44364010423
0.4733653553336143,3.1230596784932647,0.0705373744848203,2.592611425100257,4.665842754826171,2.9019446868313508,0.6123917242553909,1.5524958725522096
112.417454770968,-5.703409448344587,828.783620945957,1053.9495306714362,742.6844353104592,449.2992733555395,177.9039128286363,469.1977123402476
3.378877720554839e-05,0.0018024803751634,15629.30111476581,20996.524249468308,18697.53537530648,22655.5668394693,-3269.2788516111186,1054.6353464602712
0.0002784011769982,0.0010234718511057,582.6271555808593,-899.2089841443203,1762.4369367692254,2421.4774042170275,-26.64957856229333,9.764003604953272e-05
-0.000793377523672,0.0019369326887458,-822.0846827729137,187.91651916419963,3104.368517440932,-33.427870823370085,-951.4249038753272,-0.0015215763621679
30.18259394326704,28.411106281833906,42.054500003510185,33.94903125351693,29.809125775183315,29.482006347419503,15.418238255933252,25.851919060616613
45.72407081138973,86.41077296110913,10.507545193487095,39.94416884692812,21.21889494270501,68.11286187906246,76.78879320248171,61.77017473386599
633.6041954503122,651.1979133891136,519.8976090836893,490.3825760297194,604.4861360462047,656.2192066640729,545.8152270007819,635.3624461954312
1.7481362164789545,3.955823387799294,0.1330759154980669,2.7728644056442304,0.597823410478762,4.200251890914103,-1.173788264196464,0.5549208311370679
250.9483531191385,405.4378130322356,-77.04497512473529,-201.4230579259281,1100.8928225005216,226.0323379311721,-426.0776498562278,80.19224068561891
-0.0031827863415744,-0.0001874997195441,26726.238070674382,21466.343659097423,14685.899563748782,15741.32523471974,-3969.4304237981296,661.127658905996
0.0014537056383094,0.0022214557544162,1508.8610198122672,830.8435807431913,-1717.9940019803585,263.7910473088135,-4.172735347538215,0.0007904756430398
0.0021090738831563,-0.0033741140227355,297.95611237457274,5013.888093102278,-441.1016904920616,-496.57161543686055,2.699140497836673e-05,-0.0005976288554429
16.585922420043207,25.034173365244143,15.171073544940825,35.63648704039636,28.61859863367182,35.32786187512967,39.129381252814206,17.22865128266193
68.92534493233833,79.70067343166201,42.1488425427124,93.1448375784942,15.178342004089778,19.42221036326542,36.94105162573668,94.55631322044968
1138.3493475968182,608.1324663906937,580.5487202023851,626.7008638325356,651.7276469990993,409.66558364395325,528.284312984397,359.08083256713684
1.9942528812629163,1.331340209154658,-1.0642204882471558,-0.11410844562897,2.4452198057102903,-0.1630780056796712,3.2981035540817745,0.079948012928763
-21.79049339429256,43.88291927673311,1824.1540024949943,-244.1919294002465,1378.9108514603145,1253.02587881084,1117.4739659327442,-263.941537318728
0.0009727508295636,0.0003202277497801,7970.721908750104,17947.20467400858,12142.411123732414,16940.616144476073,23687.445584598987,-2894.656582041565
-0.002561065639868,0.0005933785805404,-346.42689746135005,1574.083105317541,-1727.6973542456487,-1314.875802654089,394.2977721136554,0.0024605382837635
-0.0025511544952688,-0.0011488033060203,-452.6289181970963,3128.1935348573315,4063.942739181988,866.0022060477161,1964.1422367990644,0.0020553536654348
25.46695830952583,30.87161308526308,13.30343060771431,24.091378976791223,28.99757533515112,20.963989486432688,23.190031875549515,25.57642847202904
43.55131783738149,44.20060188834836,95.24394419647548,49.04253615348284,94.2325595021215,47.00120411627059,58.67765507730489,91.5782788013166
623.2106789278257,647.020665769378,572.855487075171,728.7382474640524,541.9086283943815,425.1521802172009,398.1403412337244,721.44364010423
0.4733653553336143,3.1230596784932647,0.0705373744848203,2.592611425100257,4.665842754826171,2.9019446868313508,0.6123917242553909,1.5524958725522096
112.417454770968,-5.703409448344587,828.783620945957,1053.9495306714362,742.6844353104592,449.2992733555395,177.9039128286363,469.1977123402476
3.378877720554839e-05,0.0018024803751634,15629.30111476581,20996.524249468308,18697.53537530648,22655.5668394693,-3269.2788516111186,1054.6353464602712
0.0002784011769982,0.0010234718511057,582.6271555808593,-899.2089841443203,1762.4369367692254,2421.4774042170275,-26.64957856229333,9.764003604953272e-05
-0.000793377523672,0.0019369326887458,-822.0846827729137,187.91651916419963,3104.368517440932,-33.427870823370085,-951.4249038753272,-0.0015215763621679
30.18259394326704,28.411106281833906,42.054500003510185,33.94903125351693,29.809125775183315,29.482006347419503,15.418238255933252,25.851919060616613
45.72407081138973,86.41077296110913,10.507545193487095,39.94416884692812,21.21889494270501,68.11286187906246,76.78879320248171,61.77017473386599
633.6041954503122,651.1979133891136,519.8976090836893,490.3825760297194,604.4861360462047,656.2192066640729,545.8152270007819,635.3624461954312
1.7481362164789545,3.955823387799294,0.1330759154980669,2.7728644056442304,0.597823410478762,4.200251890914103,-1.173788264196464,0.5549208311370679
250.9483531191385,405.4378130322356,-77.04497512473529,-201.4230579259281,1100.8928225005216,226.0323379311721,-426.0776498562278,80.19224068561891
-0.0031827863415744,-0.0001874997195441,26726.238070674382,21466.343659097423,14685.899563748782,15741.32523471974,-3969.4304237981296,661.127658905996
0.0014537056383094,0.0022214557544162,1508.8610198122672,830.8435807431913,-1717.9940019803585,263.7910473088135,-4.172735347538215,0.0007904756430398
0.0021090738831563,-0.0033741140227355,297.95611237457274,5013.888093102278,-441.1016904920616,-496.57161543686055,2.699140497836673e-05,-0.0005976288554429
16.585922420043207,25.034173365244143,15.171073544940825,35.63648704039636,28.61859863367182,35.32786187512967,39.129381252814206,17.22865128266193
68.92534493233833,79.70067343166201,42.1488425427124,93.1448375784942,15.178342004089778,19.42221036326542,36.94105162573668,94.55631322044968
1138.3493475968182,608.1324663906937,580.5487202023851,626.7008638325356,651.7276469990993,409.66558364395325,528.284312984397,359.08083256713684
1.9942528812629163,1.331340209154658,-1.0642204882471558,-0.11410844562897,2.4452198057102903,-0.1630780056796712,3.2981035540817745,0.079948012928763
-21.79049339429256,43.88291927673311,1824.1540024949943,-244.1919294002465,1378.9108514603145,1253.02587881084,1117.4739659327442,-263.941537318728
0.0009727508295636,0.0003202277497801,7970.721908750104,17947.20467400858,12142.411123732414,16940.616144476073,23687.445584598987,-2894.656582041565
-0.002561065639868,0.0005933785805404,-346.42689746135005,1574.083105317541,-1727.6973542456487,-1314.875802654089,394.2977721136554,0.0024605382837635
-0.0025511544952688,-0.0011488033060203,-452.6289181970963,3128.1935348573315,4063.942739181988,866.0022060477161,1964.1422367990644,0.0020553536654348
25.46695830952583,30.87161308526308,13.30343060771431,24.091378976791223,28.99757533515112,20.963989486432688,23.190031875549515,25.57642847202904
43.55131783738149,44.20060188834836,95.24394419647548,49.04253615348284,94.2325595021215,47.00120411627059,58.67765507730489,91.5782788013166
623.2106789278257,647.020665769378,572.855487075171,728.7382474640524,541.9086283943815,425.1521802172009,398.1403412337244,721.44364010423
0.4733653553336143,3.1230596784932647,0.0705373744848203,2.592611425100257,4.665842754826171,2.9019446868313508,0.6123917242553909,1.5524958725522096
112.417454770968,-5.703409448344587,828.783620945957,1053.9495306714362,742.6844353104592,449.2992733555395,177.9039128286363,469.1977123402476
3.378877720554839e-05,0.0018024803751634,15629.30111476581,20996.524249468308,18697.53537530648,22655.5668394693,-3269.2788516111186,1054.6353464602712
0.0002784011769982,0.0010234718511057,582.6271555808593,-899.2089841443203,1762.4369367692254,2421.4774042170275,-26.64957856229333,9.764003604953272e-05
-0.000793377523672,0.0019369326887458,-822.0846827729137,187.91651916419963,3104.368517440932,-33.427870823370085,-951.4249038753272,-0.0015215763621679
30.18259394326704,28.411106281833906,42.054500003510185,33.94903125351693,29.809125775183315,29.482006347419503,15.418238255933252,25.851919060616613
45.72407081138973,86.41077296110913,10.507545193487095,39.94416884692812,21.21889494270501,68.11286187906246,76.78879320248171,61.77017473386599
633.6041954503122,651.1979133891136,519.8976090836893,490.3825760297194,604.4861360462047,656.2192066640729,545.8152270007819,635.3624461954312
1.7481362164789545,3.955823387799294,0.1330759154980669,2.7728644056442304,0.597823410478762,4.200251890914103,-1.173788264196464,0.5549208311370679
250.9483531191385,405.4378130322356,-77.04497512473529,-201.4230579259281,1100.8928225005216,226.0323379311721,-426.0776498562278,80.19224068561891
-0.0031827863415744,-0.0001874997195441,26726.238070674382,21466.343659097423,14685.899563748782,15741.32523471974,-3969.4304237981296,661.127658905996
0.0014537056383094,0.0022214557544162,1508.8610198122672,830.8435807431913,-1717.9940019803585,263.7910473088135,-4.172735347538215,0.0007904756430398
0.0021090738831563,-0.0033741140227355,297.95611237457274,5013.888093102278,-441.1016904920616,-496.57161543686055,2.699140497836673e-05,-0.0005976288554429
16.585922420043207,25.034173365244143,15.171073544940825,35.63648704039636,28.61859863367182,35.32786187512967,39.129381252814206,17.22865128266193
68.92534493233833,79.70067343166201,42.1488425427124,93.1448375784942,15.178342004089778,19.42221036326542,36.94105162573668,94.55631322044968
1138.3493475968182,608.1324663906937,580.5487202023851,626.7008638325356,651.7276469990993,409.66558364395325,528.284312984397,359.08083256713684
1.9942528812629163,1.331340209154658,-1.0642204882471558,-0.11410844562897,2.4452198057102903,-0.1630780056796712,3.2981035540817745,0.079948012928763
-21.79049339429256,43.88291927673311,1824.1540024949943,-244.1919294002465,1378.9108514603145,1253.02587881084,1117.4739659327442,-263.941537318728
0.0009727508295636,0.0003202277497801,7970.721908750104,17947.20467400858,12142.411123732414,16940.616144476073,23687.445584598987,-2894.656582041565
-0.002561065639868,0.0005933785805404,-346.42689746135005,1574.083105317541,-1727.6973542456487,-1314.875802654089,394.2977721136554,0.0024605382837635
-0.0025511544952688,-0.0011488033060203,-452.6289181970963,3128.1935348573315,4063.942739181988,866.0022060477161,1964.1422367990644,0.0020553536654348
25.46695830952583,30.87161308526308,13.30343060771431,24.091378976791223,28.99757533515112,20.963989486432688,23.190031875549515,25.57642847202904
43.55131783738149,44.20060188834836,95.24394419647548,49.04253615348284,94.2325595021215,47.00120411627059,58.67765507730489,91.5782788013166
623.2106789278257,647.020665769378,572.855487075171,728.7382474640524,541.9086283943815,425.1521802172009,398.1403412337244,721.44364010423
0.4733653553336143,3.1230596784932647,0.0705373744848203,2.592611425100257,4.665842754826171,2.9019446868313508,0.6123917242553909,1.5524958725522096
112.417454770968,-5.703409448344587,828.783620945957,1053.9495306714362,742.6844353104592,449.2992733555395,177.9039128286363,469.1977123402476
3.378877720554839e-05,0.0018024803751634,15629.30111476581,20996.524249468308,18697.53537530648,22655.5668394693,-3269.2788516111186,1054.6353464602712
0.0002784011769982,0.0010234718511057,582.6271555808593,-899.2089841443203,1762.4369367692254,2421.4774042170275,-26.64957856229333,9.764003604953272e-05
-0.000793377523672,0.0019369326887458,-822.0846827729137,187.91651916419963,3104.368517440932,-33.427870823370085,-951.4249038753272,-0.0015215763621679
30.18259394326704,28.411106281833906,42.054500003510185,33.94903125351693,29.809125775183315,29.482006347419503,15.418238255933252,25.851919060616613
45.72407081138973,86.41077296110913,10.507545193487095,39.94416884692812,21.21889494270501,68.11286187906246,76.78879320248171,61.77017473386599
633.6041954503122,651.1979133891136,519.8976090836893,490.3825760297194,604.4861360462047,656.2192066640729,545.8152270007819,635.3624461954312
1.7481362164789545,3.955823387799294,0.1330759154980669,2.7728644056442304,0.597823410478762,4.200251890914103,-1.173788264196464,0.5549208311370679
250.9483531191385,405.4378130322356,-77.04497512473529,-201.4230579259281,1100.8928225005216,226.0323379311721,-426.0776498562278,80.19224068561891
-0.0031827863415744,-0.0001874997195441,26726.238070674382,21466.343659097423,14685.899563748782,15741.32523471974,-3969.4304237981296,661.127658905996
0.0014537056383094,0.0022214557544162,1508.8610198122672,830.8435807431913,-1717.9940019803585,263.7910473088135,-4.172735347538215,0.0007904756430398
0.0021090738831563,-0.0033741140227355,297.95611237457274,5013.888093102278,-441.1016904920616,-496.57161543686055,2.699140497836673e-05,-0.0005976288554429
16.585922420043207,25.034173365244143,15.171073544940825,35.63648704039636,28.61859863367182,35.32786187512967,39.129381252814206,17.22865128266193
68.92534493233833,79.70067343166201,42.1488425427124,93.1448375784942,15.178342004089778,19.42221036326542,36.94105162573668,94.55631322044968
1138.3493475968182,608.1324663906937,580.5487202023851,626.7008638325356,651.7276469990993,409.66558364395325,528.284312984397,359.08083256713684
1.9942528812629163,1.331340209154658,-1.0642204882471558,-0.11410844562897,2.4452198057102903,-0.1630780056796712,3.2981035540817745,0.079948012928763
-21.79049339429256,43.88291927673311,1824.1540024949943,-244.1919294002465,1378.9108514603145,1253.02587881084,1117.4739659327442,-263.941537318728
0.0009727508295636,0.0003202277497801,7970.721908750104,17947.20467400858,12142.411123732414,16940.616144476073,23687.445584598987,-2894.656582041565
-0.002561065639868,0.0005933785805404,-346.42689746135005,1574.083105317541,-1727.6973542456487,-1314.875802654089,394.2977721136554,0.0024605382837635
-0.0025511544952688,-0.0011488033060203,-452.6289181970963,3128.1935348573315,4063.942739181988,866.0022060477161,1964.1422367990644,0.0020553536654348
25.46695830952583,30.87161308526308,13.30343060771431,24.091378976791223,28.99757533515112,20.963989486432688,23.190031875549515,25.57642847202904
43.55131783738149,44.20060188834836,95.24394419647548,49.04253615348284,94.2325595021215,47.00120411627059,58.67765507730489,91.5782788013166
623.2106789278257,647.020665769378,572.855487075171,728.7382474640524,541.9086283943815,425.1521802172009,398.1403412337244,721.44364010423
0.4733653553336143,3.1230596784932647,0.0705373744848203,2.592611425100257,4.665842754826171,2.9019446868313508,0.6123917242553909,1.5524958725522096
112.417454770968,-5.703409448344587,828.783620945957,1053.9495306714362,742.6844353104592,449.2992733555395,177.9039128286363,469.1977123402476
3.378877720554839e-05,0.0018024803751634,15629.30111476581,20996.524249468308,18697.53537530648,22655.5668394693,-3269.2788516111186,1054.6353464602712
0.0002784011769982,0.0010234718511057,582.6271555808593,-899.2089841443203,1762.4369367692254,2421.4774042170275,-26.64957856229333,9.764003604953272e-05
-0.000793377523672,0.0019369326887458,-822.0846827729137,187.91651916419963,3104.368517440932,-33.427870823370085,-951.4249038753272,-0.0015215763621679
30.18259394326704,28.411106281833906,42.054500003510185,33.94903125351693,29.809125775183315,29.482006347419503,15.418238255933252,25.851919060616613
45.72407081138973,86.41077296110913,10.507545193487095,39.94416884692812,21.21889494270501,68.11286187906246,76.78879320248171,61.77017473386599
633.6041954503122,651.1979133891136,519.8976090836893,490.3825760297194,604.4861360462047,656.2192066640729,545.8152270007819,635.3624461954312
1.7481362164789545,3.955823387799294,0.1330759154980669,2.7728644056442304,0.597823410478762,4.200251890914103,-1.173788264196464,0.5549208311370679
250.9483531191385,405.4378130322356,-77.04497512473529,-201.4230579259281,1100.8928225005216,226.0323379311721,-426.0776498562278,80.19224068561891
-0.0031827863415744,-0.0001874997195441,26726.238070674382,21466.343659097423,14685.899563748782,15741.32523471974,-3969.4304237981296,661.127658905996
0.0014537056383094,0.0022214557544162,1508.8610198122672,830.8435807431913,-1717.9940019803585,263.7910473088135,-4.172735347538215,0.0007904756430398
0.0021090738831563,-0.0033741140227355,297.95611237457274,5013.888093102278,-441.1016904920616,-496.57161543686055,2.699140497836673e-05,-0.0005976288554429
